TimeStampEpoch,CusterName,ServiceName,AllocatedCPU,HealthyHosts,CPUAverage,RequestCount
1537350300,Prod-EcsStagingCluster-EcsCluster-1AAGQRFIOE9AE,Service_beiakkdem1vi3j5fejkg,500,0,0.0371997396,0
1537353480,Prod-EcsStagingCluster-EcsCluster-1AAGQRFIOE9AE,Service_beiakkdem1vi3j5fejkg,500,0,0.0369921334,0
1537356660,Prod-EcsStagingCluster-EcsCluster-1AAGQRFIOE9AE,Service_beiakkdem1vi3j5fejkg,500,0,0.0372592135,0
1537359840,Prod-EcsStagingCluster-EcsCluster-1AAGQRFIOE9AE,Service_beiakkdem1vi3j5fejkg,500,0,0.0378769297,0
1537378920,Prod-EcsStagingCluster-EcsCluster-1AAGQRFIOE9AE,Service_beiakkdem1vi3j5fejkg,500,0,0.0367208223,0
1537382100,Prod-EcsStagingCluster-EcsCluster-1AAGQRFIOE9AE,Service_beiakkdem1vi3j5fejkg,500,0,0.0341092139,0
1537385280,Prod-EcsStagingCluster-EcsCluster-1AAGQRFIOE9AE,Service_beiakkdem1vi3j5fejkg,500,0,0.0365799443,0
1537375740,Prod-EcsStagingCluster-EcsCluster-1AAGQRFIOE9AE,Service_beiakkdem1vi3j5fejkg,500,0,0.0385612946,0
1537409580,Prod-EcsStagingCluster-EcsCluster-1AAGQRFIOE9AE,Service_beiakkdem1vi3j5fejkg,500,0,0.0370697893,0
1537412760,Prod-EcsStagingCluster-EcsCluster-1AAGQRFIOE9AE,Service_beiakkdem1vi3j5fejkg,500,0,0.8392933918,0
1537415940,Prod-EcsStagingCluster-EcsCluster-1AAGQRFIOE9AE,Service_beiakkdem1vi3j5fejkg,500,0,0.0398667540,0
1537419120,Prod-EcsStagingCluster-EcsCluster-1AAGQRFIOE9AE,Service_beiakkdem1vi3j5fejkg,500,0,0.0421599694,0
1537393440,Prod-EcsStagingCluster-EcsCluster-1AAGQRFIOE9AE,Service_beiakkdem1vi3j5fejkg,500,0,0.0385060386,0
1537390260,Prod-EcsStagingCluster-EcsCluster-1AAGQRFIOE9AE,Service_beiakkdem1vi3j5fejkg,500,0,0.0407687217,0
1537383900,Prod-EcsStagingCluster-EcsCluster-1AAGQRFIOE9AE,Service_beiakkdem1vi3j5fejkg,500,0,0.0358822377,0
1537387080,Prod-EcsStagingCluster-EcsCluster-1AAGQRFIOE9AE,Service_beiakkdem1vi3j5fejkg,500,0,0.0398832851,0
1537415700,Prod-EcsStagingCluster-EcsCluster-1AAGQRFIOE9AE,Service_beiakkdem1vi3j5fejkg,500,0,0.0357428450,0
1537418880,Prod-EcsStagingCluster-EcsCluster-1AAGQRFIOE9AE,Service_beiakkdem1vi3j5fejkg,500,0,1.4266551461,0
1537347780,Prod-EcsStagingCluster-EcsCluster-1AAGQRFIOE9AE,Service_beiakkdem1vi3j5fejkg,500,0,0.0389343216,0
1537350960,Prod-EcsStagingCluster-EcsCluster-1AAGQRFIOE9AE,Service_beiakkdem1vi3j5fejkg,500,0,0.0373466743,0
1537409340,Prod-EcsStagingCluster-EcsCluster-1AAGQRFIOE9AE,Service_beiakkdem1vi3j5fejkg,500,0,0.9537807832,0
1537412520,Prod-EcsStagingCluster-EcsCluster-1AAGQRFIOE9AE,Service_beiakkdem1vi3j5fejkg,500,0,0.0395768987,0
1537373220,Prod-EcsStagingCluster-EcsCluster-1AAGQRFIOE9AE,Service_beiakkdem1vi3j5fejkg,500,0,0.0321168820,0
1537366860,Prod-EcsStagingCluster-EcsCluster-1AAGQRFIOE9AE,Service_beiakkdem1vi3j5fejkg,500,0,0.0365135455,0
1537394400,Prod-EcsStagingCluster-EcsCluster-1AAGQRFIOE9AE,Service_beiakkdem1vi3j5fejkg,500,0,0.0350973938,0
1537388040,Prod-EcsStagingCluster-EcsCluster-1AAGQRFIOE9AE,Service_beiakkdem1vi3j5fejkg,500,0,0.0342796231,0
1537419840,Prod-EcsStagingCluster-EcsCluster-1AAGQRFIOE9AE,Service_beiakkdem1vi3j5fejkg,500,0,0.0389814388,0
1537351920,Prod-EcsStagingCluster-EcsCluster-1AAGQRFIOE9AE,Service_beiakkdem1vi3j5fejkg,500,0,0.0333928958,0
1537413480,Prod-EcsStagingCluster-EcsCluster-1AAGQRFIOE9AE,Service_beiakkdem1vi3j5fejkg,500,0,0.0359631809,0
1537345560,Prod-EcsStagingCluster-EcsCluster-1AAGQRFIOE9AE,Service_beiakkdem1vi3j5fejkg,500,0,0.0365112984,0
1537377360,Prod-EcsStagingCluster-EcsCluster-1AAGQRFIOE9AE,Service_beiakkdem1vi3j5fejkg,500,0,0.0389892110,0
1537371000,Prod-EcsStagingCluster-EcsCluster-1AAGQRFIOE9AE,Service_beiakkdem1vi3j5fejkg,500,0,0.0325724073,0
1537347540,Prod-EcsStagingCluster-EcsCluster-1AAGQRFIOE9AE,Service_beiakkdem1vi3j5fejkg,500,0,0.0379035686,0
1537345320,Prod-EcsStagingCluster-EcsCluster-1AAGQRFIOE9AE,Service_beiakkdem1vi3j5fejkg,500,0,0.0362772168,0
1537417500,Prod-EcsStagingCluster-EcsCluster-1AAGQRFIOE9AE,Service_beiakkdem1vi3j5fejkg,500,0,0.0384673963,0
1537423860,Prod-EcsStagingCluster-EcsCluster-1AAGQRFIOE9AE,Service_beiakkdem1vi3j5fejkg,500,0,1.3696325441,0
1537351680,Prod-EcsStagingCluster-EcsCluster-1AAGQRFIOE9AE,Service_beiakkdem1vi3j5fejkg,500,0,0.0345360465,0
1537375020,Prod-EcsStagingCluster-EcsCluster-1AAGQRFIOE9AE,Service_beiakkdem1vi3j5fejkg,500,0,0.0358373982,0
1537381380,Prod-EcsStagingCluster-EcsCluster-1AAGQRFIOE9AE,Service_beiakkdem1vi3j5fejkg,500,0,0.0365841216,0
1537400460,Prod-EcsStagingCluster-EcsCluster-1AAGQRFIOE9AE,Service_beiakkdem1vi3j5fejkg,500,0,0.0417730971,0
1537406820,Prod-EcsStagingCluster-EcsCluster-1AAGQRFIOE9AE,Service_beiakkdem1vi3j5fejkg,500,0,0.0387949537,0
1537428000,Prod-EcsStagingCluster-EcsCluster-1AAGQRFIOE9AE,Service_beiakkdem1vi3j5fejkg,500,0,0.0382169044,0
1537421640,Prod-EcsStagingCluster-EcsCluster-1AAGQRFIOE9AE,Service_beiakkdem1vi3j5fejkg,500,0,0.0382710462,0
1537385520,Prod-EcsStagingCluster-EcsCluster-1AAGQRFIOE9AE,Service_beiakkdem1vi3j5fejkg,500,0,0.0404626518,0
1537379160,Prod-EcsStagingCluster-EcsCluster-1AAGQRFIOE9AE,Service_beiakkdem1vi3j5fejkg,500,0,0.0379839472,0
1537404600,Prod-EcsStagingCluster-EcsCluster-1AAGQRFIOE9AE,Service_beiakkdem1vi3j5fejkg,500,0,0.0342971761,0
1537410960,Prod-EcsStagingCluster-EcsCluster-1AAGQRFIOE9AE,Service_beiakkdem1vi3j5fejkg,500,0,0.0408044659,0
1537358880,Prod-EcsStagingCluster-EcsCluster-1AAGQRFIOE9AE,Service_beiakkdem1vi3j5fejkg,500,0,1.3320386803,0
1537349340,Prod-EcsStagingCluster-EcsCluster-1AAGQRFIOE9AE,Service_beiakkdem1vi3j5fejkg,500,0,0.0381995094,0
1537380120,Prod-EcsStagingCluster-EcsCluster-1AAGQRFIOE9AE,Service_beiakkdem1vi3j5fejkg,500,0,0.0370640124,0
1537383300,Prod-EcsStagingCluster-EcsCluster-1AAGQRFIOE9AE,Service_beiakkdem1vi3j5fejkg,500,0,0.0368388336,0
1537384320,Prod-EcsStagingCluster-EcsCluster-1AAGQRFIOE9AE,Service_beiakkdem1vi3j5fejkg,500,0,0.0382351076,0
1537405560,Prod-EcsStagingCluster-EcsCluster-1AAGQRFIOE9AE,Service_beiakkdem1vi3j5fejkg,500,0,0.0345615607,0
1537408740,Prod-EcsStagingCluster-EcsCluster-1AAGQRFIOE9AE,Service_beiakkdem1vi3j5fejkg,500,0,0.0372726561,0
1537374780,Prod-EcsStagingCluster-EcsCluster-1AAGQRFIOE9AE,Service_beiakkdem1vi3j5fejkg,500,0,0.0387843245,0
1537408620,Prod-EcsStagingCluster-EcsCluster-1AAGQRFIOE9AE,Service_beiakkdem1vi3j5fejkg,500,0,0.0349177898,0
1537418160,Prod-EcsStagingCluster-EcsCluster-1AAGQRFIOE9AE,Service_beiakkdem1vi3j5fejkg,500,0,0.0343934925,0
1537354440,Prod-EcsStagingCluster-EcsCluster-1AAGQRFIOE9AE,Service_beiakkdem1vi3j5fejkg,500,0,0.0380181648,0
1537357620,Prod-EcsStagingCluster-EcsCluster-1AAGQRFIOE9AE,Service_beiakkdem1vi3j5fejkg,500,0,0.8967487841,0
1537379880,Prod-EcsStagingCluster-EcsCluster-1AAGQRFIOE9AE,Service_beiakkdem1vi3j5fejkg,500,0,1.8641295320,0
1537383060,Prod-EcsStagingCluster-EcsCluster-1AAGQRFIOE9AE,Service_beiakkdem1vi3j5fejkg,500,0,0.0400813975,0
1537392480,Prod-EcsStagingCluster-EcsCluster-1AAGQRFIOE9AE,Service_beiakkdem1vi3j5fejkg,500,0,0.0365949290,0
1537413720,Prod-EcsStagingCluster-EcsCluster-1AAGQRFIOE9AE,Service_beiakkdem1vi3j5fejkg,500,0,0.0358030792,0
1537416900,Prod-EcsStagingCluster-EcsCluster-1AAGQRFIOE9AE,Service_beiakkdem1vi3j5fejkg,500,0,0.0357113607,0
1537382940,Prod-EcsStagingCluster-EcsCluster-1AAGQRFIOE9AE,Service_beiakkdem1vi3j5fejkg,500,0,0.0405300223,0
1537417920,Prod-EcsStagingCluster-EcsCluster-1AAGQRFIOE9AE,Service_beiakkdem1vi3j5fejkg,500,0,0.0343674733,0
1537350000,Prod-EcsStagingCluster-EcsCluster-1AAGQRFIOE9AE,Service_beiakkdem1vi3j5fejkg,500,0,0.0346884548,0
1537408380,Prod-EcsStagingCluster-EcsCluster-1AAGQRFIOE9AE,Service_beiakkdem1vi3j5fejkg,500,0,1.8585601479,0
1537375440,Prod-EcsStagingCluster-EcsCluster-1AAGQRFIOE9AE,Service_beiakkdem1vi3j5fejkg,500,0,0.0353284722,0
1537365900,Prod-EcsStagingCluster-EcsCluster-1AAGQRFIOE9AE,Service_beiakkdem1vi3j5fejkg,500,0,0.0412094011,0
1537376400,Prod-EcsStagingCluster-EcsCluster-1AAGQRFIOE9AE,Service_beiakkdem1vi3j5fejkg,500,0,0.0372640694,0
1537391220,Prod-EcsStagingCluster-EcsCluster-1AAGQRFIOE9AE,Service_beiakkdem1vi3j5fejkg,500,0,0.0365115140,0
1537416660,Prod-EcsStagingCluster-EcsCluster-1AAGQRFIOE9AE,Service_beiakkdem1vi3j5fejkg,500,0,0.0363279654,0
1537348740,Prod-EcsStagingCluster-EcsCluster-1AAGQRFIOE9AE,Service_beiakkdem1vi3j5fejkg,500,0,0.0390765581,0
1537374180,Prod-EcsStagingCluster-EcsCluster-1AAGQRFIOE9AE,Service_beiakkdem1vi3j5fejkg,500,0,0.0365764841,0
1537389000,Prod-EcsStagingCluster-EcsCluster-1AAGQRFIOE9AE,Service_beiakkdem1vi3j5fejkg,500,0,0.0393996575,0
1537346520,Prod-EcsStagingCluster-EcsCluster-1AAGQRFIOE9AE,Service_beiakkdem1vi3j5fejkg,500,0,0.8902453015,0
1537414440,Prod-EcsStagingCluster-EcsCluster-1AAGQRFIOE9AE,Service_beiakkdem1vi3j5fejkg,500,0,0.0370887640,0
1537371960,Prod-EcsStagingCluster-EcsCluster-1AAGQRFIOE9AE,Service_beiakkdem1vi3j5fejkg,500,0,0.0389674516,0
1537416540,Prod-EcsStagingCluster-EcsCluster-1AAGQRFIOE9AE,Service_beiakkdem1vi3j5fejkg,500,0,0.0369383489,0
1537350720,Prod-EcsStagingCluster-EcsCluster-1AAGQRFIOE9AE,Service_beiakkdem1vi3j5fejkg,500,0,0.0379925490,0
1537374060,Prod-EcsStagingCluster-EcsCluster-1AAGQRFIOE9AE,Service_beiakkdem1vi3j5fejkg,500,0,0.0360904903,0
1537399500,Prod-EcsStagingCluster-EcsCluster-1AAGQRFIOE9AE,Service_beiakkdem1vi3j5fejkg,500,0,0.0387634852,0
1537348500,Prod-EcsStagingCluster-EcsCluster-1AAGQRFIOE9AE,Service_beiakkdem1vi3j5fejkg,500,0,0.0390521506,0
1537427040,Prod-EcsStagingCluster-EcsCluster-1AAGQRFIOE9AE,Service_beiakkdem1vi3j5fejkg,500,0,0.0391521566,0
1537384560,Prod-EcsStagingCluster-EcsCluster-1AAGQRFIOE9AE,Service_beiakkdem1vi3j5fejkg,500,0,0.0367725920,0
1537410000,Prod-EcsStagingCluster-EcsCluster-1AAGQRFIOE9AE,Service_beiakkdem1vi3j5fejkg,500,0,0.0375852943,0
1537346280,Prod-EcsStagingCluster-EcsCluster-1AAGQRFIOE9AE,Service_beiakkdem1vi3j5fejkg,500,0,0.0368299661,0
1537424820,Prod-EcsStagingCluster-EcsCluster-1AAGQRFIOE9AE,Service_beiakkdem1vi3j5fejkg,500,0,0.0330905919,0
1537348380,Prod-EcsStagingCluster-EcsCluster-1AAGQRFIOE9AE,Service_beiakkdem1vi3j5fejkg,500,0,0.0400889698,0
1537382340,Prod-EcsStagingCluster-EcsCluster-1AAGQRFIOE9AE,Service_beiakkdem1vi3j5fejkg,500,0,2.7323479454,0
1537407780,Prod-EcsStagingCluster-EcsCluster-1AAGQRFIOE9AE,Service_beiakkdem1vi3j5fejkg,500,0,1.2711093906,0
1537373820,Prod-EcsStagingCluster-EcsCluster-1AAGQRFIOE9AE,Service_beiakkdem1vi3j5fejkg,500,0,0.0497718445,0
1537422600,Prod-EcsStagingCluster-EcsCluster-1AAGQRFIOE9AE,Service_beiakkdem1vi3j5fejkg,500,0,0.8490606998,0
1537407660,Prod-EcsStagingCluster-EcsCluster-1AAGQRFIOE9AE,Service_beiakkdem1vi3j5fejkg,500,0,0.0366483793,0
1537420380,Prod-EcsStagingCluster-EcsCluster-1AAGQRFIOE9AE,Service_beiakkdem1vi3j5fejkg,500,0,0.0420185697,0
1537387440,Prod-EcsStagingCluster-EcsCluster-1AAGQRFIOE9AE,Service_beiakkdem1vi3j5fejkg,500,0,0.0386148466,0
1537381080,Prod-EcsStagingCluster-EcsCluster-1AAGQRFIOE9AE,Service_beiakkdem1vi3j5fejkg,500,0,0.0376583920,0
1537384260,Prod-EcsStagingCluster-EcsCluster-1AAGQRFIOE9AE,Service_beiakkdem1vi3j5fejkg,500,0,0.2302515919,0
1537412880,Prod-EcsStagingCluster-EcsCluster-1AAGQRFIOE9AE,Service_beiakkdem1vi3j5fejkg,500,0,0.0406788491,0
1537406520,Prod-EcsStagingCluster-EcsCluster-1AAGQRFIOE9AE,Service_beiakkdem1vi3j5fejkg,500,0,0.5690073742,0
1537409700,Prod-EcsStagingCluster-EcsCluster-1AAGQRFIOE9AE,Service_beiakkdem1vi3j5fejkg,500,0,0.0410663581,0
1537391520,Prod-EcsStagingCluster-EcsCluster-1AAGQRFIOE9AE,Service_beiakkdem1vi3j5fejkg,500,0,0.0381032811,0
1537385160,Prod-EcsStagingCluster-EcsCluster-1AAGQRFIOE9AE,Service_beiakkdem1vi3j5fejkg,500,0,0.0361054453,0
1537388340,Prod-EcsStagingCluster-EcsCluster-1AAGQRFIOE9AE,Service_beiakkdem1vi3j5fejkg,500,0,0.0336471172,0
1537416960,Prod-EcsStagingCluster-EcsCluster-1AAGQRFIOE9AE,Service_beiakkdem1vi3j5fejkg,500,0,0.0375284314,0
1537352220,Prod-EcsStagingCluster-EcsCluster-1AAGQRFIOE9AE,Service_beiakkdem1vi3j5fejkg,500,0,0.0510496044,0
1537410600,Prod-EcsStagingCluster-EcsCluster-1AAGQRFIOE9AE,Service_beiakkdem1vi3j5fejkg,500,0,0.0424414180,0
1537413780,Prod-EcsStagingCluster-EcsCluster-1AAGQRFIOE9AE,Service_beiakkdem1vi3j5fejkg,500,0,0.0366692471,0
1537377660,Prod-EcsStagingCluster-EcsCluster-1AAGQRFIOE9AE,Service_beiakkdem1vi3j5fejkg,500,0,0.0394263456,0
1537364940,Prod-EcsStagingCluster-EcsCluster-1AAGQRFIOE9AE,Service_beiakkdem1vi3j5fejkg,500,0,0.0343557335,0
1537414680,Prod-EcsStagingCluster-EcsCluster-1AAGQRFIOE9AE,Service_beiakkdem1vi3j5fejkg,500,0,0.0380119910,0
1537417860,Prod-EcsStagingCluster-EcsCluster-1AAGQRFIOE9AE,Service_beiakkdem1vi3j5fejkg,500,0,0.0340013506,0
1537421040,Prod-EcsStagingCluster-EcsCluster-1AAGQRFIOE9AE,Service_beiakkdem1vi3j5fejkg,500,0,0.0371961710,0
1537345620,Prod-EcsStagingCluster-EcsCluster-1AAGQRFIOE9AE,Service_beiakkdem1vi3j5fejkg,500,0,0.0369259435,0
1537415640,Prod-EcsStagingCluster-EcsCluster-1AAGQRFIOE9AE,Service_beiakkdem1vi3j5fejkg,500,0,0.0355504755,0
1537422000,Prod-EcsStagingCluster-EcsCluster-1AAGQRFIOE9AE,Service_beiakkdem1vi3j5fejkg,500,0,1.4373574203,0
1537349760,Prod-EcsStagingCluster-EcsCluster-1AAGQRFIOE9AE,Service_beiakkdem1vi3j5fejkg,500,0,0.0347369174,0
1537373100,Prod-EcsStagingCluster-EcsCluster-1AAGQRFIOE9AE,Service_beiakkdem1vi3j5fejkg,500,0,1.1376845847,0
1537421940,Prod-EcsStagingCluster-EcsCluster-1AAGQRFIOE9AE,Service_beiakkdem1vi3j5fejkg,500,0,1.4120038951,0
1537398540,Prod-EcsStagingCluster-EcsCluster-1AAGQRFIOE9AE,Service_beiakkdem1vi3j5fejkg,500,0,0.9236325473,0
1537385820,Prod-EcsStagingCluster-EcsCluster-1AAGQRFIOE9AE,Service_beiakkdem1vi3j5fejkg,500,0,0.0382192541,0
1537349700,Prod-EcsStagingCluster-EcsCluster-1AAGQRFIOE9AE,Service_beiakkdem1vi3j5fejkg,500,0,0.0343976902,0
1537411260,Prod-EcsStagingCluster-EcsCluster-1AAGQRFIOE9AE,Service_beiakkdem1vi3j5fejkg,500,0,0.0368525520,0
1537375140,Prod-EcsStagingCluster-EcsCluster-1AAGQRFIOE9AE,Service_beiakkdem1vi3j5fejkg,500,0,0.9404731582,0
1537419720,Prod-EcsStagingCluster-EcsCluster-1AAGQRFIOE9AE,Service_beiakkdem1vi3j5fejkg,500,0,0.0406117898,0
1537426080,Prod-EcsStagingCluster-EcsCluster-1AAGQRFIOE9AE,Service_beiakkdem1vi3j5fejkg,500,0,0.0371328204,0
1537347480,Prod-EcsStagingCluster-EcsCluster-1AAGQRFIOE9AE,Service_beiakkdem1vi3j5fejkg,500,0,0.0371282190,0
1537353840,Prod-EcsStagingCluster-EcsCluster-1AAGQRFIOE9AE,Service_beiakkdem1vi3j5fejkg,500,0,0.0363573551,0
1537372920,Prod-EcsStagingCluster-EcsCluster-1AAGQRFIOE9AE,Service_beiakkdem1vi3j5fejkg,500,0,0.0392463096,0
1537379280,Prod-EcsStagingCluster-EcsCluster-1AAGQRFIOE9AE,Service_beiakkdem1vi3j5fejkg,500,0,1.7224900509,0
1537353780,Prod-EcsStagingCluster-EcsCluster-1AAGQRFIOE9AE,Service_beiakkdem1vi3j5fejkg,500,0,0.0365738606,0
1537379220,Prod-EcsStagingCluster-EcsCluster-1AAGQRFIOE9AE,Service_beiakkdem1vi3j5fejkg,500,0,0.0383996083,0
1537351560,Prod-EcsStagingCluster-EcsCluster-1AAGQRFIOE9AE,Service_beiakkdem1vi3j5fejkg,500,0,0.0355370720,0
1537357920,Prod-EcsStagingCluster-EcsCluster-1AAGQRFIOE9AE,Service_beiakkdem1vi3j5fejkg,500,0,0.0413995430,0
1537406700,Prod-EcsStagingCluster-EcsCluster-1AAGQRFIOE9AE,Service_beiakkdem1vi3j5fejkg,500,0,0.0417108435,0
1537377000,Prod-EcsStagingCluster-EcsCluster-1AAGQRFIOE9AE,Service_beiakkdem1vi3j5fejkg,500,0,0.0384288255,0
1537383360,Prod-EcsStagingCluster-EcsCluster-1AAGQRFIOE9AE,Service_beiakkdem1vi3j5fejkg,500,0,0.0382872869,0
1537419420,Prod-EcsStagingCluster-EcsCluster-1AAGQRFIOE9AE,Service_beiakkdem1vi3j5fejkg,500,0,0.0422697824,0
1537352520,Prod-EcsStagingCluster-EcsCluster-1AAGQRFIOE9AE,Service_beiakkdem1vi3j5fejkg,500,0,0.0368352233,0
1537355700,Prod-EcsStagingCluster-EcsCluster-1AAGQRFIOE9AE,Service_beiakkdem1vi3j5fejkg,500,0,0.0363557069,0
1537386480,Prod-EcsStagingCluster-EcsCluster-1AAGQRFIOE9AE,Service_beiakkdem1vi3j5fejkg,500,0,0.0376878718,0
1537411920,Prod-EcsStagingCluster-EcsCluster-1AAGQRFIOE9AE,Service_beiakkdem1vi3j5fejkg,500,0,0.0377797997,0
1537377960,Prod-EcsStagingCluster-EcsCluster-1AAGQRFIOE9AE,Service_beiakkdem1vi3j5fejkg,500,0,0.0384617359,0
1537381140,Prod-EcsStagingCluster-EcsCluster-1AAGQRFIOE9AE,Service_beiakkdem1vi3j5fejkg,500,0,1.7143517091,0
1537390560,Prod-EcsStagingCluster-EcsCluster-1AAGQRFIOE9AE,Service_beiakkdem1vi3j5fejkg,500,0,0.0399766476,0
1537351260,Prod-EcsStagingCluster-EcsCluster-1AAGQRFIOE9AE,Service_beiakkdem1vi3j5fejkg,500,0,0.0355206194,0
1537385220,Prod-EcsStagingCluster-EcsCluster-1AAGQRFIOE9AE,Service_beiakkdem1vi3j5fejkg,500,0,0.0355408220,0
1537416000,Prod-EcsStagingCluster-EcsCluster-1AAGQRFIOE9AE,Service_beiakkdem1vi3j5fejkg,500,0,0.0404049585,0
1537382040,Prod-EcsStagingCluster-EcsCluster-1AAGQRFIOE9AE,Service_beiakkdem1vi3j5fejkg,500,0,0.0344520810,0
1537410660,Prod-EcsStagingCluster-EcsCluster-1AAGQRFIOE9AE,Service_beiakkdem1vi3j5fejkg,500,0,0.0428372535,0
1537376700,Prod-EcsStagingCluster-EcsCluster-1AAGQRFIOE9AE,Service_beiakkdem1vi3j5fejkg,500,0,0.0361635766,0
1537407480,Prod-EcsStagingCluster-EcsCluster-1AAGQRFIOE9AE,Service_beiakkdem1vi3j5fejkg,500,0,0.0366139544,0
1537363980,Prod-EcsStagingCluster-EcsCluster-1AAGQRFIOE9AE,Service_beiakkdem1vi3j5fejkg,500,0,0.0367786241,0
1537389300,Prod-EcsStagingCluster-EcsCluster-1AAGQRFIOE9AE,Service_beiakkdem1vi3j5fejkg,500,0,0.0329799582,0
1537420080,Prod-EcsStagingCluster-EcsCluster-1AAGQRFIOE9AE,Service_beiakkdem1vi3j5fejkg,500,0,0.0389953081,0
1537386120,Prod-EcsStagingCluster-EcsCluster-1AAGQRFIOE9AE,Service_beiakkdem1vi3j5fejkg,500,0,0.0389359682,0
1537411560,Prod-EcsStagingCluster-EcsCluster-1AAGQRFIOE9AE,Service_beiakkdem1vi3j5fejkg,500,0,0.0391164458,0
1537414740,Prod-EcsStagingCluster-EcsCluster-1AAGQRFIOE9AE,Service_beiakkdem1vi3j5fejkg,500,0,0.9496492856,0
1537347840,Prod-EcsStagingCluster-EcsCluster-1AAGQRFIOE9AE,Service_beiakkdem1vi3j5fejkg,500,0,0.0376481091,0
1537348800,Prod-EcsStagingCluster-EcsCluster-1AAGQRFIOE9AE,Service_beiakkdem1vi3j5fejkg,500,0,0.0392427665,0
1537372140,Prod-EcsStagingCluster-EcsCluster-1AAGQRFIOE9AE,Service_beiakkdem1vi3j5fejkg,500,0,0.0382318855,0
1537397580,Prod-EcsStagingCluster-EcsCluster-1AAGQRFIOE9AE,Service_beiakkdem1vi3j5fejkg,500,0,0.0360697442,0
1537418820,Prod-EcsStagingCluster-EcsCluster-1AAGQRFIOE9AE,Service_beiakkdem1vi3j5fejkg,500,0,0.0393824853,0
1537384860,Prod-EcsStagingCluster-EcsCluster-1AAGQRFIOE9AE,Service_beiakkdem1vi3j5fejkg,500,0,1.1533912851,0
1537410300,Prod-EcsStagingCluster-EcsCluster-1AAGQRFIOE9AE,Service_beiakkdem1vi3j5fejkg,500,0,0.9577464482,0
1537346580,Prod-EcsStagingCluster-EcsCluster-1AAGQRFIOE9AE,Service_beiakkdem1vi3j5fejkg,500,0,0.0352077578,0
1537425120,Prod-EcsStagingCluster-EcsCluster-1AAGQRFIOE9AE,Service_beiakkdem1vi3j5fejkg,500,0,0.0371441806,0
1537416600,Prod-EcsStagingCluster-EcsCluster-1AAGQRFIOE9AE,Service_beiakkdem1vi3j5fejkg,500,0,0.0366835984,0
1537352880,Prod-EcsStagingCluster-EcsCluster-1AAGQRFIOE9AE,Service_beiakkdem1vi3j5fejkg,500,0,0.0325320644,0
1537378320,Prod-EcsStagingCluster-EcsCluster-1AAGQRFIOE9AE,Service_beiakkdem1vi3j5fejkg,500,0,0.0351765029,0
1537422900,Prod-EcsStagingCluster-EcsCluster-1AAGQRFIOE9AE,Service_beiakkdem1vi3j5fejkg,500,0,0.0406746967,0
1537350660,Prod-EcsStagingCluster-EcsCluster-1AAGQRFIOE9AE,Service_beiakkdem1vi3j5fejkg,500,0,0.0369066516,0
1537376100,Prod-EcsStagingCluster-EcsCluster-1AAGQRFIOE9AE,Service_beiakkdem1vi3j5fejkg,500,0,0.0371445006,0
1537420680,Prod-EcsStagingCluster-EcsCluster-1AAGQRFIOE9AE,Service_beiakkdem1vi3j5fejkg,500,0,0.0422104263,0
1537356960,Prod-EcsStagingCluster-EcsCluster-1AAGQRFIOE9AE,Service_beiakkdem1vi3j5fejkg,500,0,0.0213099852,0
1537405740,Prod-EcsStagingCluster-EcsCluster-1AAGQRFIOE9AE,Service_beiakkdem1vi3j5fejkg,500,0,0.9324582923,0
1537348440,Prod-EcsStagingCluster-EcsCluster-1AAGQRFIOE9AE,Service_beiakkdem1vi3j5fejkg,500,0,0.0382493761,0
1537382400,Prod-EcsStagingCluster-EcsCluster-1AAGQRFIOE9AE,Service_beiakkdem1vi3j5fejkg,500,0,0.9438621944,0
1537431180,Prod-EcsStagingCluster-EcsCluster-1AAGQRFIOE9AE,Service_beiakkdem1vi3j5fejkg,500,0,0.0418136470,0
1537373880,Prod-EcsStagingCluster-EcsCluster-1AAGQRFIOE9AE,Service_beiakkdem1vi3j5fejkg,500,0,0.0362829177,0
1537418460,Prod-EcsStagingCluster-EcsCluster-1AAGQRFIOE9AE,Service_beiakkdem1vi3j5fejkg,500,0,0.0416740857,0
1537354740,Prod-EcsStagingCluster-EcsCluster-1AAGQRFIOE9AE,Service_beiakkdem1vi3j5fejkg,500,0,0.0387457859,0
1537380180,Prod-EcsStagingCluster-EcsCluster-1AAGQRFIOE9AE,Service_beiakkdem1vi3j5fejkg,500,0,0.0380171356,0
1537389600,Prod-EcsStagingCluster-EcsCluster-1AAGQRFIOE9AE,Service_beiakkdem1vi3j5fejkg,500,0,0.0327399967,0
1537380060,Prod-EcsStagingCluster-EcsCluster-1AAGQRFIOE9AE,Service_beiakkdem1vi3j5fejkg,500,0,0.0369005795,0
1537383240,Prod-EcsStagingCluster-EcsCluster-1AAGQRFIOE9AE,Service_beiakkdem1vi3j5fejkg,500,0,0.0374235234,0
1537386420,Prod-EcsStagingCluster-EcsCluster-1AAGQRFIOE9AE,Service_beiakkdem1vi3j5fejkg,500,0,0.0398593503,0
1537366200,Prod-EcsStagingCluster-EcsCluster-1AAGQRFIOE9AE,Service_beiakkdem1vi3j5fejkg,500,0,0.0387800492,0
1537369380,Prod-EcsStagingCluster-EcsCluster-1AAGQRFIOE9AE,Service_beiakkdem1vi3j5fejkg,500,0,1.2996606981,0
1537372560,Prod-EcsStagingCluster-EcsCluster-1AAGQRFIOE9AE,Service_beiakkdem1vi3j5fejkg,500,0,0.0375769455,0
1537345980,Prod-EcsStagingCluster-EcsCluster-1AAGQRFIOE9AE,Service_beiakkdem1vi3j5fejkg,500,0,0.0406726788,0
1537349160,Prod-EcsStagingCluster-EcsCluster-1AAGQRFIOE9AE,Service_beiakkdem1vi3j5fejkg,500,0,0.0386656958,0
1537352340,Prod-EcsStagingCluster-EcsCluster-1AAGQRFIOE9AE,Service_beiakkdem1vi3j5fejkg,500,0,0.0368418497,0
1537355520,Prod-EcsStagingCluster-EcsCluster-1AAGQRFIOE9AE,Service_beiakkdem1vi3j5fejkg,500,0,0.0362664357,0
1537389360,Prod-EcsStagingCluster-EcsCluster-1AAGQRFIOE9AE,Service_beiakkdem1vi3j5fejkg,500,0,0.0329259849,0
1537386180,Prod-EcsStagingCluster-EcsCluster-1AAGQRFIOE9AE,Service_beiakkdem1vi3j5fejkg,500,0,0.0378740598,0
1537383000,Prod-EcsStagingCluster-EcsCluster-1AAGQRFIOE9AE,Service_beiakkdem1vi3j5fejkg,500,0,0.9170437854,0
1537405260,Prod-EcsStagingCluster-EcsCluster-1AAGQRFIOE9AE,Service_beiakkdem1vi3j5fejkg,500,0,0.0377777928,0
1537413660,Prod-EcsStagingCluster-EcsCluster-1AAGQRFIOE9AE,Service_beiakkdem1vi3j5fejkg,500,0,0.0364299344,0
1537371180,Prod-EcsStagingCluster-EcsCluster-1AAGQRFIOE9AE,Service_beiakkdem1vi3j5fejkg,500,0,0.0316016620,0
1537416840,Prod-EcsStagingCluster-EcsCluster-1AAGQRFIOE9AE,Service_beiakkdem1vi3j5fejkg,500,0,0.0353920212,0
1537420020,Prod-EcsStagingCluster-EcsCluster-1AAGQRFIOE9AE,Service_beiakkdem1vi3j5fejkg,500,0,0.0383548941,0
1537423200,Prod-EcsStagingCluster-EcsCluster-1AAGQRFIOE9AE,Service_beiakkdem1vi3j5fejkg,500,0,2.2117607961,0
1537399800,Prod-EcsStagingCluster-EcsCluster-1AAGQRFIOE9AE,Service_beiakkdem1vi3j5fejkg,500,0,0.0353817881,0
1537402980,Prod-EcsStagingCluster-EcsCluster-1AAGQRFIOE9AE,Service_beiakkdem1vi3j5fejkg,500,0,0.0396441765,0
1537406160,Prod-EcsStagingCluster-EcsCluster-1AAGQRFIOE9AE,Service_beiakkdem1vi3j5fejkg,500,0,0.0349323148,0
1537379580,Prod-EcsStagingCluster-EcsCluster-1AAGQRFIOE9AE,Service_beiakkdem1vi3j5fejkg,500,0,0.0384958867,0
1537385940,Prod-EcsStagingCluster-EcsCluster-1AAGQRFIOE9AE,Service_beiakkdem1vi3j5fejkg,500,0,0.9399488402,0
1537417800,Prod-EcsStagingCluster-EcsCluster-1AAGQRFIOE9AE,Service_beiakkdem1vi3j5fejkg,500,0,0.0341660584,0
1537424160,Prod-EcsStagingCluster-EcsCluster-1AAGQRFIOE9AE,Service_beiakkdem1vi3j5fejkg,500,0,0.0362054339,0
1537407120,Prod-EcsStagingCluster-EcsCluster-1AAGQRFIOE9AE,Service_beiakkdem1vi3j5fejkg,500,0,0.0402277655,0
1537400760,Prod-EcsStagingCluster-EcsCluster-1AAGQRFIOE9AE,Service_beiakkdem1vi3j5fejkg,500,0,0.0397951222,0
1537383720,Prod-EcsStagingCluster-EcsCluster-1AAGQRFIOE9AE,Service_beiakkdem1vi3j5fejkg,500,0,0.0371819655,0
1537351860,Prod-EcsStagingCluster-EcsCluster-1AAGQRFIOE9AE,Service_beiakkdem1vi3j5fejkg,500,0,0.0343839075,0
1537390080,Prod-EcsStagingCluster-EcsCluster-1AAGQRFIOE9AE,Service_beiakkdem1vi3j5fejkg,500,0,0.0397979506,0
1537419780,Prod-EcsStagingCluster-EcsCluster-1AAGQRFIOE9AE,Service_beiakkdem1vi3j5fejkg,500,0,0.0402382225,0
1537345500,Prod-EcsStagingCluster-EcsCluster-1AAGQRFIOE9AE,Service_beiakkdem1vi3j5fejkg,500,0,0.0373407425,0
1537423920,Prod-EcsStagingCluster-EcsCluster-1AAGQRFIOE9AE,Service_beiakkdem1vi3j5fejkg,500,0,0.0394134483,0
1537356000,Prod-EcsStagingCluster-EcsCluster-1AAGQRFIOE9AE,Service_beiakkdem1vi3j5fejkg,500,0,0.0376847005,0
1537417560,Prod-EcsStagingCluster-EcsCluster-1AAGQRFIOE9AE,Service_beiakkdem1vi3j5fejkg,500,0,0.0379658970,0
1537349640,Prod-EcsStagingCluster-EcsCluster-1AAGQRFIOE9AE,Service_beiakkdem1vi3j5fejkg,500,0,0.0344450653,0
1537404780,Prod-EcsStagingCluster-EcsCluster-1AAGQRFIOE9AE,Service_beiakkdem1vi3j5fejkg,500,0,0.0383908892,0
1537419540,Prod-EcsStagingCluster-EcsCluster-1AAGQRFIOE9AE,Service_beiakkdem1vi3j5fejkg,500,0,0.2246543931,0
1537351620,Prod-EcsStagingCluster-EcsCluster-1AAGQRFIOE9AE,Service_beiakkdem1vi3j5fejkg,500,0,0.0347882965,0
1537413180,Prod-EcsStagingCluster-EcsCluster-1AAGQRFIOE9AE,Service_beiakkdem1vi3j5fejkg,500,0,0.0360448866,0
1537370700,Prod-EcsStagingCluster-EcsCluster-1AAGQRFIOE9AE,Service_beiakkdem1vi3j5fejkg,500,0,0.0360162707,0
1537417320,Prod-EcsStagingCluster-EcsCluster-1AAGQRFIOE9AE,Service_beiakkdem1vi3j5fejkg,500,0,0.0396968389,0
1537423680,Prod-EcsStagingCluster-EcsCluster-1AAGQRFIOE9AE,Service_beiakkdem1vi3j5fejkg,500,0,0.0331453028,0
1537349400,Prod-EcsStagingCluster-EcsCluster-1AAGQRFIOE9AE,Service_beiakkdem1vi3j5fejkg,500,0,0.0373428491,0
1537355760,Prod-EcsStagingCluster-EcsCluster-1AAGQRFIOE9AE,Service_beiakkdem1vi3j5fejkg,500,0,0.5128482391,0
1537379100,Prod-EcsStagingCluster-EcsCluster-1AAGQRFIOE9AE,Service_beiakkdem1vi3j5fejkg,500,0,0.0374161888,0
1537385460,Prod-EcsStagingCluster-EcsCluster-1AAGQRFIOE9AE,Service_beiakkdem1vi3j5fejkg,500,0,1.5532596494,0
1537418280,Prod-EcsStagingCluster-EcsCluster-1AAGQRFIOE9AE,Service_beiakkdem1vi3j5fejkg,500,0,1.3817669272,0
1537421460,Prod-EcsStagingCluster-EcsCluster-1AAGQRFIOE9AE,Service_beiakkdem1vi3j5fejkg,500,0,0.0389495332,0
1537350360,Prod-EcsStagingCluster-EcsCluster-1AAGQRFIOE9AE,Service_beiakkdem1vi3j5fejkg,500,0,0.0362845319,0
1537353540,Prod-EcsStagingCluster-EcsCluster-1AAGQRFIOE9AE,Service_beiakkdem1vi3j5fejkg,500,0,0.9355337721,0
1537371600,Prod-EcsStagingCluster-EcsCluster-1AAGQRFIOE9AE,Service_beiakkdem1vi3j5fejkg,500,0,0.0388922248,0
1537354560,Prod-EcsStagingCluster-EcsCluster-1AAGQRFIOE9AE,Service_beiakkdem1vi3j5fejkg,500,0,0.0410956800,0
1537384200,Prod-EcsStagingCluster-EcsCluster-1AAGQRFIOE9AE,Service_beiakkdem1vi3j5fejkg,500,0,2.2606308729,0
1537387380,Prod-EcsStagingCluster-EcsCluster-1AAGQRFIOE9AE,Service_beiakkdem1vi3j5fejkg,500,0,0.0393950161,0
1537388400,Prod-EcsStagingCluster-EcsCluster-1AAGQRFIOE9AE,Service_beiakkdem1vi3j5fejkg,500,0,0.0344243237,0
1537404300,Prod-EcsStagingCluster-EcsCluster-1AAGQRFIOE9AE,Service_beiakkdem1vi3j5fejkg,500,0,0.0364175424,0
1537367160,Prod-EcsStagingCluster-EcsCluster-1AAGQRFIOE9AE,Service_beiakkdem1vi3j5fejkg,500,0,0.0351211403,0
1537370340,Prod-EcsStagingCluster-EcsCluster-1AAGQRFIOE9AE,Service_beiakkdem1vi3j5fejkg,500,0,0.0358153741,0
1537412700,Prod-EcsStagingCluster-EcsCluster-1AAGQRFIOE9AE,Service_beiakkdem1vi3j5fejkg,500,0,0.5042908949,0
1537350120,Prod-EcsStagingCluster-EcsCluster-1AAGQRFIOE9AE,Service_beiakkdem1vi3j5fejkg,500,0,0.0332186001,0
1537353300,Prod-EcsStagingCluster-EcsCluster-1AAGQRFIOE9AE,Service_beiakkdem1vi3j5fejkg,500,0,0.9085665369,0
1537370220,Prod-EcsStagingCluster-EcsCluster-1AAGQRFIOE9AE,Service_beiakkdem1vi3j5fejkg,500,0,0.0511456403,0
1537422240,Prod-EcsStagingCluster-EcsCluster-1AAGQRFIOE9AE,Service_beiakkdem1vi3j5fejkg,500,0,0.0376516532,0
1537383960,Prod-EcsStagingCluster-EcsCluster-1AAGQRFIOE9AE,Service_beiakkdem1vi3j5fejkg,500,0,0.0366721880,0
1537387140,Prod-EcsStagingCluster-EcsCluster-1AAGQRFIOE9AE,Service_beiakkdem1vi3j5fejkg,500,0,0.0402985065,0
1537405200,Prod-EcsStagingCluster-EcsCluster-1AAGQRFIOE9AE,Service_beiakkdem1vi3j5fejkg,500,0,0.0368963180,0
1537378620,Prod-EcsStagingCluster-EcsCluster-1AAGQRFIOE9AE,Service_beiakkdem1vi3j5fejkg,500,0,0.4690552729,0
1537388160,Prod-EcsStagingCluster-EcsCluster-1AAGQRFIOE9AE,Service_beiakkdem1vi3j5fejkg,500,0,0.0339658243,0
1537420980,Prod-EcsStagingCluster-EcsCluster-1AAGQRFIOE9AE,Service_beiakkdem1vi3j5fejkg,500,0,0.0359401180,0
1537389120,Prod-EcsStagingCluster-EcsCluster-1AAGQRFIOE9AE,Service_beiakkdem1vi3j5fejkg,500,0,0.0405794399,0
1537403940,Prod-EcsStagingCluster-EcsCluster-1AAGQRFIOE9AE,Service_beiakkdem1vi3j5fejkg,500,0,0.9333382770,0
1537386900,Prod-EcsStagingCluster-EcsCluster-1AAGQRFIOE9AE,Service_beiakkdem1vi3j5fejkg,500,0,0.0408130135,0
1537418760,Prod-EcsStagingCluster-EcsCluster-1AAGQRFIOE9AE,Service_beiakkdem1vi3j5fejkg,500,0,0.0399601351,0
1537355040,Prod-EcsStagingCluster-EcsCluster-1AAGQRFIOE9AE,Service_beiakkdem1vi3j5fejkg,500,0,0.0383406661,0
1537422960,Prod-EcsStagingCluster-EcsCluster-1AAGQRFIOE9AE,Service_beiakkdem1vi3j5fejkg,500,0,0.0402054755,0
1537403820,Prod-EcsStagingCluster-EcsCluster-1AAGQRFIOE9AE,Service_beiakkdem1vi3j5fejkg,500,0,0.0362458065,0
1537401720,Prod-EcsStagingCluster-EcsCluster-1AAGQRFIOE9AE,Service_beiakkdem1vi3j5fejkg,500,0,0.0401451575,0
1537384680,Prod-EcsStagingCluster-EcsCluster-1AAGQRFIOE9AE,Service_beiakkdem1vi3j5fejkg,500,0,0.0376180894,0
1537352820,Prod-EcsStagingCluster-EcsCluster-1AAGQRFIOE9AE,Service_beiakkdem1vi3j5fejkg,500,0,0.0308314464,0
1537420740,Prod-EcsStagingCluster-EcsCluster-1AAGQRFIOE9AE,Service_beiakkdem1vi3j5fejkg,500,0,1.4030526461,0
1537412220,Prod-EcsStagingCluster-EcsCluster-1AAGQRFIOE9AE,Service_beiakkdem1vi3j5fejkg,500,0,0.0411741457,0
1537369740,Prod-EcsStagingCluster-EcsCluster-1AAGQRFIOE9AE,Service_beiakkdem1vi3j5fejkg,500,0,0.6496502969,0
1537350600,Prod-EcsStagingCluster-EcsCluster-1AAGQRFIOE9AE,Service_beiakkdem1vi3j5fejkg,500,0,0.0377141902,0
1537418520,Prod-EcsStagingCluster-EcsCluster-1AAGQRFIOE9AE,Service_beiakkdem1vi3j5fejkg,500,0,0.0425467806,0
1537422720,Prod-EcsStagingCluster-EcsCluster-1AAGQRFIOE9AE,Service_beiakkdem1vi3j5fejkg,500,0,0.0412384145,0
1537354800,Prod-EcsStagingCluster-EcsCluster-1AAGQRFIOE9AE,Service_beiakkdem1vi3j5fejkg,500,0,0.0387340612,0
1537378140,Prod-EcsStagingCluster-EcsCluster-1AAGQRFIOE9AE,Service_beiakkdem1vi3j5fejkg,500,0,0.0369918895,0
1537420500,Prod-EcsStagingCluster-EcsCluster-1AAGQRFIOE9AE,Service_beiakkdem1vi3j5fejkg,500,0,0.0432609543,0
1537352580,Prod-EcsStagingCluster-EcsCluster-1AAGQRFIOE9AE,Service_beiakkdem1vi3j5fejkg,500,0,0.0369809910,0
1537388640,Prod-EcsStagingCluster-EcsCluster-1AAGQRFIOE9AE,Service_beiakkdem1vi3j5fejkg,500,0,0.0429051194,0
1537350420,Prod-EcsStagingCluster-EcsCluster-1AAGQRFIOE9AE,Service_beiakkdem1vi3j5fejkg,500,0,0.0374700390,0
1537353600,Prod-EcsStagingCluster-EcsCluster-1AAGQRFIOE9AE,Service_beiakkdem1vi3j5fejkg,500,0,0.0357724485,0
1537416060,Prod-EcsStagingCluster-EcsCluster-1AAGQRFIOE9AE,Service_beiakkdem1vi3j5fejkg,500,0,0.0402671622,0
1537351320,Prod-EcsStagingCluster-EcsCluster-1AAGQRFIOE9AE,Service_beiakkdem1vi3j5fejkg,500,0,0.0363780453,0
1537354500,Prod-EcsStagingCluster-EcsCluster-1AAGQRFIOE9AE,Service_beiakkdem1vi3j5fejkg,500,0,0.9209577822,0
1537403340,Prod-EcsStagingCluster-EcsCluster-1AAGQRFIOE9AE,Service_beiakkdem1vi3j5fejkg,500,0,0.0390399640,0
1537357680,Prod-EcsStagingCluster-EcsCluster-1AAGQRFIOE9AE,Service_beiakkdem1vi3j5fejkg,500,0,0.0425680660,0
1537414920,Prod-EcsStagingCluster-EcsCluster-1AAGQRFIOE9AE,Service_beiakkdem1vi3j5fejkg,500,0,0.0351221792,0
1537369260,Prod-EcsStagingCluster-EcsCluster-1AAGQRFIOE9AE,Service_beiakkdem1vi3j5fejkg,500,0,0.0344430098,0
1537418100,Prod-EcsStagingCluster-EcsCluster-1AAGQRFIOE9AE,Service_beiakkdem1vi3j5fejkg,500,0,0.0349315895,0
1537421280,Prod-EcsStagingCluster-EcsCluster-1AAGQRFIOE9AE,Service_beiakkdem1vi3j5fejkg,500,0,0.0371273642,0
1537381980,Prod-EcsStagingCluster-EcsCluster-1AAGQRFIOE9AE,Service_beiakkdem1vi3j5fejkg,500,0,0.0345396902,0
1537374480,Prod-EcsStagingCluster-EcsCluster-1AAGQRFIOE9AE,Service_beiakkdem1vi3j5fejkg,500,0,0.0391411269,0
1537380840,Prod-EcsStagingCluster-EcsCluster-1AAGQRFIOE9AE,Service_beiakkdem1vi3j5fejkg,500,0,0.0371525190,0
1537384020,Prod-EcsStagingCluster-EcsCluster-1AAGQRFIOE9AE,Service_beiakkdem1vi3j5fejkg,500,0,0.0371116243,0
1537387200,Prod-EcsStagingCluster-EcsCluster-1AAGQRFIOE9AE,Service_beiakkdem1vi3j5fejkg,500,0,0.0392971335,0
1537368120,Prod-EcsStagingCluster-EcsCluster-1AAGQRFIOE9AE,Service_beiakkdem1vi3j5fejkg,500,0,0.0328346033,0
1537371300,Prod-EcsStagingCluster-EcsCluster-1AAGQRFIOE9AE,Service_beiakkdem1vi3j5fejkg,500,0,0.0398452153,0
1537347900,Prod-EcsStagingCluster-EcsCluster-1AAGQRFIOE9AE,Service_beiakkdem1vi3j5fejkg,500,0,0.0366818394,0
1537353120,Prod-EcsStagingCluster-EcsCluster-1AAGQRFIOE9AE,Service_beiakkdem1vi3j5fejkg,500,0,0.0331075400,0
1537346760,Prod-EcsStagingCluster-EcsCluster-1AAGQRFIOE9AE,Service_beiakkdem1vi3j5fejkg,500,0,0.0329562557,0
1537349940,Prod-EcsStagingCluster-EcsCluster-1AAGQRFIOE9AE,Service_beiakkdem1vi3j5fejkg,500,0,0.9169925206,0
1537391280,Prod-EcsStagingCluster-EcsCluster-1AAGQRFIOE9AE,Service_beiakkdem1vi3j5fejkg,500,0,0.0378038043,0
1537384920,Prod-EcsStagingCluster-EcsCluster-1AAGQRFIOE9AE,Service_beiakkdem1vi3j5fejkg,500,0,0.0378374507,0
1537388100,Prod-EcsStagingCluster-EcsCluster-1AAGQRFIOE9AE,Service_beiakkdem1vi3j5fejkg,500,0,0.0343145919,0
1537354080,Prod-EcsStagingCluster-EcsCluster-1AAGQRFIOE9AE,Service_beiakkdem1vi3j5fejkg,500,0,0.0394603771,0
1537347720,Prod-EcsStagingCluster-EcsCluster-1AAGQRFIOE9AE,Service_beiakkdem1vi3j5fejkg,500,0,1.6821846740,0
1537392240,Prod-EcsStagingCluster-EcsCluster-1AAGQRFIOE9AE,Service_beiakkdem1vi3j5fejkg,500,0,0.6603332257,0
1537402860,Prod-EcsStagingCluster-EcsCluster-1AAGQRFIOE9AE,Service_beiakkdem1vi3j5fejkg,500,0,1.3283158975,0
1537415580,Prod-EcsStagingCluster-EcsCluster-1AAGQRFIOE9AE,Service_beiakkdem1vi3j5fejkg,500,0,0.0360497230,0
1537385880,Prod-EcsStagingCluster-EcsCluster-1AAGQRFIOE9AE,Service_beiakkdem1vi3j5fejkg,500,0,0.0380465513,0
1537417620,Prod-EcsStagingCluster-EcsCluster-1AAGQRFIOE9AE,Service_beiakkdem1vi3j5fejkg,500,0,0.0369863273,0
1537404900,Prod-EcsStagingCluster-EcsCluster-1AAGQRFIOE9AE,Service_beiakkdem1vi3j5fejkg,500,0,0.0376265645,0
1537381500,Prod-EcsStagingCluster-EcsCluster-1AAGQRFIOE9AE,Service_beiakkdem1vi3j5fejkg,500,0,0.0394281385,0
1537368780,Prod-EcsStagingCluster-EcsCluster-1AAGQRFIOE9AE,Service_beiakkdem1vi3j5fejkg,500,0,1.0086265093,0
1537415400,Prod-EcsStagingCluster-EcsCluster-1AAGQRFIOE9AE,Service_beiakkdem1vi3j5fejkg,500,0,0.0357801968,0
1537421760,Prod-EcsStagingCluster-EcsCluster-1AAGQRFIOE9AE,Service_beiakkdem1vi3j5fejkg,500,0,0.0376016186,0
1537409040,Prod-EcsStagingCluster-EcsCluster-1AAGQRFIOE9AE,Service_beiakkdem1vi3j5fejkg,500,0,0.8816959919,0
1537402680,Prod-EcsStagingCluster-EcsCluster-1AAGQRFIOE9AE,Service_beiakkdem1vi3j5fejkg,500,0,0.0375976606,0
1537383540,Prod-EcsStagingCluster-EcsCluster-1AAGQRFIOE9AE,Service_beiakkdem1vi3j5fejkg,500,0,0.0378265216,0
1537421700,Prod-EcsStagingCluster-EcsCluster-1AAGQRFIOE9AE,Service_beiakkdem1vi3j5fejkg,500,0,0.0365436066,0
1537347420,Prod-EcsStagingCluster-EcsCluster-1AAGQRFIOE9AE,Service_beiakkdem1vi3j5fejkg,500,0,0.0377040247,0
1537381320,Prod-EcsStagingCluster-EcsCluster-1AAGQRFIOE9AE,Service_beiakkdem1vi3j5fejkg,500,0,0.0362752214,0
1537387680,Prod-EcsStagingCluster-EcsCluster-1AAGQRFIOE9AE,Service_beiakkdem1vi3j5fejkg,500,0,0.0368578853,0
1537425840,Prod-EcsStagingCluster-EcsCluster-1AAGQRFIOE9AE,Service_beiakkdem1vi3j5fejkg,500,0,0.0368911688,0
1537419480,Prod-EcsStagingCluster-EcsCluster-1AAGQRFIOE9AE,Service_beiakkdem1vi3j5fejkg,500,0,1.1113349773,0
1537349460,Prod-EcsStagingCluster-EcsCluster-1AAGQRFIOE9AE,Service_beiakkdem1vi3j5fejkg,500,0,0.0376874488,0
1537347240,Prod-EcsStagingCluster-EcsCluster-1AAGQRFIOE9AE,Service_beiakkdem1vi3j5fejkg,500,0,0.0381288996,0
1537423620,Prod-EcsStagingCluster-EcsCluster-1AAGQRFIOE9AE,Service_beiakkdem1vi3j5fejkg,500,0,0.0322678132,0
1537420440,Prod-EcsStagingCluster-EcsCluster-1AAGQRFIOE9AE,Service_beiakkdem1vi3j5fejkg,500,0,0.0433050223,0
1537415100,Prod-EcsStagingCluster-EcsCluster-1AAGQRFIOE9AE,Service_beiakkdem1vi3j5fejkg,500,0,0.0347294341,0
1537356720,Prod-EcsStagingCluster-EcsCluster-1AAGQRFIOE9AE,Service_beiakkdem1vi3j5fejkg,500,0,0.0375555295,0
1537402380,Prod-EcsStagingCluster-EcsCluster-1AAGQRFIOE9AE,Service_beiakkdem1vi3j5fejkg,500,0,0.0368587683,0
1537348200,Prod-EcsStagingCluster-EcsCluster-1AAGQRFIOE9AE,Service_beiakkdem1vi3j5fejkg,500,0,0.0362970007,0
1537351380,Prod-EcsStagingCluster-EcsCluster-1AAGQRFIOE9AE,Service_beiakkdem1vi3j5fejkg,500,0,0.0350680886,0
1537368300,Prod-EcsStagingCluster-EcsCluster-1AAGQRFIOE9AE,Service_beiakkdem1vi3j5fejkg,500,0,0.0356057221,0
1537420320,Prod-EcsStagingCluster-EcsCluster-1AAGQRFIOE9AE,Service_beiakkdem1vi3j5fejkg,500,0,0.0427698444,0
1537381020,Prod-EcsStagingCluster-EcsCluster-1AAGQRFIOE9AE,Service_beiakkdem1vi3j5fejkg,500,0,0.0514882683,0
1537352280,Prod-EcsStagingCluster-EcsCluster-1AAGQRFIOE9AE,Service_beiakkdem1vi3j5fejkg,500,0,0.0366337362,0
1537355460,Prod-EcsStagingCluster-EcsCluster-1AAGQRFIOE9AE,Service_beiakkdem1vi3j5fejkg,500,0,0.0367080793,0
1537386240,Prod-EcsStagingCluster-EcsCluster-1AAGQRFIOE9AE,Service_beiakkdem1vi3j5fejkg,500,0,0.0378282558,0
1537373520,Prod-EcsStagingCluster-EcsCluster-1AAGQRFIOE9AE,Service_beiakkdem1vi3j5fejkg,500,0,0.0323868813,0
1537346940,Prod-EcsStagingCluster-EcsCluster-1AAGQRFIOE9AE,Service_beiakkdem1vi3j5fejkg,500,0,0.0323561713,0
1537415880,Prod-EcsStagingCluster-EcsCluster-1AAGQRFIOE9AE,Service_beiakkdem1vi3j5fejkg,500,0,0.0422911446,0
1537419060,Prod-EcsStagingCluster-EcsCluster-1AAGQRFIOE9AE,Service_beiakkdem1vi3j5fejkg,500,0,0.0416193014,0
1537352160,Prod-EcsStagingCluster-EcsCluster-1AAGQRFIOE9AE,Service_beiakkdem1vi3j5fejkg,500,0,0.0382131834,0
1537390320,Prod-EcsStagingCluster-EcsCluster-1AAGQRFIOE9AE,Service_beiakkdem1vi3j5fejkg,500,0,0.0399353661,0
1537381800,Prod-EcsStagingCluster-EcsCluster-1AAGQRFIOE9AE,Service_beiakkdem1vi3j5fejkg,500,0,0.0380372710,0
1537384980,Prod-EcsStagingCluster-EcsCluster-1AAGQRFIOE9AE,Service_beiakkdem1vi3j5fejkg,500,0,0.0370656571,0
1537369080,Prod-EcsStagingCluster-EcsCluster-1AAGQRFIOE9AE,Service_beiakkdem1vi3j5fejkg,500,0,0.0331337547,0
1537372260,Prod-EcsStagingCluster-EcsCluster-1AAGQRFIOE9AE,Service_beiakkdem1vi3j5fejkg,500,0,0.0392661866,0
1537401900,Prod-EcsStagingCluster-EcsCluster-1AAGQRFIOE9AE,Service_beiakkdem1vi3j5fejkg,500,0,0.0381788490,0
1537414620,Prod-EcsStagingCluster-EcsCluster-1AAGQRFIOE9AE,Service_beiakkdem1vi3j5fejkg,500,0,0.2256388331,0
1537382760,Prod-EcsStagingCluster-EcsCluster-1AAGQRFIOE9AE,Service_beiakkdem1vi3j5fejkg,500,0,0.0403603939,0
1537370040,Prod-EcsStagingCluster-EcsCluster-1AAGQRFIOE9AE,Service_beiakkdem1vi3j5fejkg,500,0,0.0380270282,0
1537350900,Prod-EcsStagingCluster-EcsCluster-1AAGQRFIOE9AE,Service_beiakkdem1vi3j5fejkg,500,0,0.0377522499,0
1537389060,Prod-EcsStagingCluster-EcsCluster-1AAGQRFIOE9AE,Service_beiakkdem1vi3j5fejkg,500,0,0.0393117974,0
1537380540,Prod-EcsStagingCluster-EcsCluster-1AAGQRFIOE9AE,Service_beiakkdem1vi3j5fejkg,500,0,1.1102681245,0
1537367820,Prod-EcsStagingCluster-EcsCluster-1AAGQRFIOE9AE,Service_beiakkdem1vi3j5fejkg,500,0,0.0350914501,0
1537348680,Prod-EcsStagingCluster-EcsCluster-1AAGQRFIOE9AE,Service_beiakkdem1vi3j5fejkg,500,0,0.0381997054,0
1537420800,Prod-EcsStagingCluster-EcsCluster-1AAGQRFIOE9AE,Service_beiakkdem1vi3j5fejkg,500,0,0.0394017539,0
1537386840,Prod-EcsStagingCluster-EcsCluster-1AAGQRFIOE9AE,Service_beiakkdem1vi3j5fejkg,500,0,0.0414635393,0
1537408080,Prod-EcsStagingCluster-EcsCluster-1AAGQRFIOE9AE,Service_beiakkdem1vi3j5fejkg,500,0,0.0379559477,0
1537346460,Prod-EcsStagingCluster-EcsCluster-1AAGQRFIOE9AE,Service_beiakkdem1vi3j5fejkg,500,0,0.0218676581,0
1537418580,Prod-EcsStagingCluster-EcsCluster-1AAGQRFIOE9AE,Service_beiakkdem1vi3j5fejkg,500,0,0.0402606865,0
1537405860,Prod-EcsStagingCluster-EcsCluster-1AAGQRFIOE9AE,Service_beiakkdem1vi3j5fejkg,500,0,0.0344457375,0
1537386720,Prod-EcsStagingCluster-EcsCluster-1AAGQRFIOE9AE,Service_beiakkdem1vi3j5fejkg,500,0,1.1770472656,0
1537424880,Prod-EcsStagingCluster-EcsCluster-1AAGQRFIOE9AE,Service_beiakkdem1vi3j5fejkg,500,0,0.0323360577,0
1537416360,Prod-EcsStagingCluster-EcsCluster-1AAGQRFIOE9AE,Service_beiakkdem1vi3j5fejkg,500,0,0.0388861291,0
1537403640,Prod-EcsStagingCluster-EcsCluster-1AAGQRFIOE9AE,Service_beiakkdem1vi3j5fejkg,500,0,0.0387076539,0
1537384500,Prod-EcsStagingCluster-EcsCluster-1AAGQRFIOE9AE,Service_beiakkdem1vi3j5fejkg,500,0,0.0377894663,0
1537422660,Prod-EcsStagingCluster-EcsCluster-1AAGQRFIOE9AE,Service_beiakkdem1vi3j5fejkg,500,0,0.0422154729,0
1537352640,Prod-EcsStagingCluster-EcsCluster-1AAGQRFIOE9AE,Service_beiakkdem1vi3j5fejkg,500,0,0.1493792349,0
1537414140,Prod-EcsStagingCluster-EcsCluster-1AAGQRFIOE9AE,Service_beiakkdem1vi3j5fejkg,500,0,0.0367275171,0
1537401420,Prod-EcsStagingCluster-EcsCluster-1AAGQRFIOE9AE,Service_beiakkdem1vi3j5fejkg,500,0,0.0384181958,0
1537382280,Prod-EcsStagingCluster-EcsCluster-1AAGQRFIOE9AE,Service_beiakkdem1vi3j5fejkg,500,0,0.0352648606,0
1537409820,Prod-EcsStagingCluster-EcsCluster-1AAGQRFIOE9AE,Service_beiakkdem1vi3j5fejkg,500,0,0.0522742477,0
1537416180,Prod-EcsStagingCluster-EcsCluster-1AAGQRFIOE9AE,Service_beiakkdem1vi3j5fejkg,500,0,0.0397931526,0
1537393920,Prod-EcsStagingCluster-EcsCluster-1AAGQRFIOE9AE,Service_beiakkdem1vi3j5fejkg,500,0,0.0345290586,0
1537387560,Prod-EcsStagingCluster-EcsCluster-1AAGQRFIOE9AE,Service_beiakkdem1vi3j5fejkg,500,0,0.0372487767,0
1537373700,Prod-EcsStagingCluster-EcsCluster-1AAGQRFIOE9AE,Service_beiakkdem1vi3j5fejkg,500,0,1.6871636675,0
1537348260,Prod-EcsStagingCluster-EcsCluster-1AAGQRFIOE9AE,Service_beiakkdem1vi3j5fejkg,500,0,0.0366666217,0
1537392780,Prod-EcsStagingCluster-EcsCluster-1AAGQRFIOE9AE,Service_beiakkdem1vi3j5fejkg,500,0,0.0360745371,0
1537399140,Prod-EcsStagingCluster-EcsCluster-1AAGQRFIOE9AE,Service_beiakkdem1vi3j5fejkg,500,0,0.0390123254,0
1537424580,Prod-EcsStagingCluster-EcsCluster-1AAGQRFIOE9AE,Service_beiakkdem1vi3j5fejkg,500,0,0.0338098764,0
1537351200,Prod-EcsStagingCluster-EcsCluster-1AAGQRFIOE9AE,Service_beiakkdem1vi3j5fejkg,500,0,0.0360943446,0
1537395720,Prod-EcsStagingCluster-EcsCluster-1AAGQRFIOE9AE,Service_beiakkdem1vi3j5fejkg,500,0,0.0353780035,0
1537367100,Prod-EcsStagingCluster-EcsCluster-1AAGQRFIOE9AE,Service_beiakkdem1vi3j5fejkg,500,0,0.0325943755,0
1537373460,Prod-EcsStagingCluster-EcsCluster-1AAGQRFIOE9AE,Service_beiakkdem1vi3j5fejkg,500,0,0.0317063813,0
1537417980,Prod-EcsStagingCluster-EcsCluster-1AAGQRFIOE9AE,Service_beiakkdem1vi3j5fejkg,500,0,0.0345426010,0
1537424340,Prod-EcsStagingCluster-EcsCluster-1AAGQRFIOE9AE,Service_beiakkdem1vi3j5fejkg,500,0,0.0331873083,0
1537350060,Prod-EcsStagingCluster-EcsCluster-1AAGQRFIOE9AE,Service_beiakkdem1vi3j5fejkg,500,0,0.0342053820,0
1537353240,Prod-EcsStagingCluster-EcsCluster-1AAGQRFIOE9AE,Service_beiakkdem1vi3j5fejkg,500,0,0.1631926906,0
1537402080,Prod-EcsStagingCluster-EcsCluster-1AAGQRFIOE9AE,Service_beiakkdem1vi3j5fejkg,500,0,0.0383712483,0
1537378680,Prod-EcsStagingCluster-EcsCluster-1AAGQRFIOE9AE,Service_beiakkdem1vi3j5fejkg,500,0,0.8660573349,0
1537359600,Prod-EcsStagingCluster-EcsCluster-1AAGQRFIOE9AE,Service_beiakkdem1vi3j5fejkg,500,0,0.0375614218,0
1537404120,Prod-EcsStagingCluster-EcsCluster-1AAGQRFIOE9AE,Service_beiakkdem1vi3j5fejkg,500,0,2.1024380873,0
1537410480,Prod-EcsStagingCluster-EcsCluster-1AAGQRFIOE9AE,Service_beiakkdem1vi3j5fejkg,500,0,0.0431193411,0
1537400940,Prod-EcsStagingCluster-EcsCluster-1AAGQRFIOE9AE,Service_beiakkdem1vi3j5fejkg,500,0,0.0399699874,0
1537385040,Prod-EcsStagingCluster-EcsCluster-1AAGQRFIOE9AE,Service_beiakkdem1vi3j5fejkg,500,0,0.0373739574,0
1537429560,Prod-EcsStagingCluster-EcsCluster-1AAGQRFIOE9AE,Service_beiakkdem1vi3j5fejkg,500,0,0.0349850193,0
1537375260,Prod-EcsStagingCluster-EcsCluster-1AAGQRFIOE9AE,Service_beiakkdem1vi3j5fejkg,500,0,0.0357879701,0
1537381620,Prod-EcsStagingCluster-EcsCluster-1AAGQRFIOE9AE,Service_beiakkdem1vi3j5fejkg,500,0,0.0421283600,0
1537426140,Prod-EcsStagingCluster-EcsCluster-1AAGQRFIOE9AE,Service_beiakkdem1vi3j5fejkg,500,0,0.0366193589,0
1537358220,Prod-EcsStagingCluster-EcsCluster-1AAGQRFIOE9AE,Service_beiakkdem1vi3j5fejkg,500,0,0.6359819309,0
1537390020,Prod-EcsStagingCluster-EcsCluster-1AAGQRFIOE9AE,Service_beiakkdem1vi3j5fejkg,500,0,0.0392947734,0
1537364580,Prod-EcsStagingCluster-EcsCluster-1AAGQRFIOE9AE,Service_beiakkdem1vi3j5fejkg,500,0,0.0348386709,0
1537409100,Prod-EcsStagingCluster-EcsCluster-1AAGQRFIOE9AE,Service_beiakkdem1vi3j5fejkg,500,0,0.0389340061,0
1537415460,Prod-EcsStagingCluster-EcsCluster-1AAGQRFIOE9AE,Service_beiakkdem1vi3j5fejkg,500,0,0.0360257317,0
1537379400,Prod-EcsStagingCluster-EcsCluster-1AAGQRFIOE9AE,Service_beiakkdem1vi3j5fejkg,500,0,0.0395270130,0
1537385760,Prod-EcsStagingCluster-EcsCluster-1AAGQRFIOE9AE,Service_beiakkdem1vi3j5fejkg,500,0,0.0381897084,0
1537430280,Prod-EcsStagingCluster-EcsCluster-1AAGQRFIOE9AE,Service_beiakkdem1vi3j5fejkg,500,0,0.0355662973,0
1537362360,Prod-EcsStagingCluster-EcsCluster-1AAGQRFIOE9AE,Service_beiakkdem1vi3j5fejkg,500,0,0.0339717620,0
1537394160,Prod-EcsStagingCluster-EcsCluster-1AAGQRFIOE9AE,Service_beiakkdem1vi3j5fejkg,500,0,0.0359948668,0
1537387800,Prod-EcsStagingCluster-EcsCluster-1AAGQRFIOE9AE,Service_beiakkdem1vi3j5fejkg,500,0,0.0364812201,0
1537368720,Prod-EcsStagingCluster-EcsCluster-1AAGQRFIOE9AE,Service_beiakkdem1vi3j5fejkg,500,0,0.0362466441,0
1537413240,Prod-EcsStagingCluster-EcsCluster-1AAGQRFIOE9AE,Service_beiakkdem1vi3j5fejkg,500,0,0.0372895272,0
1537419600,Prod-EcsStagingCluster-EcsCluster-1AAGQRFIOE9AE,Service_beiakkdem1vi3j5fejkg,500,0,0.0417388689,0
1537383420,Prod-EcsStagingCluster-EcsCluster-1AAGQRFIOE9AE,Service_beiakkdem1vi3j5fejkg,500,0,0.0365724944,0
1537389780,Prod-EcsStagingCluster-EcsCluster-1AAGQRFIOE9AE,Service_beiakkdem1vi3j5fejkg,500,0,1.4359721481,0
1537366380,Prod-EcsStagingCluster-EcsCluster-1AAGQRFIOE9AE,Service_beiakkdem1vi3j5fejkg,500,0,0.0387384159,0
1537426800,Prod-EcsStagingCluster-EcsCluster-1AAGQRFIOE9AE,Service_beiakkdem1vi3j5fejkg,500,0,0.0385098880,0
1537417260,Prod-EcsStagingCluster-EcsCluster-1AAGQRFIOE9AE,Service_beiakkdem1vi3j5fejkg,500,0,0.0408171189,0
1537363080,Prod-EcsStagingCluster-EcsCluster-1AAGQRFIOE9AE,Service_beiakkdem1vi3j5fejkg,500,0,0.0362836071,0
1537413960,Prod-EcsStagingCluster-EcsCluster-1AAGQRFIOE9AE,Service_beiakkdem1vi3j5fejkg,500,0,0.6753108264,0
1537391700,Prod-EcsStagingCluster-EcsCluster-1AAGQRFIOE9AE,Service_beiakkdem1vi3j5fejkg,500,0,0.0413371443,0
1537371480,Prod-EcsStagingCluster-EcsCluster-1AAGQRFIOE9AE,Service_beiakkdem1vi3j5fejkg,500,0,0.0381091217,0
1537346040,Prod-EcsStagingCluster-EcsCluster-1AAGQRFIOE9AE,Service_beiakkdem1vi3j5fejkg,500,0,0.0403564309,0
1537396920,Prod-EcsStagingCluster-EcsCluster-1AAGQRFIOE9AE,Service_beiakkdem1vi3j5fejkg,500,0,0.0367440380,0
1537422360,Prod-EcsStagingCluster-EcsCluster-1AAGQRFIOE9AE,Service_beiakkdem1vi3j5fejkg,500,0,0.0368226043,0
1537391580,Prod-EcsStagingCluster-EcsCluster-1AAGQRFIOE9AE,Service_beiakkdem1vi3j5fejkg,500,0,0.0366446674,0
1537375680,Prod-EcsStagingCluster-EcsCluster-1AAGQRFIOE9AE,Service_beiakkdem1vi3j5fejkg,500,0,0.0388290647,0
1537374540,Prod-EcsStagingCluster-EcsCluster-1AAGQRFIOE9AE,Service_beiakkdem1vi3j5fejkg,500,0,0.0392908147,0
1537426560,Prod-EcsStagingCluster-EcsCluster-1AAGQRFIOE9AE,Service_beiakkdem1vi3j5fejkg,500,0,0.0375356331,0
1537425420,Prod-EcsStagingCluster-EcsCluster-1AAGQRFIOE9AE,Service_beiakkdem1vi3j5fejkg,500,0,0.0335575729,0
1537348980,Prod-EcsStagingCluster-EcsCluster-1AAGQRFIOE9AE,Service_beiakkdem1vi3j5fejkg,500,0,1.1681023694,0
1537371240,Prod-EcsStagingCluster-EcsCluster-1AAGQRFIOE9AE,Service_beiakkdem1vi3j5fejkg,500,0,1.3385468419,0
1537422120,Prod-EcsStagingCluster-EcsCluster-1AAGQRFIOE9AE,Service_beiakkdem1vi3j5fejkg,500,0,0.0384758266,0
1537399860,Prod-EcsStagingCluster-EcsCluster-1AAGQRFIOE9AE,Service_beiakkdem1vi3j5fejkg,500,0,0.0340198815,0
1537357380,Prod-EcsStagingCluster-EcsCluster-1AAGQRFIOE9AE,Service_beiakkdem1vi3j5fejkg,500,0,0.0352171413,0
1537408260,Prod-EcsStagingCluster-EcsCluster-1AAGQRFIOE9AE,Service_beiakkdem1vi3j5fejkg,500,0,0.0366526911,0
1537348860,Prod-EcsStagingCluster-EcsCluster-1AAGQRFIOE9AE,Service_beiakkdem1vi3j5fejkg,500,0,0.0380214085,0
1537382820,Prod-EcsStagingCluster-EcsCluster-1AAGQRFIOE9AE,Service_beiakkdem1vi3j5fejkg,500,0,0.0412441183,0
1537399740,Prod-EcsStagingCluster-EcsCluster-1AAGQRFIOE9AE,Service_beiakkdem1vi3j5fejkg,500,0,0.0364940941,0
1537355160,Prod-EcsStagingCluster-EcsCluster-1AAGQRFIOE9AE,Service_beiakkdem1vi3j5fejkg,500,0,1.1785128036,0
1537380600,Prod-EcsStagingCluster-EcsCluster-1AAGQRFIOE9AE,Service_beiakkdem1vi3j5fejkg,500,0,0.0409733050,0
1537406040,Prod-EcsStagingCluster-EcsCluster-1AAGQRFIOE9AE,Service_beiakkdem1vi3j5fejkg,500,0,0.0354768367,0
1537359360,Prod-EcsStagingCluster-EcsCluster-1AAGQRFIOE9AE,Service_beiakkdem1vi3j5fejkg,500,0,0.0380272423,0
1537382700,Prod-EcsStagingCluster-EcsCluster-1AAGQRFIOE9AE,Service_beiakkdem1vi3j5fejkg,500,0,0.0410275328,0
1537431480,Prod-EcsStagingCluster-EcsCluster-1AAGQRFIOE9AE,Service_beiakkdem1vi3j5fejkg,500,0,0.0376089592,0
1537410240,Prod-EcsStagingCluster-EcsCluster-1AAGQRFIOE9AE,Service_beiakkdem1vi3j5fejkg,500,0,0.0359855814,0
1537357140,Prod-EcsStagingCluster-EcsCluster-1AAGQRFIOE9AE,Service_beiakkdem1vi3j5fejkg,500,0,0.9453892328,0
1537408020,Prod-EcsStagingCluster-EcsCluster-1AAGQRFIOE9AE,Service_beiakkdem1vi3j5fejkg,500,0,0.0380370632,0
1537357020,Prod-EcsStagingCluster-EcsCluster-1AAGQRFIOE9AE,Service_beiakkdem1vi3j5fejkg,500,0,0.9143384852,0
1537354920,Prod-EcsStagingCluster-EcsCluster-1AAGQRFIOE9AE,Service_beiakkdem1vi3j5fejkg,500,0,0.0376231315,0
1537407900,Prod-EcsStagingCluster-EcsCluster-1AAGQRFIOE9AE,Service_beiakkdem1vi3j5fejkg,500,0,0.0386116380,0
1537405800,Prod-EcsStagingCluster-EcsCluster-1AAGQRFIOE9AE,Service_beiakkdem1vi3j5fejkg,500,0,0.0341324429,0
1537390860,Prod-EcsStagingCluster-EcsCluster-1AAGQRFIOE9AE,Service_beiakkdem1vi3j5fejkg,500,0,0.0365710116,0
1537367520,Prod-EcsStagingCluster-EcsCluster-1AAGQRFIOE9AE,Service_beiakkdem1vi3j5fejkg,500,0,1.5743575369,0
1537418400,Prod-EcsStagingCluster-EcsCluster-1AAGQRFIOE9AE,Service_beiakkdem1vi3j5fejkg,500,0,0.0413987661,0
1537375920,Prod-EcsStagingCluster-EcsCluster-1AAGQRFIOE9AE,Service_beiakkdem1vi3j5fejkg,500,0,0.0386023353,0
1537350480,Prod-EcsStagingCluster-EcsCluster-1AAGQRFIOE9AE,Service_beiakkdem1vi3j5fejkg,500,0,0.0376891430,0
1537401360,Prod-EcsStagingCluster-EcsCluster-1AAGQRFIOE9AE,Service_beiakkdem1vi3j5fejkg,500,0,0.0390282808,0
1537365300,Prod-EcsStagingCluster-EcsCluster-1AAGQRFIOE9AE,Service_beiakkdem1vi3j5fejkg,500,0,0.0321369482,0
1537421520,Prod-EcsStagingCluster-EcsCluster-1AAGQRFIOE9AE,Service_beiakkdem1vi3j5fejkg,500,0,0.0386735011,0
1537349280,Prod-EcsStagingCluster-EcsCluster-1AAGQRFIOE9AE,Service_beiakkdem1vi3j5fejkg,500,0,0.0380316957,0
1537393800,Prod-EcsStagingCluster-EcsCluster-1AAGQRFIOE9AE,Service_beiakkdem1vi3j5fejkg,500,0,0.0344010860,0
1537371540,Prod-EcsStagingCluster-EcsCluster-1AAGQRFIOE9AE,Service_beiakkdem1vi3j5fejkg,500,0,0.9474696286,0
1537422420,Prod-EcsStagingCluster-EcsCluster-1AAGQRFIOE9AE,Service_beiakkdem1vi3j5fejkg,500,0,0.0368249861,0
1537348140,Prod-EcsStagingCluster-EcsCluster-1AAGQRFIOE9AE,Service_beiakkdem1vi3j5fejkg,500,0,0.9316505047,0
1537400160,Prod-EcsStagingCluster-EcsCluster-1AAGQRFIOE9AE,Service_beiakkdem1vi3j5fejkg,500,0,0.0362405326,0
1537360860,Prod-EcsStagingCluster-EcsCluster-1AAGQRFIOE9AE,Service_beiakkdem1vi3j5fejkg,500,0,0.0377584884,0
1537411740,Prod-EcsStagingCluster-EcsCluster-1AAGQRFIOE9AE,Service_beiakkdem1vi3j5fejkg,500,0,0.0370729094,0
1537399020,Prod-EcsStagingCluster-EcsCluster-1AAGQRFIOE9AE,Service_beiakkdem1vi3j5fejkg,500,0,0.4706801139,0
1537350180,Prod-EcsStagingCluster-EcsCluster-1AAGQRFIOE9AE,Service_beiakkdem1vi3j5fejkg,500,0,0.7874427702,0
1537401060,Prod-EcsStagingCluster-EcsCluster-1AAGQRFIOE9AE,Service_beiakkdem1vi3j5fejkg,500,0,0.0390753167,0
1537375620,Prod-EcsStagingCluster-EcsCluster-1AAGQRFIOE9AE,Service_beiakkdem1vi3j5fejkg,500,0,0.0390407509,0
1537426500,Prod-EcsStagingCluster-EcsCluster-1AAGQRFIOE9AE,Service_beiakkdem1vi3j5fejkg,500,0,0.0367031182,0
1537379700,Prod-EcsStagingCluster-EcsCluster-1AAGQRFIOE9AE,Service_beiakkdem1vi3j5fejkg,500,0,0.0383117934,0
1537351080,Prod-EcsStagingCluster-EcsCluster-1AAGQRFIOE9AE,Service_beiakkdem1vi3j5fejkg,500,0,0.0377707073,0
1537357440,Prod-EcsStagingCluster-EcsCluster-1AAGQRFIOE9AE,Service_beiakkdem1vi3j5fejkg,500,0,0.0356782731,0
1537401960,Prod-EcsStagingCluster-EcsCluster-1AAGQRFIOE9AE,Service_beiakkdem1vi3j5fejkg,500,0,0.0388281669,0
1537430580,Prod-EcsStagingCluster-EcsCluster-1AAGQRFIOE9AE,Service_beiakkdem1vi3j5fejkg,500,0,0.0331826222,0
1537356300,Prod-EcsStagingCluster-EcsCluster-1AAGQRFIOE9AE,Service_beiakkdem1vi3j5fejkg,500,0,0.0393573709,0
1537408320,Prod-EcsStagingCluster-EcsCluster-1AAGQRFIOE9AE,Service_beiakkdem1vi3j5fejkg,500,0,0.0382177761,0
1537369020,Prod-EcsStagingCluster-EcsCluster-1AAGQRFIOE9AE,Service_beiakkdem1vi3j5fejkg,500,0,0.0341096750,0
1537419900,Prod-EcsStagingCluster-EcsCluster-1AAGQRFIOE9AE,Service_beiakkdem1vi3j5fejkg,500,0,0.0391984559,0
1537407180,Prod-EcsStagingCluster-EcsCluster-1AAGQRFIOE9AE,Service_beiakkdem1vi3j5fejkg,500,0,1.8576733975,0
1537383840,Prod-EcsStagingCluster-EcsCluster-1AAGQRFIOE9AE,Service_beiakkdem1vi3j5fejkg,500,0,0.0358385565,0
1537428360,Prod-EcsStagingCluster-EcsCluster-1AAGQRFIOE9AE,Service_beiakkdem1vi3j5fejkg,500,0,0.0369159978,0
1537387860,Prod-EcsStagingCluster-EcsCluster-1AAGQRFIOE9AE,Service_beiakkdem1vi3j5fejkg,500,0,0.0363708716,0
1537364460,Prod-EcsStagingCluster-EcsCluster-1AAGQRFIOE9AE,Service_beiakkdem1vi3j5fejkg,500,0,1.0049665409,0
1537377180,Prod-EcsStagingCluster-EcsCluster-1AAGQRFIOE9AE,Service_beiakkdem1vi3j5fejkg,500,0,0.0393292432,0
1537385640,Prod-EcsStagingCluster-EcsCluster-1AAGQRFIOE9AE,Service_beiakkdem1vi3j5fejkg,500,0,0.0397317794,0
1537428060,Prod-EcsStagingCluster-EcsCluster-1AAGQRFIOE9AE,Service_beiakkdem1vi3j5fejkg,500,0,0.0381104101,0
1537392000,Prod-EcsStagingCluster-EcsCluster-1AAGQRFIOE9AE,Service_beiakkdem1vi3j5fejkg,500,0,0.0398503864,0
1537415340,Prod-EcsStagingCluster-EcsCluster-1AAGQRFIOE9AE,Service_beiakkdem1vi3j5fejkg,500,0,0.0362919087,0
1537391940,Prod-EcsStagingCluster-EcsCluster-1AAGQRFIOE9AE,Service_beiakkdem1vi3j5fejkg,500,0,0.0410669066,0
1537366500,Prod-EcsStagingCluster-EcsCluster-1AAGQRFIOE9AE,Service_beiakkdem1vi3j5fejkg,500,0,0.0354475842,0
1537417380,Prod-EcsStagingCluster-EcsCluster-1AAGQRFIOE9AE,Service_beiakkdem1vi3j5fejkg,500,0,0.0398280979,0
1537389720,Prod-EcsStagingCluster-EcsCluster-1AAGQRFIOE9AE,Service_beiakkdem1vi3j5fejkg,500,0,0.0331015851,0
1537364280,Prod-EcsStagingCluster-EcsCluster-1AAGQRFIOE9AE,Service_beiakkdem1vi3j5fejkg,500,0,0.0346037904,0
1537370640,Prod-EcsStagingCluster-EcsCluster-1AAGQRFIOE9AE,Service_beiakkdem1vi3j5fejkg,500,0,1.1834846346,0
1537415160,Prod-EcsStagingCluster-EcsCluster-1AAGQRFIOE9AE,Service_beiakkdem1vi3j5fejkg,500,0,0.0360834957,0
1537396080,Prod-EcsStagingCluster-EcsCluster-1AAGQRFIOE9AE,Service_beiakkdem1vi3j5fejkg,500,0,0.0392453520,0
1537373760,Prod-EcsStagingCluster-EcsCluster-1AAGQRFIOE9AE,Service_beiakkdem1vi3j5fejkg,500,0,0.0377974538,0
1537424640,Prod-EcsStagingCluster-EcsCluster-1AAGQRFIOE9AE,Service_beiakkdem1vi3j5fejkg,500,0,0.0326596597,0
1537393860,Prod-EcsStagingCluster-EcsCluster-1AAGQRFIOE9AE,Service_beiakkdem1vi3j5fejkg,500,0,0.0328414600,0
1537368420,Prod-EcsStagingCluster-EcsCluster-1AAGQRFIOE9AE,Service_beiakkdem1vi3j5fejkg,500,0,0.0358988233,0
1537419300,Prod-EcsStagingCluster-EcsCluster-1AAGQRFIOE9AE,Service_beiakkdem1vi3j5fejkg,500,0,0.0380105003,0
1537372620,Prod-EcsStagingCluster-EcsCluster-1AAGQRFIOE9AE,Service_beiakkdem1vi3j5fejkg,500,0,0.0385022346,0
1537385340,Prod-EcsStagingCluster-EcsCluster-1AAGQRFIOE9AE,Service_beiakkdem1vi3j5fejkg,500,0,0.0392248944,0
1537423500,Prod-EcsStagingCluster-EcsCluster-1AAGQRFIOE9AE,Service_beiakkdem1vi3j5fejkg,500,0,0.0352363085,0
1537352400,Prod-EcsStagingCluster-EcsCluster-1AAGQRFIOE9AE,Service_beiakkdem1vi3j5fejkg,500,0,0.0382537497,0
1537347060,Prod-EcsStagingCluster-EcsCluster-1AAGQRFIOE9AE,Service_beiakkdem1vi3j5fejkg,500,0,0.0312251036,0
1537377840,Prod-EcsStagingCluster-EcsCluster-1AAGQRFIOE9AE,Service_beiakkdem1vi3j5fejkg,500,0,0.0364289863,0
1537397940,Prod-EcsStagingCluster-EcsCluster-1AAGQRFIOE9AE,Service_beiakkdem1vi3j5fejkg,500,0,0.0405342517,0
1537428720,Prod-EcsStagingCluster-EcsCluster-1AAGQRFIOE9AE,Service_beiakkdem1vi3j5fejkg,500,0,0.0369335986,0
1537403280,Prod-EcsStagingCluster-EcsCluster-1AAGQRFIOE9AE,Service_beiakkdem1vi3j5fejkg,500,0,0.0364139740,0
1537369320,Prod-EcsStagingCluster-EcsCluster-1AAGQRFIOE9AE,Service_beiakkdem1vi3j5fejkg,500,0,0.0347860554,0
1537420200,Prod-EcsStagingCluster-EcsCluster-1AAGQRFIOE9AE,Service_beiakkdem1vi3j5fejkg,500,0,0.0431668723,0
1537373400,Prod-EcsStagingCluster-EcsCluster-1AAGQRFIOE9AE,Service_beiakkdem1vi3j5fejkg,500,0,0.0326846808,0
1537347960,Prod-EcsStagingCluster-EcsCluster-1AAGQRFIOE9AE,Service_beiakkdem1vi3j5fejkg,500,0,0.0368701647,0
1537381920,Prod-EcsStagingCluster-EcsCluster-1AAGQRFIOE9AE,Service_beiakkdem1vi3j5fejkg,500,0,0.0349724408,0
1537398840,Prod-EcsStagingCluster-EcsCluster-1AAGQRFIOE9AE,Service_beiakkdem1vi3j5fejkg,500,0,0.0358918373,0
1537424280,Prod-EcsStagingCluster-EcsCluster-1AAGQRFIOE9AE,Service_beiakkdem1vi3j5fejkg,500,0,0.0376051128,0
1537393500,Prod-EcsStagingCluster-EcsCluster-1AAGQRFIOE9AE,Service_beiakkdem1vi3j5fejkg,500,0,0.8712651154,0
1537380780,Prod-EcsStagingCluster-EcsCluster-1AAGQRFIOE9AE,Service_beiakkdem1vi3j5fejkg,500,0,0.0382811783,0
1537431660,Prod-EcsStagingCluster-EcsCluster-1AAGQRFIOE9AE,Service_beiakkdem1vi3j5fejkg,500,0,0.0376640315,0
1537377480,Prod-EcsStagingCluster-EcsCluster-1AAGQRFIOE9AE,Service_beiakkdem1vi3j5fejkg,500,0,0.0376329534,0
1537355220,Prod-EcsStagingCluster-EcsCluster-1AAGQRFIOE9AE,Service_beiakkdem1vi3j5fejkg,500,0,0.0365729214,0
1537406100,Prod-EcsStagingCluster-EcsCluster-1AAGQRFIOE9AE,Service_beiakkdem1vi3j5fejkg,500,0,0.0349534194,0
1537361520,Prod-EcsStagingCluster-EcsCluster-1AAGQRFIOE9AE,Service_beiakkdem1vi3j5fejkg,500,0,0.0354734869,0
1537412400,Prod-EcsStagingCluster-EcsCluster-1AAGQRFIOE9AE,Service_beiakkdem1vi3j5fejkg,500,0,0.0384289715,0
1537353000,Prod-EcsStagingCluster-EcsCluster-1AAGQRFIOE9AE,Service_beiakkdem1vi3j5fejkg,500,0,0.0335701356,0
1537386960,Prod-EcsStagingCluster-EcsCluster-1AAGQRFIOE9AE,Service_beiakkdem1vi3j5fejkg,500,0,0.0407922893,0
1537403880,Prod-EcsStagingCluster-EcsCluster-1AAGQRFIOE9AE,Service_beiakkdem1vi3j5fejkg,500,0,0.0358009165,0
1537359300,Prod-EcsStagingCluster-EcsCluster-1AAGQRFIOE9AE,Service_beiakkdem1vi3j5fejkg,500,0,0.0388924450,0
1537410180,Prod-EcsStagingCluster-EcsCluster-1AAGQRFIOE9AE,Service_beiakkdem1vi3j5fejkg,500,0,0.0376072173,0
1537350780,Prod-EcsStagingCluster-EcsCluster-1AAGQRFIOE9AE,Service_beiakkdem1vi3j5fejkg,500,0,0.7511103261,0
1537384740,Prod-EcsStagingCluster-EcsCluster-1AAGQRFIOE9AE,Service_beiakkdem1vi3j5fejkg,500,0,0.0367303821,0
1537401660,Prod-EcsStagingCluster-EcsCluster-1AAGQRFIOE9AE,Service_beiakkdem1vi3j5fejkg,500,0,0.8546151922,0
1537388940,Prod-EcsStagingCluster-EcsCluster-1AAGQRFIOE9AE,Service_beiakkdem1vi3j5fejkg,500,0,0.0395936249,0
1537365600,Prod-EcsStagingCluster-EcsCluster-1AAGQRFIOE9AE,Service_beiakkdem1vi3j5fejkg,500,0,0.0309490002,0
1537416480,Prod-EcsStagingCluster-EcsCluster-1AAGQRFIOE9AE,Service_beiakkdem1vi3j5fejkg,500,0,0.0372017183,0
1537357080,Prod-EcsStagingCluster-EcsCluster-1AAGQRFIOE9AE,Service_beiakkdem1vi3j5fejkg,500,0,0.0356939868,0
1537407960,Prod-EcsStagingCluster-EcsCluster-1AAGQRFIOE9AE,Service_beiakkdem1vi3j5fejkg,500,0,0.0369849117,0
1537382520,Prod-EcsStagingCluster-EcsCluster-1AAGQRFIOE9AE,Service_beiakkdem1vi3j5fejkg,500,0,0.0405781934,0
1537363380,Prod-EcsStagingCluster-EcsCluster-1AAGQRFIOE9AE,Service_beiakkdem1vi3j5fejkg,500,0,0.0330388335,0
1537414260,Prod-EcsStagingCluster-EcsCluster-1AAGQRFIOE9AE,Service_beiakkdem1vi3j5fejkg,500,0,0.0367002767,0
1537361160,Prod-EcsStagingCluster-EcsCluster-1AAGQRFIOE9AE,Service_beiakkdem1vi3j5fejkg,500,0,0.0350004673,0
1537412040,Prod-EcsStagingCluster-EcsCluster-1AAGQRFIOE9AE,Service_beiakkdem1vi3j5fejkg,500,0,0.0363477262,0
1537346220,Prod-EcsStagingCluster-EcsCluster-1AAGQRFIOE9AE,Service_beiakkdem1vi3j5fejkg,500,0,0.0391070937,0
1537358940,Prod-EcsStagingCluster-EcsCluster-1AAGQRFIOE9AE,Service_beiakkdem1vi3j5fejkg,500,0,0.9442512467,0
1537397100,Prod-EcsStagingCluster-EcsCluster-1AAGQRFIOE9AE,Service_beiakkdem1vi3j5fejkg,500,0,0.0357888329,0
1537360980,Prod-EcsStagingCluster-EcsCluster-1AAGQRFIOE9AE,Service_beiakkdem1vi3j5fejkg,500,0,0.0353252542,0
1537425720,Prod-EcsStagingCluster-EcsCluster-1AAGQRFIOE9AE,Service_beiakkdem1vi3j5fejkg,500,0,0.9157310098,0
1537354620,Prod-EcsStagingCluster-EcsCluster-1AAGQRFIOE9AE,Service_beiakkdem1vi3j5fejkg,500,0,0.0404005356,0
1537411860,Prod-EcsStagingCluster-EcsCluster-1AAGQRFIOE9AE,Service_beiakkdem1vi3j5fejkg,500,0,0.0373753424,0
1537405500,Prod-EcsStagingCluster-EcsCluster-1AAGQRFIOE9AE,Service_beiakkdem1vi3j5fejkg,500,0,0.0340030858,0
1537347120,Prod-EcsStagingCluster-EcsCluster-1AAGQRFIOE9AE,Service_beiakkdem1vi3j5fejkg,500,0,1.1861947680,0
1537391640,Prod-EcsStagingCluster-EcsCluster-1AAGQRFIOE9AE,Service_beiakkdem1vi3j5fejkg,500,0,1.5090032959,0
1537398000,Prod-EcsStagingCluster-EcsCluster-1AAGQRFIOE9AE,Service_beiakkdem1vi3j5fejkg,500,0,0.0383947848,0
1537371420,Prod-EcsStagingCluster-EcsCluster-1AAGQRFIOE9AE,Service_beiakkdem1vi3j5fejkg,500,0,0.0377645077,0
1537377780,Prod-EcsStagingCluster-EcsCluster-1AAGQRFIOE9AE,Service_beiakkdem1vi3j5fejkg,500,0,0.0381443050,0
1537428660,Prod-EcsStagingCluster-EcsCluster-1AAGQRFIOE9AE,Service_beiakkdem1vi3j5fejkg,500,0,0.0375097988,0
1537360740,Prod-EcsStagingCluster-EcsCluster-1AAGQRFIOE9AE,Service_beiakkdem1vi3j5fejkg,500,0,0.9182086832,0
1537422300,Prod-EcsStagingCluster-EcsCluster-1AAGQRFIOE9AE,Service_beiakkdem1vi3j5fejkg,500,0,0.0370467143,0
1537411620,Prod-EcsStagingCluster-EcsCluster-1AAGQRFIOE9AE,Service_beiakkdem1vi3j5fejkg,500,0,0.0371490431,0
1537346880,Prod-EcsStagingCluster-EcsCluster-1AAGQRFIOE9AE,Service_beiakkdem1vi3j5fejkg,500,0,0.0308082545,0
1537397760,Prod-EcsStagingCluster-EcsCluster-1AAGQRFIOE9AE,Service_beiakkdem1vi3j5fejkg,500,0,0.0328842210,0
1537391400,Prod-EcsStagingCluster-EcsCluster-1AAGQRFIOE9AE,Service_beiakkdem1vi3j5fejkg,500,0,0.0384934993,0
1537345740,Prod-EcsStagingCluster-EcsCluster-1AAGQRFIOE9AE,Service_beiakkdem1vi3j5fejkg,500,0,0.0371367730,0
1537396620,Prod-EcsStagingCluster-EcsCluster-1AAGQRFIOE9AE,Service_beiakkdem1vi3j5fejkg,500,0,0.0374890197,0
1537377540,Prod-EcsStagingCluster-EcsCluster-1AAGQRFIOE9AE,Service_beiakkdem1vi3j5fejkg,500,0,0.0372916847,0
1537428420,Prod-EcsStagingCluster-EcsCluster-1AAGQRFIOE9AE,Service_beiakkdem1vi3j5fejkg,500,0,0.0368127776,0
1537357320,Prod-EcsStagingCluster-EcsCluster-1AAGQRFIOE9AE,Service_beiakkdem1vi3j5fejkg,500,0,0.0336372039,0
1537375320,Prod-EcsStagingCluster-EcsCluster-1AAGQRFIOE9AE,Service_beiakkdem1vi3j5fejkg,500,0,0.0355028537,0
1537381680,Prod-EcsStagingCluster-EcsCluster-1AAGQRFIOE9AE,Service_beiakkdem1vi3j5fejkg,500,0,0.0426738898,0
1537426200,Prod-EcsStagingCluster-EcsCluster-1AAGQRFIOE9AE,Service_beiakkdem1vi3j5fejkg,500,0,0.0372574116,0
1537362540,Prod-EcsStagingCluster-EcsCluster-1AAGQRFIOE9AE,Service_beiakkdem1vi3j5fejkg,500,0,2.1373970017,0
1537413420,Prod-EcsStagingCluster-EcsCluster-1AAGQRFIOE9AE,Service_beiakkdem1vi3j5fejkg,500,0,0.0379558625,0
1537370940,Prod-EcsStagingCluster-EcsCluster-1AAGQRFIOE9AE,Service_beiakkdem1vi3j5fejkg,500,0,0.0326263939,0
1537377300,Prod-EcsStagingCluster-EcsCluster-1AAGQRFIOE9AE,Service_beiakkdem1vi3j5fejkg,500,0,0.0394357176,0
1537421820,Prod-EcsStagingCluster-EcsCluster-1AAGQRFIOE9AE,Service_beiakkdem1vi3j5fejkg,500,0,0.0381917451,0
1537428180,Prod-EcsStagingCluster-EcsCluster-1AAGQRFIOE9AE,Service_beiakkdem1vi3j5fejkg,500,0,0.9031401903,0
1537381440,Prod-EcsStagingCluster-EcsCluster-1AAGQRFIOE9AE,Service_beiakkdem1vi3j5fejkg,500,0,0.0370798705,0
1537375080,Prod-EcsStagingCluster-EcsCluster-1AAGQRFIOE9AE,Service_beiakkdem1vi3j5fejkg,500,0,0.0354455935,0
1537394100,Prod-EcsStagingCluster-EcsCluster-1AAGQRFIOE9AE,Service_beiakkdem1vi3j5fejkg,500,0,0.5689348139,0
1537387740,Prod-EcsStagingCluster-EcsCluster-1AAGQRFIOE9AE,Service_beiakkdem1vi3j5fejkg,500,0,0.9255115948,0
1537425960,Prod-EcsStagingCluster-EcsCluster-1AAGQRFIOE9AE,Service_beiakkdem1vi3j5fejkg,500,0,0.0371973850,0
1537377060,Prod-EcsStagingCluster-EcsCluster-1AAGQRFIOE9AE,Service_beiakkdem1vi3j5fejkg,500,0,0.0368203322,0
1537347360,Prod-EcsStagingCluster-EcsCluster-1AAGQRFIOE9AE,Service_beiakkdem1vi3j5fejkg,500,0,0.0381505003,0
1537391880,Prod-EcsStagingCluster-EcsCluster-1AAGQRFIOE9AE,Service_beiakkdem1vi3j5fejkg,500,0,0.0405833319,0
1537398240,Prod-EcsStagingCluster-EcsCluster-1AAGQRFIOE9AE,Service_beiakkdem1vi3j5fejkg,500,0,0.0386777846,0
1537427940,Prod-EcsStagingCluster-EcsCluster-1AAGQRFIOE9AE,Service_beiakkdem1vi3j5fejkg,500,0,0.0366922571,0
1537374840,Prod-EcsStagingCluster-EcsCluster-1AAGQRFIOE9AE,Service_beiakkdem1vi3j5fejkg,500,0,0.0385996189,0
1537381200,Prod-EcsStagingCluster-EcsCluster-1AAGQRFIOE9AE,Service_beiakkdem1vi3j5fejkg,500,0,0.0384854524,0
1537396020,Prod-EcsStagingCluster-EcsCluster-1AAGQRFIOE9AE,Service_beiakkdem1vi3j5fejkg,500,0,0.0386925151,0
1537414080,Prod-EcsStagingCluster-EcsCluster-1AAGQRFIOE9AE,Service_beiakkdem1vi3j5fejkg,500,0,0.0373823110,0
1537362060,Prod-EcsStagingCluster-EcsCluster-1AAGQRFIOE9AE,Service_beiakkdem1vi3j5fejkg,500,0,0.0374667875,0
1537412940,Prod-EcsStagingCluster-EcsCluster-1AAGQRFIOE9AE,Service_beiakkdem1vi3j5fejkg,500,0,0.9375144623,0
1537378980,Prod-EcsStagingCluster-EcsCluster-1AAGQRFIOE9AE,Service_beiakkdem1vi3j5fejkg,500,0,0.0381359141,0
1537380000,Prod-EcsStagingCluster-EcsCluster-1AAGQRFIOE9AE,Service_beiakkdem1vi3j5fejkg,500,0,0.0375247044,0
1537429860,Prod-EcsStagingCluster-EcsCluster-1AAGQRFIOE9AE,Service_beiakkdem1vi3j5fejkg,500,0,0.0346176624,0
1537358760,Prod-EcsStagingCluster-EcsCluster-1AAGQRFIOE9AE,Service_beiakkdem1vi3j5fejkg,500,0,0.0327158637,0
1537430880,Prod-EcsStagingCluster-EcsCluster-1AAGQRFIOE9AE,Service_beiakkdem1vi3j5fejkg,500,0,0.0406671700,0
1537362960,Prod-EcsStagingCluster-EcsCluster-1AAGQRFIOE9AE,Service_beiakkdem1vi3j5fejkg,500,0,0.0366858238,0
1537409640,Prod-EcsStagingCluster-EcsCluster-1AAGQRFIOE9AE,Service_beiakkdem1vi3j5fejkg,500,0,0.8687204967,0
1537378860,Prod-EcsStagingCluster-EcsCluster-1AAGQRFIOE9AE,Service_beiakkdem1vi3j5fejkg,500,0,0.0377662538,0
1537429740,Prod-EcsStagingCluster-EcsCluster-1AAGQRFIOE9AE,Service_beiakkdem1vi3j5fejkg,500,0,0.0320727270,0
1537413840,Prod-EcsStagingCluster-EcsCluster-1AAGQRFIOE9AE,Service_beiakkdem1vi3j5fejkg,500,0,0.0362703889,0
1537395780,Prod-EcsStagingCluster-EcsCluster-1AAGQRFIOE9AE,Service_beiakkdem1vi3j5fejkg,500,0,0.0338240742,0
1537375560,Prod-EcsStagingCluster-EcsCluster-1AAGQRFIOE9AE,Service_beiakkdem1vi3j5fejkg,500,0,1.2715851587,0
1537387260,Prod-EcsStagingCluster-EcsCluster-1AAGQRFIOE9AE,Service_beiakkdem1vi3j5fejkg,500,0,0.0397713294,0
1537426440,Prod-EcsStagingCluster-EcsCluster-1AAGQRFIOE9AE,Service_beiakkdem1vi3j5fejkg,500,0,0.0388214456,0
1537358520,Prod-EcsStagingCluster-EcsCluster-1AAGQRFIOE9AE,Service_beiakkdem1vi3j5fejkg,500,0,0.0348329580,0
1537379760,Prod-EcsStagingCluster-EcsCluster-1AAGQRFIOE9AE,Service_beiakkdem1vi3j5fejkg,500,0,0.0375000932,0
1537430640,Prod-EcsStagingCluster-EcsCluster-1AAGQRFIOE9AE,Service_beiakkdem1vi3j5fejkg,500,0,1.1354990483,0
1537353180,Prod-EcsStagingCluster-EcsCluster-1AAGQRFIOE9AE,Service_beiakkdem1vi3j5fejkg,500,0,0.0344544196,0
1537409400,Prod-EcsStagingCluster-EcsCluster-1AAGQRFIOE9AE,Service_beiakkdem1vi3j5fejkg,500,0,0.0372452459,0
1537404060,Prod-EcsStagingCluster-EcsCluster-1AAGQRFIOE9AE,Service_beiakkdem1vi3j5fejkg,500,0,0.0363127502,0
1537395540,Prod-EcsStagingCluster-EcsCluster-1AAGQRFIOE9AE,Service_beiakkdem1vi3j5fejkg,500,0,0.0330078276,0
1537363680,Prod-EcsStagingCluster-EcsCluster-1AAGQRFIOE9AE,Service_beiakkdem1vi3j5fejkg,500,0,0.0328145557,0
1537414560,Prod-EcsStagingCluster-EcsCluster-1AAGQRFIOE9AE,Service_beiakkdem1vi3j5fejkg,500,0,1.6249624003,0
1537393320,Prod-EcsStagingCluster-EcsCluster-1AAGQRFIOE9AE,Service_beiakkdem1vi3j5fejkg,500,0,0.0400036604,0
1537346640,Prod-EcsStagingCluster-EcsCluster-1AAGQRFIOE9AE,Service_beiakkdem1vi3j5fejkg,500,0,0.0352237699,0
1537397520,Prod-EcsStagingCluster-EcsCluster-1AAGQRFIOE9AE,Service_beiakkdem1vi3j5fejkg,500,0,0.0370081600,0
1537361460,Prod-EcsStagingCluster-EcsCluster-1AAGQRFIOE9AE,Service_beiakkdem1vi3j5fejkg,500,0,0.0366914493,0
1537412340,Prod-EcsStagingCluster-EcsCluster-1AAGQRFIOE9AE,Service_beiakkdem1vi3j5fejkg,500,0,0.0380395507,0
1537378380,Prod-EcsStagingCluster-EcsCluster-1AAGQRFIOE9AE,Service_beiakkdem1vi3j5fejkg,500,0,0.0368845120,0
1537359240,Prod-EcsStagingCluster-EcsCluster-1AAGQRFIOE9AE,Service_beiakkdem1vi3j5fejkg,500,0,0.0376073234,0
1537395300,Prod-EcsStagingCluster-EcsCluster-1AAGQRFIOE9AE,Service_beiakkdem1vi3j5fejkg,500,0,0.0398660511,0
1537429260,Prod-EcsStagingCluster-EcsCluster-1AAGQRFIOE9AE,Service_beiakkdem1vi3j5fejkg,500,0,0.0335428934,0
1537410120,Prod-EcsStagingCluster-EcsCluster-1AAGQRFIOE9AE,Service_beiakkdem1vi3j5fejkg,500,0,0.0373584571,0
1537363440,Prod-EcsStagingCluster-EcsCluster-1AAGQRFIOE9AE,Service_beiakkdem1vi3j5fejkg,500,0,0.0340558399,0
1537393080,Prod-EcsStagingCluster-EcsCluster-1AAGQRFIOE9AE,Service_beiakkdem1vi3j5fejkg,500,0,0.0405570154,0
1537414320,Prod-EcsStagingCluster-EcsCluster-1AAGQRFIOE9AE,Service_beiakkdem1vi3j5fejkg,500,0,0.0368026334,0
1537395180,Prod-EcsStagingCluster-EcsCluster-1AAGQRFIOE9AE,Service_beiakkdem1vi3j5fejkg,500,0,0.0387512282,0
1537361220,Prod-EcsStagingCluster-EcsCluster-1AAGQRFIOE9AE,Service_beiakkdem1vi3j5fejkg,500,0,0.0346862416,0
1537412100,Prod-EcsStagingCluster-EcsCluster-1AAGQRFIOE9AE,Service_beiakkdem1vi3j5fejkg,500,0,1.8610436083,0
1537352700,Prod-EcsStagingCluster-EcsCluster-1AAGQRFIOE9AE,Service_beiakkdem1vi3j5fejkg,500,0,0.8900209989,0
1537403580,Prod-EcsStagingCluster-EcsCluster-1AAGQRFIOE9AE,Service_beiakkdem1vi3j5fejkg,500,0,0.0381818633,0
1537359000,Prod-EcsStagingCluster-EcsCluster-1AAGQRFIOE9AE,Service_beiakkdem1vi3j5fejkg,500,0,0.0391036908,0
1537409880,Prod-EcsStagingCluster-EcsCluster-1AAGQRFIOE9AE,Service_beiakkdem1vi3j5fejkg,500,0,0.0366011213,0
1537363200,Prod-EcsStagingCluster-EcsCluster-1AAGQRFIOE9AE,Service_beiakkdem1vi3j5fejkg,500,0,1.5909529053,0
1537375860,Prod-EcsStagingCluster-EcsCluster-1AAGQRFIOE9AE,Service_beiakkdem1vi3j5fejkg,500,0,0.0386263914,0
1537363140,Prod-EcsStagingCluster-EcsCluster-1AAGQRFIOE9AE,Service_beiakkdem1vi3j5fejkg,500,0,0.0354214107,0
1537414020,Prod-EcsStagingCluster-EcsCluster-1AAGQRFIOE9AE,Service_beiakkdem1vi3j5fejkg,500,0,0.0375954508,0
1537426740,Prod-EcsStagingCluster-EcsCluster-1AAGQRFIOE9AE,Service_beiakkdem1vi3j5fejkg,500,0,0.0358651364,0
1537376760,Prod-EcsStagingCluster-EcsCluster-1AAGQRFIOE9AE,Service_beiakkdem1vi3j5fejkg,500,0,0.0351746674,0
1537383120,Prod-EcsStagingCluster-EcsCluster-1AAGQRFIOE9AE,Service_beiakkdem1vi3j5fejkg,500,0,0.0389894404,0
1537389480,Prod-EcsStagingCluster-EcsCluster-1AAGQRFIOE9AE,Service_beiakkdem1vi3j5fejkg,500,0,0.0328829122,0
1537395840,Prod-EcsStagingCluster-EcsCluster-1AAGQRFIOE9AE,Service_beiakkdem1vi3j5fejkg,500,0,0.0356158062,0
1537427640,Prod-EcsStagingCluster-EcsCluster-1AAGQRFIOE9AE,Service_beiakkdem1vi3j5fejkg,500,0,0.0404462088,0
1537356540,Prod-EcsStagingCluster-EcsCluster-1AAGQRFIOE9AE,Service_beiakkdem1vi3j5fejkg,500,0,0.0385968213,0
1537394700,Prod-EcsStagingCluster-EcsCluster-1AAGQRFIOE9AE,Service_beiakkdem1vi3j5fejkg,500,0,2.2824587699,0
1537349040,Prod-EcsStagingCluster-EcsCluster-1AAGQRFIOE9AE,Service_beiakkdem1vi3j5fejkg,500,0,0.0395773574,0
1537355400,Prod-EcsStagingCluster-EcsCluster-1AAGQRFIOE9AE,Service_beiakkdem1vi3j5fejkg,500,0,0.0366432324,0
1537361760,Prod-EcsStagingCluster-EcsCluster-1AAGQRFIOE9AE,Service_beiakkdem1vi3j5fejkg,500,0,0.0359373062,0
1537407420,Prod-EcsStagingCluster-EcsCluster-1AAGQRFIOE9AE,Service_beiakkdem1vi3j5fejkg,500,0,0.0370042571,0
1537412640,Prod-EcsStagingCluster-EcsCluster-1AAGQRFIOE9AE,Service_beiakkdem1vi3j5fejkg,500,0,0.0405536270,0
1537393560,Prod-EcsStagingCluster-EcsCluster-1AAGQRFIOE9AE,Service_beiakkdem1vi3j5fejkg,500,0,0.0311660914,0
1537399920,Prod-EcsStagingCluster-EcsCluster-1AAGQRFIOE9AE,Service_beiakkdem1vi3j5fejkg,500,0,0.0350071702,0
1537406280,Prod-EcsStagingCluster-EcsCluster-1AAGQRFIOE9AE,Service_beiakkdem1vi3j5fejkg,500,0,0.0340921100,0
1537373340,Prod-EcsStagingCluster-EcsCluster-1AAGQRFIOE9AE,Service_beiakkdem1vi3j5fejkg,500,0,0.9373929830,0
1537360620,Prod-EcsStagingCluster-EcsCluster-1AAGQRFIOE9AE,Service_beiakkdem1vi3j5fejkg,500,0,0.0388391989,0
1537362660,Prod-EcsStagingCluster-EcsCluster-1AAGQRFIOE9AE,Service_beiakkdem1vi3j5fejkg,500,0,0.0378436838,0
1537411500,Prod-EcsStagingCluster-EcsCluster-1AAGQRFIOE9AE,Service_beiakkdem1vi3j5fejkg,500,0,1.4830893477,0
1537424220,Prod-EcsStagingCluster-EcsCluster-1AAGQRFIOE9AE,Service_beiakkdem1vi3j5fejkg,500,0,0.0494902107,0
1537375380,Prod-EcsStagingCluster-EcsCluster-1AAGQRFIOE9AE,Service_beiakkdem1vi3j5fejkg,500,0,0.0349284085,0
1537413540,Prod-EcsStagingCluster-EcsCluster-1AAGQRFIOE9AE,Service_beiakkdem1vi3j5fejkg,500,0,0.0364998889,0
1537360440,Prod-EcsStagingCluster-EcsCluster-1AAGQRFIOE9AE,Service_beiakkdem1vi3j5fejkg,500,0,0.0383694706,0
1537426260,Prod-EcsStagingCluster-EcsCluster-1AAGQRFIOE9AE,Service_beiakkdem1vi3j5fejkg,500,0,0.0364816486,0
1537379520,Prod-EcsStagingCluster-EcsCluster-1AAGQRFIOE9AE,Service_beiakkdem1vi3j5fejkg,500,0,0.0384794616,0
1537366800,Prod-EcsStagingCluster-EcsCluster-1AAGQRFIOE9AE,Service_beiakkdem1vi3j5fejkg,500,0,0.0363795248,0
1537373160,Prod-EcsStagingCluster-EcsCluster-1AAGQRFIOE9AE,Service_beiakkdem1vi3j5fejkg,500,0,0.0336087906,0
1537417680,Prod-EcsStagingCluster-EcsCluster-1AAGQRFIOE9AE,Service_beiakkdem1vi3j5fejkg,500,0,1.2345277668,0
1537411320,Prod-EcsStagingCluster-EcsCluster-1AAGQRFIOE9AE,Service_beiakkdem1vi3j5fejkg,500,0,0.0376697609,0
1537392180,Prod-EcsStagingCluster-EcsCluster-1AAGQRFIOE9AE,Service_beiakkdem1vi3j5fejkg,500,0,0.0398003855,0
1537424040,Prod-EcsStagingCluster-EcsCluster-1AAGQRFIOE9AE,Service_beiakkdem1vi3j5fejkg,500,0,0.0372999327,0
1537430400,Prod-EcsStagingCluster-EcsCluster-1AAGQRFIOE9AE,Service_beiakkdem1vi3j5fejkg,500,0,0.0344781833,0
1537379460,Prod-EcsStagingCluster-EcsCluster-1AAGQRFIOE9AE,Service_beiakkdem1vi3j5fejkg,500,0,0.0391219194,0
1537430340,Prod-EcsStagingCluster-EcsCluster-1AAGQRFIOE9AE,Service_beiakkdem1vi3j5fejkg,500,0,0.0358245516,0
1537345440,Prod-EcsStagingCluster-EcsCluster-1AAGQRFIOE9AE,Service_beiakkdem1vi3j5fejkg,500,0,0.0369821639,0
1537396320,Prod-EcsStagingCluster-EcsCluster-1AAGQRFIOE9AE,Service_beiakkdem1vi3j5fejkg,500,0,0.0371892336,0
1537389960,Prod-EcsStagingCluster-EcsCluster-1AAGQRFIOE9AE,Service_beiakkdem1vi3j5fejkg,500,0,0.0366228117,0
1537377240,Prod-EcsStagingCluster-EcsCluster-1AAGQRFIOE9AE,Service_beiakkdem1vi3j5fejkg,500,0,0.0379695110,0
1537383600,Prod-EcsStagingCluster-EcsCluster-1AAGQRFIOE9AE,Service_beiakkdem1vi3j5fejkg,500,0,1.1968470678,0
1537428120,Prod-EcsStagingCluster-EcsCluster-1AAGQRFIOE9AE,Service_beiakkdem1vi3j5fejkg,500,0,0.0224538442,0
1537360140,Prod-EcsStagingCluster-EcsCluster-1AAGQRFIOE9AE,Service_beiakkdem1vi3j5fejkg,500,0,0.0397597152,0
1537372860,Prod-EcsStagingCluster-EcsCluster-1AAGQRFIOE9AE,Service_beiakkdem1vi3j5fejkg,500,0,0.0395653647,0
1537411020,Prod-EcsStagingCluster-EcsCluster-1AAGQRFIOE9AE,Service_beiakkdem1vi3j5fejkg,500,0,0.0394542291,0
1537423740,Prod-EcsStagingCluster-EcsCluster-1AAGQRFIOE9AE,Service_beiakkdem1vi3j5fejkg,500,0,0.9370908965,0
1537389660,Prod-EcsStagingCluster-EcsCluster-1AAGQRFIOE9AE,Service_beiakkdem1vi3j5fejkg,500,0,0.0343423550,0
1537407720,Prod-EcsStagingCluster-EcsCluster-1AAGQRFIOE9AE,Service_beiakkdem1vi3j5fejkg,500,0,0.0371937718,0
1537376940,Prod-EcsStagingCluster-EcsCluster-1AAGQRFIOE9AE,Service_beiakkdem1vi3j5fejkg,500,0,0.9388744325,0
1537427820,Prod-EcsStagingCluster-EcsCluster-1AAGQRFIOE9AE,Service_beiakkdem1vi3j5fejkg,500,0,0.0522526307,0
1537373640,Prod-EcsStagingCluster-EcsCluster-1AAGQRFIOE9AE,Service_beiakkdem1vi3j5fejkg,500,0,0.0313780640,0
1537360920,Prod-EcsStagingCluster-EcsCluster-1AAGQRFIOE9AE,Service_beiakkdem1vi3j5fejkg,500,0,0.0349252593,0
1537411800,Prod-EcsStagingCluster-EcsCluster-1AAGQRFIOE9AE,Service_beiakkdem1vi3j5fejkg,500,0,0.0381927962,0
1537424520,Prod-EcsStagingCluster-EcsCluster-1AAGQRFIOE9AE,Service_beiakkdem1vi3j5fejkg,500,0,0.0371491229,0
1537380900,Prod-EcsStagingCluster-EcsCluster-1AAGQRFIOE9AE,Service_beiakkdem1vi3j5fejkg,500,0,0.0367429876,0
1537393620,Prod-EcsStagingCluster-EcsCluster-1AAGQRFIOE9AE,Service_beiakkdem1vi3j5fejkg,500,0,0.0316704083,0
1537346820,Prod-EcsStagingCluster-EcsCluster-1AAGQRFIOE9AE,Service_beiakkdem1vi3j5fejkg,500,0,0.0331222819,0
1537359540,Prod-EcsStagingCluster-EcsCluster-1AAGQRFIOE9AE,Service_beiakkdem1vi3j5fejkg,500,0,0.0385427600,0
1537364880,Prod-EcsStagingCluster-EcsCluster-1AAGQRFIOE9AE,Service_beiakkdem1vi3j5fejkg,500,0,0.0355362223,0
1537377600,Prod-EcsStagingCluster-EcsCluster-1AAGQRFIOE9AE,Service_beiakkdem1vi3j5fejkg,500,0,0.0377561866,0
1537415760,Prod-EcsStagingCluster-EcsCluster-1AAGQRFIOE9AE,Service_beiakkdem1vi3j5fejkg,500,0,0.0361926561,0
1537410420,Prod-EcsStagingCluster-EcsCluster-1AAGQRFIOE9AE,Service_beiakkdem1vi3j5fejkg,500,0,0.0414270524,0
1537376460,Prod-EcsStagingCluster-EcsCluster-1AAGQRFIOE9AE,Service_beiakkdem1vi3j5fejkg,500,0,0.0354065799,0
1537397700,Prod-EcsStagingCluster-EcsCluster-1AAGQRFIOE9AE,Service_beiakkdem1vi3j5fejkg,500,0,0.0348177711,0
1537428480,Prod-EcsStagingCluster-EcsCluster-1AAGQRFIOE9AE,Service_beiakkdem1vi3j5fejkg,500,0,0.0373602950,0
1537389180,Prod-EcsStagingCluster-EcsCluster-1AAGQRFIOE9AE,Service_beiakkdem1vi3j5fejkg,500,0,1.7034467566,0
1537427340,Prod-EcsStagingCluster-EcsCluster-1AAGQRFIOE9AE,Service_beiakkdem1vi3j5fejkg,500,0,0.9454486684,0
1537408200,Prod-EcsStagingCluster-EcsCluster-1AAGQRFIOE9AE,Service_beiakkdem1vi3j5fejkg,500,0,0.0363190077,0
1537395480,Prod-EcsStagingCluster-EcsCluster-1AAGQRFIOE9AE,Service_beiakkdem1vi3j5fejkg,500,0,0.0337546029,0
1537355100,Prod-EcsStagingCluster-EcsCluster-1AAGQRFIOE9AE,Service_beiakkdem1vi3j5fejkg,500,0,0.8010163066,0
1537405980,Prod-EcsStagingCluster-EcsCluster-1AAGQRFIOE9AE,Service_beiakkdem1vi3j5fejkg,500,0,0.8275765332,0
1537393260,Prod-EcsStagingCluster-EcsCluster-1AAGQRFIOE9AE,Service_beiakkdem1vi3j5fejkg,500,0,0.0396211105,0
1537361280,Prod-EcsStagingCluster-EcsCluster-1AAGQRFIOE9AE,Service_beiakkdem1vi3j5fejkg,500,0,0.0350605220,0
1537348560,Prod-EcsStagingCluster-EcsCluster-1AAGQRFIOE9AE,Service_beiakkdem1vi3j5fejkg,500,0,0.0357688854,0
1537399440,Prod-EcsStagingCluster-EcsCluster-1AAGQRFIOE9AE,Service_beiakkdem1vi3j5fejkg,500,0,0.0390024018,0
1537412160,Prod-EcsStagingCluster-EcsCluster-1AAGQRFIOE9AE,Service_beiakkdem1vi3j5fejkg,500,0,0.2206832459,0
1537359060,Prod-EcsStagingCluster-EcsCluster-1AAGQRFIOE9AE,Service_beiakkdem1vi3j5fejkg,500,0,0.0364388382,0
1537346340,Prod-EcsStagingCluster-EcsCluster-1AAGQRFIOE9AE,Service_beiakkdem1vi3j5fejkg,500,0,0.9295206609,0
1537397220,Prod-EcsStagingCluster-EcsCluster-1AAGQRFIOE9AE,Service_beiakkdem1vi3j5fejkg,500,0,0.0371148508,0
1537378080,Prod-EcsStagingCluster-EcsCluster-1AAGQRFIOE9AE,Service_beiakkdem1vi3j5fejkg,500,0,0.0384723811,0
1537409940,Prod-EcsStagingCluster-EcsCluster-1AAGQRFIOE9AE,Service_beiakkdem1vi3j5fejkg,500,0,0.0378356304,0
1537365360,Prod-EcsStagingCluster-EcsCluster-1AAGQRFIOE9AE,Service_beiakkdem1vi3j5fejkg,500,0,0.0299038741,0
1537356840,Prod-EcsStagingCluster-EcsCluster-1AAGQRFIOE9AE,Service_beiakkdem1vi3j5fejkg,500,0,0.0365436119,0
1537395000,Prod-EcsStagingCluster-EcsCluster-1AAGQRFIOE9AE,Service_beiakkdem1vi3j5fejkg,500,0,0.0393861692,0
1537428960,Prod-EcsStagingCluster-EcsCluster-1AAGQRFIOE9AE,Service_beiakkdem1vi3j5fejkg,500,0,0.0350785858,0
1537416240,Prod-EcsStagingCluster-EcsCluster-1AAGQRFIOE9AE,Service_beiakkdem1vi3j5fejkg,500,0,0.0387035629,0
1537410720,Prod-EcsStagingCluster-EcsCluster-1AAGQRFIOE9AE,Service_beiakkdem1vi3j5fejkg,500,0,0.0433175758,0
1537401180,Prod-EcsStagingCluster-EcsCluster-1AAGQRFIOE9AE,Service_beiakkdem1vi3j5fejkg,500,0,0.0386154534,0
1537404360,Prod-EcsStagingCluster-EcsCluster-1AAGQRFIOE9AE,Service_beiakkdem1vi3j5fejkg,500,0,0.0350415083,0
1537407540,Prod-EcsStagingCluster-EcsCluster-1AAGQRFIOE9AE,Service_beiakkdem1vi3j5fejkg,500,0,0.9454347149,0
1537368240,Prod-EcsStagingCluster-EcsCluster-1AAGQRFIOE9AE,Service_beiakkdem1vi3j5fejkg,500,0,0.0364020356,0
1537426620,Prod-EcsStagingCluster-EcsCluster-1AAGQRFIOE9AE,Service_beiakkdem1vi3j5fejkg,500,0,0.0379196690,0
1537429800,Prod-EcsStagingCluster-EcsCluster-1AAGQRFIOE9AE,Service_beiakkdem1vi3j5fejkg,500,0,0.0350531020,0
1537358700,Prod-EcsStagingCluster-EcsCluster-1AAGQRFIOE9AE,Service_beiakkdem1vi3j5fejkg,500,0,0.0314615593,0
1537361880,Prod-EcsStagingCluster-EcsCluster-1AAGQRFIOE9AE,Service_beiakkdem1vi3j5fejkg,500,0,0.0330215036,0
1537365060,Prod-EcsStagingCluster-EcsCluster-1AAGQRFIOE9AE,Service_beiakkdem1vi3j5fejkg,500,0,1.4200580386,0
1537393680,Prod-EcsStagingCluster-EcsCluster-1AAGQRFIOE9AE,Service_beiakkdem1vi3j5fejkg,500,0,0.0299593279,0
1537390500,Prod-EcsStagingCluster-EcsCluster-1AAGQRFIOE9AE,Service_beiakkdem1vi3j5fejkg,500,0,0.0404417844,0
1537384140,Prod-EcsStagingCluster-EcsCluster-1AAGQRFIOE9AE,Service_beiakkdem1vi3j5fejkg,500,0,0.9412697060,0
1537387320,Prod-EcsStagingCluster-EcsCluster-1AAGQRFIOE9AE,Service_beiakkdem1vi3j5fejkg,500,0,1.0834341139,0
1537358460,Prod-EcsStagingCluster-EcsCluster-1AAGQRFIOE9AE,Service_beiakkdem1vi3j5fejkg,500,0,0.0349742895,0
1537361640,Prod-EcsStagingCluster-EcsCluster-1AAGQRFIOE9AE,Service_beiakkdem1vi3j5fejkg,500,0,0.0348285731,0
1537364820,Prod-EcsStagingCluster-EcsCluster-1AAGQRFIOE9AE,Service_beiakkdem1vi3j5fejkg,500,0,0.0344088266,0
1537368000,Prod-EcsStagingCluster-EcsCluster-1AAGQRFIOE9AE,Service_beiakkdem1vi3j5fejkg,500,0,0.0333377453,0
1537362600,Prod-EcsStagingCluster-EcsCluster-1AAGQRFIOE9AE,Service_beiakkdem1vi3j5fejkg,500,0,1.1531407045,0
1537368960,Prod-EcsStagingCluster-EcsCluster-1AAGQRFIOE9AE,Service_beiakkdem1vi3j5fejkg,500,0,0.0360635990,0
1537417740,Prod-EcsStagingCluster-EcsCluster-1AAGQRFIOE9AE,Service_beiakkdem1vi3j5fejkg,500,0,0.0348835458,0
1537392300,Prod-EcsStagingCluster-EcsCluster-1AAGQRFIOE9AE,Service_beiakkdem1vi3j5fejkg,500,0,0.0370393360,0
1537398660,Prod-EcsStagingCluster-EcsCluster-1AAGQRFIOE9AE,Service_beiakkdem1vi3j5fejkg,500,0,0.0350630434,0
1537424100,Prod-EcsStagingCluster-EcsCluster-1AAGQRFIOE9AE,Service_beiakkdem1vi3j5fejkg,500,0,0.0362510294,0
1537402800,Prod-EcsStagingCluster-EcsCluster-1AAGQRFIOE9AE,Service_beiakkdem1vi3j5fejkg,500,0,0.0383360726,0
1537396440,Prod-EcsStagingCluster-EcsCluster-1AAGQRFIOE9AE,Service_beiakkdem1vi3j5fejkg,500,0,0.0375317451,0
1537421880,Prod-EcsStagingCluster-EcsCluster-1AAGQRFIOE9AE,Service_beiakkdem1vi3j5fejkg,500,0,0.0382119265,0
1537428240,Prod-EcsStagingCluster-EcsCluster-1AAGQRFIOE9AE,Service_beiakkdem1vi3j5fejkg,500,0,0.0384881103,0
1537372980,Prod-EcsStagingCluster-EcsCluster-1AAGQRFIOE9AE,Service_beiakkdem1vi3j5fejkg,500,0,0.0391744043,0
1537366620,Prod-EcsStagingCluster-EcsCluster-1AAGQRFIOE9AE,Service_beiakkdem1vi3j5fejkg,500,0,0.0500114474,0
1537398420,Prod-EcsStagingCluster-EcsCluster-1AAGQRFIOE9AE,Service_beiakkdem1vi3j5fejkg,500,0,1.3703702009,0
1537392060,Prod-EcsStagingCluster-EcsCluster-1AAGQRFIOE9AE,Service_beiakkdem1vi3j5fejkg,500,0,0.0398733872,0
1537355940,Prod-EcsStagingCluster-EcsCluster-1AAGQRFIOE9AE,Service_beiakkdem1vi3j5fejkg,500,0,0.0372806832,0
1537349580,Prod-EcsStagingCluster-EcsCluster-1AAGQRFIOE9AE,Service_beiakkdem1vi3j5fejkg,500,0,1.9946254633,0
1537370760,Prod-EcsStagingCluster-EcsCluster-1AAGQRFIOE9AE,Service_beiakkdem1vi3j5fejkg,500,0,0.0335807878,0
1537377120,Prod-EcsStagingCluster-EcsCluster-1AAGQRFIOE9AE,Service_beiakkdem1vi3j5fejkg,500,0,0.0396867898,0
1537396200,Prod-EcsStagingCluster-EcsCluster-1AAGQRFIOE9AE,Service_beiakkdem1vi3j5fejkg,500,0,0.0372064681,0
1537402560,Prod-EcsStagingCluster-EcsCluster-1AAGQRFIOE9AE,Service_beiakkdem1vi3j5fejkg,500,0,0.0379564347,0
1537425900,Prod-EcsStagingCluster-EcsCluster-1AAGQRFIOE9AE,Service_beiakkdem1vi3j5fejkg,500,0,0.0368795204,0
1537353720,Prod-EcsStagingCluster-EcsCluster-1AAGQRFIOE9AE,Service_beiakkdem1vi3j5fejkg,500,0,0.0364088064,0
1537360080,Prod-EcsStagingCluster-EcsCluster-1AAGQRFIOE9AE,Service_beiakkdem1vi3j5fejkg,500,0,1.9939809520,0
1537430040,Prod-EcsStagingCluster-EcsCluster-1AAGQRFIOE9AE,Service_beiakkdem1vi3j5fejkg,500,0,0.0375288361,0
1537409760,Prod-EcsStagingCluster-EcsCluster-1AAGQRFIOE9AE,Service_beiakkdem1vi3j5fejkg,500,0,0.0377543449,0
1537400220,Prod-EcsStagingCluster-EcsCluster-1AAGQRFIOE9AE,Service_beiakkdem1vi3j5fejkg,500,0,0.0340095687,0
1537431000,Prod-EcsStagingCluster-EcsCluster-1AAGQRFIOE9AE,Service_beiakkdem1vi3j5fejkg,500,0,0.0415241179,0
1537367280,Prod-EcsStagingCluster-EcsCluster-1AAGQRFIOE9AE,Service_beiakkdem1vi3j5fejkg,500,0,0.0345567458,0
1537425660,Prod-EcsStagingCluster-EcsCluster-1AAGQRFIOE9AE,Service_beiakkdem1vi3j5fejkg,500,0,0.0325811914,0
1537357740,Prod-EcsStagingCluster-EcsCluster-1AAGQRFIOE9AE,Service_beiakkdem1vi3j5fejkg,500,0,0.0396866968,0
1537392720,Prod-EcsStagingCluster-EcsCluster-1AAGQRFIOE9AE,Service_beiakkdem1vi3j5fejkg,500,0,0.0359736046,0
1537383180,Prod-EcsStagingCluster-EcsCluster-1AAGQRFIOE9AE,Service_beiakkdem1vi3j5fejkg,500,0,0.0373560619,0
1537408500,Prod-EcsStagingCluster-EcsCluster-1AAGQRFIOE9AE,Service_beiakkdem1vi3j5fejkg,500,0,0.0363091510,0
1537405320,Prod-EcsStagingCluster-EcsCluster-1AAGQRFIOE9AE,Service_beiakkdem1vi3j5fejkg,500,0,0.6804490306,0
1537366020,Prod-EcsStagingCluster-EcsCluster-1AAGQRFIOE9AE,Service_beiakkdem1vi3j5fejkg,500,0,0.0400261471,0
1537430760,Prod-EcsStagingCluster-EcsCluster-1AAGQRFIOE9AE,Service_beiakkdem1vi3j5fejkg,500,0,0.0402059713,0
1537362840,Prod-EcsStagingCluster-EcsCluster-1AAGQRFIOE9AE,Service_beiakkdem1vi3j5fejkg,500,0,0.0368706516,0
1537357500,Prod-EcsStagingCluster-EcsCluster-1AAGQRFIOE9AE,Service_beiakkdem1vi3j5fejkg,500,0,0.0344383632,0
1537367040,Prod-EcsStagingCluster-EcsCluster-1AAGQRFIOE9AE,Service_beiakkdem1vi3j5fejkg,500,0,0.0340052248,0
1537391460,Prod-EcsStagingCluster-EcsCluster-1AAGQRFIOE9AE,Service_beiakkdem1vi3j5fejkg,500,0,0.0375380688,0
1537388280,Prod-EcsStagingCluster-EcsCluster-1AAGQRFIOE9AE,Service_beiakkdem1vi3j5fejkg,500,0,0.0345461757,0
1537391340,Prod-EcsStagingCluster-EcsCluster-1AAGQRFIOE9AE,Service_beiakkdem1vi3j5fejkg,500,0,0.9433494465,0
1537416780,Prod-EcsStagingCluster-EcsCluster-1AAGQRFIOE9AE,Service_beiakkdem1vi3j5fejkg,500,0,0.0364657092,0
1537400880,Prod-EcsStagingCluster-EcsCluster-1AAGQRFIOE9AE,Service_beiakkdem1vi3j5fejkg,500,0,0.8904653072,0
1537426320,Prod-EcsStagingCluster-EcsCluster-1AAGQRFIOE9AE,Service_beiakkdem1vi3j5fejkg,500,0,1.5640310007,0
1537365780,Prod-EcsStagingCluster-EcsCluster-1AAGQRFIOE9AE,Service_beiakkdem1vi3j5fejkg,500,0,0.0417585890,0
1537401840,Prod-EcsStagingCluster-EcsCluster-1AAGQRFIOE9AE,Service_beiakkdem1vi3j5fejkg,500,0,0.0369803696,0
1537427280,Prod-EcsStagingCluster-EcsCluster-1AAGQRFIOE9AE,Service_beiakkdem1vi3j5fejkg,500,0,0.0374863553,0
1537363560,Prod-EcsStagingCluster-EcsCluster-1AAGQRFIOE9AE,Service_beiakkdem1vi3j5fejkg,500,0,0.0327190734,0
1537399620,Prod-EcsStagingCluster-EcsCluster-1AAGQRFIOE9AE,Service_beiakkdem1vi3j5fejkg,500,0,0.8379897573,0
1537365660,Prod-EcsStagingCluster-EcsCluster-1AAGQRFIOE9AE,Service_beiakkdem1vi3j5fejkg,500,0,0.4938009790,0
1537391100,Prod-EcsStagingCluster-EcsCluster-1AAGQRFIOE9AE,Service_beiakkdem1vi3j5fejkg,500,0,0.0364689801,0
1537425060,Prod-EcsStagingCluster-EcsCluster-1AAGQRFIOE9AE,Service_beiakkdem1vi3j5fejkg,500,0,1.5767179974,0
1537348620,Prod-EcsStagingCluster-EcsCluster-1AAGQRFIOE9AE,Service_beiakkdem1vi3j5fejkg,500,0,0.0508547517,0
1537376160,Prod-EcsStagingCluster-EcsCluster-1AAGQRFIOE9AE,Service_beiakkdem1vi3j5fejkg,500,0,1.4940436650,0
1537397400,Prod-EcsStagingCluster-EcsCluster-1AAGQRFIOE9AE,Service_beiakkdem1vi3j5fejkg,500,0,0.0359978242,0
1537401600,Prod-EcsStagingCluster-EcsCluster-1AAGQRFIOE9AE,Service_beiakkdem1vi3j5fejkg,500,0,0.6991446145,0
1537424940,Prod-EcsStagingCluster-EcsCluster-1AAGQRFIOE9AE,Service_beiakkdem1vi3j5fejkg,500,0,0.0333475653,0
1537422840,Prod-EcsStagingCluster-EcsCluster-1AAGQRFIOE9AE,Service_beiakkdem1vi3j5fejkg,500,0,0.0390466603,0
1537359120,Prod-EcsStagingCluster-EcsCluster-1AAGQRFIOE9AE,Service_beiakkdem1vi3j5fejkg,500,0,0.0370831078,0
1537373940,Prod-EcsStagingCluster-EcsCluster-1AAGQRFIOE9AE,Service_beiakkdem1vi3j5fejkg,500,0,0.0357306296,0
1537399380,Prod-EcsStagingCluster-EcsCluster-1AAGQRFIOE9AE,Service_beiakkdem1vi3j5fejkg,500,0,0.0381611377,0
1537356900,Prod-EcsStagingCluster-EcsCluster-1AAGQRFIOE9AE,Service_beiakkdem1vi3j5fejkg,500,0,0.0374238503,0
1537371720,Prod-EcsStagingCluster-EcsCluster-1AAGQRFIOE9AE,Service_beiakkdem1vi3j5fejkg,500,0,0.0385417893,0
1537397160,Prod-EcsStagingCluster-EcsCluster-1AAGQRFIOE9AE,Service_beiakkdem1vi3j5fejkg,500,0,1.1510142184,0
1537354680,Prod-EcsStagingCluster-EcsCluster-1AAGQRFIOE9AE,Service_beiakkdem1vi3j5fejkg,500,0,0.0393069033,0
1537399260,Prod-EcsStagingCluster-EcsCluster-1AAGQRFIOE9AE,Service_beiakkdem1vi3j5fejkg,500,0,0.0383115271,0
1537369500,Prod-EcsStagingCluster-EcsCluster-1AAGQRFIOE9AE,Service_beiakkdem1vi3j5fejkg,500,0,0.0336876378,0
1537427880,Prod-EcsStagingCluster-EcsCluster-1AAGQRFIOE9AE,Service_beiakkdem1vi3j5fejkg,500,0,0.0370327449,0
1537431060,Prod-EcsStagingCluster-EcsCluster-1AAGQRFIOE9AE,Service_beiakkdem1vi3j5fejkg,500,0,0.0407944294,0
1537356780,Prod-EcsStagingCluster-EcsCluster-1AAGQRFIOE9AE,Service_beiakkdem1vi3j5fejkg,500,0,0.0363542565,0
1537394940,Prod-EcsStagingCluster-EcsCluster-1AAGQRFIOE9AE,Service_beiakkdem1vi3j5fejkg,500,0,0.5022759191,0
1537382220,Prod-EcsStagingCluster-EcsCluster-1AAGQRFIOE9AE,Service_beiakkdem1vi3j5fejkg,500,0,0.0347119741,0
1537355640,Prod-EcsStagingCluster-EcsCluster-1AAGQRFIOE9AE,Service_beiakkdem1vi3j5fejkg,500,0,0.0366425802,0
1537358820,Prod-EcsStagingCluster-EcsCluster-1AAGQRFIOE9AE,Service_beiakkdem1vi3j5fejkg,500,0,0.0328198133,0
1537362000,Prod-EcsStagingCluster-EcsCluster-1AAGQRFIOE9AE,Service_beiakkdem1vi3j5fejkg,500,0,0.0362474879,0
1537359720,Prod-EcsStagingCluster-EcsCluster-1AAGQRFIOE9AE,Service_beiakkdem1vi3j5fejkg,500,0,0.0363288267,0
1537362900,Prod-EcsStagingCluster-EcsCluster-1AAGQRFIOE9AE,Service_beiakkdem1vi3j5fejkg,500,0,0.0371401788,0
1537366080,Prod-EcsStagingCluster-EcsCluster-1AAGQRFIOE9AE,Service_beiakkdem1vi3j5fejkg,500,0,0.0387907874,0
1537390380,Prod-EcsStagingCluster-EcsCluster-1AAGQRFIOE9AE,Service_beiakkdem1vi3j5fejkg,500,0,1.9795202540,0
1537415820,Prod-EcsStagingCluster-EcsCluster-1AAGQRFIOE9AE,Service_beiakkdem1vi3j5fejkg,500,0,1.3603199765,0
1537403100,Prod-EcsStagingCluster-EcsCluster-1AAGQRFIOE9AE,Service_beiakkdem1vi3j5fejkg,500,0,0.0380346324,0
1537366980,Prod-EcsStagingCluster-EcsCluster-1AAGQRFIOE9AE,Service_beiakkdem1vi3j5fejkg,500,0,0.0358294633,0
1537370160,Prod-EcsStagingCluster-EcsCluster-1AAGQRFIOE9AE,Service_beiakkdem1vi3j5fejkg,500,0,0.0362957694,0
1537428540,Prod-EcsStagingCluster-EcsCluster-1AAGQRFIOE9AE,Service_beiakkdem1vi3j5fejkg,500,0,0.0377759887,0
1537363800,Prod-EcsStagingCluster-EcsCluster-1AAGQRFIOE9AE,Service_beiakkdem1vi3j5fejkg,500,0,0.9288081273,0
1537392420,Prod-EcsStagingCluster-EcsCluster-1AAGQRFIOE9AE,Service_beiakkdem1vi3j5fejkg,500,0,0.0367976956,0
1537395600,Prod-EcsStagingCluster-EcsCluster-1AAGQRFIOE9AE,Service_beiakkdem1vi3j5fejkg,500,0,0.0355562976,0
1537389240,Prod-EcsStagingCluster-EcsCluster-1AAGQRFIOE9AE,Service_beiakkdem1vi3j5fejkg,500,0,0.0335257094,0
1537396560,Prod-EcsStagingCluster-EcsCluster-1AAGQRFIOE9AE,Service_beiakkdem1vi3j5fejkg,500,0,1.2301123899,0
1537390200,Prod-EcsStagingCluster-EcsCluster-1AAGQRFIOE9AE,Service_beiakkdem1vi3j5fejkg,500,0,0.0410882784,0
1537371060,Prod-EcsStagingCluster-EcsCluster-1AAGQRFIOE9AE,Service_beiakkdem1vi3j5fejkg,500,0,0.0321704817,0
1537396500,Prod-EcsStagingCluster-EcsCluster-1AAGQRFIOE9AE,Service_beiakkdem1vi3j5fejkg,500,0,0.0349975278,0
1537360380,Prod-EcsStagingCluster-EcsCluster-1AAGQRFIOE9AE,Service_beiakkdem1vi3j5fejkg,500,0,0.0399550493,0
1537347660,Prod-EcsStagingCluster-EcsCluster-1AAGQRFIOE9AE,Service_beiakkdem1vi3j5fejkg,500,0,0.0366219640,0
1537375200,Prod-EcsStagingCluster-EcsCluster-1AAGQRFIOE9AE,Service_beiakkdem1vi3j5fejkg,500,0,0.0355955789,0
1537368840,Prod-EcsStagingCluster-EcsCluster-1AAGQRFIOE9AE,Service_beiakkdem1vi3j5fejkg,500,0,0.0375435893,0
1537400640,Prod-EcsStagingCluster-EcsCluster-1AAGQRFIOE9AE,Service_beiakkdem1vi3j5fejkg,500,0,0.0400873672,0
1537423980,Prod-EcsStagingCluster-EcsCluster-1AAGQRFIOE9AE,Service_beiakkdem1vi3j5fejkg,500,0,0.0352359100,0
1537394280,Prod-EcsStagingCluster-EcsCluster-1AAGQRFIOE9AE,Service_beiakkdem1vi3j5fejkg,500,0,0.0350320695,0
1537400580,Prod-EcsStagingCluster-EcsCluster-1AAGQRFIOE9AE,Service_beiakkdem1vi3j5fejkg,500,0,0.0407693130,0
1537426020,Prod-EcsStagingCluster-EcsCluster-1AAGQRFIOE9AE,Service_beiakkdem1vi3j5fejkg,500,0,0.0371861046,0
1537404720,Prod-EcsStagingCluster-EcsCluster-1AAGQRFIOE9AE,Service_beiakkdem1vi3j5fejkg,500,0,3.8417846216,0
1537398360,Prod-EcsStagingCluster-EcsCluster-1AAGQRFIOE9AE,Service_beiakkdem1vi3j5fejkg,500,0,0.0397696068,0
1537423800,Prod-EcsStagingCluster-EcsCluster-1AAGQRFIOE9AE,Service_beiakkdem1vi3j5fejkg,500,0,0.0338842602,0
1537430160,Prod-EcsStagingCluster-EcsCluster-1AAGQRFIOE9AE,Service_beiakkdem1vi3j5fejkg,500,0,0.0368628371,0
1537404660,Prod-EcsStagingCluster-EcsCluster-1AAGQRFIOE9AE,Service_beiakkdem1vi3j5fejkg,500,0,0.0335494663,0
1537430100,Prod-EcsStagingCluster-EcsCluster-1AAGQRFIOE9AE,Service_beiakkdem1vi3j5fejkg,500,0,0.0373818472,0
1537355820,Prod-EcsStagingCluster-EcsCluster-1AAGQRFIOE9AE,Service_beiakkdem1vi3j5fejkg,500,0,0.0538782145,0
1537368540,Prod-EcsStagingCluster-EcsCluster-1AAGQRFIOE9AE,Service_beiakkdem1vi3j5fejkg,500,0,0.0357231574,0
1537393980,Prod-EcsStagingCluster-EcsCluster-1AAGQRFIOE9AE,Service_beiakkdem1vi3j5fejkg,500,0,0.0325261387,0
1537381260,Prod-EcsStagingCluster-EcsCluster-1AAGQRFIOE9AE,Service_beiakkdem1vi3j5fejkg,500,0,0.0366697528,0
1537357860,Prod-EcsStagingCluster-EcsCluster-1AAGQRFIOE9AE,Service_beiakkdem1vi3j5fejkg,500,0,0.0417172274,0
1537408800,Prod-EcsStagingCluster-EcsCluster-1AAGQRFIOE9AE,Service_beiakkdem1vi3j5fejkg,500,0,0.0369896535,0
1537402440,Prod-EcsStagingCluster-EcsCluster-1AAGQRFIOE9AE,Service_beiakkdem1vi3j5fejkg,500,0,0.0377004608,0
1537403400,Prod-EcsStagingCluster-EcsCluster-1AAGQRFIOE9AE,Service_beiakkdem1vi3j5fejkg,500,0,0.0374449383,0
1537406580,Prod-EcsStagingCluster-EcsCluster-1AAGQRFIOE9AE,Service_beiakkdem1vi3j5fejkg,500,0,0.9700996169,0
1537428840,Prod-EcsStagingCluster-EcsCluster-1AAGQRFIOE9AE,Service_beiakkdem1vi3j5fejkg,500,0,0.0358919594,0
1537365120,Prod-EcsStagingCluster-EcsCluster-1AAGQRFIOE9AE,Service_beiakkdem1vi3j5fejkg,500,0,0.0345215592,0
1537356600,Prod-EcsStagingCluster-EcsCluster-1AAGQRFIOE9AE,Service_beiakkdem1vi3j5fejkg,500,0,0.0378757167,0
1537359780,Prod-EcsStagingCluster-EcsCluster-1AAGQRFIOE9AE,Service_beiakkdem1vi3j5fejkg,500,0,0.0373475136,0
1537389420,Prod-EcsStagingCluster-EcsCluster-1AAGQRFIOE9AE,Service_beiakkdem1vi3j5fejkg,500,0,0.0316264055,0
1537414860,Prod-EcsStagingCluster-EcsCluster-1AAGQRFIOE9AE,Service_beiakkdem1vi3j5fejkg,500,0,0.0351495642,0
1537402140,Prod-EcsStagingCluster-EcsCluster-1AAGQRFIOE9AE,Service_beiakkdem1vi3j5fejkg,500,0,0.0358814513,0
1537369200,Prod-EcsStagingCluster-EcsCluster-1AAGQRFIOE9AE,Service_beiakkdem1vi3j5fejkg,500,0,0.0341954805,0
1537427580,Prod-EcsStagingCluster-EcsCluster-1AAGQRFIOE9AE,Service_beiakkdem1vi3j5fejkg,500,0,0.0419230196,0
1537394640,Prod-EcsStagingCluster-EcsCluster-1AAGQRFIOE9AE,Service_beiakkdem1vi3j5fejkg,500,0,0.0348142595,0
1537360680,Prod-EcsStagingCluster-EcsCluster-1AAGQRFIOE9AE,Service_beiakkdem1vi3j5fejkg,500,0,0.1745954722,0
1537363860,Prod-EcsStagingCluster-EcsCluster-1AAGQRFIOE9AE,Service_beiakkdem1vi3j5fejkg,500,0,0.0378449429,0
1537373280,Prod-EcsStagingCluster-EcsCluster-1AAGQRFIOE9AE,Service_beiakkdem1vi3j5fejkg,500,0,0.0318569586,0
1537398720,Prod-EcsStagingCluster-EcsCluster-1AAGQRFIOE9AE,Service_beiakkdem1vi3j5fejkg,500,0,0.0368691486,0
1537367940,Prod-EcsStagingCluster-EcsCluster-1AAGQRFIOE9AE,Service_beiakkdem1vi3j5fejkg,500,0,0.9297737197,0
1537364760,Prod-EcsStagingCluster-EcsCluster-1AAGQRFIOE9AE,Service_beiakkdem1vi3j5fejkg,500,0,0.0345089812,0
1537393380,Prod-EcsStagingCluster-EcsCluster-1AAGQRFIOE9AE,Service_beiakkdem1vi3j5fejkg,500,0,0.0395510904,0
1537359420,Prod-EcsStagingCluster-EcsCluster-1AAGQRFIOE9AE,Service_beiakkdem1vi3j5fejkg,500,0,0.0510339061,0
1537346700,Prod-EcsStagingCluster-EcsCluster-1AAGQRFIOE9AE,Service_beiakkdem1vi3j5fejkg,500,0,0.0341308432,0
1537374240,Prod-EcsStagingCluster-EcsCluster-1AAGQRFIOE9AE,Service_beiakkdem1vi3j5fejkg,500,0,0.0351827789,0
1537399680,Prod-EcsStagingCluster-EcsCluster-1AAGQRFIOE9AE,Service_beiakkdem1vi3j5fejkg,500,0,0.0379267946,0
1537423020,Prod-EcsStagingCluster-EcsCluster-1AAGQRFIOE9AE,Service_beiakkdem1vi3j5fejkg,500,0,0.0413591506,0
1537365720,Prod-EcsStagingCluster-EcsCluster-1AAGQRFIOE9AE,Service_beiakkdem1vi3j5fejkg,500,0,0.0413965537,0
1537391160,Prod-EcsStagingCluster-EcsCluster-1AAGQRFIOE9AE,Service_beiakkdem1vi3j5fejkg,500,0,0.0348801628,2
1537372020,Prod-EcsStagingCluster-EcsCluster-1AAGQRFIOE9AE,Service_beiakkdem1vi3j5fejkg,500,0,0.0367881155,0
1537397460,Prod-EcsStagingCluster-EcsCluster-1AAGQRFIOE9AE,Service_beiakkdem1vi3j5fejkg,500,0,0.0355666251,0
1537369800,Prod-EcsStagingCluster-EcsCluster-1AAGQRFIOE9AE,Service_beiakkdem1vi3j5fejkg,500,0,0.0349401945,0
1537403760,Prod-EcsStagingCluster-EcsCluster-1AAGQRFIOE9AE,Service_beiakkdem1vi3j5fejkg,500,0,0.0371429639,0
1537395240,Prod-EcsStagingCluster-EcsCluster-1AAGQRFIOE9AE,Service_beiakkdem1vi3j5fejkg,500,0,0.0392621076,0
1537429200,Prod-EcsStagingCluster-EcsCluster-1AAGQRFIOE9AE,Service_beiakkdem1vi3j5fejkg,500,0,0.0343966547,0
1537380300,Prod-EcsStagingCluster-EcsCluster-1AAGQRFIOE9AE,Service_beiakkdem1vi3j5fejkg,500,0,0.0388343349,0
1537401540,Prod-EcsStagingCluster-EcsCluster-1AAGQRFIOE9AE,Service_beiakkdem1vi3j5fejkg,500,0,0.0375786893,0
1537354860,Prod-EcsStagingCluster-EcsCluster-1AAGQRFIOE9AE,Service_beiakkdem1vi3j5fejkg,500,0,0.0388447369,0
1537367580,Prod-EcsStagingCluster-EcsCluster-1AAGQRFIOE9AE,Service_beiakkdem1vi3j5fejkg,500,0,0.0363113137,0
1537393020,Prod-EcsStagingCluster-EcsCluster-1AAGQRFIOE9AE,Service_beiakkdem1vi3j5fejkg,500,0,0.0409375673,0
1537426980,Prod-EcsStagingCluster-EcsCluster-1AAGQRFIOE9AE,Service_beiakkdem1vi3j5fejkg,500,0,0.0395494938,0
1537407840,Prod-EcsStagingCluster-EcsCluster-1AAGQRFIOE9AE,Service_beiakkdem1vi3j5fejkg,500,0,0.0376159047,0
1537399320,Prod-EcsStagingCluster-EcsCluster-1AAGQRFIOE9AE,Service_beiakkdem1vi3j5fejkg,500,0,0.0385934840,0
1537424760,Prod-EcsStagingCluster-EcsCluster-1AAGQRFIOE9AE,Service_beiakkdem1vi3j5fejkg,500,0,0.0326738516,0
1537361040,Prod-EcsStagingCluster-EcsCluster-1AAGQRFIOE9AE,Service_beiakkdem1vi3j5fejkg,500,0,0.0353806928,0
1537405620,Prod-EcsStagingCluster-EcsCluster-1AAGQRFIOE9AE,Service_beiakkdem1vi3j5fejkg,500,0,0.0349323354,0
1537406640,Prod-EcsStagingCluster-EcsCluster-1AAGQRFIOE9AE,Service_beiakkdem1vi3j5fejkg,500,0,0.0415728036,0
1537400280,Prod-EcsStagingCluster-EcsCluster-1AAGQRFIOE9AE,Service_beiakkdem1vi3j5fejkg,500,0,1.5551120248,0
1537403460,Prod-EcsStagingCluster-EcsCluster-1AAGQRFIOE9AE,Service_beiakkdem1vi3j5fejkg,500,0,1.4665827497,0
1537422540,Prod-EcsStagingCluster-EcsCluster-1AAGQRFIOE9AE,Service_beiakkdem1vi3j5fejkg,500,0,0.0367113734,0
1537430940,Prod-EcsStagingCluster-EcsCluster-1AAGQRFIOE9AE,Service_beiakkdem1vi3j5fejkg,500,0,1.0020446987,0
1537388460,Prod-EcsStagingCluster-EcsCluster-1AAGQRFIOE9AE,Service_beiakkdem1vi3j5fejkg,500,0,0.0349603585,0
1537417080,Prod-EcsStagingCluster-EcsCluster-1AAGQRFIOE9AE,Service_beiakkdem1vi3j5fejkg,500,0,0.2264195594,0
1537420260,Prod-EcsStagingCluster-EcsCluster-1AAGQRFIOE9AE,Service_beiakkdem1vi3j5fejkg,500,0,0.0425452230,0
1537423440,Prod-EcsStagingCluster-EcsCluster-1AAGQRFIOE9AE,Service_beiakkdem1vi3j5fejkg,500,0,0.0351582994,0
1537396860,Prod-EcsStagingCluster-EcsCluster-1AAGQRFIOE9AE,Service_beiakkdem1vi3j5fejkg,500,0,0.0365369562,0
1537400040,Prod-EcsStagingCluster-EcsCluster-1AAGQRFIOE9AE,Service_beiakkdem1vi3j5fejkg,500,0,0.0354209290,0
1537403220,Prod-EcsStagingCluster-EcsCluster-1AAGQRFIOE9AE,Service_beiakkdem1vi3j5fejkg,500,0,0.0377938408,0
1537406400,Prod-EcsStagingCluster-EcsCluster-1AAGQRFIOE9AE,Service_beiakkdem1vi3j5fejkg,500,0,0.0339648785,0
1537354380,Prod-EcsStagingCluster-EcsCluster-1AAGQRFIOE9AE,Service_beiakkdem1vi3j5fejkg,500,0,0.0390730674,0
1537372320,Prod-EcsStagingCluster-EcsCluster-1AAGQRFIOE9AE,Service_beiakkdem1vi3j5fejkg,500,0,0.0363239486,0
1537362780,Prod-EcsStagingCluster-EcsCluster-1AAGQRFIOE9AE,Service_beiakkdem1vi3j5fejkg,500,0,0.0368999738,0
1537365960,Prod-EcsStagingCluster-EcsCluster-1AAGQRFIOE9AE,Service_beiakkdem1vi3j5fejkg,500,0,0.0409213319,0
1537369140,Prod-EcsStagingCluster-EcsCluster-1AAGQRFIOE9AE,Service_beiakkdem1vi3j5fejkg,500,0,0.0336456945,0
1537355280,Prod-EcsStagingCluster-EcsCluster-1AAGQRFIOE9AE,Service_beiakkdem1vi3j5fejkg,500,0,0.0371949976,0
1537348920,Prod-EcsStagingCluster-EcsCluster-1AAGQRFIOE9AE,Service_beiakkdem1vi3j5fejkg,500,0,0.0365497515,0
1537352100,Prod-EcsStagingCluster-EcsCluster-1AAGQRFIOE9AE,Service_beiakkdem1vi3j5fejkg,500,0,0.0375779992,0
1537422060,Prod-EcsStagingCluster-EcsCluster-1AAGQRFIOE9AE,Service_beiakkdem1vi3j5fejkg,500,0,0.0390525247,0
1537356240,Prod-EcsStagingCluster-EcsCluster-1AAGQRFIOE9AE,Service_beiakkdem1vi3j5fejkg,500,0,0.0390908383,0
1537349880,Prod-EcsStagingCluster-EcsCluster-1AAGQRFIOE9AE,Service_beiakkdem1vi3j5fejkg,500,0,0.0343780911,0
1537368900,Prod-EcsStagingCluster-EcsCluster-1AAGQRFIOE9AE,Service_beiakkdem1vi3j5fejkg,500,0,0.0362936924,0
1537430460,Prod-EcsStagingCluster-EcsCluster-1AAGQRFIOE9AE,Service_beiakkdem1vi3j5fejkg,500,0,0.0351045910,0
1537387980,Prod-EcsStagingCluster-EcsCluster-1AAGQRFIOE9AE,Service_beiakkdem1vi3j5fejkg,500,0,0.0344902066,0
1537396380,Prod-EcsStagingCluster-EcsCluster-1AAGQRFIOE9AE,Service_beiakkdem1vi3j5fejkg,500,0,0.0370372453,0
1537366680,Prod-EcsStagingCluster-EcsCluster-1AAGQRFIOE9AE,Service_beiakkdem1vi3j5fejkg,500,0,0.0363949412,0
1537373040,Prod-EcsStagingCluster-EcsCluster-1AAGQRFIOE9AE,Service_beiakkdem1vi3j5fejkg,500,0,0.0376459394,0
1537353900,Prod-EcsStagingCluster-EcsCluster-1AAGQRFIOE9AE,Service_beiakkdem1vi3j5fejkg,500,0,0.0383203789,0
1537402740,Prod-EcsStagingCluster-EcsCluster-1AAGQRFIOE9AE,Service_beiakkdem1vi3j5fejkg,500,0,0.0365190502,0
1537385700,Prod-EcsStagingCluster-EcsCluster-1AAGQRFIOE9AE,Service_beiakkdem1vi3j5fejkg,500,0,0.0376634069,0
1537362300,Prod-EcsStagingCluster-EcsCluster-1AAGQRFIOE9AE,Service_beiakkdem1vi3j5fejkg,500,0,0.0333776298,0
1537400520,Prod-EcsStagingCluster-EcsCluster-1AAGQRFIOE9AE,Service_beiakkdem1vi3j5fejkg,500,0,0.0410556561,0
1537406880,Prod-EcsStagingCluster-EcsCluster-1AAGQRFIOE9AE,Service_beiakkdem1vi3j5fejkg,500,0,0.0397509918,0
1537368660,Prod-EcsStagingCluster-EcsCluster-1AAGQRFIOE9AE,Service_beiakkdem1vi3j5fejkg,500,0,0.0354594475,0
1537389840,Prod-EcsStagingCluster-EcsCluster-1AAGQRFIOE9AE,Service_beiakkdem1vi3j5fejkg,500,0,0.0364813916,0
1537383480,Prod-EcsStagingCluster-EcsCluster-1AAGQRFIOE9AE,Service_beiakkdem1vi3j5fejkg,500,0,0.0369968339,0
1537366440,Prod-EcsStagingCluster-EcsCluster-1AAGQRFIOE9AE,Service_beiakkdem1vi3j5fejkg,500,0,0.0373643757,0
1537402500,Prod-EcsStagingCluster-EcsCluster-1AAGQRFIOE9AE,Service_beiakkdem1vi3j5fejkg,500,0,0.0377706555,0
1537372800,Prod-EcsStagingCluster-EcsCluster-1AAGQRFIOE9AE,Service_beiakkdem1vi3j5fejkg,500,0,0.0397815829,0
1537421580,Prod-EcsStagingCluster-EcsCluster-1AAGQRFIOE9AE,Service_beiakkdem1vi3j5fejkg,500,0,0.0378121221,0
1537429980,Prod-EcsStagingCluster-EcsCluster-1AAGQRFIOE9AE,Service_beiakkdem1vi3j5fejkg,500,0,1.5878507638,0
1537367400,Prod-EcsStagingCluster-EcsCluster-1AAGQRFIOE9AE,Service_beiakkdem1vi3j5fejkg,500,0,0.0354889797,0
1537370580,Prod-EcsStagingCluster-EcsCluster-1AAGQRFIOE9AE,Service_beiakkdem1vi3j5fejkg,500,0,0.0320851549,0
1537387500,Prod-EcsStagingCluster-EcsCluster-1AAGQRFIOE9AE,Service_beiakkdem1vi3j5fejkg,500,0,0.0369924243,0
1537404420,Prod-EcsStagingCluster-EcsCluster-1AAGQRFIOE9AE,Service_beiakkdem1vi3j5fejkg,500,0,0.0362485170,0
1537401240,Prod-EcsStagingCluster-EcsCluster-1AAGQRFIOE9AE,Service_beiakkdem1vi3j5fejkg,500,0,0.0384101963,0
1537422480,Prod-EcsStagingCluster-EcsCluster-1AAGQRFIOE9AE,Service_beiakkdem1vi3j5fejkg,500,0,0.0366458151,0
1537395900,Prod-EcsStagingCluster-EcsCluster-1AAGQRFIOE9AE,Service_beiakkdem1vi3j5fejkg,500,0,0.0338776616,0
1537405440,Prod-EcsStagingCluster-EcsCluster-1AAGQRFIOE9AE,Service_beiakkdem1vi3j5fejkg,500,0,0.0346872390,0
1537353420,Prod-EcsStagingCluster-EcsCluster-1AAGQRFIOE9AE,Service_beiakkdem1vi3j5fejkg,500,0,0.0369996425,0
1537418040,Prod-EcsStagingCluster-EcsCluster-1AAGQRFIOE9AE,Service_beiakkdem1vi3j5fejkg,500,0,0.0343699660,0
1537371360,Prod-EcsStagingCluster-EcsCluster-1AAGQRFIOE9AE,Service_beiakkdem1vi3j5fejkg,500,0,0.0372751976,0
1537361820,Prod-EcsStagingCluster-EcsCluster-1AAGQRFIOE9AE,Service_beiakkdem1vi3j5fejkg,500,0,0.0345797646,0
1537421220,Prod-EcsStagingCluster-EcsCluster-1AAGQRFIOE9AE,Service_beiakkdem1vi3j5fejkg,500,0,0.0367539981,0
1537401000,Prod-EcsStagingCluster-EcsCluster-1AAGQRFIOE9AE,Service_beiakkdem1vi3j5fejkg,500,0,0.0397207517,0
1537404180,Prod-EcsStagingCluster-EcsCluster-1AAGQRFIOE9AE,Service_beiakkdem1vi3j5fejkg,500,0,0.0377062025,0
1537354320,Prod-EcsStagingCluster-EcsCluster-1AAGQRFIOE9AE,Service_beiakkdem1vi3j5fejkg,500,0,0.0386559173,0
1537421100,Prod-EcsStagingCluster-EcsCluster-1AAGQRFIOE9AE,Service_beiakkdem1vi3j5fejkg,500,0,0.0378243314,0
1537366920,Prod-EcsStagingCluster-EcsCluster-1AAGQRFIOE9AE,Service_beiakkdem1vi3j5fejkg,500,0,1.3109551243,0
1537370100,Prod-EcsStagingCluster-EcsCluster-1AAGQRFIOE9AE,Service_beiakkdem1vi3j5fejkg,500,0,0.0377521282,0
1537371120,Prod-EcsStagingCluster-EcsCluster-1AAGQRFIOE9AE,Service_beiakkdem1vi3j5fejkg,500,0,0.0319052791,0
1537429500,Prod-EcsStagingCluster-EcsCluster-1AAGQRFIOE9AE,Service_beiakkdem1vi3j5fejkg,500,0,0.0353096287,0
1537353060,Prod-EcsStagingCluster-EcsCluster-1AAGQRFIOE9AE,Service_beiakkdem1vi3j5fejkg,500,0,0.0323942420,0
1537387020,Prod-EcsStagingCluster-EcsCluster-1AAGQRFIOE9AE,Service_beiakkdem1vi3j5fejkg,500,0,0.0405377842,0
1537367880,Prod-EcsStagingCluster-EcsCluster-1AAGQRFIOE9AE,Service_beiakkdem1vi3j5fejkg,500,0,0.0357242243,0
1537395420,Prod-EcsStagingCluster-EcsCluster-1AAGQRFIOE9AE,Service_beiakkdem1vi3j5fejkg,500,0,0.0450190848,0
1537372080,Prod-EcsStagingCluster-EcsCluster-1AAGQRFIOE9AE,Service_beiakkdem1vi3j5fejkg,500,0,0.0380275938,0
1537352940,Prod-EcsStagingCluster-EcsCluster-1AAGQRFIOE9AE,Service_beiakkdem1vi3j5fejkg,500,0,0.0318054358,0
1537350840,Prod-EcsStagingCluster-EcsCluster-1AAGQRFIOE9AE,Service_beiakkdem1vi3j5fejkg,500,0,0.0386856018,0
1537369860,Prod-EcsStagingCluster-EcsCluster-1AAGQRFIOE9AE,Service_beiakkdem1vi3j5fejkg,500,0,0.0346711095,0
1537361340,Prod-EcsStagingCluster-EcsCluster-1AAGQRFIOE9AE,Service_beiakkdem1vi3j5fejkg,500,0,0.9057872308,0
1537405920,Prod-EcsStagingCluster-EcsCluster-1AAGQRFIOE9AE,Service_beiakkdem1vi3j5fejkg,500,0,0.0825837797,0
1537367640,Prod-EcsStagingCluster-EcsCluster-1AAGQRFIOE9AE,Service_beiakkdem1vi3j5fejkg,500,0,0.0359588900,0
1537388880,Prod-EcsStagingCluster-EcsCluster-1AAGQRFIOE9AE,Service_beiakkdem1vi3j5fejkg,500,0,0.0407962849,0
1537403700,Prod-EcsStagingCluster-EcsCluster-1AAGQRFIOE9AE,Service_beiakkdem1vi3j5fejkg,500,0,0.0388537286,0
1537371840,Prod-EcsStagingCluster-EcsCluster-1AAGQRFIOE9AE,Service_beiakkdem1vi3j5fejkg,500,0,1.8290991520,0
1537420620,Prod-EcsStagingCluster-EcsCluster-1AAGQRFIOE9AE,Service_beiakkdem1vi3j5fejkg,500,0,0.0571224853,0
1537386660,Prod-EcsStagingCluster-EcsCluster-1AAGQRFIOE9AE,Service_beiakkdem1vi3j5fejkg,500,0,0.0361903578,0
1537401480,Prod-EcsStagingCluster-EcsCluster-1AAGQRFIOE9AE,Service_beiakkdem1vi3j5fejkg,500,0,0.0387203532,0
1537405680,Prod-EcsStagingCluster-EcsCluster-1AAGQRFIOE9AE,Service_beiakkdem1vi3j5fejkg,500,0,0.0349970930,0
1537429020,Prod-EcsStagingCluster-EcsCluster-1AAGQRFIOE9AE,Service_beiakkdem1vi3j5fejkg,500,0,0.0353211539,0
1537369620,Prod-EcsStagingCluster-EcsCluster-1AAGQRFIOE9AE,Service_beiakkdem1vi3j5fejkg,500,0,0.0351954740,0
1537386540,Prod-EcsStagingCluster-EcsCluster-1AAGQRFIOE9AE,Service_beiakkdem1vi3j5fejkg,500,0,0.0381145184,0
1537384440,Prod-EcsStagingCluster-EcsCluster-1AAGQRFIOE9AE,Service_beiakkdem1vi3j5fejkg,500,0,0.0374000065,0
1537404480,Prod-EcsStagingCluster-EcsCluster-1AAGQRFIOE9AE,Service_beiakkdem1vi3j5fejkg,500,0,0.0367641380,0
1537401300,Prod-EcsStagingCluster-EcsCluster-1AAGQRFIOE9AE,Service_beiakkdem1vi3j5fejkg,500,0,0.0384894068,0
1537398120,Prod-EcsStagingCluster-EcsCluster-1AAGQRFIOE9AE,Service_beiakkdem1vi3j5fejkg,500,0,0.0400139857,0
1537388580,Prod-EcsStagingCluster-EcsCluster-1AAGQRFIOE9AE,Service_beiakkdem1vi3j5fejkg,500,0,0.8494708777,0
1537391760,Prod-EcsStagingCluster-EcsCluster-1AAGQRFIOE9AE,Service_beiakkdem1vi3j5fejkg,500,0,0.0407379116,0
1537385400,Prod-EcsStagingCluster-EcsCluster-1AAGQRFIOE9AE,Service_beiakkdem1vi3j5fejkg,500,0,0.0420372729,0
1537352460,Prod-EcsStagingCluster-EcsCluster-1AAGQRFIOE9AE,Service_beiakkdem1vi3j5fejkg,500,0,0.0364153731,0
1537365180,Prod-EcsStagingCluster-EcsCluster-1AAGQRFIOE9AE,Service_beiakkdem1vi3j5fejkg,500,0,0.0329813672,0
1537364040,Prod-EcsStagingCluster-EcsCluster-1AAGQRFIOE9AE,Service_beiakkdem1vi3j5fejkg,500,0,0.0365515882,0
1537367220,Prod-EcsStagingCluster-EcsCluster-1AAGQRFIOE9AE,Service_beiakkdem1vi3j5fejkg,500,0,0.0346973045,0
1537370400,Prod-EcsStagingCluster-EcsCluster-1AAGQRFIOE9AE,Service_beiakkdem1vi3j5fejkg,500,0,0.0341942476,0
1537408560,Prod-EcsStagingCluster-EcsCluster-1AAGQRFIOE9AE,Service_beiakkdem1vi3j5fejkg,500,0,0.0353222351,0
1537405380,Prod-EcsStagingCluster-EcsCluster-1AAGQRFIOE9AE,Service_beiakkdem1vi3j5fejkg,500,0,0.0352431444,0
1537402200,Prod-EcsStagingCluster-EcsCluster-1AAGQRFIOE9AE,Service_beiakkdem1vi3j5fejkg,500,0,0.5403109281,0
1537420140,Prod-EcsStagingCluster-EcsCluster-1AAGQRFIOE9AE,Service_beiakkdem1vi3j5fejkg,500,0,0.9399048587,0
1537419000,Prod-EcsStagingCluster-EcsCluster-1AAGQRFIOE9AE,Service_beiakkdem1vi3j5fejkg,500,0,0.0417670055,0
1537425360,Prod-EcsStagingCluster-EcsCluster-1AAGQRFIOE9AE,Service_beiakkdem1vi3j5fejkg,500,0,0.0345712532,0
1537422180,Prod-EcsStagingCluster-EcsCluster-1AAGQRFIOE9AE,Service_beiakkdem1vi3j5fejkg,500,0,0.0383728996,0
1537398780,Prod-EcsStagingCluster-EcsCluster-1AAGQRFIOE9AE,Service_beiakkdem1vi3j5fejkg,500,0,0.0363747739,0
1537386060,Prod-EcsStagingCluster-EcsCluster-1AAGQRFIOE9AE,Service_beiakkdem1vi3j5fejkg,500,0,1.7014388548,0
1537397640,Prod-EcsStagingCluster-EcsCluster-1AAGQRFIOE9AE,Service_beiakkdem1vi3j5fejkg,500,0,0.0352550205,0
1537351980,Prod-EcsStagingCluster-EcsCluster-1AAGQRFIOE9AE,Service_beiakkdem1vi3j5fejkg,500,0,0.0332467710,0
1537400820,Prod-EcsStagingCluster-EcsCluster-1AAGQRFIOE9AE,Service_beiakkdem1vi3j5fejkg,500,0,0.0406661520,0
1537364700,Prod-EcsStagingCluster-EcsCluster-1AAGQRFIOE9AE,Service_beiakkdem1vi3j5fejkg,500,0,0.0343652011,0
1537354020,Prod-EcsStagingCluster-EcsCluster-1AAGQRFIOE9AE,Service_beiakkdem1vi3j5fejkg,500,0,0.0389988802,0
1537366740,Prod-EcsStagingCluster-EcsCluster-1AAGQRFIOE9AE,Service_beiakkdem1vi3j5fejkg,500,0,0.0364108406,0
1537398600,Prod-EcsStagingCluster-EcsCluster-1AAGQRFIOE9AE,Service_beiakkdem1vi3j5fejkg,500,0,0.0366285426,0
1537404960,Prod-EcsStagingCluster-EcsCluster-1AAGQRFIOE9AE,Service_beiakkdem1vi3j5fejkg,500,0,0.0365802434,0
1537358160,Prod-EcsStagingCluster-EcsCluster-1AAGQRFIOE9AE,Service_beiakkdem1vi3j5fejkg,500,0,0.0392537974,0
1537364520,Prod-EcsStagingCluster-EcsCluster-1AAGQRFIOE9AE,Service_beiakkdem1vi3j5fejkg,500,0,0.0357348808,0
1537351800,Prod-EcsStagingCluster-EcsCluster-1AAGQRFIOE9AE,Service_beiakkdem1vi3j5fejkg,500,0,0.0339359451,0
1537370880,Prod-EcsStagingCluster-EcsCluster-1AAGQRFIOE9AE,Service_beiakkdem1vi3j5fejkg,500,0,0.0341465521,0
1537370820,Prod-EcsStagingCluster-EcsCluster-1AAGQRFIOE9AE,Service_beiakkdem1vi3j5fejkg,500,0,0.0335040199,0
1537419660,Prod-EcsStagingCluster-EcsCluster-1AAGQRFIOE9AE,Service_beiakkdem1vi3j5fejkg,500,0,0.0412682895,0
1537368600,Prod-EcsStagingCluster-EcsCluster-1AAGQRFIOE9AE,Service_beiakkdem1vi3j5fejkg,500,0,0.0354324125,0
1537374960,Prod-EcsStagingCluster-EcsCluster-1AAGQRFIOE9AE,Service_beiakkdem1vi3j5fejkg,500,0,0.0367816613,0
1537385580,Prod-EcsStagingCluster-EcsCluster-1AAGQRFIOE9AE,Service_beiakkdem1vi3j5fejkg,500,0,0.0412275350,0
1537398300,Prod-EcsStagingCluster-EcsCluster-1AAGQRFIOE9AE,Service_beiakkdem1vi3j5fejkg,500,0,0.0388063828,0
1537400340,Prod-EcsStagingCluster-EcsCluster-1AAGQRFIOE9AE,Service_beiakkdem1vi3j5fejkg,500,0,0.0443173240,0
1537387620,Prod-EcsStagingCluster-EcsCluster-1AAGQRFIOE9AE,Service_beiakkdem1vi3j5fejkg,500,0,0.0374982688,0
1537364220,Prod-EcsStagingCluster-EcsCluster-1AAGQRFIOE9AE,Service_beiakkdem1vi3j5fejkg,500,0,0.0345508795,0
1537351500,Prod-EcsStagingCluster-EcsCluster-1AAGQRFIOE9AE,Service_beiakkdem1vi3j5fejkg,500,0,0.0326925129,0
1537369440,Prod-EcsStagingCluster-EcsCluster-1AAGQRFIOE9AE,Service_beiakkdem1vi3j5fejkg,500,0,0.0335412449,0
1537407600,Prod-EcsStagingCluster-EcsCluster-1AAGQRFIOE9AE,Service_beiakkdem1vi3j5fejkg,500,0,0.0364816216,0
1537399080,Prod-EcsStagingCluster-EcsCluster-1AAGQRFIOE9AE,Service_beiakkdem1vi3j5fejkg,500,0,0.0392003235,0
1537402260,Prod-EcsStagingCluster-EcsCluster-1AAGQRFIOE9AE,Service_beiakkdem1vi3j5fejkg,500,0,1.3234702357,0
1537389540,Prod-EcsStagingCluster-EcsCluster-1AAGQRFIOE9AE,Service_beiakkdem1vi3j5fejkg,500,0,0.9811814643,0
1537386360,Prod-EcsStagingCluster-EcsCluster-1AAGQRFIOE9AE,Service_beiakkdem1vi3j5fejkg,500,0,0.0368620927,0
1537419180,Prod-EcsStagingCluster-EcsCluster-1AAGQRFIOE9AE,Service_beiakkdem1vi3j5fejkg,500,0,0.0411329656,0
1537365000,Prod-EcsStagingCluster-EcsCluster-1AAGQRFIOE9AE,Service_beiakkdem1vi3j5fejkg,500,0,0.0346652681,0
1537368180,Prod-EcsStagingCluster-EcsCluster-1AAGQRFIOE9AE,Service_beiakkdem1vi3j5fejkg,500,0,0.9024695428,0
1537406340,Prod-EcsStagingCluster-EcsCluster-1AAGQRFIOE9AE,Service_beiakkdem1vi3j5fejkg,500,0,0.0329171618,0
1537403160,Prod-EcsStagingCluster-EcsCluster-1AAGQRFIOE9AE,Service_beiakkdem1vi3j5fejkg,500,0,0.0366994508,0
1537424400,Prod-EcsStagingCluster-EcsCluster-1AAGQRFIOE9AE,Service_beiakkdem1vi3j5fejkg,500,0,0.0342030344,0
1537397820,Prod-EcsStagingCluster-EcsCluster-1AAGQRFIOE9AE,Service_beiakkdem1vi3j5fejkg,500,0,1.0138323419,0
1537385100,Prod-EcsStagingCluster-EcsCluster-1AAGQRFIOE9AE,Service_beiakkdem1vi3j5fejkg,500,0,0.0375466023,0
1537351020,Prod-EcsStagingCluster-EcsCluster-1AAGQRFIOE9AE,Service_beiakkdem1vi3j5fejkg,500,0,0.0365713085,0
1537403040,Prod-EcsStagingCluster-EcsCluster-1AAGQRFIOE9AE,Service_beiakkdem1vi3j5fejkg,500,0,0.0374977278,0
1537363740,Prod-EcsStagingCluster-EcsCluster-1AAGQRFIOE9AE,Service_beiakkdem1vi3j5fejkg,500,0,0.0328694869,0
1537419960,Prod-EcsStagingCluster-EcsCluster-1AAGQRFIOE9AE,Service_beiakkdem1vi3j5fejkg,500,0,0.0372204167,0
1537423140,Prod-EcsStagingCluster-EcsCluster-1AAGQRFIOE9AE,Service_beiakkdem1vi3j5fejkg,500,0,0.0417943035,0
1537404000,Prod-EcsStagingCluster-EcsCluster-1AAGQRFIOE9AE,Service_beiakkdem1vi3j5fejkg,500,0,0.0384767345,0
1537420920,Prod-EcsStagingCluster-EcsCluster-1AAGQRFIOE9AE,Service_beiakkdem1vi3j5fejkg,500,0,0.0371579086,0
1537357200,Prod-EcsStagingCluster-EcsCluster-1AAGQRFIOE9AE,Service_beiakkdem1vi3j5fejkg,500,0,0.0350690816,0
1537401780,Prod-EcsStagingCluster-EcsCluster-1AAGQRFIOE9AE,Service_beiakkdem1vi3j5fejkg,500,0,0.0380461892,0
1537369920,Prod-EcsStagingCluster-EcsCluster-1AAGQRFIOE9AE,Service_beiakkdem1vi3j5fejkg,500,0,0.0325133002,0
1537418700,Prod-EcsStagingCluster-EcsCluster-1AAGQRFIOE9AE,Service_beiakkdem1vi3j5fejkg,500,0,0.0407190343,0
1537431420,Prod-EcsStagingCluster-EcsCluster-1AAGQRFIOE9AE,Service_beiakkdem1vi3j5fejkg,500,0,0.0513800583,0
1537354980,Prod-EcsStagingCluster-EcsCluster-1AAGQRFIOE9AE,Service_beiakkdem1vi3j5fejkg,500,0,0.0387920457,0
1537367700,Prod-EcsStagingCluster-EcsCluster-1AAGQRFIOE9AE,Service_beiakkdem1vi3j5fejkg,500,0,0.0354985862,0
1537399560,Prod-EcsStagingCluster-EcsCluster-1AAGQRFIOE9AE,Service_beiakkdem1vi3j5fejkg,500,0,0.0382676038,0
1537374000,Prod-EcsStagingCluster-EcsCluster-1AAGQRFIOE9AE,Service_beiakkdem1vi3j5fejkg,500,0,0.0359438134,0
1537384620,Prod-EcsStagingCluster-EcsCluster-1AAGQRFIOE9AE,Service_beiakkdem1vi3j5fejkg,500,0,0.0507478064,0
1537365480,Prod-EcsStagingCluster-EcsCluster-1AAGQRFIOE9AE,Service_beiakkdem1vi3j5fejkg,500,0,0.0319396233,0
1537397340,Prod-EcsStagingCluster-EcsCluster-1AAGQRFIOE9AE,Service_beiakkdem1vi3j5fejkg,500,0,0.0354199136,0
1537352760,Prod-EcsStagingCluster-EcsCluster-1AAGQRFIOE9AE,Service_beiakkdem1vi3j5fejkg,500,0,0.0311801818,0
1537371780,Prod-EcsStagingCluster-EcsCluster-1AAGQRFIOE9AE,Service_beiakkdem1vi3j5fejkg,500,0,0.0381443214,0
1537363260,Prod-EcsStagingCluster-EcsCluster-1AAGQRFIOE9AE,Service_beiakkdem1vi3j5fejkg,500,0,0.0333212767,0
1537350540,Prod-EcsStagingCluster-EcsCluster-1AAGQRFIOE9AE,Service_beiakkdem1vi3j5fejkg,500,0,0.0373941258,0
1537403520,Prod-EcsStagingCluster-EcsCluster-1AAGQRFIOE9AE,Service_beiakkdem1vi3j5fejkg,500,0,0.0397087461,0
1537369560,Prod-EcsStagingCluster-EcsCluster-1AAGQRFIOE9AE,Service_beiakkdem1vi3j5fejkg,500,0,0.0345558552,0
1537390800,Prod-EcsStagingCluster-EcsCluster-1AAGQRFIOE9AE,Service_beiakkdem1vi3j5fejkg,500,0,0.0372019365,0
1537413000,Prod-EcsStagingCluster-EcsCluster-1AAGQRFIOE9AE,Service_beiakkdem1vi3j5fejkg,500,0,0.0384678653,0
1537390740,Prod-EcsStagingCluster-EcsCluster-1AAGQRFIOE9AE,Service_beiakkdem1vi3j5fejkg,500,0,0.0371203544,0
1537367340,Prod-EcsStagingCluster-EcsCluster-1AAGQRFIOE9AE,Service_beiakkdem1vi3j5fejkg,500,0,0.0349396180,0
1537370520,Prod-EcsStagingCluster-EcsCluster-1AAGQRFIOE9AE,Service_beiakkdem1vi3j5fejkg,500,0,0.0339305965,0
1537419360,Prod-EcsStagingCluster-EcsCluster-1AAGQRFIOE9AE,Service_beiakkdem1vi3j5fejkg,500,0,0.0389286021,0
1537351440,Prod-EcsStagingCluster-EcsCluster-1AAGQRFIOE9AE,Service_beiakkdem1vi3j5fejkg,500,0,0.9121000005,0
1537395960,Prod-EcsStagingCluster-EcsCluster-1AAGQRFIOE9AE,Service_beiakkdem1vi3j5fejkg,500,0,1.6850678564,0
1537376880,Prod-EcsStagingCluster-EcsCluster-1AAGQRFIOE9AE,Service_beiakkdem1vi3j5fejkg,500,0,0.0403065819,0
1537427760,Prod-EcsStagingCluster-EcsCluster-1AAGQRFIOE9AE,Service_beiakkdem1vi3j5fejkg,500,0,0.0400592346,0
1537402320,Prod-EcsStagingCluster-EcsCluster-1AAGQRFIOE9AE,Service_beiakkdem1vi3j5fejkg,500,0,0.0394907211,0
1537418220,Prod-EcsStagingCluster-EcsCluster-1AAGQRFIOE9AE,Service_beiakkdem1vi3j5fejkg,500,0,0.0346204592,0
1537421400,Prod-EcsStagingCluster-EcsCluster-1AAGQRFIOE9AE,Service_beiakkdem1vi3j5fejkg,500,0,0.0389810703,0
1537348020,Prod-EcsStagingCluster-EcsCluster-1AAGQRFIOE9AE,Service_beiakkdem1vi3j5fejkg,500,0,0.0366298221,0
1537392540,Prod-EcsStagingCluster-EcsCluster-1AAGQRFIOE9AE,Service_beiakkdem1vi3j5fejkg,500,0,0.0362412317,0
1537370280,Prod-EcsStagingCluster-EcsCluster-1AAGQRFIOE9AE,Service_beiakkdem1vi3j5fejkg,500,0,0.0368859770,0
1537376640,Prod-EcsStagingCluster-EcsCluster-1AAGQRFIOE9AE,Service_beiakkdem1vi3j5fejkg,500,0,0.0365397627,0
1537421160,Prod-EcsStagingCluster-EcsCluster-1AAGQRFIOE9AE,Service_beiakkdem1vi3j5fejkg,500,0,0.0374586840,0
1537398900,Prod-EcsStagingCluster-EcsCluster-1AAGQRFIOE9AE,Service_beiakkdem1vi3j5fejkg,500,0,0.0354287941,0
1537375500,Prod-EcsStagingCluster-EcsCluster-1AAGQRFIOE9AE,Service_beiakkdem1vi3j5fejkg,500,0,0.0337849154,0
1537381860,Prod-EcsStagingCluster-EcsCluster-1AAGQRFIOE9AE,Service_beiakkdem1vi3j5fejkg,500,0,0.0367200457,0
1537427520,Prod-EcsStagingCluster-EcsCluster-1AAGQRFIOE9AE,Service_beiakkdem1vi3j5fejkg,500,0,1.5334566048,0
1537356420,Prod-EcsStagingCluster-EcsCluster-1AAGQRFIOE9AE,Service_beiakkdem1vi3j5fejkg,500,0,0.0395079308,0
1537407300,Prod-EcsStagingCluster-EcsCluster-1AAGQRFIOE9AE,Service_beiakkdem1vi3j5fejkg,500,0,0.0383069827,0
1537426380,Prod-EcsStagingCluster-EcsCluster-1AAGQRFIOE9AE,Service_beiakkdem1vi3j5fejkg,500,0,0.0388095954,0
1537430520,Prod-EcsStagingCluster-EcsCluster-1AAGQRFIOE9AE,Service_beiakkdem1vi3j5fejkg,500,0,0.0355698385,0
1537349820,Prod-EcsStagingCluster-EcsCluster-1AAGQRFIOE9AE,Service_beiakkdem1vi3j5fejkg,500,0,0.0357268229,0
1537356180,Prod-EcsStagingCluster-EcsCluster-1AAGQRFIOE9AE,Service_beiakkdem1vi3j5fejkg,500,0,0.0389565663,0
1537400700,Prod-EcsStagingCluster-EcsCluster-1AAGQRFIOE9AE,Service_beiakkdem1vi3j5fejkg,500,0,0.0403050718,0
1537407060,Prod-EcsStagingCluster-EcsCluster-1AAGQRFIOE9AE,Service_beiakkdem1vi3j5fejkg,500,0,0.0403093896,0
1537360320,Prod-EcsStagingCluster-EcsCluster-1AAGQRFIOE9AE,Service_beiakkdem1vi3j5fejkg,500,0,0.0402274432,0
1537383660,Prod-EcsStagingCluster-EcsCluster-1AAGQRFIOE9AE,Service_beiakkdem1vi3j5fejkg,500,0,0.0378911195,0
1537353960,Prod-EcsStagingCluster-EcsCluster-1AAGQRFIOE9AE,Service_beiakkdem1vi3j5fejkg,500,0,0.0408982274,0
1537404840,Prod-EcsStagingCluster-EcsCluster-1AAGQRFIOE9AE,Service_beiakkdem1vi3j5fejkg,500,0,0.0386065640,0
1537411200,Prod-EcsStagingCluster-EcsCluster-1AAGQRFIOE9AE,Service_beiakkdem1vi3j5fejkg,500,0,0.0366806179,0
1537357980,Prod-EcsStagingCluster-EcsCluster-1AAGQRFIOE9AE,Service_beiakkdem1vi3j5fejkg,500,0,0.0410273512,0
1537364340,Prod-EcsStagingCluster-EcsCluster-1AAGQRFIOE9AE,Service_beiakkdem1vi3j5fejkg,500,0,0.9334814047,0
1537408860,Prod-EcsStagingCluster-EcsCluster-1AAGQRFIOE9AE,Service_beiakkdem1vi3j5fejkg,500,0,0.0377751711,0
1537415220,Prod-EcsStagingCluster-EcsCluster-1AAGQRFIOE9AE,Service_beiakkdem1vi3j5fejkg,500,0,1.4289742279,0
1537372740,Prod-EcsStagingCluster-EcsCluster-1AAGQRFIOE9AE,Service_beiakkdem1vi3j5fejkg,500,0,0.0399146207,0
1537347300,Prod-EcsStagingCluster-EcsCluster-1AAGQRFIOE9AE,Service_beiakkdem1vi3j5fejkg,500,0,0.0375494289,0
1537391820,Prod-EcsStagingCluster-EcsCluster-1AAGQRFIOE9AE,Service_beiakkdem1vi3j5fejkg,500,0,0.0398371189,0
1537398180,Prod-EcsStagingCluster-EcsCluster-1AAGQRFIOE9AE,Service_beiakkdem1vi3j5fejkg,500,0,0.0391394101,0
1537362120,Prod-EcsStagingCluster-EcsCluster-1AAGQRFIOE9AE,Service_beiakkdem1vi3j5fejkg,500,0,0.0357279896,0
1537368480,Prod-EcsStagingCluster-EcsCluster-1AAGQRFIOE9AE,Service_beiakkdem1vi3j5fejkg,500,0,0.0367455292,0
1537366260,Prod-EcsStagingCluster-EcsCluster-1AAGQRFIOE9AE,Service_beiakkdem1vi3j5fejkg,500,0,0.0362594291,0
1537417140,Prod-EcsStagingCluster-EcsCluster-1AAGQRFIOE9AE,Service_beiakkdem1vi3j5fejkg,500,0,0.0414894799,0
1537388520,Prod-EcsStagingCluster-EcsCluster-1AAGQRFIOE9AE,Service_beiakkdem1vi3j5fejkg,500,0,0.4605782147,0
1537374660,Prod-EcsStagingCluster-EcsCluster-1AAGQRFIOE9AE,Service_beiakkdem1vi3j5fejkg,500,0,0.0403583493,0
1537349220,Prod-EcsStagingCluster-EcsCluster-1AAGQRFIOE9AE,Service_beiakkdem1vi3j5fejkg,500,0,0.0389333924,0
1537400100,Prod-EcsStagingCluster-EcsCluster-1AAGQRFIOE9AE,Service_beiakkdem1vi3j5fejkg,500,0,0.0358074362,0
1537366140,Prod-EcsStagingCluster-EcsCluster-1AAGQRFIOE9AE,Service_beiakkdem1vi3j5fejkg,500,0,0.9429916084,0
1537350240,Prod-EcsStagingCluster-EcsCluster-1AAGQRFIOE9AE,Service_beiakkdem1vi3j5fejkg,500,0,0.0380443268,0
1537425540,Prod-EcsStagingCluster-EcsCluster-1AAGQRFIOE9AE,Service_beiakkdem1vi3j5fejkg,500,0,0.9408025704,0
1537417020,Prod-EcsStagingCluster-EcsCluster-1AAGQRFIOE9AE,Service_beiakkdem1vi3j5fejkg,500,0,2.2412919676,0
1537349100,Prod-EcsStagingCluster-EcsCluster-1AAGQRFIOE9AE,Service_beiakkdem1vi3j5fejkg,500,0,0.0392815219,0
1537401120,Prod-EcsStagingCluster-EcsCluster-1AAGQRFIOE9AE,Service_beiakkdem1vi3j5fejkg,500,0,0.0381796305,0
1537358640,Prod-EcsStagingCluster-EcsCluster-1AAGQRFIOE9AE,Service_beiakkdem1vi3j5fejkg,500,0,0.0326209009,0
1537409520,Prod-EcsStagingCluster-EcsCluster-1AAGQRFIOE9AE,Service_beiakkdem1vi3j5fejkg,500,0,0.0381135358,0
1537399980,Prod-EcsStagingCluster-EcsCluster-1AAGQRFIOE9AE,Service_beiakkdem1vi3j5fejkg,500,0,0.0355168690,0
1537384080,Prod-EcsStagingCluster-EcsCluster-1AAGQRFIOE9AE,Service_beiakkdem1vi3j5fejkg,500,0,0.0377171805,0
1537345800,Prod-EcsStagingCluster-EcsCluster-1AAGQRFIOE9AE,Service_beiakkdem1vi3j5fejkg,500,0,0.0359214596,0
1537396680,Prod-EcsStagingCluster-EcsCluster-1AAGQRFIOE9AE,Service_beiakkdem1vi3j5fejkg,500,0,0.0370361581,0
1537374420,Prod-EcsStagingCluster-EcsCluster-1AAGQRFIOE9AE,Service_beiakkdem1vi3j5fejkg,500,0,0.0393556005,0
1537354200,Prod-EcsStagingCluster-EcsCluster-1AAGQRFIOE9AE,Service_beiakkdem1vi3j5fejkg,500,0,0.0397280006,0
1537379640,Prod-EcsStagingCluster-EcsCluster-1AAGQRFIOE9AE,Service_beiakkdem1vi3j5fejkg,500,0,0.0381489875,0
1537425300,Prod-EcsStagingCluster-EcsCluster-1AAGQRFIOE9AE,Service_beiakkdem1vi3j5fejkg,500,0,0.0349736061,0
1537405080,Prod-EcsStagingCluster-EcsCluster-1AAGQRFIOE9AE,Service_beiakkdem1vi3j5fejkg,500,0,0.0369016439,0
1537374300,Prod-EcsStagingCluster-EcsCluster-1AAGQRFIOE9AE,Service_beiakkdem1vi3j5fejkg,500,0,0.7407961915,0
1537358400,Prod-EcsStagingCluster-EcsCluster-1AAGQRFIOE9AE,Service_beiakkdem1vi3j5fejkg,500,0,0.0355859110,0
1537423080,Prod-EcsStagingCluster-EcsCluster-1AAGQRFIOE9AE,Service_beiakkdem1vi3j5fejkg,500,0,0.0421513290,0
1537357260,Prod-EcsStagingCluster-EcsCluster-1AAGQRFIOE9AE,Service_beiakkdem1vi3j5fejkg,500,0,0.0338264588,0
1537425180,Prod-EcsStagingCluster-EcsCluster-1AAGQRFIOE9AE,Service_beiakkdem1vi3j5fejkg,500,0,0.0358798541,0
1537408140,Prod-EcsStagingCluster-EcsCluster-1AAGQRFIOE9AE,Service_beiakkdem1vi3j5fejkg,500,0,0.0361937861,0
1537384800,Prod-EcsStagingCluster-EcsCluster-1AAGQRFIOE9AE,Service_beiakkdem1vi3j5fejkg,500,0,0.5670005031,0
1537393200,Prod-EcsStagingCluster-EcsCluster-1AAGQRFIOE9AE,Service_beiakkdem1vi3j5fejkg,500,0,0.0406210998,0
1537367760,Prod-EcsStagingCluster-EcsCluster-1AAGQRFIOE9AE,Service_beiakkdem1vi3j5fejkg,500,0,0.0358327894,0
1537418640,Prod-EcsStagingCluster-EcsCluster-1AAGQRFIOE9AE,Service_beiakkdem1vi3j5fejkg,500,0,0.0421734376,0
1537382580,Prod-EcsStagingCluster-EcsCluster-1AAGQRFIOE9AE,Service_beiakkdem1vi3j5fejkg,500,0,0.0389816857,0
1537390980,Prod-EcsStagingCluster-EcsCluster-1AAGQRFIOE9AE,Service_beiakkdem1vi3j5fejkg,500,0,1.1094436741,0
1537365540,Prod-EcsStagingCluster-EcsCluster-1AAGQRFIOE9AE,Service_beiakkdem1vi3j5fejkg,500,0,0.0308765276,0
1537416420,Prod-EcsStagingCluster-EcsCluster-1AAGQRFIOE9AE,Service_beiakkdem1vi3j5fejkg,500,0,1.3967777049,0
1537382460,Prod-EcsStagingCluster-EcsCluster-1AAGQRFIOE9AE,Service_beiakkdem1vi3j5fejkg,500,0,0.0409008316,0
1537380360,Prod-EcsStagingCluster-EcsCluster-1AAGQRFIOE9AE,Service_beiakkdem1vi3j5fejkg,500,0,0.0370851113,0
1537431240,Prod-EcsStagingCluster-EcsCluster-1AAGQRFIOE9AE,Service_beiakkdem1vi3j5fejkg,500,0,1.9186645732,0
1537388760,Prod-EcsStagingCluster-EcsCluster-1AAGQRFIOE9AE,Service_beiakkdem1vi3j5fejkg,500,0,0.0419461689,0
1537365420,Prod-EcsStagingCluster-EcsCluster-1AAGQRFIOE9AE,Service_beiakkdem1vi3j5fejkg,500,0,0.0317607024,0
1537363320,Prod-EcsStagingCluster-EcsCluster-1AAGQRFIOE9AE,Service_beiakkdem1vi3j5fejkg,500,0,0.0338333565,0
1537414200,Prod-EcsStagingCluster-EcsCluster-1AAGQRFIOE9AE,Service_beiakkdem1vi3j5fejkg,500,0,0.0366901898,0
1537392960,Prod-EcsStagingCluster-EcsCluster-1AAGQRFIOE9AE,Service_beiakkdem1vi3j5fejkg,500,0,0.0412036569,0
1537416300,Prod-EcsStagingCluster-EcsCluster-1AAGQRFIOE9AE,Service_beiakkdem1vi3j5fejkg,500,0,0.0389776518,0
1537346100,Prod-EcsStagingCluster-EcsCluster-1AAGQRFIOE9AE,Service_beiakkdem1vi3j5fejkg,500,0,0.0404414925,0
1537396980,Prod-EcsStagingCluster-EcsCluster-1AAGQRFIOE9AE,Service_beiakkdem1vi3j5fejkg,500,0,0.0364575125,0
1537368360,Prod-EcsStagingCluster-EcsCluster-1AAGQRFIOE9AE,Service_beiakkdem1vi3j5fejkg,500,0,0.0353684876,0
1537374720,Prod-EcsStagingCluster-EcsCluster-1AAGQRFIOE9AE,Service_beiakkdem1vi3j5fejkg,500,0,0.0389656230,0
1537425600,Prod-EcsStagingCluster-EcsCluster-1AAGQRFIOE9AE,Service_beiakkdem1vi3j5fejkg,500,0,0.0343790113,0
1537419240,Prod-EcsStagingCluster-EcsCluster-1AAGQRFIOE9AE,Service_beiakkdem1vi3j5fejkg,500,0,0.0395674446,0
1537373580,Prod-EcsStagingCluster-EcsCluster-1AAGQRFIOE9AE,Service_beiakkdem1vi3j5fejkg,500,0,0.0320265511,0
1537386300,Prod-EcsStagingCluster-EcsCluster-1AAGQRFIOE9AE,Service_beiakkdem1vi3j5fejkg,500,0,0.0371206189,0
1537372440,Prod-EcsStagingCluster-EcsCluster-1AAGQRFIOE9AE,Service_beiakkdem1vi3j5fejkg,500,0,0.6870070150,0
1537424460,Prod-EcsStagingCluster-EcsCluster-1AAGQRFIOE9AE,Service_beiakkdem1vi3j5fejkg,500,0,1.8331658502,0
1537347000,Prod-EcsStagingCluster-EcsCluster-1AAGQRFIOE9AE,Service_beiakkdem1vi3j5fejkg,500,0,0.0314787049,0
1537353360,Prod-EcsStagingCluster-EcsCluster-1AAGQRFIOE9AE,Service_beiakkdem1vi3j5fejkg,500,0,0.0385410117,0
1537397880,Prod-EcsStagingCluster-EcsCluster-1AAGQRFIOE9AE,Service_beiakkdem1vi3j5fejkg,500,0,0.0410522415,0
1537378800,Prod-EcsStagingCluster-EcsCluster-1AAGQRFIOE9AE,Service_beiakkdem1vi3j5fejkg,500,0,0.0398493450,0
1537423320,Prod-EcsStagingCluster-EcsCluster-1AAGQRFIOE9AE,Service_beiakkdem1vi3j5fejkg,500,0,0.0358527771,0
1537429680,Prod-EcsStagingCluster-EcsCluster-1AAGQRFIOE9AE,Service_beiakkdem1vi3j5fejkg,500,0,0.0343180213,0
1537404240,Prod-EcsStagingCluster-EcsCluster-1AAGQRFIOE9AE,Service_beiakkdem1vi3j5fejkg,500,0,0.0358723910,0
1537376520,Prod-EcsStagingCluster-EcsCluster-1AAGQRFIOE9AE,Service_beiakkdem1vi3j5fejkg,500,0,0.0360826273,0
1537354260,Prod-EcsStagingCluster-EcsCluster-1AAGQRFIOE9AE,Service_beiakkdem1vi3j5fejkg,500,0,0.0392872907,0
1537405140,Prod-EcsStagingCluster-EcsCluster-1AAGQRFIOE9AE,Service_beiakkdem1vi3j5fejkg,500,0,0.0370756246,0
1537382880,Prod-EcsStagingCluster-EcsCluster-1AAGQRFIOE9AE,Service_beiakkdem1vi3j5fejkg,500,0,0.0407656030,0
1537427400,Prod-EcsStagingCluster-EcsCluster-1AAGQRFIOE9AE,Service_beiakkdem1vi3j5fejkg,500,0,0.0371173162,0
1537394460,Prod-EcsStagingCluster-EcsCluster-1AAGQRFIOE9AE,Service_beiakkdem1vi3j5fejkg,500,0,0.0355516880,0
1537381740,Prod-EcsStagingCluster-EcsCluster-1AAGQRFIOE9AE,Service_beiakkdem1vi3j5fejkg,500,0,0.8179964054,0
1537402920,Prod-EcsStagingCluster-EcsCluster-1AAGQRFIOE9AE,Service_beiakkdem1vi3j5fejkg,500,0,0.0398588063,0
1537409280,Prod-EcsStagingCluster-EcsCluster-1AAGQRFIOE9AE,Service_beiakkdem1vi3j5fejkg,500,0,0.0373936409,0
1537358340,Prod-EcsStagingCluster-EcsCluster-1AAGQRFIOE9AE,Service_beiakkdem1vi3j5fejkg,500,0,0.0361014309,0
1537409220,Prod-EcsStagingCluster-EcsCluster-1AAGQRFIOE9AE,Service_beiakkdem1vi3j5fejkg,500,0,0.0378706294,0
1537383780,Prod-EcsStagingCluster-EcsCluster-1AAGQRFIOE9AE,Service_beiakkdem1vi3j5fejkg,500,0,0.0369786773,0
1537356120,Prod-EcsStagingCluster-EcsCluster-1AAGQRFIOE9AE,Service_beiakkdem1vi3j5fejkg,500,0,0.0386360579,0
1537362480,Prod-EcsStagingCluster-EcsCluster-1AAGQRFIOE9AE,Service_beiakkdem1vi3j5fejkg,500,0,0.0336915119,0
1537407000,Prod-EcsStagingCluster-EcsCluster-1AAGQRFIOE9AE,Service_beiakkdem1vi3j5fejkg,500,0,0.0415796882,0
1537413360,Prod-EcsStagingCluster-EcsCluster-1AAGQRFIOE9AE,Service_beiakkdem1vi3j5fejkg,500,0,1.7024543391,0
1537381560,Prod-EcsStagingCluster-EcsCluster-1AAGQRFIOE9AE,Service_beiakkdem1vi3j5fejkg,500,0,0.0420340387,0
1537387920,Prod-EcsStagingCluster-EcsCluster-1AAGQRFIOE9AE,Service_beiakkdem1vi3j5fejkg,500,0,1.4334584610,0
1537362420,Prod-EcsStagingCluster-EcsCluster-1AAGQRFIOE9AE,Service_beiakkdem1vi3j5fejkg,500,0,0.0351785107,0
1537413300,Prod-EcsStagingCluster-EcsCluster-1AAGQRFIOE9AE,Service_beiakkdem1vi3j5fejkg,500,0,0.0377718100,0
1537351740,Prod-EcsStagingCluster-EcsCluster-1AAGQRFIOE9AE,Service_beiakkdem1vi3j5fejkg,500,0,0.9800120630,0
1537402620,Prod-EcsStagingCluster-EcsCluster-1AAGQRFIOE9AE,Service_beiakkdem1vi3j5fejkg,500,0,0.0510778938,0
1537389900,Prod-EcsStagingCluster-EcsCluster-1AAGQRFIOE9AE,Service_beiakkdem1vi3j5fejkg,500,0,0.0398931787,0
1537360200,Prod-EcsStagingCluster-EcsCluster-1AAGQRFIOE9AE,Service_beiakkdem1vi3j5fejkg,500,0,0.0401674165,0
1537366560,Prod-EcsStagingCluster-EcsCluster-1AAGQRFIOE9AE,Service_beiakkdem1vi3j5fejkg,500,0,0.0354997419,0
1537417440,Prod-EcsStagingCluster-EcsCluster-1AAGQRFIOE9AE,Service_beiakkdem1vi3j5fejkg,500,0,0.0397415483,0
1537411080,Prod-EcsStagingCluster-EcsCluster-1AAGQRFIOE9AE,Service_beiakkdem1vi3j5fejkg,500,0,0.0386737767,0
1537399200,Prod-EcsStagingCluster-EcsCluster-1AAGQRFIOE9AE,Service_beiakkdem1vi3j5fejkg,500,0,0.0383661930,0
1537390680,Prod-EcsStagingCluster-EcsCluster-1AAGQRFIOE9AE,Service_beiakkdem1vi3j5fejkg,500,0,0.0384664230,0
1537347180,Prod-EcsStagingCluster-EcsCluster-1AAGQRFIOE9AE,Service_beiakkdem1vi3j5fejkg,500,0,0.0391491545,0
1537365240,Prod-EcsStagingCluster-EcsCluster-1AAGQRFIOE9AE,Service_beiakkdem1vi3j5fejkg,500,0,0.0326013049,0
1537416120,Prod-EcsStagingCluster-EcsCluster-1AAGQRFIOE9AE,Service_beiakkdem1vi3j5fejkg,500,0,0.0404758683,0
1537359900,Prod-EcsStagingCluster-EcsCluster-1AAGQRFIOE9AE,Service_beiakkdem1vi3j5fejkg,500,0,0.0368650882,0
1537410780,Prod-EcsStagingCluster-EcsCluster-1AAGQRFIOE9AE,Service_beiakkdem1vi3j5fejkg,500,0,0.0437745458,0
1537398060,Prod-EcsStagingCluster-EcsCluster-1AAGQRFIOE9AE,Service_beiakkdem1vi3j5fejkg,500,0,0.0387195841,0
1537394760,Prod-EcsStagingCluster-EcsCluster-1AAGQRFIOE9AE,Service_beiakkdem1vi3j5fejkg,500,0,0.2156335277,0
1537372500,Prod-EcsStagingCluster-EcsCluster-1AAGQRFIOE9AE,Service_beiakkdem1vi3j5fejkg,500,0,0.0408775946,0
1537423380,Prod-EcsStagingCluster-EcsCluster-1AAGQRFIOE9AE,Service_beiakkdem1vi3j5fejkg,500,0,0.0369111577,0
1537356480,Prod-EcsStagingCluster-EcsCluster-1AAGQRFIOE9AE,Service_beiakkdem1vi3j5fejkg,500,0,0.0386705562,0
1537351140,Prod-EcsStagingCluster-EcsCluster-1AAGQRFIOE9AE,Service_beiakkdem1vi3j5fejkg,500,0,0.0351285507,0
1537355340,Prod-EcsStagingCluster-EcsCluster-1AAGQRFIOE9AE,Service_beiakkdem1vi3j5fejkg,500,0,0.9625657015,0
1537407360,Prod-EcsStagingCluster-EcsCluster-1AAGQRFIOE9AE,Service_beiakkdem1vi3j5fejkg,500,0,0.0365932974,0
1537376580,Prod-EcsStagingCluster-EcsCluster-1AAGQRFIOE9AE,Service_beiakkdem1vi3j5fejkg,500,0,0.0357605943,0
1537427460,Prod-EcsStagingCluster-EcsCluster-1AAGQRFIOE9AE,Service_beiakkdem1vi3j5fejkg,500,0,0.0368665824,0
1537402020,Prod-EcsStagingCluster-EcsCluster-1AAGQRFIOE9AE,Service_beiakkdem1vi3j5fejkg,500,0,0.0394741501,0
1537368060,Prod-EcsStagingCluster-EcsCluster-1AAGQRFIOE9AE,Service_beiakkdem1vi3j5fejkg,500,0,0.0337944499,0
1537418940,Prod-EcsStagingCluster-EcsCluster-1AAGQRFIOE9AE,Service_beiakkdem1vi3j5fejkg,500,0,0.0422151865,0
1537406220,Prod-EcsStagingCluster-EcsCluster-1AAGQRFIOE9AE,Service_beiakkdem1vi3j5fejkg,500,0,0.0479248645,0
1537360560,Prod-EcsStagingCluster-EcsCluster-1AAGQRFIOE9AE,Service_beiakkdem1vi3j5fejkg,500,0,0.0388517981,0
1537411440,Prod-EcsStagingCluster-EcsCluster-1AAGQRFIOE9AE,Service_beiakkdem1vi3j5fejkg,500,0,0.0378200937,0
1537352040,Prod-EcsStagingCluster-EcsCluster-1AAGQRFIOE9AE,Service_beiakkdem1vi3j5fejkg,500,0,1.9853963427,0
1537386000,Prod-EcsStagingCluster-EcsCluster-1AAGQRFIOE9AE,Service_beiakkdem1vi3j5fejkg,500,0,0.0386661200,0
1537380660,Prod-EcsStagingCluster-EcsCluster-1AAGQRFIOE9AE,Service_beiakkdem1vi3j5fejkg,500,0,0.0402278882,0
1537431540,Prod-EcsStagingCluster-EcsCluster-1AAGQRFIOE9AE,Service_beiakkdem1vi3j5fejkg,500,0,0.0379487146,0
1537378440,Prod-EcsStagingCluster-EcsCluster-1AAGQRFIOE9AE,Service_beiakkdem1vi3j5fejkg,500,0,0.0369655178,0
1537429320,Prod-EcsStagingCluster-EcsCluster-1AAGQRFIOE9AE,Service_beiakkdem1vi3j5fejkg,500,0,0.0344747123,0
1537376220,Prod-EcsStagingCluster-EcsCluster-1AAGQRFIOE9AE,Service_beiakkdem1vi3j5fejkg,500,0,0.0390710058,0
1537363500,Prod-EcsStagingCluster-EcsCluster-1AAGQRFIOE9AE,Service_beiakkdem1vi3j5fejkg,500,0,0.0331831387,0
1537427100,Prod-EcsStagingCluster-EcsCluster-1AAGQRFIOE9AE,Service_beiakkdem1vi3j5fejkg,500,0,0.0379193086,0
1537391040,Prod-EcsStagingCluster-EcsCluster-1AAGQRFIOE9AE,Service_beiakkdem1vi3j5fejkg,500,0,0.2141032258,0
1537414380,Prod-EcsStagingCluster-EcsCluster-1AAGQRFIOE9AE,Service_beiakkdem1vi3j5fejkg,500,0,0.0366947857,0
1537388820,Prod-EcsStagingCluster-EcsCluster-1AAGQRFIOE9AE,Service_beiakkdem1vi3j5fejkg,500,0,0.0417491915,0
1537369680,Prod-EcsStagingCluster-EcsCluster-1AAGQRFIOE9AE,Service_beiakkdem1vi3j5fejkg,500,0,0.0343960266,0
1537420560,Prod-EcsStagingCluster-EcsCluster-1AAGQRFIOE9AE,Service_beiakkdem1vi3j5fejkg,500,0,0.0434815765,0
1537395120,Prod-EcsStagingCluster-EcsCluster-1AAGQRFIOE9AE,Service_beiakkdem1vi3j5fejkg,500,0,0.0390248469,0
1537386600,Prod-EcsStagingCluster-EcsCluster-1AAGQRFIOE9AE,Service_beiakkdem1vi3j5fejkg,500,0,0.0388800236,0
1537392900,Prod-EcsStagingCluster-EcsCluster-1AAGQRFIOE9AE,Service_beiakkdem1vi3j5fejkg,500,0,1.1627262876,0
1537367460,Prod-EcsStagingCluster-EcsCluster-1AAGQRFIOE9AE,Service_beiakkdem1vi3j5fejkg,500,0,0.0351728284,0
1537418340,Prod-EcsStagingCluster-EcsCluster-1AAGQRFIOE9AE,Service_beiakkdem1vi3j5fejkg,500,0,0.9576649477,0
1537371660,Prod-EcsStagingCluster-EcsCluster-1AAGQRFIOE9AE,Service_beiakkdem1vi3j5fejkg,500,0,0.0386598853,0
1537384380,Prod-EcsStagingCluster-EcsCluster-1AAGQRFIOE9AE,Service_beiakkdem1vi3j5fejkg,500,0,0.0373652930,0
1537348320,Prod-EcsStagingCluster-EcsCluster-1AAGQRFIOE9AE,Service_beiakkdem1vi3j5fejkg,500,0,0.8406711333,0
1537357800,Prod-EcsStagingCluster-EcsCluster-1AAGQRFIOE9AE,Service_beiakkdem1vi3j5fejkg,500,0,0.0415916860,0
1537364160,Prod-EcsStagingCluster-EcsCluster-1AAGQRFIOE9AE,Service_beiakkdem1vi3j5fejkg,500,0,0.0344869941,0
1537428900,Prod-EcsStagingCluster-EcsCluster-1AAGQRFIOE9AE,Service_beiakkdem1vi3j5fejkg,500,0,0.0349175608,0
1537415040,Prod-EcsStagingCluster-EcsCluster-1AAGQRFIOE9AE,Service_beiakkdem1vi3j5fejkg,500,0,0.0364543338,0
1537408680,Prod-EcsStagingCluster-EcsCluster-1AAGQRFIOE9AE,Service_beiakkdem1vi3j5fejkg,500,0,0.0366524339,0
1537363020,Prod-EcsStagingCluster-EcsCluster-1AAGQRFIOE9AE,Service_beiakkdem1vi3j5fejkg,500,0,0.0501025990,0
1537413900,Prod-EcsStagingCluster-EcsCluster-1AAGQRFIOE9AE,Service_beiakkdem1vi3j5fejkg,500,0,0.0365799548,0
1537394820,Prod-EcsStagingCluster-EcsCluster-1AAGQRFIOE9AE,Service_beiakkdem1vi3j5fejkg,500,0,0.0400180922,0
1537374600,Prod-EcsStagingCluster-EcsCluster-1AAGQRFIOE9AE,Service_beiakkdem1vi3j5fejkg,500,0,0.0390818930,0
1537380960,Prod-EcsStagingCluster-EcsCluster-1AAGQRFIOE9AE,Service_beiakkdem1vi3j5fejkg,500,0,0.0394507856,0
1537357560,Prod-EcsStagingCluster-EcsCluster-1AAGQRFIOE9AE,Service_beiakkdem1vi3j5fejkg,500,0,0.0351067733,0
1537363920,Prod-EcsStagingCluster-EcsCluster-1AAGQRFIOE9AE,Service_beiakkdem1vi3j5fejkg,500,0,0.0363854306,0
1537425480,Prod-EcsStagingCluster-EcsCluster-1AAGQRFIOE9AE,Service_beiakkdem1vi3j5fejkg,500,0,0.0351409956,0
1537379820,Prod-EcsStagingCluster-EcsCluster-1AAGQRFIOE9AE,Service_beiakkdem1vi3j5fejkg,500,0,0.0354944541,0
1537414800,Prod-EcsStagingCluster-EcsCluster-1AAGQRFIOE9AE,Service_beiakkdem1vi3j5fejkg,500,0,0.0361243302,0
1537408440,Prod-EcsStagingCluster-EcsCluster-1AAGQRFIOE9AE,Service_beiakkdem1vi3j5fejkg,500,0,0.2129297793,0
1537430700,Prod-EcsStagingCluster-EcsCluster-1AAGQRFIOE9AE,Service_beiakkdem1vi3j5fejkg,500,0,0.0413177185,0
1537394580,Prod-EcsStagingCluster-EcsCluster-1AAGQRFIOE9AE,Service_beiakkdem1vi3j5fejkg,500,0,0.0352135441,0
1537388220,Prod-EcsStagingCluster-EcsCluster-1AAGQRFIOE9AE,Service_beiakkdem1vi3j5fejkg,500,0,0.0474201470,0
1537374360,Prod-EcsStagingCluster-EcsCluster-1AAGQRFIOE9AE,Service_beiakkdem1vi3j5fejkg,500,0,0.0403077298,0
1537380720,Prod-EcsStagingCluster-EcsCluster-1AAGQRFIOE9AE,Service_beiakkdem1vi3j5fejkg,500,0,0.0380773673,0
1537425240,Prod-EcsStagingCluster-EcsCluster-1AAGQRFIOE9AE,Service_beiakkdem1vi3j5fejkg,500,0,0.0353830453,0
1537431600,Prod-EcsStagingCluster-EcsCluster-1AAGQRFIOE9AE,Service_beiakkdem1vi3j5fejkg,500,0,0.0378705497,0
1537354140,Prod-EcsStagingCluster-EcsCluster-1AAGQRFIOE9AE,Service_beiakkdem1vi3j5fejkg,500,0,0.0391075224,0
1537360500,Prod-EcsStagingCluster-EcsCluster-1AAGQRFIOE9AE,Service_beiakkdem1vi3j5fejkg,500,0,0.0378229036,0
1537411380,Prod-EcsStagingCluster-EcsCluster-1AAGQRFIOE9AE,Service_beiakkdem1vi3j5fejkg,500,0,0.0386495586,0
1537405020,Prod-EcsStagingCluster-EcsCluster-1AAGQRFIOE9AE,Service_beiakkdem1vi3j5fejkg,500,0,0.0367435910,0
1537358280,Prod-EcsStagingCluster-EcsCluster-1AAGQRFIOE9AE,Service_beiakkdem1vi3j5fejkg,500,0,0.0366535685,0
1537394340,Prod-EcsStagingCluster-EcsCluster-1AAGQRFIOE9AE,Service_beiakkdem1vi3j5fejkg,500,0,0.0356784380,0
1537364640,Prod-EcsStagingCluster-EcsCluster-1AAGQRFIOE9AE,Service_beiakkdem1vi3j5fejkg,500,0,0.0354731083,0
1537409160,Prod-EcsStagingCluster-EcsCluster-1AAGQRFIOE9AE,Service_beiakkdem1vi3j5fejkg,500,0,0.0382170010,0
1537415520,Prod-EcsStagingCluster-EcsCluster-1AAGQRFIOE9AE,Service_beiakkdem1vi3j5fejkg,500,0,0.0362581003,0
1537347600,Prod-EcsStagingCluster-EcsCluster-1AAGQRFIOE9AE,Service_beiakkdem1vi3j5fejkg,500,0,0.0354404912,0
1537398480,Prod-EcsStagingCluster-EcsCluster-1AAGQRFIOE9AE,Service_beiakkdem1vi3j5fejkg,500,0,0.0371439670,0
1537392120,Prod-EcsStagingCluster-EcsCluster-1AAGQRFIOE9AE,Service_beiakkdem1vi3j5fejkg,500,0,0.0395531116,0
1537379340,Prod-EcsStagingCluster-EcsCluster-1AAGQRFIOE9AE,Service_beiakkdem1vi3j5fejkg,500,0,0.0413367874,0
1537360260,Prod-EcsStagingCluster-EcsCluster-1AAGQRFIOE9AE,Service_beiakkdem1vi3j5fejkg,500,0,0.0403634878,0
1537411140,Prod-EcsStagingCluster-EcsCluster-1AAGQRFIOE9AE,Service_beiakkdem1vi3j5fejkg,500,0,0.9346456299,0
1537430220,Prod-EcsStagingCluster-EcsCluster-1AAGQRFIOE9AE,Service_beiakkdem1vi3j5fejkg,500,0,0.0384519887,0
1537358040,Prod-EcsStagingCluster-EcsCluster-1AAGQRFIOE9AE,Service_beiakkdem1vi3j5fejkg,500,0,0.0412299710,0
1537364400,Prod-EcsStagingCluster-EcsCluster-1AAGQRFIOE9AE,Service_beiakkdem1vi3j5fejkg,500,0,0.0346530257,0
1537408920,Prod-EcsStagingCluster-EcsCluster-1AAGQRFIOE9AE,Service_beiakkdem1vi3j5fejkg,500,0,0.0368106532,0
1537415280,Prod-EcsStagingCluster-EcsCluster-1AAGQRFIOE9AE,Service_beiakkdem1vi3j5fejkg,500,0,0.0369665355,0
1537396140,Prod-EcsStagingCluster-EcsCluster-1AAGQRFIOE9AE,Service_beiakkdem1vi3j5fejkg,500,0,0.0376389228,0
1537360020,Prod-EcsStagingCluster-EcsCluster-1AAGQRFIOE9AE,Service_beiakkdem1vi3j5fejkg,500,0,0.0356468876,0
1537353660,Prod-EcsStagingCluster-EcsCluster-1AAGQRFIOE9AE,Service_beiakkdem1vi3j5fejkg,500,0,0.0364947614,0
1537392840,Prod-EcsStagingCluster-EcsCluster-1AAGQRFIOE9AE,Service_beiakkdem1vi3j5fejkg,500,0,0.0354718728,0
1537404540,Prod-EcsStagingCluster-EcsCluster-1AAGQRFIOE9AE,Service_beiakkdem1vi3j5fejkg,500,0,0.0367938862,0
1537346160,Prod-EcsStagingCluster-EcsCluster-1AAGQRFIOE9AE,Service_beiakkdem1vi3j5fejkg,500,0,0.0392319784,0
1537375800,Prod-EcsStagingCluster-EcsCluster-1AAGQRFIOE9AE,Service_beiakkdem1vi3j5fejkg,500,0,0.0393097005,0
1537397040,Prod-EcsStagingCluster-EcsCluster-1AAGQRFIOE9AE,Service_beiakkdem1vi3j5fejkg,500,0,0.0357282217,0
1537370460,Prod-EcsStagingCluster-EcsCluster-1AAGQRFIOE9AE,Service_beiakkdem1vi3j5fejkg,500,0,0.0336961176,0
1537361940,Prod-EcsStagingCluster-EcsCluster-1AAGQRFIOE9AE,Service_beiakkdem1vi3j5fejkg,500,0,1.7807676710,0
1537426680,Prod-EcsStagingCluster-EcsCluster-1AAGQRFIOE9AE,Service_beiakkdem1vi3j5fejkg,500,0,0.0375331727,0
1537421340,Prod-EcsStagingCluster-EcsCluster-1AAGQRFIOE9AE,Service_beiakkdem1vi3j5fejkg,500,0,0.7092095162,0
1537412820,Prod-EcsStagingCluster-EcsCluster-1AAGQRFIOE9AE,Service_beiakkdem1vi3j5fejkg,500,0,0.0407795915,0
1537392600,Prod-EcsStagingCluster-EcsCluster-1AAGQRFIOE9AE,Service_beiakkdem1vi3j5fejkg,500,0,0.0369432038,0
1537345920,Prod-EcsStagingCluster-EcsCluster-1AAGQRFIOE9AE,Service_beiakkdem1vi3j5fejkg,500,0,0.0420895498,0
1537378740,Prod-EcsStagingCluster-EcsCluster-1AAGQRFIOE9AE,Service_beiakkdem1vi3j5fejkg,500,0,0.9443028736,0
1537396800,Prod-EcsStagingCluster-EcsCluster-1AAGQRFIOE9AE,Service_beiakkdem1vi3j5fejkg,500,0,0.0373504729,0
1537395660,Prod-EcsStagingCluster-EcsCluster-1AAGQRFIOE9AE,Service_beiakkdem1vi3j5fejkg,500,0,0.0337699485,0
1537429620,Prod-EcsStagingCluster-EcsCluster-1AAGQRFIOE9AE,Service_beiakkdem1vi3j5fejkg,500,0,0.0335981936,0
1537361700,Prod-EcsStagingCluster-EcsCluster-1AAGQRFIOE9AE,Service_beiakkdem1vi3j5fejkg,500,0,0.0352508524,0
1537412580,Prod-EcsStagingCluster-EcsCluster-1AAGQRFIOE9AE,Service_beiakkdem1vi3j5fejkg,500,0,0.0404547537,0
1537362720,Prod-EcsStagingCluster-EcsCluster-1AAGQRFIOE9AE,Service_beiakkdem1vi3j5fejkg,500,0,0.0372208222,0
1537413600,Prod-EcsStagingCluster-EcsCluster-1AAGQRFIOE9AE,Service_beiakkdem1vi3j5fejkg,500,0,0.0375835654,0
1537392360,Prod-EcsStagingCluster-EcsCluster-1AAGQRFIOE9AE,Service_beiakkdem1vi3j5fejkg,500,0,0.0362349098,0
1537345680,Prod-EcsStagingCluster-EcsCluster-1AAGQRFIOE9AE,Service_beiakkdem1vi3j5fejkg,500,0,0.0366959660,0
1537361580,Prod-EcsStagingCluster-EcsCluster-1AAGQRFIOE9AE,Service_beiakkdem1vi3j5fejkg,500,0,0.0353190567,0
1537410360,Prod-EcsStagingCluster-EcsCluster-1AAGQRFIOE9AE,Service_beiakkdem1vi3j5fejkg,500,0,0.0427690250,0
1537412460,Prod-EcsStagingCluster-EcsCluster-1AAGQRFIOE9AE,Service_beiakkdem1vi3j5fejkg,500,0,0.0397678989,0
1537378500,Prod-EcsStagingCluster-EcsCluster-1AAGQRFIOE9AE,Service_beiakkdem1vi3j5fejkg,500,0,0.0361861421,0
1537429380,Prod-EcsStagingCluster-EcsCluster-1AAGQRFIOE9AE,Service_beiakkdem1vi3j5fejkg,500,0,1.4246329259,0
1537369980,Prod-EcsStagingCluster-EcsCluster-1AAGQRFIOE9AE,Service_beiakkdem1vi3j5fejkg,500,0,1.9868794452,0
1537420860,Prod-EcsStagingCluster-EcsCluster-1AAGQRFIOE9AE,Service_beiakkdem1vi3j5fejkg,500,0,0.0371825809,0
1537376280,Prod-EcsStagingCluster-EcsCluster-1AAGQRFIOE9AE,Service_beiakkdem1vi3j5fejkg,500,0,0.0368359307,0
1537427160,Prod-EcsStagingCluster-EcsCluster-1AAGQRFIOE9AE,Service_beiakkdem1vi3j5fejkg,500,0,0.0382917323,0
1537380480,Prod-EcsStagingCluster-EcsCluster-1AAGQRFIOE9AE,Service_beiakkdem1vi3j5fejkg,500,0,1.8596687036,0
1537431360,Prod-EcsStagingCluster-EcsCluster-1AAGQRFIOE9AE,Service_beiakkdem1vi3j5fejkg,500,0,0.0390458920,0
1537386780,Prod-EcsStagingCluster-EcsCluster-1AAGQRFIOE9AE,Service_beiakkdem1vi3j5fejkg,500,0,0.0407229834,0
1537378260,Prod-EcsStagingCluster-EcsCluster-1AAGQRFIOE9AE,Service_beiakkdem1vi3j5fejkg,500,0,0.0360597602,0
1537346400,Prod-EcsStagingCluster-EcsCluster-1AAGQRFIOE9AE,Service_beiakkdem1vi3j5fejkg,500,0,0.0378709068,0
1537397280,Prod-EcsStagingCluster-EcsCluster-1AAGQRFIOE9AE,Service_beiakkdem1vi3j5fejkg,500,0,0.0355788243,0
1537429140,Prod-EcsStagingCluster-EcsCluster-1AAGQRFIOE9AE,Service_beiakkdem1vi3j5fejkg,500,0,0.9255018185,0
1537376040,Prod-EcsStagingCluster-EcsCluster-1AAGQRFIOE9AE,Service_beiakkdem1vi3j5fejkg,500,0,0.0365501119,0
1537380240,Prod-EcsStagingCluster-EcsCluster-1AAGQRFIOE9AE,Service_beiakkdem1vi3j5fejkg,500,0,0.0378498742,0
1537395060,Prod-EcsStagingCluster-EcsCluster-1AAGQRFIOE9AE,Service_beiakkdem1vi3j5fejkg,500,0,0.0391744434,0
1537361100,Prod-EcsStagingCluster-EcsCluster-1AAGQRFIOE9AE,Service_beiakkdem1vi3j5fejkg,500,0,0.0345111251,0
1537426920,Prod-EcsStagingCluster-EcsCluster-1AAGQRFIOE9AE,Service_beiakkdem1vi3j5fejkg,500,0,2.2008312515,0
1537431120,Prod-EcsStagingCluster-EcsCluster-1AAGQRFIOE9AE,Service_beiakkdem1vi3j5fejkg,500,0,0.0408474404,0
1537411980,Prod-EcsStagingCluster-EcsCluster-1AAGQRFIOE9AE,Service_beiakkdem1vi3j5fejkg,500,0,0.0383348895,0
1537378020,Prod-EcsStagingCluster-EcsCluster-1AAGQRFIOE9AE,Service_beiakkdem1vi3j5fejkg,500,0,0.6375087685,0
1537372680,Prod-EcsStagingCluster-EcsCluster-1AAGQRFIOE9AE,Service_beiakkdem1vi3j5fejkg,500,0,0.0387926703,0
1537379040,Prod-EcsStagingCluster-EcsCluster-1AAGQRFIOE9AE,Service_beiakkdem1vi3j5fejkg,500,0,0.0374718648,0
1537424700,Prod-EcsStagingCluster-EcsCluster-1AAGQRFIOE9AE,Service_beiakkdem1vi3j5fejkg,500,0,0.0332874692,0
1537359960,Prod-EcsStagingCluster-EcsCluster-1AAGQRFIOE9AE,Service_beiakkdem1vi3j5fejkg,500,0,0.0375301752,0
1537366320,Prod-EcsStagingCluster-EcsCluster-1AAGQRFIOE9AE,Service_beiakkdem1vi3j5fejkg,500,0,1.0719781913,0
1537410840,Prod-EcsStagingCluster-EcsCluster-1AAGQRFIOE9AE,Service_beiakkdem1vi3j5fejkg,500,0,0.0434583547,0
1537429920,Prod-EcsStagingCluster-EcsCluster-1AAGQRFIOE9AE,Service_beiakkdem1vi3j5fejkg,500,0,0.0346259997,0
1537423560,Prod-EcsStagingCluster-EcsCluster-1AAGQRFIOE9AE,Service_beiakkdem1vi3j5fejkg,500,0,0.0333560255,0
1537417200,Prod-EcsStagingCluster-EcsCluster-1AAGQRFIOE9AE,Service_beiakkdem1vi3j5fejkg,500,0,0.0408226559,0
1537390620,Prod-EcsStagingCluster-EcsCluster-1AAGQRFIOE9AE,Service_beiakkdem1vi3j5fejkg,500,0,0.0387240581,0
1537377900,Prod-EcsStagingCluster-EcsCluster-1AAGQRFIOE9AE,Service_beiakkdem1vi3j5fejkg,500,0,0.0373416658,0
1537428780,Prod-EcsStagingCluster-EcsCluster-1AAGQRFIOE9AE,Service_beiakkdem1vi3j5fejkg,500,0,1.6853262469,0
1537379940,Prod-EcsStagingCluster-EcsCluster-1AAGQRFIOE9AE,Service_beiakkdem1vi3j5fejkg,500,0,0.0382242940,0
1537392660,Prod-EcsStagingCluster-EcsCluster-1AAGQRFIOE9AE,Service_beiakkdem1vi3j5fejkg,500,0,0.0368488153,0
1537430820,Prod-EcsStagingCluster-EcsCluster-1AAGQRFIOE9AE,Service_beiakkdem1vi3j5fejkg,500,0,0.0397309292,0
1537358580,Prod-EcsStagingCluster-EcsCluster-1AAGQRFIOE9AE,Service_beiakkdem1vi3j5fejkg,500,0,0.0345429516,0
1537345860,Prod-EcsStagingCluster-EcsCluster-1AAGQRFIOE9AE,Service_beiakkdem1vi3j5fejkg,500,0,1.3515431331,0
1537409460,Prod-EcsStagingCluster-EcsCluster-1AAGQRFIOE9AE,Service_beiakkdem1vi3j5fejkg,500,0,0.0376981577,0
1537396740,Prod-EcsStagingCluster-EcsCluster-1AAGQRFIOE9AE,Service_beiakkdem1vi3j5fejkg,500,0,0.9364336749,0
1537359480,Prod-EcsStagingCluster-EcsCluster-1AAGQRFIOE9AE,Service_beiakkdem1vi3j5fejkg,500,0,1.4371317574,0
1537378560,Prod-EcsStagingCluster-EcsCluster-1AAGQRFIOE9AE,Service_beiakkdem1vi3j5fejkg,500,0,0.0357526712,0
1537365840,Prod-EcsStagingCluster-EcsCluster-1AAGQRFIOE9AE,Service_beiakkdem1vi3j5fejkg,500,0,0.0414842740,0
1537372200,Prod-EcsStagingCluster-EcsCluster-1AAGQRFIOE9AE,Service_beiakkdem1vi3j5fejkg,500,0,0.0392304501,0
1537377420,Prod-EcsStagingCluster-EcsCluster-1AAGQRFIOE9AE,Service_beiakkdem1vi3j5fejkg,500,0,1.2703781780,0
1537390140,Prod-EcsStagingCluster-EcsCluster-1AAGQRFIOE9AE,Service_beiakkdem1vi3j5fejkg,500,0,0.0403469115,0
1537428300,Prod-EcsStagingCluster-EcsCluster-1AAGQRFIOE9AE,Service_beiakkdem1vi3j5fejkg,500,0,0.0375846159,0
1537356060,Prod-EcsStagingCluster-EcsCluster-1AAGQRFIOE9AE,Service_beiakkdem1vi3j5fejkg,500,0,0.0382171395,0
1537406940,Prod-EcsStagingCluster-EcsCluster-1AAGQRFIOE9AE,Service_beiakkdem1vi3j5fejkg,500,0,0.0427961524,0
1537394220,Prod-EcsStagingCluster-EcsCluster-1AAGQRFIOE9AE,Service_beiakkdem1vi3j5fejkg,500,0,0.0342405672,0
1537345380,Prod-EcsStagingCluster-EcsCluster-1AAGQRFIOE9AE,Service_beiakkdem1vi3j5fejkg,500,0,0.0357143122,0
1537358100,Prod-EcsStagingCluster-EcsCluster-1AAGQRFIOE9AE,Service_beiakkdem1vi3j5fejkg,500,0,0.0403752316,0
1537396260,Prod-EcsStagingCluster-EcsCluster-1AAGQRFIOE9AE,Service_beiakkdem1vi3j5fejkg,500,0,0.0370767072,0
1537408980,Prod-EcsStagingCluster-EcsCluster-1AAGQRFIOE9AE,Service_beiakkdem1vi3j5fejkg,500,0,0.5416835630,0
1537362240,Prod-EcsStagingCluster-EcsCluster-1AAGQRFIOE9AE,Service_beiakkdem1vi3j5fejkg,500,0,0.0321206947,0
1537349520,Prod-EcsStagingCluster-EcsCluster-1AAGQRFIOE9AE,Service_beiakkdem1vi3j5fejkg,500,0,0.0386220067,0
1537355880,Prod-EcsStagingCluster-EcsCluster-1AAGQRFIOE9AE,Service_beiakkdem1vi3j5fejkg,500,0,0.0394240171,0
1537400400,Prod-EcsStagingCluster-EcsCluster-1AAGQRFIOE9AE,Service_beiakkdem1vi3j5fejkg,500,0,0.0426232522,0
1537394040,Prod-EcsStagingCluster-EcsCluster-1AAGQRFIOE9AE,Service_beiakkdem1vi3j5fejkg,500,0,0.0319189033,0
1537374900,Prod-EcsStagingCluster-EcsCluster-1AAGQRFIOE9AE,Service_beiakkdem1vi3j5fejkg,500,0,1.6960179092,0
1537413120,Prod-EcsStagingCluster-EcsCluster-1AAGQRFIOE9AE,Service_beiakkdem1vi3j5fejkg,500,0,0.0371105241,0
1537406760,Prod-EcsStagingCluster-EcsCluster-1AAGQRFIOE9AE,Service_beiakkdem1vi3j5fejkg,500,0,0.0409398453,0
1537362180,Prod-EcsStagingCluster-EcsCluster-1AAGQRFIOE9AE,Service_beiakkdem1vi3j5fejkg,500,0,0.0329302395,0
1537413060,Prod-EcsStagingCluster-EcsCluster-1AAGQRFIOE9AE,Service_beiakkdem1vi3j5fejkg,500,0,0.0374881801,0
1537425780,Prod-EcsStagingCluster-EcsCluster-1AAGQRFIOE9AE,Service_beiakkdem1vi3j5fejkg,500,0,0.0371396357,0
1537410900,Prod-EcsStagingCluster-EcsCluster-1AAGQRFIOE9AE,Service_beiakkdem1vi3j5fejkg,500,0,1.2429393423,0
1537382160,Prod-EcsStagingCluster-EcsCluster-1AAGQRFIOE9AE,Service_beiakkdem1vi3j5fejkg,500,0,0.0332576833,0
1537376820,Prod-EcsStagingCluster-EcsCluster-1AAGQRFIOE9AE,Service_beiakkdem1vi3j5fejkg,500,0,1.1619109351,0
1537394880,Prod-EcsStagingCluster-EcsCluster-1AAGQRFIOE9AE,Service_beiakkdem1vi3j5fejkg,500,0,0.0372908399,0
1537364100,Prod-EcsStagingCluster-EcsCluster-1AAGQRFIOE9AE,Service_beiakkdem1vi3j5fejkg,500,0,0.0351340026,0
1537355580,Prod-EcsStagingCluster-EcsCluster-1AAGQRFIOE9AE,Service_beiakkdem1vi3j5fejkg,500,0,0.0367801174,0
1537393740,Prod-EcsStagingCluster-EcsCluster-1AAGQRFIOE9AE,Service_beiakkdem1vi3j5fejkg,500,0,0.0325501598,0
1537427700,Prod-EcsStagingCluster-EcsCluster-1AAGQRFIOE9AE,Service_beiakkdem1vi3j5fejkg,500,0,0.0396646761,0
1537414980,Prod-EcsStagingCluster-EcsCluster-1AAGQRFIOE9AE,Service_beiakkdem1vi3j5fejkg,500,0,0.0350904737,0
1537348080,Prod-EcsStagingCluster-EcsCluster-1AAGQRFIOE9AE,Service_beiakkdem1vi3j5fejkg,500,0,0.0366707153,0
1537360800,Prod-EcsStagingCluster-EcsCluster-1AAGQRFIOE9AE,Service_beiakkdem1vi3j5fejkg,500,0,0.0369864671,0
1537406460,Prod-EcsStagingCluster-EcsCluster-1AAGQRFIOE9AE,Service_beiakkdem1vi3j5fejkg,500,0,0.0327902725,0
1537411680,Prod-EcsStagingCluster-EcsCluster-1AAGQRFIOE9AE,Service_beiakkdem1vi3j5fejkg,500,0,0.0358541629,0
1537377720,Prod-EcsStagingCluster-EcsCluster-1AAGQRFIOE9AE,Service_beiakkdem1vi3j5fejkg,500,0,0.0379842209,0
1537398960,Prod-EcsStagingCluster-EcsCluster-1AAGQRFIOE9AE,Service_beiakkdem1vi3j5fejkg,500,0,0.0363118292,0
1537372380,Prod-EcsStagingCluster-EcsCluster-1AAGQRFIOE9AE,Service_beiakkdem1vi3j5fejkg,500,0,0.0380201655,0
1537390440,Prod-EcsStagingCluster-EcsCluster-1AAGQRFIOE9AE,Service_beiakkdem1vi3j5fejkg,500,0,0.0409361847,0
1537359660,Prod-EcsStagingCluster-EcsCluster-1AAGQRFIOE9AE,Service_beiakkdem1vi3j5fejkg,500,0,0.0365508614,0
1537410540,Prod-EcsStagingCluster-EcsCluster-1AAGQRFIOE9AE,Service_beiakkdem1vi3j5fejkg,500,0,0.0425402169,0
1537428600,Prod-EcsStagingCluster-EcsCluster-1AAGQRFIOE9AE,Service_beiakkdem1vi3j5fejkg,500,0,0.0373802511,0
1537423260,Prod-EcsStagingCluster-EcsCluster-1AAGQRFIOE9AE,Service_beiakkdem1vi3j5fejkg,500,0,0.2097634077,0
1537356360,Prod-EcsStagingCluster-EcsCluster-1AAGQRFIOE9AE,Service_beiakkdem1vi3j5fejkg,500,0,1.3755214697,0
1537407240,Prod-EcsStagingCluster-EcsCluster-1AAGQRFIOE9AE,Service_beiakkdem1vi3j5fejkg,500,0,0.0365407522,0
1537394520,Prod-EcsStagingCluster-EcsCluster-1AAGQRFIOE9AE,Service_beiakkdem1vi3j5fejkg,500,0,0.0346436536,0
1537416720,Prod-EcsStagingCluster-EcsCluster-1AAGQRFIOE9AE,Service_beiakkdem1vi3j5fejkg,500,0,0.0364639610,0
1537429440,Prod-EcsStagingCluster-EcsCluster-1AAGQRFIOE9AE,Service_beiakkdem1vi3j5fejkg,500,0,0.0357044636,0
1537363620,Prod-EcsStagingCluster-EcsCluster-1AAGQRFIOE9AE,Service_beiakkdem1vi3j5fejkg,500,0,0.0326990829,0
1537376340,Prod-EcsStagingCluster-EcsCluster-1AAGQRFIOE9AE,Service_beiakkdem1vi3j5fejkg,500,0,0.0368240851,0
1537414500,Prod-EcsStagingCluster-EcsCluster-1AAGQRFIOE9AE,Service_beiakkdem1vi3j5fejkg,500,0,0.0370055762,0
1537395360,Prod-EcsStagingCluster-EcsCluster-1AAGQRFIOE9AE,Service_beiakkdem1vi3j5fejkg,500,0,0.9533649435,0
1537361400,Prod-EcsStagingCluster-EcsCluster-1AAGQRFIOE9AE,Service_beiakkdem1vi3j5fejkg,500,0,0.0370725856,0
1537427220,Prod-EcsStagingCluster-EcsCluster-1AAGQRFIOE9AE,Service_beiakkdem1vi3j5fejkg,500,0,0.0371791858,0
1537382640,Prod-EcsStagingCluster-EcsCluster-1AAGQRFIOE9AE,Service_beiakkdem1vi3j5fejkg,500,0,0.0400935662,0
1537374120,Prod-EcsStagingCluster-EcsCluster-1AAGQRFIOE9AE,Service_beiakkdem1vi3j5fejkg,500,0,0.0357324553,0
1537412280,Prod-EcsStagingCluster-EcsCluster-1AAGQRFIOE9AE,Service_beiakkdem1vi3j5fejkg,500,0,0.0396376087,0
1537393140,Prod-EcsStagingCluster-EcsCluster-1AAGQRFIOE9AE,Service_beiakkdem1vi3j5fejkg,500,0,0.9417676142,0
1537359180,Prod-EcsStagingCluster-EcsCluster-1AAGQRFIOE9AE,Service_beiakkdem1vi3j5fejkg,500,0,0.0372346048,0
1537425000,Prod-EcsStagingCluster-EcsCluster-1AAGQRFIOE9AE,Service_beiakkdem1vi3j5fejkg,500,0,0.0336123909,0
1537380420,Prod-EcsStagingCluster-EcsCluster-1AAGQRFIOE9AE,Service_beiakkdem1vi3j5fejkg,500,0,0.0377783604,0
1537431300,Prod-EcsStagingCluster-EcsCluster-1AAGQRFIOE9AE,Service_beiakkdem1vi3j5fejkg,500,0,0.0397053964,0
1537371900,Prod-EcsStagingCluster-EcsCluster-1AAGQRFIOE9AE,Service_beiakkdem1vi3j5fejkg,500,0,0.0403815278,0
1537410060,Prod-EcsStagingCluster-EcsCluster-1AAGQRFIOE9AE,Service_beiakkdem1vi3j5fejkg,500,0,0.0375323594,0
1537422780,Prod-EcsStagingCluster-EcsCluster-1AAGQRFIOE9AE,Service_beiakkdem1vi3j5fejkg,500,0,0.0399063954,0
1537390920,Prod-EcsStagingCluster-EcsCluster-1AAGQRFIOE9AE,Service_beiakkdem1vi3j5fejkg,500,0,0.0364760768,0
1537378200,Prod-EcsStagingCluster-EcsCluster-1AAGQRFIOE9AE,Service_beiakkdem1vi3j5fejkg,500,0,0.0365444764,0
1537429080,Prod-EcsStagingCluster-EcsCluster-1AAGQRFIOE9AE,Service_beiakkdem1vi3j5fejkg,500,0,0.0340981905,0
1537388700,Prod-EcsStagingCluster-EcsCluster-1AAGQRFIOE9AE,Service_beiakkdem1vi3j5fejkg,500,0,27.0743169805,0
1537375980,Prod-EcsStagingCluster-EcsCluster-1AAGQRFIOE9AE,Service_beiakkdem1vi3j5fejkg,500,0,0.0366393437,0
1537350300,Prod-EcsStagingCluster-EcsCluster-1AAGQRFIOE9AE,Service_beiakkdem1vi3j5fejl0,500,2,0.1214752405,0
1537353480,Prod-EcsStagingCluster-EcsCluster-1AAGQRFIOE9AE,Service_beiakkdem1vi3j5fejl0,500,2,0.1225797429,0
1537356660,Prod-EcsStagingCluster-EcsCluster-1AAGQRFIOE9AE,Service_beiakkdem1vi3j5fejl0,500,2,0.1189261402,0
1537359840,Prod-EcsStagingCluster-EcsCluster-1AAGQRFIOE9AE,Service_beiakkdem1vi3j5fejl0,500,2,0.1201169950,0
1537378920,Prod-EcsStagingCluster-EcsCluster-1AAGQRFIOE9AE,Service_beiakkdem1vi3j5fejl0,500,2,0.1321584058,0
1537382100,Prod-EcsStagingCluster-EcsCluster-1AAGQRFIOE9AE,Service_beiakkdem1vi3j5fejl0,500,2,0.1177084726,0
1537385280,Prod-EcsStagingCluster-EcsCluster-1AAGQRFIOE9AE,Service_beiakkdem1vi3j5fejl0,500,2,0.1180453768,0
1537375740,Prod-EcsStagingCluster-EcsCluster-1AAGQRFIOE9AE,Service_beiakkdem1vi3j5fejl0,500,2,0.1150684712,0
1537409580,Prod-EcsStagingCluster-EcsCluster-1AAGQRFIOE9AE,Service_beiakkdem1vi3j5fejl0,500,2,0.1507812502,0
1537412760,Prod-EcsStagingCluster-EcsCluster-1AAGQRFIOE9AE,Service_beiakkdem1vi3j5fejl0,500,2,0.1210130582,0
1537415940,Prod-EcsStagingCluster-EcsCluster-1AAGQRFIOE9AE,Service_beiakkdem1vi3j5fejl0,500,2,0.5572538105,0
1537419120,Prod-EcsStagingCluster-EcsCluster-1AAGQRFIOE9AE,Service_beiakkdem1vi3j5fejl0,500,2,0.1488936058,0
1537393440,Prod-EcsStagingCluster-EcsCluster-1AAGQRFIOE9AE,Service_beiakkdem1vi3j5fejl0,500,2,0.1186829080,0
1537390260,Prod-EcsStagingCluster-EcsCluster-1AAGQRFIOE9AE,Service_beiakkdem1vi3j5fejl0,500,2,0.1281207943,0
1537383900,Prod-EcsStagingCluster-EcsCluster-1AAGQRFIOE9AE,Service_beiakkdem1vi3j5fejl0,500,2,0.1190759076,0
1537387080,Prod-EcsStagingCluster-EcsCluster-1AAGQRFIOE9AE,Service_beiakkdem1vi3j5fejl0,500,2,0.1226282201,0
1537415700,Prod-EcsStagingCluster-EcsCluster-1AAGQRFIOE9AE,Service_beiakkdem1vi3j5fejl0,500,2,0.1226863247,0
1537418880,Prod-EcsStagingCluster-EcsCluster-1AAGQRFIOE9AE,Service_beiakkdem1vi3j5fejl0,500,2,0.1482679535,0
1537347780,Prod-EcsStagingCluster-EcsCluster-1AAGQRFIOE9AE,Service_beiakkdem1vi3j5fejl0,500,2,0.1144570903,0
1537350960,Prod-EcsStagingCluster-EcsCluster-1AAGQRFIOE9AE,Service_beiakkdem1vi3j5fejl0,500,2,0.1272219510,0
1537409340,Prod-EcsStagingCluster-EcsCluster-1AAGQRFIOE9AE,Service_beiakkdem1vi3j5fejl0,500,2,0.1369548492,0
1537412520,Prod-EcsStagingCluster-EcsCluster-1AAGQRFIOE9AE,Service_beiakkdem1vi3j5fejl0,500,2,0.1210270411,0
1537373220,Prod-EcsStagingCluster-EcsCluster-1AAGQRFIOE9AE,Service_beiakkdem1vi3j5fejl0,500,2,0.1145242957,0
1537366860,Prod-EcsStagingCluster-EcsCluster-1AAGQRFIOE9AE,Service_beiakkdem1vi3j5fejl0,500,2,0.1079186197,0
1537394400,Prod-EcsStagingCluster-EcsCluster-1AAGQRFIOE9AE,Service_beiakkdem1vi3j5fejl0,500,2,0.1188293166,0
1537388040,Prod-EcsStagingCluster-EcsCluster-1AAGQRFIOE9AE,Service_beiakkdem1vi3j5fejl0,500,2,0.1329716055,0
1537419840,Prod-EcsStagingCluster-EcsCluster-1AAGQRFIOE9AE,Service_beiakkdem1vi3j5fejl0,500,2,0.1390658114,0
1537351920,Prod-EcsStagingCluster-EcsCluster-1AAGQRFIOE9AE,Service_beiakkdem1vi3j5fejl0,500,2,0.1182224593,0
1537413480,Prod-EcsStagingCluster-EcsCluster-1AAGQRFIOE9AE,Service_beiakkdem1vi3j5fejl0,500,2,0.1377957062,0
1537345560,Prod-EcsStagingCluster-EcsCluster-1AAGQRFIOE9AE,Service_beiakkdem1vi3j5fejl0,500,2,0.1119583986,0
1537377360,Prod-EcsStagingCluster-EcsCluster-1AAGQRFIOE9AE,Service_beiakkdem1vi3j5fejl0,500,2,0.1315123478,0
1537371000,Prod-EcsStagingCluster-EcsCluster-1AAGQRFIOE9AE,Service_beiakkdem1vi3j5fejl0,500,2,0.1094243437,0
1537347540,Prod-EcsStagingCluster-EcsCluster-1AAGQRFIOE9AE,Service_beiakkdem1vi3j5fejl0,500,2,0.1135068168,0
1537345320,Prod-EcsStagingCluster-EcsCluster-1AAGQRFIOE9AE,Service_beiakkdem1vi3j5fejl0,500,2,0.1083040598,0
1537417500,Prod-EcsStagingCluster-EcsCluster-1AAGQRFIOE9AE,Service_beiakkdem1vi3j5fejl0,500,2,0.1568289335,0
1537423860,Prod-EcsStagingCluster-EcsCluster-1AAGQRFIOE9AE,Service_beiakkdem1vi3j5fejl0,500,2,0.1431691673,0
1537351680,Prod-EcsStagingCluster-EcsCluster-1AAGQRFIOE9AE,Service_beiakkdem1vi3j5fejl0,500,2,0.1183494202,0
1537375020,Prod-EcsStagingCluster-EcsCluster-1AAGQRFIOE9AE,Service_beiakkdem1vi3j5fejl0,500,2,0.1166906832,0
1537381380,Prod-EcsStagingCluster-EcsCluster-1AAGQRFIOE9AE,Service_beiakkdem1vi3j5fejl0,500,2,0.1112408207,0
1537400460,Prod-EcsStagingCluster-EcsCluster-1AAGQRFIOE9AE,Service_beiakkdem1vi3j5fejl0,500,2,0.1313635009,0
1537406820,Prod-EcsStagingCluster-EcsCluster-1AAGQRFIOE9AE,Service_beiakkdem1vi3j5fejl0,500,2,0.2831584004,0
1537428000,Prod-EcsStagingCluster-EcsCluster-1AAGQRFIOE9AE,Service_beiakkdem1vi3j5fejl0,500,2,0.1061631616,0
1537421640,Prod-EcsStagingCluster-EcsCluster-1AAGQRFIOE9AE,Service_beiakkdem1vi3j5fejl0,500,2,0.1126912617,0
1537385520,Prod-EcsStagingCluster-EcsCluster-1AAGQRFIOE9AE,Service_beiakkdem1vi3j5fejl0,500,2,0.1189552272,0
1537379160,Prod-EcsStagingCluster-EcsCluster-1AAGQRFIOE9AE,Service_beiakkdem1vi3j5fejl0,500,2,0.1177469600,0
1537404600,Prod-EcsStagingCluster-EcsCluster-1AAGQRFIOE9AE,Service_beiakkdem1vi3j5fejl0,500,2,0.1038731952,0
1537410960,Prod-EcsStagingCluster-EcsCluster-1AAGQRFIOE9AE,Service_beiakkdem1vi3j5fejl0,500,2,0.1291363991,0
1537358880,Prod-EcsStagingCluster-EcsCluster-1AAGQRFIOE9AE,Service_beiakkdem1vi3j5fejl0,500,2,0.1190666489,0
1537349340,Prod-EcsStagingCluster-EcsCluster-1AAGQRFIOE9AE,Service_beiakkdem1vi3j5fejl0,500,2,0.1322365206,15
1537380120,Prod-EcsStagingCluster-EcsCluster-1AAGQRFIOE9AE,Service_beiakkdem1vi3j5fejl0,500,2,0.1302420223,0
1537383300,Prod-EcsStagingCluster-EcsCluster-1AAGQRFIOE9AE,Service_beiakkdem1vi3j5fejl0,500,2,0.1215240841,0
1537384320,Prod-EcsStagingCluster-EcsCluster-1AAGQRFIOE9AE,Service_beiakkdem1vi3j5fejl0,500,2,0.1228629385,0
1537405560,Prod-EcsStagingCluster-EcsCluster-1AAGQRFIOE9AE,Service_beiakkdem1vi3j5fejl0,500,2,0.1170687517,0
1537408740,Prod-EcsStagingCluster-EcsCluster-1AAGQRFIOE9AE,Service_beiakkdem1vi3j5fejl0,500,2,0.1486002978,0
1537374780,Prod-EcsStagingCluster-EcsCluster-1AAGQRFIOE9AE,Service_beiakkdem1vi3j5fejl0,500,2,0.1137018914,0
1537408620,Prod-EcsStagingCluster-EcsCluster-1AAGQRFIOE9AE,Service_beiakkdem1vi3j5fejl0,500,2,0.1457116589,0
1537418160,Prod-EcsStagingCluster-EcsCluster-1AAGQRFIOE9AE,Service_beiakkdem1vi3j5fejl0,500,2,0.1490956303,0
1537354440,Prod-EcsStagingCluster-EcsCluster-1AAGQRFIOE9AE,Service_beiakkdem1vi3j5fejl0,500,2,0.1172547129,0
1537357620,Prod-EcsStagingCluster-EcsCluster-1AAGQRFIOE9AE,Service_beiakkdem1vi3j5fejl0,500,2,0.1245768136,0
1537379880,Prod-EcsStagingCluster-EcsCluster-1AAGQRFIOE9AE,Service_beiakkdem1vi3j5fejl0,500,2,0.1288042294,0
1537383060,Prod-EcsStagingCluster-EcsCluster-1AAGQRFIOE9AE,Service_beiakkdem1vi3j5fejl0,500,2,0.1181439684,0
1537392480,Prod-EcsStagingCluster-EcsCluster-1AAGQRFIOE9AE,Service_beiakkdem1vi3j5fejl0,500,2,0.1195909312,0
1537413720,Prod-EcsStagingCluster-EcsCluster-1AAGQRFIOE9AE,Service_beiakkdem1vi3j5fejl0,500,2,0.1202469212,0
1537416900,Prod-EcsStagingCluster-EcsCluster-1AAGQRFIOE9AE,Service_beiakkdem1vi3j5fejl0,500,2,0.1198071214,0
1537382940,Prod-EcsStagingCluster-EcsCluster-1AAGQRFIOE9AE,Service_beiakkdem1vi3j5fejl0,500,2,0.1205283538,0
1537417920,Prod-EcsStagingCluster-EcsCluster-1AAGQRFIOE9AE,Service_beiakkdem1vi3j5fejl0,500,2,0.1529652970,0
1537350000,Prod-EcsStagingCluster-EcsCluster-1AAGQRFIOE9AE,Service_beiakkdem1vi3j5fejl0,500,2,0.1180739368,0
1537408380,Prod-EcsStagingCluster-EcsCluster-1AAGQRFIOE9AE,Service_beiakkdem1vi3j5fejl0,500,2,0.1472835609,0
1537375440,Prod-EcsStagingCluster-EcsCluster-1AAGQRFIOE9AE,Service_beiakkdem1vi3j5fejl0,500,2,0.1264525587,0
1537365900,Prod-EcsStagingCluster-EcsCluster-1AAGQRFIOE9AE,Service_beiakkdem1vi3j5fejl0,500,2,0.1333945831,0
1537376400,Prod-EcsStagingCluster-EcsCluster-1AAGQRFIOE9AE,Service_beiakkdem1vi3j5fejl0,500,2,0.1298967527,0
1537391220,Prod-EcsStagingCluster-EcsCluster-1AAGQRFIOE9AE,Service_beiakkdem1vi3j5fejl0,500,2,0.1204858238,0
1537416660,Prod-EcsStagingCluster-EcsCluster-1AAGQRFIOE9AE,Service_beiakkdem1vi3j5fejl0,500,2,0.1158585333,0
1537348740,Prod-EcsStagingCluster-EcsCluster-1AAGQRFIOE9AE,Service_beiakkdem1vi3j5fejl0,500,2,0.1364865192,0
1537374180,Prod-EcsStagingCluster-EcsCluster-1AAGQRFIOE9AE,Service_beiakkdem1vi3j5fejl0,500,2,0.1149438252,0
1537389000,Prod-EcsStagingCluster-EcsCluster-1AAGQRFIOE9AE,Service_beiakkdem1vi3j5fejl0,500,2,0.1286952973,0
1537346520,Prod-EcsStagingCluster-EcsCluster-1AAGQRFIOE9AE,Service_beiakkdem1vi3j5fejl0,500,2,0.1134422537,0
1537414440,Prod-EcsStagingCluster-EcsCluster-1AAGQRFIOE9AE,Service_beiakkdem1vi3j5fejl0,500,2,0.1204383660,0
1537371960,Prod-EcsStagingCluster-EcsCluster-1AAGQRFIOE9AE,Service_beiakkdem1vi3j5fejl0,500,2,0.1091191584,0
1537416540,Prod-EcsStagingCluster-EcsCluster-1AAGQRFIOE9AE,Service_beiakkdem1vi3j5fejl0,500,2,0.1175651289,0
1537350720,Prod-EcsStagingCluster-EcsCluster-1AAGQRFIOE9AE,Service_beiakkdem1vi3j5fejl0,500,2,0.1300414387,0
1537374060,Prod-EcsStagingCluster-EcsCluster-1AAGQRFIOE9AE,Service_beiakkdem1vi3j5fejl0,500,2,0.1134766649,0
1537399500,Prod-EcsStagingCluster-EcsCluster-1AAGQRFIOE9AE,Service_beiakkdem1vi3j5fejl0,500,2,0.1293598847,0
1537348500,Prod-EcsStagingCluster-EcsCluster-1AAGQRFIOE9AE,Service_beiakkdem1vi3j5fejl0,500,2,0.1148961785,0
1537427040,Prod-EcsStagingCluster-EcsCluster-1AAGQRFIOE9AE,Service_beiakkdem1vi3j5fejl0,500,2,0.1367502114,0
1537384560,Prod-EcsStagingCluster-EcsCluster-1AAGQRFIOE9AE,Service_beiakkdem1vi3j5fejl0,500,2,0.1217072684,0
1537410000,Prod-EcsStagingCluster-EcsCluster-1AAGQRFIOE9AE,Service_beiakkdem1vi3j5fejl0,500,2,0.1457310311,0
1537346280,Prod-EcsStagingCluster-EcsCluster-1AAGQRFIOE9AE,Service_beiakkdem1vi3j5fejl0,500,2,0.1169728258,0
1537424820,Prod-EcsStagingCluster-EcsCluster-1AAGQRFIOE9AE,Service_beiakkdem1vi3j5fejl0,500,2,0.1158450929,0
1537348380,Prod-EcsStagingCluster-EcsCluster-1AAGQRFIOE9AE,Service_beiakkdem1vi3j5fejl0,500,2,0.1108005029,0
1537382340,Prod-EcsStagingCluster-EcsCluster-1AAGQRFIOE9AE,Service_beiakkdem1vi3j5fejl0,500,2,0.1078410666,0
1537407780,Prod-EcsStagingCluster-EcsCluster-1AAGQRFIOE9AE,Service_beiakkdem1vi3j5fejl0,500,2,0.1185111670,0
1537373820,Prod-EcsStagingCluster-EcsCluster-1AAGQRFIOE9AE,Service_beiakkdem1vi3j5fejl0,500,2,0.1132785303,0
1537422600,Prod-EcsStagingCluster-EcsCluster-1AAGQRFIOE9AE,Service_beiakkdem1vi3j5fejl0,500,2,0.1175034708,0
1537407660,Prod-EcsStagingCluster-EcsCluster-1AAGQRFIOE9AE,Service_beiakkdem1vi3j5fejl0,500,2,0.1269105454,0
1537420380,Prod-EcsStagingCluster-EcsCluster-1AAGQRFIOE9AE,Service_beiakkdem1vi3j5fejl0,500,2,0.1649962903,0
1537387440,Prod-EcsStagingCluster-EcsCluster-1AAGQRFIOE9AE,Service_beiakkdem1vi3j5fejl0,500,2,0.1209793635,0
1537381080,Prod-EcsStagingCluster-EcsCluster-1AAGQRFIOE9AE,Service_beiakkdem1vi3j5fejl0,500,2,0.1091476903,0
1537384260,Prod-EcsStagingCluster-EcsCluster-1AAGQRFIOE9AE,Service_beiakkdem1vi3j5fejl0,500,2,0.1202229321,0
1537412880,Prod-EcsStagingCluster-EcsCluster-1AAGQRFIOE9AE,Service_beiakkdem1vi3j5fejl0,500,2,0.1202442385,0
1537406520,Prod-EcsStagingCluster-EcsCluster-1AAGQRFIOE9AE,Service_beiakkdem1vi3j5fejl0,500,2,0.1231758368,0
1537409700,Prod-EcsStagingCluster-EcsCluster-1AAGQRFIOE9AE,Service_beiakkdem1vi3j5fejl0,500,2,0.1717846375,0
1537391520,Prod-EcsStagingCluster-EcsCluster-1AAGQRFIOE9AE,Service_beiakkdem1vi3j5fejl0,500,2,0.1215383117,0
1537385160,Prod-EcsStagingCluster-EcsCluster-1AAGQRFIOE9AE,Service_beiakkdem1vi3j5fejl0,500,2,0.1085509366,0
1537388340,Prod-EcsStagingCluster-EcsCluster-1AAGQRFIOE9AE,Service_beiakkdem1vi3j5fejl0,500,2,0.1323132732,0
1537416960,Prod-EcsStagingCluster-EcsCluster-1AAGQRFIOE9AE,Service_beiakkdem1vi3j5fejl0,500,2,0.1334213769,0
1537352220,Prod-EcsStagingCluster-EcsCluster-1AAGQRFIOE9AE,Service_beiakkdem1vi3j5fejl0,500,2,0.1149232523,0
1537410600,Prod-EcsStagingCluster-EcsCluster-1AAGQRFIOE9AE,Service_beiakkdem1vi3j5fejl0,500,2,0.1474754093,0
1537413780,Prod-EcsStagingCluster-EcsCluster-1AAGQRFIOE9AE,Service_beiakkdem1vi3j5fejl0,500,2,0.1181876507,0
1537377660,Prod-EcsStagingCluster-EcsCluster-1AAGQRFIOE9AE,Service_beiakkdem1vi3j5fejl0,500,2,0.1434638984,0
1537364940,Prod-EcsStagingCluster-EcsCluster-1AAGQRFIOE9AE,Service_beiakkdem1vi3j5fejl0,500,2,0.1326780028,0
1537414680,Prod-EcsStagingCluster-EcsCluster-1AAGQRFIOE9AE,Service_beiakkdem1vi3j5fejl0,500,2,0.1208454553,0
1537417860,Prod-EcsStagingCluster-EcsCluster-1AAGQRFIOE9AE,Service_beiakkdem1vi3j5fejl0,500,2,0.1505964436,0
1537421040,Prod-EcsStagingCluster-EcsCluster-1AAGQRFIOE9AE,Service_beiakkdem1vi3j5fejl0,500,2,0.1084844626,0
1537345620,Prod-EcsStagingCluster-EcsCluster-1AAGQRFIOE9AE,Service_beiakkdem1vi3j5fejl0,500,2,0.1144479019,0
1537415640,Prod-EcsStagingCluster-EcsCluster-1AAGQRFIOE9AE,Service_beiakkdem1vi3j5fejl0,500,2,0.1207344462,0
1537422000,Prod-EcsStagingCluster-EcsCluster-1AAGQRFIOE9AE,Service_beiakkdem1vi3j5fejl0,500,2,0.1194555691,0
1537349760,Prod-EcsStagingCluster-EcsCluster-1AAGQRFIOE9AE,Service_beiakkdem1vi3j5fejl0,500,2,0.1259951443,0
1537373100,Prod-EcsStagingCluster-EcsCluster-1AAGQRFIOE9AE,Service_beiakkdem1vi3j5fejl0,500,2,0.1077931460,0
1537421940,Prod-EcsStagingCluster-EcsCluster-1AAGQRFIOE9AE,Service_beiakkdem1vi3j5fejl0,500,2,0.1206028176,0
1537398540,Prod-EcsStagingCluster-EcsCluster-1AAGQRFIOE9AE,Service_beiakkdem1vi3j5fejl0,500,2,0.1194146531,0
1537385820,Prod-EcsStagingCluster-EcsCluster-1AAGQRFIOE9AE,Service_beiakkdem1vi3j5fejl0,500,2,0.1270260565,0
1537349700,Prod-EcsStagingCluster-EcsCluster-1AAGQRFIOE9AE,Service_beiakkdem1vi3j5fejl0,500,2,0.1308628433,0
1537411260,Prod-EcsStagingCluster-EcsCluster-1AAGQRFIOE9AE,Service_beiakkdem1vi3j5fejl0,500,2,0.1277895219,0
1537375140,Prod-EcsStagingCluster-EcsCluster-1AAGQRFIOE9AE,Service_beiakkdem1vi3j5fejl0,500,2,0.1248619234,0
1537419720,Prod-EcsStagingCluster-EcsCluster-1AAGQRFIOE9AE,Service_beiakkdem1vi3j5fejl0,500,2,0.2931282799,0
1537426080,Prod-EcsStagingCluster-EcsCluster-1AAGQRFIOE9AE,Service_beiakkdem1vi3j5fejl0,500,2,0.1090805227,0
1537347480,Prod-EcsStagingCluster-EcsCluster-1AAGQRFIOE9AE,Service_beiakkdem1vi3j5fejl0,500,2,0.1126738393,0
1537353840,Prod-EcsStagingCluster-EcsCluster-1AAGQRFIOE9AE,Service_beiakkdem1vi3j5fejl0,500,2,0.1219819928,0
1537372920,Prod-EcsStagingCluster-EcsCluster-1AAGQRFIOE9AE,Service_beiakkdem1vi3j5fejl0,500,2,0.1071996149,0
1537379280,Prod-EcsStagingCluster-EcsCluster-1AAGQRFIOE9AE,Service_beiakkdem1vi3j5fejl0,500,2,0.1167115556,0
1537353780,Prod-EcsStagingCluster-EcsCluster-1AAGQRFIOE9AE,Service_beiakkdem1vi3j5fejl0,500,2,0.1249140252,0
1537379220,Prod-EcsStagingCluster-EcsCluster-1AAGQRFIOE9AE,Service_beiakkdem1vi3j5fejl0,500,2,0.1188111617,0
1537351560,Prod-EcsStagingCluster-EcsCluster-1AAGQRFIOE9AE,Service_beiakkdem1vi3j5fejl0,500,2,0.1220477478,0
1537357920,Prod-EcsStagingCluster-EcsCluster-1AAGQRFIOE9AE,Service_beiakkdem1vi3j5fejl0,500,2,0.1154443590,0
1537406700,Prod-EcsStagingCluster-EcsCluster-1AAGQRFIOE9AE,Service_beiakkdem1vi3j5fejl0,500,2,0.1252058643,0
1537377000,Prod-EcsStagingCluster-EcsCluster-1AAGQRFIOE9AE,Service_beiakkdem1vi3j5fejl0,500,2,0.1331495237,0
1537383360,Prod-EcsStagingCluster-EcsCluster-1AAGQRFIOE9AE,Service_beiakkdem1vi3j5fejl0,500,2,0.1220117715,0
1537419420,Prod-EcsStagingCluster-EcsCluster-1AAGQRFIOE9AE,Service_beiakkdem1vi3j5fejl0,500,2,0.1421252291,0
1537352520,Prod-EcsStagingCluster-EcsCluster-1AAGQRFIOE9AE,Service_beiakkdem1vi3j5fejl0,500,2,0.1072109334,0
1537355700,Prod-EcsStagingCluster-EcsCluster-1AAGQRFIOE9AE,Service_beiakkdem1vi3j5fejl0,500,2,0.1209447170,0
1537386480,Prod-EcsStagingCluster-EcsCluster-1AAGQRFIOE9AE,Service_beiakkdem1vi3j5fejl0,500,2,0.1189377287,0
1537411920,Prod-EcsStagingCluster-EcsCluster-1AAGQRFIOE9AE,Service_beiakkdem1vi3j5fejl0,500,2,0.1252357177,0
1537377960,Prod-EcsStagingCluster-EcsCluster-1AAGQRFIOE9AE,Service_beiakkdem1vi3j5fejl0,500,2,0.1333729084,0
1537381140,Prod-EcsStagingCluster-EcsCluster-1AAGQRFIOE9AE,Service_beiakkdem1vi3j5fejl0,500,2,0.1065150826,0
1537390560,Prod-EcsStagingCluster-EcsCluster-1AAGQRFIOE9AE,Service_beiakkdem1vi3j5fejl0,500,2,0.1065596819,0
1537351260,Prod-EcsStagingCluster-EcsCluster-1AAGQRFIOE9AE,Service_beiakkdem1vi3j5fejl0,500,2,0.1213482955,0
1537385220,Prod-EcsStagingCluster-EcsCluster-1AAGQRFIOE9AE,Service_beiakkdem1vi3j5fejl0,500,2,0.0992320864,0
1537416000,Prod-EcsStagingCluster-EcsCluster-1AAGQRFIOE9AE,Service_beiakkdem1vi3j5fejl0,500,2,0.1216620909,0
1537382040,Prod-EcsStagingCluster-EcsCluster-1AAGQRFIOE9AE,Service_beiakkdem1vi3j5fejl0,500,2,0.1205233965,0
1537410660,Prod-EcsStagingCluster-EcsCluster-1AAGQRFIOE9AE,Service_beiakkdem1vi3j5fejl0,500,2,0.1398195995,0
1537376700,Prod-EcsStagingCluster-EcsCluster-1AAGQRFIOE9AE,Service_beiakkdem1vi3j5fejl0,500,2,0.1278584894,0
1537407480,Prod-EcsStagingCluster-EcsCluster-1AAGQRFIOE9AE,Service_beiakkdem1vi3j5fejl0,500,2,0.1172061720,0
1537363980,Prod-EcsStagingCluster-EcsCluster-1AAGQRFIOE9AE,Service_beiakkdem1vi3j5fejl0,500,2,0.1181683728,0
1537389300,Prod-EcsStagingCluster-EcsCluster-1AAGQRFIOE9AE,Service_beiakkdem1vi3j5fejl0,500,2,0.1191684549,0
1537420080,Prod-EcsStagingCluster-EcsCluster-1AAGQRFIOE9AE,Service_beiakkdem1vi3j5fejl0,500,2,0.1629021071,0
1537386120,Prod-EcsStagingCluster-EcsCluster-1AAGQRFIOE9AE,Service_beiakkdem1vi3j5fejl0,500,2,0.1230644094,0
1537411560,Prod-EcsStagingCluster-EcsCluster-1AAGQRFIOE9AE,Service_beiakkdem1vi3j5fejl0,500,2,0.1377838935,0
1537414740,Prod-EcsStagingCluster-EcsCluster-1AAGQRFIOE9AE,Service_beiakkdem1vi3j5fejl0,500,2,0.1200046199,0
1537347840,Prod-EcsStagingCluster-EcsCluster-1AAGQRFIOE9AE,Service_beiakkdem1vi3j5fejl0,500,2,0.1137301500,0
1537348800,Prod-EcsStagingCluster-EcsCluster-1AAGQRFIOE9AE,Service_beiakkdem1vi3j5fejl0,500,2,0.1277573289,0
1537372140,Prod-EcsStagingCluster-EcsCluster-1AAGQRFIOE9AE,Service_beiakkdem1vi3j5fejl0,500,2,0.1082173230,0
1537397580,Prod-EcsStagingCluster-EcsCluster-1AAGQRFIOE9AE,Service_beiakkdem1vi3j5fejl0,500,2,0.1330358683,0
1537418820,Prod-EcsStagingCluster-EcsCluster-1AAGQRFIOE9AE,Service_beiakkdem1vi3j5fejl0,500,2,0.1494595419,0
1537384860,Prod-EcsStagingCluster-EcsCluster-1AAGQRFIOE9AE,Service_beiakkdem1vi3j5fejl0,500,2,0.1096239412,0
1537410300,Prod-EcsStagingCluster-EcsCluster-1AAGQRFIOE9AE,Service_beiakkdem1vi3j5fejl0,500,2,0.1502790407,0
1537346580,Prod-EcsStagingCluster-EcsCluster-1AAGQRFIOE9AE,Service_beiakkdem1vi3j5fejl0,500,2,0.1245481022,0
1537425120,Prod-EcsStagingCluster-EcsCluster-1AAGQRFIOE9AE,Service_beiakkdem1vi3j5fejl0,500,2,0.1074139744,0
1537416600,Prod-EcsStagingCluster-EcsCluster-1AAGQRFIOE9AE,Service_beiakkdem1vi3j5fejl0,500,2,0.1175851232,0
1537352880,Prod-EcsStagingCluster-EcsCluster-1AAGQRFIOE9AE,Service_beiakkdem1vi3j5fejl0,500,2,0.1130980385,0
1537378320,Prod-EcsStagingCluster-EcsCluster-1AAGQRFIOE9AE,Service_beiakkdem1vi3j5fejl0,500,2,0.1300705212,0
1537422900,Prod-EcsStagingCluster-EcsCluster-1AAGQRFIOE9AE,Service_beiakkdem1vi3j5fejl0,500,2,0.1185897775,0
1537350660,Prod-EcsStagingCluster-EcsCluster-1AAGQRFIOE9AE,Service_beiakkdem1vi3j5fejl0,500,2,0.1446046453,0
1537376100,Prod-EcsStagingCluster-EcsCluster-1AAGQRFIOE9AE,Service_beiakkdem1vi3j5fejl0,500,2,0.1151571113,0
1537420680,Prod-EcsStagingCluster-EcsCluster-1AAGQRFIOE9AE,Service_beiakkdem1vi3j5fejl0,500,2,0.1085958027,0
1537356960,Prod-EcsStagingCluster-EcsCluster-1AAGQRFIOE9AE,Service_beiakkdem1vi3j5fejl0,500,2,0.1175712217,0
1537405740,Prod-EcsStagingCluster-EcsCluster-1AAGQRFIOE9AE,Service_beiakkdem1vi3j5fejl0,500,2,0.1207038921,0
1537348440,Prod-EcsStagingCluster-EcsCluster-1AAGQRFIOE9AE,Service_beiakkdem1vi3j5fejl0,500,2,0.1121202843,0
1537382400,Prod-EcsStagingCluster-EcsCluster-1AAGQRFIOE9AE,Service_beiakkdem1vi3j5fejl0,500,2,0.1207985592,0
1537431180,Prod-EcsStagingCluster-EcsCluster-1AAGQRFIOE9AE,Service_beiakkdem1vi3j5fejl0,500,2,0.1078137606,0
1537373880,Prod-EcsStagingCluster-EcsCluster-1AAGQRFIOE9AE,Service_beiakkdem1vi3j5fejl0,500,2,0.1459604572,0
1537418460,Prod-EcsStagingCluster-EcsCluster-1AAGQRFIOE9AE,Service_beiakkdem1vi3j5fejl0,500,2,0.1517796614,0
1537354740,Prod-EcsStagingCluster-EcsCluster-1AAGQRFIOE9AE,Service_beiakkdem1vi3j5fejl0,500,2,0.1074940863,0
1537380180,Prod-EcsStagingCluster-EcsCluster-1AAGQRFIOE9AE,Service_beiakkdem1vi3j5fejl0,500,2,0.1305999686,0
1537389600,Prod-EcsStagingCluster-EcsCluster-1AAGQRFIOE9AE,Service_beiakkdem1vi3j5fejl0,500,2,0.1191822485,0
1537380060,Prod-EcsStagingCluster-EcsCluster-1AAGQRFIOE9AE,Service_beiakkdem1vi3j5fejl0,500,2,0.1326475496,0
1537383240,Prod-EcsStagingCluster-EcsCluster-1AAGQRFIOE9AE,Service_beiakkdem1vi3j5fejl0,500,2,0.1210176902,0
1537386420,Prod-EcsStagingCluster-EcsCluster-1AAGQRFIOE9AE,Service_beiakkdem1vi3j5fejl0,500,2,0.1189187593,0
1537366200,Prod-EcsStagingCluster-EcsCluster-1AAGQRFIOE9AE,Service_beiakkdem1vi3j5fejl0,500,2,0.1327560607,0
1537369380,Prod-EcsStagingCluster-EcsCluster-1AAGQRFIOE9AE,Service_beiakkdem1vi3j5fejl0,500,2,0.1210841420,0
1537372560,Prod-EcsStagingCluster-EcsCluster-1AAGQRFIOE9AE,Service_beiakkdem1vi3j5fejl0,500,2,0.1061901450,0
1537345980,Prod-EcsStagingCluster-EcsCluster-1AAGQRFIOE9AE,Service_beiakkdem1vi3j5fejl0,500,2,0.1158378223,0
1537349160,Prod-EcsStagingCluster-EcsCluster-1AAGQRFIOE9AE,Service_beiakkdem1vi3j5fejl0,500,2,0.1317842356,0
1537352340,Prod-EcsStagingCluster-EcsCluster-1AAGQRFIOE9AE,Service_beiakkdem1vi3j5fejl0,500,2,0.1087090983,0
1537355520,Prod-EcsStagingCluster-EcsCluster-1AAGQRFIOE9AE,Service_beiakkdem1vi3j5fejl0,500,2,0.1154298442,0
1537389360,Prod-EcsStagingCluster-EcsCluster-1AAGQRFIOE9AE,Service_beiakkdem1vi3j5fejl0,500,2,0.1176473184,0
1537386180,Prod-EcsStagingCluster-EcsCluster-1AAGQRFIOE9AE,Service_beiakkdem1vi3j5fejl0,500,2,0.1204884107,0
1537383000,Prod-EcsStagingCluster-EcsCluster-1AAGQRFIOE9AE,Service_beiakkdem1vi3j5fejl0,500,2,0.1182320265,0
1537405260,Prod-EcsStagingCluster-EcsCluster-1AAGQRFIOE9AE,Service_beiakkdem1vi3j5fejl0,500,2,0.1199874271,0
1537413660,Prod-EcsStagingCluster-EcsCluster-1AAGQRFIOE9AE,Service_beiakkdem1vi3j5fejl0,500,2,0.1186129008,0
1537371180,Prod-EcsStagingCluster-EcsCluster-1AAGQRFIOE9AE,Service_beiakkdem1vi3j5fejl0,500,2,0.1080523493,0
1537416840,Prod-EcsStagingCluster-EcsCluster-1AAGQRFIOE9AE,Service_beiakkdem1vi3j5fejl0,500,2,0.1177613197,0
1537420020,Prod-EcsStagingCluster-EcsCluster-1AAGQRFIOE9AE,Service_beiakkdem1vi3j5fejl0,500,2,0.1536645934,0
1537423200,Prod-EcsStagingCluster-EcsCluster-1AAGQRFIOE9AE,Service_beiakkdem1vi3j5fejl0,500,2,0.1442910573,0
1537399800,Prod-EcsStagingCluster-EcsCluster-1AAGQRFIOE9AE,Service_beiakkdem1vi3j5fejl0,500,2,0.1308590930,0
1537402980,Prod-EcsStagingCluster-EcsCluster-1AAGQRFIOE9AE,Service_beiakkdem1vi3j5fejl0,500,2,0.1161888613,0
1537406160,Prod-EcsStagingCluster-EcsCluster-1AAGQRFIOE9AE,Service_beiakkdem1vi3j5fejl0,500,2,0.1182231927,0
1537379580,Prod-EcsStagingCluster-EcsCluster-1AAGQRFIOE9AE,Service_beiakkdem1vi3j5fejl0,500,2,0.1202634845,0
1537385940,Prod-EcsStagingCluster-EcsCluster-1AAGQRFIOE9AE,Service_beiakkdem1vi3j5fejl0,500,2,0.1219820545,0
1537417800,Prod-EcsStagingCluster-EcsCluster-1AAGQRFIOE9AE,Service_beiakkdem1vi3j5fejl0,500,2,0.1497788655,0
1537424160,Prod-EcsStagingCluster-EcsCluster-1AAGQRFIOE9AE,Service_beiakkdem1vi3j5fejl0,500,2,0.1162562623,0
1537407120,Prod-EcsStagingCluster-EcsCluster-1AAGQRFIOE9AE,Service_beiakkdem1vi3j5fejl0,500,2,0.1201756390,0
1537400760,Prod-EcsStagingCluster-EcsCluster-1AAGQRFIOE9AE,Service_beiakkdem1vi3j5fejl0,500,2,0.1313086649,0
1537383720,Prod-EcsStagingCluster-EcsCluster-1AAGQRFIOE9AE,Service_beiakkdem1vi3j5fejl0,500,2,0.1222716813,0
1537351860,Prod-EcsStagingCluster-EcsCluster-1AAGQRFIOE9AE,Service_beiakkdem1vi3j5fejl0,500,2,0.1172015230,0
1537390080,Prod-EcsStagingCluster-EcsCluster-1AAGQRFIOE9AE,Service_beiakkdem1vi3j5fejl0,500,2,0.1329982089,0
1537419780,Prod-EcsStagingCluster-EcsCluster-1AAGQRFIOE9AE,Service_beiakkdem1vi3j5fejl0,500,2,0.1392033156,0
1537345500,Prod-EcsStagingCluster-EcsCluster-1AAGQRFIOE9AE,Service_beiakkdem1vi3j5fejl0,500,2,0.1157561991,0
1537423920,Prod-EcsStagingCluster-EcsCluster-1AAGQRFIOE9AE,Service_beiakkdem1vi3j5fejl0,500,2,0.1178368216,0
1537356000,Prod-EcsStagingCluster-EcsCluster-1AAGQRFIOE9AE,Service_beiakkdem1vi3j5fejl0,500,2,0.1198314062,0
1537417560,Prod-EcsStagingCluster-EcsCluster-1AAGQRFIOE9AE,Service_beiakkdem1vi3j5fejl0,500,2,0.1583963338,0
1537349640,Prod-EcsStagingCluster-EcsCluster-1AAGQRFIOE9AE,Service_beiakkdem1vi3j5fejl0,500,2,0.1263855823,0
1537404780,Prod-EcsStagingCluster-EcsCluster-1AAGQRFIOE9AE,Service_beiakkdem1vi3j5fejl0,500,2,0.1054898092,0
1537419540,Prod-EcsStagingCluster-EcsCluster-1AAGQRFIOE9AE,Service_beiakkdem1vi3j5fejl0,500,2,0.1395715534,0
1537351620,Prod-EcsStagingCluster-EcsCluster-1AAGQRFIOE9AE,Service_beiakkdem1vi3j5fejl0,500,2,0.1177275962,0
1537413180,Prod-EcsStagingCluster-EcsCluster-1AAGQRFIOE9AE,Service_beiakkdem1vi3j5fejl0,500,2,0.1221464814,0
1537370700,Prod-EcsStagingCluster-EcsCluster-1AAGQRFIOE9AE,Service_beiakkdem1vi3j5fejl0,500,2,0.1388283625,0
1537417320,Prod-EcsStagingCluster-EcsCluster-1AAGQRFIOE9AE,Service_beiakkdem1vi3j5fejl0,500,2,0.1626035570,0
1537423680,Prod-EcsStagingCluster-EcsCluster-1AAGQRFIOE9AE,Service_beiakkdem1vi3j5fejl0,500,2,0.1181852256,0
1537349400,Prod-EcsStagingCluster-EcsCluster-1AAGQRFIOE9AE,Service_beiakkdem1vi3j5fejl0,500,2,0.1304317661,0
1537355760,Prod-EcsStagingCluster-EcsCluster-1AAGQRFIOE9AE,Service_beiakkdem1vi3j5fejl0,500,2,0.1169223281,0
1537379100,Prod-EcsStagingCluster-EcsCluster-1AAGQRFIOE9AE,Service_beiakkdem1vi3j5fejl0,500,2,0.1187408301,0
1537385460,Prod-EcsStagingCluster-EcsCluster-1AAGQRFIOE9AE,Service_beiakkdem1vi3j5fejl0,500,2,0.1197624749,0
1537418280,Prod-EcsStagingCluster-EcsCluster-1AAGQRFIOE9AE,Service_beiakkdem1vi3j5fejl0,500,2,0.1518679960,0
1537421460,Prod-EcsStagingCluster-EcsCluster-1AAGQRFIOE9AE,Service_beiakkdem1vi3j5fejl0,500,2,0.1090840575,0
1537350360,Prod-EcsStagingCluster-EcsCluster-1AAGQRFIOE9AE,Service_beiakkdem1vi3j5fejl0,500,2,0.1224629467,0
1537353540,Prod-EcsStagingCluster-EcsCluster-1AAGQRFIOE9AE,Service_beiakkdem1vi3j5fejl0,500,2,0.1220821879,0
1537371600,Prod-EcsStagingCluster-EcsCluster-1AAGQRFIOE9AE,Service_beiakkdem1vi3j5fejl0,500,2,0.1095571323,0
1537354560,Prod-EcsStagingCluster-EcsCluster-1AAGQRFIOE9AE,Service_beiakkdem1vi3j5fejl0,500,2,0.1192600704,0
1537384200,Prod-EcsStagingCluster-EcsCluster-1AAGQRFIOE9AE,Service_beiakkdem1vi3j5fejl0,500,2,0.1202201149,0
1537387380,Prod-EcsStagingCluster-EcsCluster-1AAGQRFIOE9AE,Service_beiakkdem1vi3j5fejl0,500,2,0.1194201107,0
1537388400,Prod-EcsStagingCluster-EcsCluster-1AAGQRFIOE9AE,Service_beiakkdem1vi3j5fejl0,500,2,0.1328844982,0
1537404300,Prod-EcsStagingCluster-EcsCluster-1AAGQRFIOE9AE,Service_beiakkdem1vi3j5fejl0,500,2,0.1139845827,0
1537367160,Prod-EcsStagingCluster-EcsCluster-1AAGQRFIOE9AE,Service_beiakkdem1vi3j5fejl0,500,2,0.1124820434,0
1537370340,Prod-EcsStagingCluster-EcsCluster-1AAGQRFIOE9AE,Service_beiakkdem1vi3j5fejl0,500,2,0.1156782900,0
1537412700,Prod-EcsStagingCluster-EcsCluster-1AAGQRFIOE9AE,Service_beiakkdem1vi3j5fejl0,500,2,0.2829712937,0
1537350120,Prod-EcsStagingCluster-EcsCluster-1AAGQRFIOE9AE,Service_beiakkdem1vi3j5fejl0,500,2,0.1208854746,0
1537353300,Prod-EcsStagingCluster-EcsCluster-1AAGQRFIOE9AE,Service_beiakkdem1vi3j5fejl0,500,2,0.1250471421,0
1537370220,Prod-EcsStagingCluster-EcsCluster-1AAGQRFIOE9AE,Service_beiakkdem1vi3j5fejl0,500,2,0.1090183131,0
1537422240,Prod-EcsStagingCluster-EcsCluster-1AAGQRFIOE9AE,Service_beiakkdem1vi3j5fejl0,500,2,0.1191096237,0
1537383960,Prod-EcsStagingCluster-EcsCluster-1AAGQRFIOE9AE,Service_beiakkdem1vi3j5fejl0,500,2,0.1208806104,0
1537387140,Prod-EcsStagingCluster-EcsCluster-1AAGQRFIOE9AE,Service_beiakkdem1vi3j5fejl0,500,2,0.1233219959,0
1537405200,Prod-EcsStagingCluster-EcsCluster-1AAGQRFIOE9AE,Service_beiakkdem1vi3j5fejl0,500,2,0.1173498390,0
1537378620,Prod-EcsStagingCluster-EcsCluster-1AAGQRFIOE9AE,Service_beiakkdem1vi3j5fejl0,500,2,0.1291668917,0
1537388160,Prod-EcsStagingCluster-EcsCluster-1AAGQRFIOE9AE,Service_beiakkdem1vi3j5fejl0,500,2,0.1664316604,0
1537420980,Prod-EcsStagingCluster-EcsCluster-1AAGQRFIOE9AE,Service_beiakkdem1vi3j5fejl0,500,2,0.1089725433,0
1537389120,Prod-EcsStagingCluster-EcsCluster-1AAGQRFIOE9AE,Service_beiakkdem1vi3j5fejl0,500,2,0.1165643098,0
1537403940,Prod-EcsStagingCluster-EcsCluster-1AAGQRFIOE9AE,Service_beiakkdem1vi3j5fejl0,500,2,0.1154738189,0
1537386900,Prod-EcsStagingCluster-EcsCluster-1AAGQRFIOE9AE,Service_beiakkdem1vi3j5fejl0,500,2,0.1225796323,0
1537418760,Prod-EcsStagingCluster-EcsCluster-1AAGQRFIOE9AE,Service_beiakkdem1vi3j5fejl0,500,2,0.1487397585,0
1537355040,Prod-EcsStagingCluster-EcsCluster-1AAGQRFIOE9AE,Service_beiakkdem1vi3j5fejl0,500,2,0.1078424504,0
1537422960,Prod-EcsStagingCluster-EcsCluster-1AAGQRFIOE9AE,Service_beiakkdem1vi3j5fejl0,500,2,0.1195540921,0
1537403820,Prod-EcsStagingCluster-EcsCluster-1AAGQRFIOE9AE,Service_beiakkdem1vi3j5fejl0,500,2,0.1167636641,0
1537401720,Prod-EcsStagingCluster-EcsCluster-1AAGQRFIOE9AE,Service_beiakkdem1vi3j5fejl0,500,2,0.1189355024,0
1537384680,Prod-EcsStagingCluster-EcsCluster-1AAGQRFIOE9AE,Service_beiakkdem1vi3j5fejl0,500,2,0.1111138337,0
1537352820,Prod-EcsStagingCluster-EcsCluster-1AAGQRFIOE9AE,Service_beiakkdem1vi3j5fejl0,500,2,0.1095062421,0
1537420740,Prod-EcsStagingCluster-EcsCluster-1AAGQRFIOE9AE,Service_beiakkdem1vi3j5fejl0,500,2,0.1099854510,0
1537412220,Prod-EcsStagingCluster-EcsCluster-1AAGQRFIOE9AE,Service_beiakkdem1vi3j5fejl0,500,2,0.1210704670,0
1537369740,Prod-EcsStagingCluster-EcsCluster-1AAGQRFIOE9AE,Service_beiakkdem1vi3j5fejl0,500,2,0.1088123996,0
1537350600,Prod-EcsStagingCluster-EcsCluster-1AAGQRFIOE9AE,Service_beiakkdem1vi3j5fejl0,500,2,0.1328083294,0
1537418520,Prod-EcsStagingCluster-EcsCluster-1AAGQRFIOE9AE,Service_beiakkdem1vi3j5fejl0,500,2,0.1506142904,0
1537422720,Prod-EcsStagingCluster-EcsCluster-1AAGQRFIOE9AE,Service_beiakkdem1vi3j5fejl0,500,2,0.1193798034,0
1537354800,Prod-EcsStagingCluster-EcsCluster-1AAGQRFIOE9AE,Service_beiakkdem1vi3j5fejl0,500,2,0.1064132691,0
1537378140,Prod-EcsStagingCluster-EcsCluster-1AAGQRFIOE9AE,Service_beiakkdem1vi3j5fejl0,500,2,0.2608458997,0
1537420500,Prod-EcsStagingCluster-EcsCluster-1AAGQRFIOE9AE,Service_beiakkdem1vi3j5fejl0,500,2,0.2176827109,0
1537352580,Prod-EcsStagingCluster-EcsCluster-1AAGQRFIOE9AE,Service_beiakkdem1vi3j5fejl0,500,2,0.1112426462,0
1537388640,Prod-EcsStagingCluster-EcsCluster-1AAGQRFIOE9AE,Service_beiakkdem1vi3j5fejl0,500,2,0.1303168286,0
1537350420,Prod-EcsStagingCluster-EcsCluster-1AAGQRFIOE9AE,Service_beiakkdem1vi3j5fejl0,500,2,0.1218127342,0
1537353600,Prod-EcsStagingCluster-EcsCluster-1AAGQRFIOE9AE,Service_beiakkdem1vi3j5fejl0,500,2,0.1297892148,0
1537416060,Prod-EcsStagingCluster-EcsCluster-1AAGQRFIOE9AE,Service_beiakkdem1vi3j5fejl0,500,2,0.1188800959,0
1537351320,Prod-EcsStagingCluster-EcsCluster-1AAGQRFIOE9AE,Service_beiakkdem1vi3j5fejl0,500,2,0.1307518796,0
1537354500,Prod-EcsStagingCluster-EcsCluster-1AAGQRFIOE9AE,Service_beiakkdem1vi3j5fejl0,500,2,0.1172383741,0
1537403340,Prod-EcsStagingCluster-EcsCluster-1AAGQRFIOE9AE,Service_beiakkdem1vi3j5fejl0,500,2,0.1155360822,0
1537357680,Prod-EcsStagingCluster-EcsCluster-1AAGQRFIOE9AE,Service_beiakkdem1vi3j5fejl0,500,2,0.1146148434,0
1537414920,Prod-EcsStagingCluster-EcsCluster-1AAGQRFIOE9AE,Service_beiakkdem1vi3j5fejl0,500,2,0.1238163964,0
1537369260,Prod-EcsStagingCluster-EcsCluster-1AAGQRFIOE9AE,Service_beiakkdem1vi3j5fejl0,500,2,0.1168640077,0
1537418100,Prod-EcsStagingCluster-EcsCluster-1AAGQRFIOE9AE,Service_beiakkdem1vi3j5fejl0,500,2,0.1557340187,0
1537421280,Prod-EcsStagingCluster-EcsCluster-1AAGQRFIOE9AE,Service_beiakkdem1vi3j5fejl0,500,2,0.1097953158,0
1537381980,Prod-EcsStagingCluster-EcsCluster-1AAGQRFIOE9AE,Service_beiakkdem1vi3j5fejl0,500,2,0.1207353379,0
1537374480,Prod-EcsStagingCluster-EcsCluster-1AAGQRFIOE9AE,Service_beiakkdem1vi3j5fejl0,500,2,0.1143940346,0
1537380840,Prod-EcsStagingCluster-EcsCluster-1AAGQRFIOE9AE,Service_beiakkdem1vi3j5fejl0,500,2,0.1079913913,0
1537384020,Prod-EcsStagingCluster-EcsCluster-1AAGQRFIOE9AE,Service_beiakkdem1vi3j5fejl0,500,2,0.1156935513,0
1537387200,Prod-EcsStagingCluster-EcsCluster-1AAGQRFIOE9AE,Service_beiakkdem1vi3j5fejl0,500,2,0.1563816042,0
1537368120,Prod-EcsStagingCluster-EcsCluster-1AAGQRFIOE9AE,Service_beiakkdem1vi3j5fejl0,500,2,0.1218733001,0
1537371300,Prod-EcsStagingCluster-EcsCluster-1AAGQRFIOE9AE,Service_beiakkdem1vi3j5fejl0,500,2,0.1103756930,0
1537347900,Prod-EcsStagingCluster-EcsCluster-1AAGQRFIOE9AE,Service_beiakkdem1vi3j5fejl0,500,2,0.1162334119,0
1537353120,Prod-EcsStagingCluster-EcsCluster-1AAGQRFIOE9AE,Service_beiakkdem1vi3j5fejl0,500,2,0.1222809290,0
1537346760,Prod-EcsStagingCluster-EcsCluster-1AAGQRFIOE9AE,Service_beiakkdem1vi3j5fejl0,500,2,0.1090510269,0
1537349940,Prod-EcsStagingCluster-EcsCluster-1AAGQRFIOE9AE,Service_beiakkdem1vi3j5fejl0,500,2,0.1161362332,0
1537391280,Prod-EcsStagingCluster-EcsCluster-1AAGQRFIOE9AE,Service_beiakkdem1vi3j5fejl0,500,2,0.1249187888,0
1537384920,Prod-EcsStagingCluster-EcsCluster-1AAGQRFIOE9AE,Service_beiakkdem1vi3j5fejl0,500,2,0.1086815509,0
1537388100,Prod-EcsStagingCluster-EcsCluster-1AAGQRFIOE9AE,Service_beiakkdem1vi3j5fejl0,500,2,0.1307310653,0
1537354080,Prod-EcsStagingCluster-EcsCluster-1AAGQRFIOE9AE,Service_beiakkdem1vi3j5fejl0,500,2,0.1231252808,0
1537347720,Prod-EcsStagingCluster-EcsCluster-1AAGQRFIOE9AE,Service_beiakkdem1vi3j5fejl0,500,2,0.1137831282,0
1537392240,Prod-EcsStagingCluster-EcsCluster-1AAGQRFIOE9AE,Service_beiakkdem1vi3j5fejl0,500,2,0.1286481773,0
1537402860,Prod-EcsStagingCluster-EcsCluster-1AAGQRFIOE9AE,Service_beiakkdem1vi3j5fejl0,500,2,0.1180653329,0
1537415580,Prod-EcsStagingCluster-EcsCluster-1AAGQRFIOE9AE,Service_beiakkdem1vi3j5fejl0,500,2,0.1203132672,0
1537385880,Prod-EcsStagingCluster-EcsCluster-1AAGQRFIOE9AE,Service_beiakkdem1vi3j5fejl0,500,2,0.1004653155,0
1537417620,Prod-EcsStagingCluster-EcsCluster-1AAGQRFIOE9AE,Service_beiakkdem1vi3j5fejl0,500,2,0.1595798532,0
1537404900,Prod-EcsStagingCluster-EcsCluster-1AAGQRFIOE9AE,Service_beiakkdem1vi3j5fejl0,500,2,0.1204318705,0
1537381500,Prod-EcsStagingCluster-EcsCluster-1AAGQRFIOE9AE,Service_beiakkdem1vi3j5fejl0,500,2,0.1112628158,0
1537368780,Prod-EcsStagingCluster-EcsCluster-1AAGQRFIOE9AE,Service_beiakkdem1vi3j5fejl0,500,2,0.1197720470,0
1537415400,Prod-EcsStagingCluster-EcsCluster-1AAGQRFIOE9AE,Service_beiakkdem1vi3j5fejl0,500,2,0.1223652946,0
1537421760,Prod-EcsStagingCluster-EcsCluster-1AAGQRFIOE9AE,Service_beiakkdem1vi3j5fejl0,500,2,0.1196163562,0
1537409040,Prod-EcsStagingCluster-EcsCluster-1AAGQRFIOE9AE,Service_beiakkdem1vi3j5fejl0,500,2,0.1397926417,0
1537402680,Prod-EcsStagingCluster-EcsCluster-1AAGQRFIOE9AE,Service_beiakkdem1vi3j5fejl0,500,2,0.1164201302,0
1537383540,Prod-EcsStagingCluster-EcsCluster-1AAGQRFIOE9AE,Service_beiakkdem1vi3j5fejl0,500,2,0.1212458617,0
1537421700,Prod-EcsStagingCluster-EcsCluster-1AAGQRFIOE9AE,Service_beiakkdem1vi3j5fejl0,500,2,0.1212372219,0
1537347420,Prod-EcsStagingCluster-EcsCluster-1AAGQRFIOE9AE,Service_beiakkdem1vi3j5fejl0,500,2,0.1135133648,0
1537381320,Prod-EcsStagingCluster-EcsCluster-1AAGQRFIOE9AE,Service_beiakkdem1vi3j5fejl0,500,2,0.1082822173,0
1537387680,Prod-EcsStagingCluster-EcsCluster-1AAGQRFIOE9AE,Service_beiakkdem1vi3j5fejl0,500,2,0.1313657800,0
1537425840,Prod-EcsStagingCluster-EcsCluster-1AAGQRFIOE9AE,Service_beiakkdem1vi3j5fejl0,500,2,0.1062167431,0
1537419480,Prod-EcsStagingCluster-EcsCluster-1AAGQRFIOE9AE,Service_beiakkdem1vi3j5fejl0,500,2,0.1371202987,0
1537349460,Prod-EcsStagingCluster-EcsCluster-1AAGQRFIOE9AE,Service_beiakkdem1vi3j5fejl0,500,2,0.1325605389,0
1537347240,Prod-EcsStagingCluster-EcsCluster-1AAGQRFIOE9AE,Service_beiakkdem1vi3j5fejl0,500,2,0.1122872014,0
1537423620,Prod-EcsStagingCluster-EcsCluster-1AAGQRFIOE9AE,Service_beiakkdem1vi3j5fejl0,500,2,0.1184616287,0
1537420440,Prod-EcsStagingCluster-EcsCluster-1AAGQRFIOE9AE,Service_beiakkdem1vi3j5fejl0,500,2,0.1629030147,0
1537415100,Prod-EcsStagingCluster-EcsCluster-1AAGQRFIOE9AE,Service_beiakkdem1vi3j5fejl0,500,2,0.1244259522,0
1537356720,Prod-EcsStagingCluster-EcsCluster-1AAGQRFIOE9AE,Service_beiakkdem1vi3j5fejl0,500,2,0.1213651504,0
1537402380,Prod-EcsStagingCluster-EcsCluster-1AAGQRFIOE9AE,Service_beiakkdem1vi3j5fejl0,500,2,0.5290939680,0
1537348200,Prod-EcsStagingCluster-EcsCluster-1AAGQRFIOE9AE,Service_beiakkdem1vi3j5fejl0,500,2,0.1172726839,0
1537351380,Prod-EcsStagingCluster-EcsCluster-1AAGQRFIOE9AE,Service_beiakkdem1vi3j5fejl0,500,2,0.1178130584,0
1537368300,Prod-EcsStagingCluster-EcsCluster-1AAGQRFIOE9AE,Service_beiakkdem1vi3j5fejl0,500,2,0.1264914832,0
1537420320,Prod-EcsStagingCluster-EcsCluster-1AAGQRFIOE9AE,Service_beiakkdem1vi3j5fejl0,500,2,0.1599301919,0
1537381020,Prod-EcsStagingCluster-EcsCluster-1AAGQRFIOE9AE,Service_beiakkdem1vi3j5fejl0,500,2,0.1084026992,0
1537352280,Prod-EcsStagingCluster-EcsCluster-1AAGQRFIOE9AE,Service_beiakkdem1vi3j5fejl0,500,2,0.1184535675,0
1537355460,Prod-EcsStagingCluster-EcsCluster-1AAGQRFIOE9AE,Service_beiakkdem1vi3j5fejl0,500,2,0.1174496291,0
1537386240,Prod-EcsStagingCluster-EcsCluster-1AAGQRFIOE9AE,Service_beiakkdem1vi3j5fejl0,500,2,0.1225586662,0
1537373520,Prod-EcsStagingCluster-EcsCluster-1AAGQRFIOE9AE,Service_beiakkdem1vi3j5fejl0,500,2,0.1083554453,0
1537346940,Prod-EcsStagingCluster-EcsCluster-1AAGQRFIOE9AE,Service_beiakkdem1vi3j5fejl0,500,2,0.1141178153,0
1537415880,Prod-EcsStagingCluster-EcsCluster-1AAGQRFIOE9AE,Service_beiakkdem1vi3j5fejl0,500,2,0.1195862772,0
1537419060,Prod-EcsStagingCluster-EcsCluster-1AAGQRFIOE9AE,Service_beiakkdem1vi3j5fejl0,500,2,0.1492370134,0
1537352160,Prod-EcsStagingCluster-EcsCluster-1AAGQRFIOE9AE,Service_beiakkdem1vi3j5fejl0,500,2,0.1165473607,0
1537390320,Prod-EcsStagingCluster-EcsCluster-1AAGQRFIOE9AE,Service_beiakkdem1vi3j5fejl0,500,2,0.1302584786,0
1537381800,Prod-EcsStagingCluster-EcsCluster-1AAGQRFIOE9AE,Service_beiakkdem1vi3j5fejl0,500,2,0.1218795423,0
1537384980,Prod-EcsStagingCluster-EcsCluster-1AAGQRFIOE9AE,Service_beiakkdem1vi3j5fejl0,500,2,0.1058253643,0
1537369080,Prod-EcsStagingCluster-EcsCluster-1AAGQRFIOE9AE,Service_beiakkdem1vi3j5fejl0,500,2,0.1203860910,0
1537372260,Prod-EcsStagingCluster-EcsCluster-1AAGQRFIOE9AE,Service_beiakkdem1vi3j5fejl0,500,2,0.1115245565,0
1537401900,Prod-EcsStagingCluster-EcsCluster-1AAGQRFIOE9AE,Service_beiakkdem1vi3j5fejl0,500,2,0.1166845633,0
1537414620,Prod-EcsStagingCluster-EcsCluster-1AAGQRFIOE9AE,Service_beiakkdem1vi3j5fejl0,500,2,0.1184763906,0
1537382760,Prod-EcsStagingCluster-EcsCluster-1AAGQRFIOE9AE,Service_beiakkdem1vi3j5fejl0,500,2,0.1183313267,0
1537370040,Prod-EcsStagingCluster-EcsCluster-1AAGQRFIOE9AE,Service_beiakkdem1vi3j5fejl0,500,2,0.1098959666,0
1537350900,Prod-EcsStagingCluster-EcsCluster-1AAGQRFIOE9AE,Service_beiakkdem1vi3j5fejl0,500,2,0.1218738397,0
1537389060,Prod-EcsStagingCluster-EcsCluster-1AAGQRFIOE9AE,Service_beiakkdem1vi3j5fejl0,500,2,0.1278896330,0
1537380540,Prod-EcsStagingCluster-EcsCluster-1AAGQRFIOE9AE,Service_beiakkdem1vi3j5fejl0,500,2,0.1276075642,0
1537367820,Prod-EcsStagingCluster-EcsCluster-1AAGQRFIOE9AE,Service_beiakkdem1vi3j5fejl0,500,2,0.1214734701,0
1537348680,Prod-EcsStagingCluster-EcsCluster-1AAGQRFIOE9AE,Service_beiakkdem1vi3j5fejl0,500,2,0.1149619771,0
1537420800,Prod-EcsStagingCluster-EcsCluster-1AAGQRFIOE9AE,Service_beiakkdem1vi3j5fejl0,500,2,0.1097369158,0
1537386840,Prod-EcsStagingCluster-EcsCluster-1AAGQRFIOE9AE,Service_beiakkdem1vi3j5fejl0,500,2,0.1207787239,0
1537408080,Prod-EcsStagingCluster-EcsCluster-1AAGQRFIOE9AE,Service_beiakkdem1vi3j5fejl0,500,2,0.1181168806,0
1537346460,Prod-EcsStagingCluster-EcsCluster-1AAGQRFIOE9AE,Service_beiakkdem1vi3j5fejl0,500,2,0.1163213534,0
1537418580,Prod-EcsStagingCluster-EcsCluster-1AAGQRFIOE9AE,Service_beiakkdem1vi3j5fejl0,500,2,0.3111236564,0
1537405860,Prod-EcsStagingCluster-EcsCluster-1AAGQRFIOE9AE,Service_beiakkdem1vi3j5fejl0,500,2,0.1189314542,0
1537386720,Prod-EcsStagingCluster-EcsCluster-1AAGQRFIOE9AE,Service_beiakkdem1vi3j5fejl0,500,2,0.1231385844,0
1537424880,Prod-EcsStagingCluster-EcsCluster-1AAGQRFIOE9AE,Service_beiakkdem1vi3j5fejl0,500,2,0.1084556982,0
1537416360,Prod-EcsStagingCluster-EcsCluster-1AAGQRFIOE9AE,Service_beiakkdem1vi3j5fejl0,500,2,0.1198086146,0
1537403640,Prod-EcsStagingCluster-EcsCluster-1AAGQRFIOE9AE,Service_beiakkdem1vi3j5fejl0,500,2,0.1208274948,0
1537384500,Prod-EcsStagingCluster-EcsCluster-1AAGQRFIOE9AE,Service_beiakkdem1vi3j5fejl0,500,2,0.1207200133,0
1537422660,Prod-EcsStagingCluster-EcsCluster-1AAGQRFIOE9AE,Service_beiakkdem1vi3j5fejl0,500,2,0.1199724505,0
1537352640,Prod-EcsStagingCluster-EcsCluster-1AAGQRFIOE9AE,Service_beiakkdem1vi3j5fejl0,500,2,0.1097869153,0
1537414140,Prod-EcsStagingCluster-EcsCluster-1AAGQRFIOE9AE,Service_beiakkdem1vi3j5fejl0,500,2,0.1163671809,0
1537401420,Prod-EcsStagingCluster-EcsCluster-1AAGQRFIOE9AE,Service_beiakkdem1vi3j5fejl0,500,2,0.1298209364,0
1537382280,Prod-EcsStagingCluster-EcsCluster-1AAGQRFIOE9AE,Service_beiakkdem1vi3j5fejl0,500,2,0.1045551463,0
1537409820,Prod-EcsStagingCluster-EcsCluster-1AAGQRFIOE9AE,Service_beiakkdem1vi3j5fejl0,500,2,0.1454889434,0
1537416180,Prod-EcsStagingCluster-EcsCluster-1AAGQRFIOE9AE,Service_beiakkdem1vi3j5fejl0,500,2,0.1190039852,0
1537393920,Prod-EcsStagingCluster-EcsCluster-1AAGQRFIOE9AE,Service_beiakkdem1vi3j5fejl0,500,2,0.1206910892,0
1537387560,Prod-EcsStagingCluster-EcsCluster-1AAGQRFIOE9AE,Service_beiakkdem1vi3j5fejl0,500,2,0.1299595914,0
1537373700,Prod-EcsStagingCluster-EcsCluster-1AAGQRFIOE9AE,Service_beiakkdem1vi3j5fejl0,500,2,0.1186486795,0
1537348260,Prod-EcsStagingCluster-EcsCluster-1AAGQRFIOE9AE,Service_beiakkdem1vi3j5fejl0,500,2,0.1062323172,0
1537392780,Prod-EcsStagingCluster-EcsCluster-1AAGQRFIOE9AE,Service_beiakkdem1vi3j5fejl0,500,2,0.1205072845,0
1537399140,Prod-EcsStagingCluster-EcsCluster-1AAGQRFIOE9AE,Service_beiakkdem1vi3j5fejl0,500,2,0.1342683539,0
1537424580,Prod-EcsStagingCluster-EcsCluster-1AAGQRFIOE9AE,Service_beiakkdem1vi3j5fejl0,500,2,0.1163758984,0
1537351200,Prod-EcsStagingCluster-EcsCluster-1AAGQRFIOE9AE,Service_beiakkdem1vi3j5fejl0,500,2,2.6380411750,0
1537395720,Prod-EcsStagingCluster-EcsCluster-1AAGQRFIOE9AE,Service_beiakkdem1vi3j5fejl0,500,2,0.1522056213,0
1537367100,Prod-EcsStagingCluster-EcsCluster-1AAGQRFIOE9AE,Service_beiakkdem1vi3j5fejl0,500,2,0.1118158819,0
1537373460,Prod-EcsStagingCluster-EcsCluster-1AAGQRFIOE9AE,Service_beiakkdem1vi3j5fejl0,500,2,0.1077866404,0
1537417980,Prod-EcsStagingCluster-EcsCluster-1AAGQRFIOE9AE,Service_beiakkdem1vi3j5fejl0,500,2,0.1494737612,0
1537424340,Prod-EcsStagingCluster-EcsCluster-1AAGQRFIOE9AE,Service_beiakkdem1vi3j5fejl0,500,2,0.1175162211,0
1537350060,Prod-EcsStagingCluster-EcsCluster-1AAGQRFIOE9AE,Service_beiakkdem1vi3j5fejl0,500,2,0.1613081591,0
1537353240,Prod-EcsStagingCluster-EcsCluster-1AAGQRFIOE9AE,Service_beiakkdem1vi3j5fejl0,500,2,0.1191052336,0
1537402080,Prod-EcsStagingCluster-EcsCluster-1AAGQRFIOE9AE,Service_beiakkdem1vi3j5fejl0,500,2,0.1188668596,0
1537378680,Prod-EcsStagingCluster-EcsCluster-1AAGQRFIOE9AE,Service_beiakkdem1vi3j5fejl0,500,2,0.1296440414,0
1537359600,Prod-EcsStagingCluster-EcsCluster-1AAGQRFIOE9AE,Service_beiakkdem1vi3j5fejl0,500,2,0.1130411150,0
1537404120,Prod-EcsStagingCluster-EcsCluster-1AAGQRFIOE9AE,Service_beiakkdem1vi3j5fejl0,500,2,0.1184155763,0
1537410480,Prod-EcsStagingCluster-EcsCluster-1AAGQRFIOE9AE,Service_beiakkdem1vi3j5fejl0,500,2,0.1494815344,0
1537400940,Prod-EcsStagingCluster-EcsCluster-1AAGQRFIOE9AE,Service_beiakkdem1vi3j5fejl0,500,2,0.1317172467,0
1537385040,Prod-EcsStagingCluster-EcsCluster-1AAGQRFIOE9AE,Service_beiakkdem1vi3j5fejl0,500,2,0.1071614168,0
1537429560,Prod-EcsStagingCluster-EcsCluster-1AAGQRFIOE9AE,Service_beiakkdem1vi3j5fejl0,500,2,0.1072459583,0
1537375260,Prod-EcsStagingCluster-EcsCluster-1AAGQRFIOE9AE,Service_beiakkdem1vi3j5fejl0,500,2,0.1226115483,0
1537381620,Prod-EcsStagingCluster-EcsCluster-1AAGQRFIOE9AE,Service_beiakkdem1vi3j5fejl0,500,2,0.1109725857,0
1537426140,Prod-EcsStagingCluster-EcsCluster-1AAGQRFIOE9AE,Service_beiakkdem1vi3j5fejl0,500,2,0.1089062827,0
1537358220,Prod-EcsStagingCluster-EcsCluster-1AAGQRFIOE9AE,Service_beiakkdem1vi3j5fejl0,500,2,0.1154628027,0
1537390020,Prod-EcsStagingCluster-EcsCluster-1AAGQRFIOE9AE,Service_beiakkdem1vi3j5fejl0,500,2,0.1303436936,0
1537364580,Prod-EcsStagingCluster-EcsCluster-1AAGQRFIOE9AE,Service_beiakkdem1vi3j5fejl0,500,2,0.1221086174,0
1537409100,Prod-EcsStagingCluster-EcsCluster-1AAGQRFIOE9AE,Service_beiakkdem1vi3j5fejl0,500,2,0.1403219478,0
1537415460,Prod-EcsStagingCluster-EcsCluster-1AAGQRFIOE9AE,Service_beiakkdem1vi3j5fejl0,500,2,0.1198851890,0
1537379400,Prod-EcsStagingCluster-EcsCluster-1AAGQRFIOE9AE,Service_beiakkdem1vi3j5fejl0,500,2,0.1188148622,0
1537385760,Prod-EcsStagingCluster-EcsCluster-1AAGQRFIOE9AE,Service_beiakkdem1vi3j5fejl0,500,2,0.1239865835,0
1537430280,Prod-EcsStagingCluster-EcsCluster-1AAGQRFIOE9AE,Service_beiakkdem1vi3j5fejl0,500,2,0.1103540647,0
1537362360,Prod-EcsStagingCluster-EcsCluster-1AAGQRFIOE9AE,Service_beiakkdem1vi3j5fejl0,500,2,0.1083057604,0
1537394160,Prod-EcsStagingCluster-EcsCluster-1AAGQRFIOE9AE,Service_beiakkdem1vi3j5fejl0,500,2,0.1188981449,0
1537387800,Prod-EcsStagingCluster-EcsCluster-1AAGQRFIOE9AE,Service_beiakkdem1vi3j5fejl0,500,2,0.1322211724,0
1537368720,Prod-EcsStagingCluster-EcsCluster-1AAGQRFIOE9AE,Service_beiakkdem1vi3j5fejl0,500,2,0.1197126889,0
1537413240,Prod-EcsStagingCluster-EcsCluster-1AAGQRFIOE9AE,Service_beiakkdem1vi3j5fejl0,500,2,0.1207263177,0
1537419600,Prod-EcsStagingCluster-EcsCluster-1AAGQRFIOE9AE,Service_beiakkdem1vi3j5fejl0,500,2,0.1382930744,0
1537383420,Prod-EcsStagingCluster-EcsCluster-1AAGQRFIOE9AE,Service_beiakkdem1vi3j5fejl0,500,2,0.5390063304,0
1537389780,Prod-EcsStagingCluster-EcsCluster-1AAGQRFIOE9AE,Service_beiakkdem1vi3j5fejl0,500,2,0.1296925124,0
1537366380,Prod-EcsStagingCluster-EcsCluster-1AAGQRFIOE9AE,Service_beiakkdem1vi3j5fejl0,500,2,0.1327523637,0
1537426800,Prod-EcsStagingCluster-EcsCluster-1AAGQRFIOE9AE,Service_beiakkdem1vi3j5fejl0,500,2,0.1102620743,0
1537417260,Prod-EcsStagingCluster-EcsCluster-1AAGQRFIOE9AE,Service_beiakkdem1vi3j5fejl0,500,2,0.1491558187,0
1537363080,Prod-EcsStagingCluster-EcsCluster-1AAGQRFIOE9AE,Service_beiakkdem1vi3j5fejl0,500,2,0.1241410878,0
1537413960,Prod-EcsStagingCluster-EcsCluster-1AAGQRFIOE9AE,Service_beiakkdem1vi3j5fejl0,500,2,0.1180774694,0
1537391700,Prod-EcsStagingCluster-EcsCluster-1AAGQRFIOE9AE,Service_beiakkdem1vi3j5fejl0,500,2,0.1327178238,0
1537371480,Prod-EcsStagingCluster-EcsCluster-1AAGQRFIOE9AE,Service_beiakkdem1vi3j5fejl0,500,2,0.1095307762,0
1537346040,Prod-EcsStagingCluster-EcsCluster-1AAGQRFIOE9AE,Service_beiakkdem1vi3j5fejl0,500,2,0.1147975435,0
1537396920,Prod-EcsStagingCluster-EcsCluster-1AAGQRFIOE9AE,Service_beiakkdem1vi3j5fejl0,500,2,0.1215989982,0
1537422360,Prod-EcsStagingCluster-EcsCluster-1AAGQRFIOE9AE,Service_beiakkdem1vi3j5fejl0,500,2,0.1213227691,0
1537391580,Prod-EcsStagingCluster-EcsCluster-1AAGQRFIOE9AE,Service_beiakkdem1vi3j5fejl0,500,2,0.1285621890,0
1537375680,Prod-EcsStagingCluster-EcsCluster-1AAGQRFIOE9AE,Service_beiakkdem1vi3j5fejl0,500,2,0.1164486185,0
1537374540,Prod-EcsStagingCluster-EcsCluster-1AAGQRFIOE9AE,Service_beiakkdem1vi3j5fejl0,500,2,0.1176979823,0
1537426560,Prod-EcsStagingCluster-EcsCluster-1AAGQRFIOE9AE,Service_beiakkdem1vi3j5fejl0,500,2,0.1101353983,0
1537425420,Prod-EcsStagingCluster-EcsCluster-1AAGQRFIOE9AE,Service_beiakkdem1vi3j5fejl0,500,2,0.1078733428,0
1537348980,Prod-EcsStagingCluster-EcsCluster-1AAGQRFIOE9AE,Service_beiakkdem1vi3j5fejl0,500,2,0.1285715906,0
1537371240,Prod-EcsStagingCluster-EcsCluster-1AAGQRFIOE9AE,Service_beiakkdem1vi3j5fejl0,500,2,0.1107063962,0
1537422120,Prod-EcsStagingCluster-EcsCluster-1AAGQRFIOE9AE,Service_beiakkdem1vi3j5fejl0,500,2,0.1220566967,0
1537399860,Prod-EcsStagingCluster-EcsCluster-1AAGQRFIOE9AE,Service_beiakkdem1vi3j5fejl0,500,2,0.1268319480,0
1537357380,Prod-EcsStagingCluster-EcsCluster-1AAGQRFIOE9AE,Service_beiakkdem1vi3j5fejl0,500,2,0.1678240906,0
1537408260,Prod-EcsStagingCluster-EcsCluster-1AAGQRFIOE9AE,Service_beiakkdem1vi3j5fejl0,500,2,0.1217492233,0
1537348860,Prod-EcsStagingCluster-EcsCluster-1AAGQRFIOE9AE,Service_beiakkdem1vi3j5fejl0,500,2,0.1314140170,0
1537382820,Prod-EcsStagingCluster-EcsCluster-1AAGQRFIOE9AE,Service_beiakkdem1vi3j5fejl0,500,2,0.1203084494,0
1537399740,Prod-EcsStagingCluster-EcsCluster-1AAGQRFIOE9AE,Service_beiakkdem1vi3j5fejl0,500,2,0.1303214953,0
1537355160,Prod-EcsStagingCluster-EcsCluster-1AAGQRFIOE9AE,Service_beiakkdem1vi3j5fejl0,500,2,0.1161988597,0
1537380600,Prod-EcsStagingCluster-EcsCluster-1AAGQRFIOE9AE,Service_beiakkdem1vi3j5fejl0,500,2,0.1179032939,0
1537406040,Prod-EcsStagingCluster-EcsCluster-1AAGQRFIOE9AE,Service_beiakkdem1vi3j5fejl0,500,2,0.1161215210,0
1537359360,Prod-EcsStagingCluster-EcsCluster-1AAGQRFIOE9AE,Service_beiakkdem1vi3j5fejl0,500,2,0.1100280137,0
1537382700,Prod-EcsStagingCluster-EcsCluster-1AAGQRFIOE9AE,Service_beiakkdem1vi3j5fejl0,500,2,0.1206257584,0
1537431480,Prod-EcsStagingCluster-EcsCluster-1AAGQRFIOE9AE,Service_beiakkdem1vi3j5fejl0,500,2,0.1095670352,0
1537410240,Prod-EcsStagingCluster-EcsCluster-1AAGQRFIOE9AE,Service_beiakkdem1vi3j5fejl0,500,2,0.1481570020,0
1537357140,Prod-EcsStagingCluster-EcsCluster-1AAGQRFIOE9AE,Service_beiakkdem1vi3j5fejl0,500,2,0.1187649221,0
1537408020,Prod-EcsStagingCluster-EcsCluster-1AAGQRFIOE9AE,Service_beiakkdem1vi3j5fejl0,500,2,0.1181117692,0
1537357020,Prod-EcsStagingCluster-EcsCluster-1AAGQRFIOE9AE,Service_beiakkdem1vi3j5fejl0,500,2,0.1228337125,0
1537354920,Prod-EcsStagingCluster-EcsCluster-1AAGQRFIOE9AE,Service_beiakkdem1vi3j5fejl0,500,2,0.1073113618,0
1537407900,Prod-EcsStagingCluster-EcsCluster-1AAGQRFIOE9AE,Service_beiakkdem1vi3j5fejl0,500,2,0.1196137097,0
1537405800,Prod-EcsStagingCluster-EcsCluster-1AAGQRFIOE9AE,Service_beiakkdem1vi3j5fejl0,500,2,0.1148386823,0
1537390860,Prod-EcsStagingCluster-EcsCluster-1AAGQRFIOE9AE,Service_beiakkdem1vi3j5fejl0,500,2,0.1188571876,0
1537367520,Prod-EcsStagingCluster-EcsCluster-1AAGQRFIOE9AE,Service_beiakkdem1vi3j5fejl0,500,2,0.1211365285,0
1537418400,Prod-EcsStagingCluster-EcsCluster-1AAGQRFIOE9AE,Service_beiakkdem1vi3j5fejl0,500,2,0.1504749385,0
1537375920,Prod-EcsStagingCluster-EcsCluster-1AAGQRFIOE9AE,Service_beiakkdem1vi3j5fejl0,500,2,0.1140536656,0
1537350480,Prod-EcsStagingCluster-EcsCluster-1AAGQRFIOE9AE,Service_beiakkdem1vi3j5fejl0,500,2,0.1312373780,0
1537401360,Prod-EcsStagingCluster-EcsCluster-1AAGQRFIOE9AE,Service_beiakkdem1vi3j5fejl0,500,2,0.1290586933,0
1537365300,Prod-EcsStagingCluster-EcsCluster-1AAGQRFIOE9AE,Service_beiakkdem1vi3j5fejl0,500,2,0.1285145854,0
1537421520,Prod-EcsStagingCluster-EcsCluster-1AAGQRFIOE9AE,Service_beiakkdem1vi3j5fejl0,500,2,0.1091119434,0
1537349280,Prod-EcsStagingCluster-EcsCluster-1AAGQRFIOE9AE,Service_beiakkdem1vi3j5fejl0,500,2,0.1308169746,0
1537393800,Prod-EcsStagingCluster-EcsCluster-1AAGQRFIOE9AE,Service_beiakkdem1vi3j5fejl0,500,2,0.1189866631,0
1537371540,Prod-EcsStagingCluster-EcsCluster-1AAGQRFIOE9AE,Service_beiakkdem1vi3j5fejl0,500,2,0.1095027780,0
1537422420,Prod-EcsStagingCluster-EcsCluster-1AAGQRFIOE9AE,Service_beiakkdem1vi3j5fejl0,500,2,0.1168586484,0
1537348140,Prod-EcsStagingCluster-EcsCluster-1AAGQRFIOE9AE,Service_beiakkdem1vi3j5fejl0,500,2,0.1142407636,0
1537400160,Prod-EcsStagingCluster-EcsCluster-1AAGQRFIOE9AE,Service_beiakkdem1vi3j5fejl0,500,2,0.1338485944,0
1537360860,Prod-EcsStagingCluster-EcsCluster-1AAGQRFIOE9AE,Service_beiakkdem1vi3j5fejl0,500,2,0.1168005349,0
1537411740,Prod-EcsStagingCluster-EcsCluster-1AAGQRFIOE9AE,Service_beiakkdem1vi3j5fejl0,500,2,0.1373007200,0
1537399020,Prod-EcsStagingCluster-EcsCluster-1AAGQRFIOE9AE,Service_beiakkdem1vi3j5fejl0,500,2,0.1307581691,0
1537350180,Prod-EcsStagingCluster-EcsCluster-1AAGQRFIOE9AE,Service_beiakkdem1vi3j5fejl0,500,2,0.1165432565,0
1537401060,Prod-EcsStagingCluster-EcsCluster-1AAGQRFIOE9AE,Service_beiakkdem1vi3j5fejl0,500,2,0.1307574390,0
1537375620,Prod-EcsStagingCluster-EcsCluster-1AAGQRFIOE9AE,Service_beiakkdem1vi3j5fejl0,500,2,0.1467606609,14
1537426500,Prod-EcsStagingCluster-EcsCluster-1AAGQRFIOE9AE,Service_beiakkdem1vi3j5fejl0,500,2,0.1100954550,0
1537379700,Prod-EcsStagingCluster-EcsCluster-1AAGQRFIOE9AE,Service_beiakkdem1vi3j5fejl0,500,2,0.1290418287,0
1537351080,Prod-EcsStagingCluster-EcsCluster-1AAGQRFIOE9AE,Service_beiakkdem1vi3j5fejl0,500,2,0.1181870493,0
1537357440,Prod-EcsStagingCluster-EcsCluster-1AAGQRFIOE9AE,Service_beiakkdem1vi3j5fejl0,500,2,0.1191760799,0
1537401960,Prod-EcsStagingCluster-EcsCluster-1AAGQRFIOE9AE,Service_beiakkdem1vi3j5fejl0,500,2,0.1173350630,0
1537430580,Prod-EcsStagingCluster-EcsCluster-1AAGQRFIOE9AE,Service_beiakkdem1vi3j5fejl0,500,2,0.1083779039,0
1537356300,Prod-EcsStagingCluster-EcsCluster-1AAGQRFIOE9AE,Service_beiakkdem1vi3j5fejl0,500,2,0.1199619648,0
1537408320,Prod-EcsStagingCluster-EcsCluster-1AAGQRFIOE9AE,Service_beiakkdem1vi3j5fejl0,500,2,0.1503293401,0
1537369020,Prod-EcsStagingCluster-EcsCluster-1AAGQRFIOE9AE,Service_beiakkdem1vi3j5fejl0,500,2,0.1195547526,0
1537419900,Prod-EcsStagingCluster-EcsCluster-1AAGQRFIOE9AE,Service_beiakkdem1vi3j5fejl0,500,2,0.1386236531,0
1537407180,Prod-EcsStagingCluster-EcsCluster-1AAGQRFIOE9AE,Service_beiakkdem1vi3j5fejl0,500,2,0.1210163951,0
1537383840,Prod-EcsStagingCluster-EcsCluster-1AAGQRFIOE9AE,Service_beiakkdem1vi3j5fejl0,500,2,0.1171736094,0
1537428360,Prod-EcsStagingCluster-EcsCluster-1AAGQRFIOE9AE,Service_beiakkdem1vi3j5fejl0,500,2,0.1063165000,0
1537387860,Prod-EcsStagingCluster-EcsCluster-1AAGQRFIOE9AE,Service_beiakkdem1vi3j5fejl0,500,2,0.1290642113,6
1537364460,Prod-EcsStagingCluster-EcsCluster-1AAGQRFIOE9AE,Service_beiakkdem1vi3j5fejl0,500,2,0.1307946981,0
1537377180,Prod-EcsStagingCluster-EcsCluster-1AAGQRFIOE9AE,Service_beiakkdem1vi3j5fejl0,500,2,0.1325414078,0
1537385640,Prod-EcsStagingCluster-EcsCluster-1AAGQRFIOE9AE,Service_beiakkdem1vi3j5fejl0,500,2,0.1192951704,0
1537428060,Prod-EcsStagingCluster-EcsCluster-1AAGQRFIOE9AE,Service_beiakkdem1vi3j5fejl0,500,2,0.1073263889,0
1537392000,Prod-EcsStagingCluster-EcsCluster-1AAGQRFIOE9AE,Service_beiakkdem1vi3j5fejl0,500,2,0.1300840210,0
1537415340,Prod-EcsStagingCluster-EcsCluster-1AAGQRFIOE9AE,Service_beiakkdem1vi3j5fejl0,500,2,0.1216207971,0
1537391940,Prod-EcsStagingCluster-EcsCluster-1AAGQRFIOE9AE,Service_beiakkdem1vi3j5fejl0,500,2,0.1755596097,0
1537366500,Prod-EcsStagingCluster-EcsCluster-1AAGQRFIOE9AE,Service_beiakkdem1vi3j5fejl0,500,2,0.1305993643,0
1537417380,Prod-EcsStagingCluster-EcsCluster-1AAGQRFIOE9AE,Service_beiakkdem1vi3j5fejl0,500,2,0.1593248816,0
1537389720,Prod-EcsStagingCluster-EcsCluster-1AAGQRFIOE9AE,Service_beiakkdem1vi3j5fejl0,500,2,0.1293085798,0
1537364280,Prod-EcsStagingCluster-EcsCluster-1AAGQRFIOE9AE,Service_beiakkdem1vi3j5fejl0,500,2,0.1220666766,0
1537370640,Prod-EcsStagingCluster-EcsCluster-1AAGQRFIOE9AE,Service_beiakkdem1vi3j5fejl0,500,2,0.0988139881,0
1537415160,Prod-EcsStagingCluster-EcsCluster-1AAGQRFIOE9AE,Service_beiakkdem1vi3j5fejl0,500,2,0.1352167413,0
1537396080,Prod-EcsStagingCluster-EcsCluster-1AAGQRFIOE9AE,Service_beiakkdem1vi3j5fejl0,500,2,0.1084117020,0
1537373760,Prod-EcsStagingCluster-EcsCluster-1AAGQRFIOE9AE,Service_beiakkdem1vi3j5fejl0,500,2,0.1141691978,0
1537424640,Prod-EcsStagingCluster-EcsCluster-1AAGQRFIOE9AE,Service_beiakkdem1vi3j5fejl0,500,2,0.1102158602,0
1537393860,Prod-EcsStagingCluster-EcsCluster-1AAGQRFIOE9AE,Service_beiakkdem1vi3j5fejl0,500,2,0.1254534393,0
1537368420,Prod-EcsStagingCluster-EcsCluster-1AAGQRFIOE9AE,Service_beiakkdem1vi3j5fejl0,500,2,0.1199869095,0
1537419300,Prod-EcsStagingCluster-EcsCluster-1AAGQRFIOE9AE,Service_beiakkdem1vi3j5fejl0,500,2,0.1534621252,0
1537372620,Prod-EcsStagingCluster-EcsCluster-1AAGQRFIOE9AE,Service_beiakkdem1vi3j5fejl0,500,2,0.1062219072,0
1537385340,Prod-EcsStagingCluster-EcsCluster-1AAGQRFIOE9AE,Service_beiakkdem1vi3j5fejl0,500,2,0.1184198252,0
1537423500,Prod-EcsStagingCluster-EcsCluster-1AAGQRFIOE9AE,Service_beiakkdem1vi3j5fejl0,500,2,0.1188328379,0
1537352400,Prod-EcsStagingCluster-EcsCluster-1AAGQRFIOE9AE,Service_beiakkdem1vi3j5fejl0,500,2,0.1131354513,0
1537347060,Prod-EcsStagingCluster-EcsCluster-1AAGQRFIOE9AE,Service_beiakkdem1vi3j5fejl0,500,2,0.1134604003,0
1537377840,Prod-EcsStagingCluster-EcsCluster-1AAGQRFIOE9AE,Service_beiakkdem1vi3j5fejl0,500,2,0.1344531353,0
1537397940,Prod-EcsStagingCluster-EcsCluster-1AAGQRFIOE9AE,Service_beiakkdem1vi3j5fejl0,500,2,0.1178777411,0
1537428720,Prod-EcsStagingCluster-EcsCluster-1AAGQRFIOE9AE,Service_beiakkdem1vi3j5fejl0,500,2,0.0989279776,0
1537403280,Prod-EcsStagingCluster-EcsCluster-1AAGQRFIOE9AE,Service_beiakkdem1vi3j5fejl0,500,2,0.1138032063,0
1537369320,Prod-EcsStagingCluster-EcsCluster-1AAGQRFIOE9AE,Service_beiakkdem1vi3j5fejl0,500,2,0.1504783184,0
1537420200,Prod-EcsStagingCluster-EcsCluster-1AAGQRFIOE9AE,Service_beiakkdem1vi3j5fejl0,500,2,0.1631575627,0
1537373400,Prod-EcsStagingCluster-EcsCluster-1AAGQRFIOE9AE,Service_beiakkdem1vi3j5fejl0,500,2,0.1072281761,0
1537347960,Prod-EcsStagingCluster-EcsCluster-1AAGQRFIOE9AE,Service_beiakkdem1vi3j5fejl0,500,2,0.1135814542,0
1537381920,Prod-EcsStagingCluster-EcsCluster-1AAGQRFIOE9AE,Service_beiakkdem1vi3j5fejl0,500,2,0.1343034390,0
1537398840,Prod-EcsStagingCluster-EcsCluster-1AAGQRFIOE9AE,Service_beiakkdem1vi3j5fejl0,500,2,0.1302864383,0
1537424280,Prod-EcsStagingCluster-EcsCluster-1AAGQRFIOE9AE,Service_beiakkdem1vi3j5fejl0,500,2,0.1169914529,0
1537393500,Prod-EcsStagingCluster-EcsCluster-1AAGQRFIOE9AE,Service_beiakkdem1vi3j5fejl0,500,2,0.1220521867,0
1537380780,Prod-EcsStagingCluster-EcsCluster-1AAGQRFIOE9AE,Service_beiakkdem1vi3j5fejl0,500,2,0.1085538265,0
1537431660,Prod-EcsStagingCluster-EcsCluster-1AAGQRFIOE9AE,Service_beiakkdem1vi3j5fejl0,500,2,0.1130464277,0
1537377480,Prod-EcsStagingCluster-EcsCluster-1AAGQRFIOE9AE,Service_beiakkdem1vi3j5fejl0,500,2,0.1493500007,0
1537355220,Prod-EcsStagingCluster-EcsCluster-1AAGQRFIOE9AE,Service_beiakkdem1vi3j5fejl0,500,2,0.1156839837,0
1537406100,Prod-EcsStagingCluster-EcsCluster-1AAGQRFIOE9AE,Service_beiakkdem1vi3j5fejl0,500,2,0.1183952217,0
1537361520,Prod-EcsStagingCluster-EcsCluster-1AAGQRFIOE9AE,Service_beiakkdem1vi3j5fejl0,500,2,0.1047880165,0
1537412400,Prod-EcsStagingCluster-EcsCluster-1AAGQRFIOE9AE,Service_beiakkdem1vi3j5fejl0,500,2,0.1210413231,0
1537353000,Prod-EcsStagingCluster-EcsCluster-1AAGQRFIOE9AE,Service_beiakkdem1vi3j5fejl0,500,2,0.1331773767,0
1537386960,Prod-EcsStagingCluster-EcsCluster-1AAGQRFIOE9AE,Service_beiakkdem1vi3j5fejl0,500,2,0.1229694062,0
1537403880,Prod-EcsStagingCluster-EcsCluster-1AAGQRFIOE9AE,Service_beiakkdem1vi3j5fejl0,500,2,0.1188856770,0
1537359300,Prod-EcsStagingCluster-EcsCluster-1AAGQRFIOE9AE,Service_beiakkdem1vi3j5fejl0,500,2,0.1131100905,0
1537410180,Prod-EcsStagingCluster-EcsCluster-1AAGQRFIOE9AE,Service_beiakkdem1vi3j5fejl0,500,2,0.1443658619,0
1537350780,Prod-EcsStagingCluster-EcsCluster-1AAGQRFIOE9AE,Service_beiakkdem1vi3j5fejl0,500,2,0.1177745998,0
1537384740,Prod-EcsStagingCluster-EcsCluster-1AAGQRFIOE9AE,Service_beiakkdem1vi3j5fejl0,500,2,0.1466240529,0
1537401660,Prod-EcsStagingCluster-EcsCluster-1AAGQRFIOE9AE,Service_beiakkdem1vi3j5fejl0,500,2,0.1194192956,0
1537388940,Prod-EcsStagingCluster-EcsCluster-1AAGQRFIOE9AE,Service_beiakkdem1vi3j5fejl0,500,2,0.1273287970,0
1537365600,Prod-EcsStagingCluster-EcsCluster-1AAGQRFIOE9AE,Service_beiakkdem1vi3j5fejl0,500,2,0.1327146429,0
1537416480,Prod-EcsStagingCluster-EcsCluster-1AAGQRFIOE9AE,Service_beiakkdem1vi3j5fejl0,500,2,0.1204628536,0
1537357080,Prod-EcsStagingCluster-EcsCluster-1AAGQRFIOE9AE,Service_beiakkdem1vi3j5fejl0,500,2,0.1202974007,0
1537407960,Prod-EcsStagingCluster-EcsCluster-1AAGQRFIOE9AE,Service_beiakkdem1vi3j5fejl0,500,2,0.1170224113,0
1537382520,Prod-EcsStagingCluster-EcsCluster-1AAGQRFIOE9AE,Service_beiakkdem1vi3j5fejl0,500,2,0.1195388497,0
1537363380,Prod-EcsStagingCluster-EcsCluster-1AAGQRFIOE9AE,Service_beiakkdem1vi3j5fejl0,500,2,0.1483947112,0
1537414260,Prod-EcsStagingCluster-EcsCluster-1AAGQRFIOE9AE,Service_beiakkdem1vi3j5fejl0,500,2,0.1193583201,0
1537361160,Prod-EcsStagingCluster-EcsCluster-1AAGQRFIOE9AE,Service_beiakkdem1vi3j5fejl0,500,2,0.1156267582,0
1537412040,Prod-EcsStagingCluster-EcsCluster-1AAGQRFIOE9AE,Service_beiakkdem1vi3j5fejl0,500,2,0.1208611725,0
1537346220,Prod-EcsStagingCluster-EcsCluster-1AAGQRFIOE9AE,Service_beiakkdem1vi3j5fejl0,500,2,0.1180336414,0
1537358940,Prod-EcsStagingCluster-EcsCluster-1AAGQRFIOE9AE,Service_beiakkdem1vi3j5fejl0,500,2,0.1082057555,0
1537397100,Prod-EcsStagingCluster-EcsCluster-1AAGQRFIOE9AE,Service_beiakkdem1vi3j5fejl0,500,2,0.1218341286,0
1537360980,Prod-EcsStagingCluster-EcsCluster-1AAGQRFIOE9AE,Service_beiakkdem1vi3j5fejl0,500,2,0.1144902713,0
1537425720,Prod-EcsStagingCluster-EcsCluster-1AAGQRFIOE9AE,Service_beiakkdem1vi3j5fejl0,500,2,0.1080882308,0
1537354620,Prod-EcsStagingCluster-EcsCluster-1AAGQRFIOE9AE,Service_beiakkdem1vi3j5fejl0,500,2,0.1190941868,0
1537411860,Prod-EcsStagingCluster-EcsCluster-1AAGQRFIOE9AE,Service_beiakkdem1vi3j5fejl0,500,2,0.1393845767,0
1537405500,Prod-EcsStagingCluster-EcsCluster-1AAGQRFIOE9AE,Service_beiakkdem1vi3j5fejl0,500,2,0.1207073577,0
1537347120,Prod-EcsStagingCluster-EcsCluster-1AAGQRFIOE9AE,Service_beiakkdem1vi3j5fejl0,500,2,0.1122800448,0
1537391640,Prod-EcsStagingCluster-EcsCluster-1AAGQRFIOE9AE,Service_beiakkdem1vi3j5fejl0,500,2,0.1305124230,0
1537398000,Prod-EcsStagingCluster-EcsCluster-1AAGQRFIOE9AE,Service_beiakkdem1vi3j5fejl0,500,2,0.1078975859,0
1537371420,Prod-EcsStagingCluster-EcsCluster-1AAGQRFIOE9AE,Service_beiakkdem1vi3j5fejl0,500,2,0.1100069698,0
1537377780,Prod-EcsStagingCluster-EcsCluster-1AAGQRFIOE9AE,Service_beiakkdem1vi3j5fejl0,500,2,0.1747922711,0
1537428660,Prod-EcsStagingCluster-EcsCluster-1AAGQRFIOE9AE,Service_beiakkdem1vi3j5fejl0,500,2,0.1078837624,0
1537360740,Prod-EcsStagingCluster-EcsCluster-1AAGQRFIOE9AE,Service_beiakkdem1vi3j5fejl0,500,2,0.1168455131,0
1537422300,Prod-EcsStagingCluster-EcsCluster-1AAGQRFIOE9AE,Service_beiakkdem1vi3j5fejl0,500,2,0.1205112600,0
1537411620,Prod-EcsStagingCluster-EcsCluster-1AAGQRFIOE9AE,Service_beiakkdem1vi3j5fejl0,500,2,0.1405520103,0
1537346880,Prod-EcsStagingCluster-EcsCluster-1AAGQRFIOE9AE,Service_beiakkdem1vi3j5fejl0,500,2,0.1171865221,0
1537397760,Prod-EcsStagingCluster-EcsCluster-1AAGQRFIOE9AE,Service_beiakkdem1vi3j5fejl0,500,2,0.1203172221,0
1537391400,Prod-EcsStagingCluster-EcsCluster-1AAGQRFIOE9AE,Service_beiakkdem1vi3j5fejl0,500,2,0.1195008434,0
1537345740,Prod-EcsStagingCluster-EcsCluster-1AAGQRFIOE9AE,Service_beiakkdem1vi3j5fejl0,500,2,0.1142246061,0
1537396620,Prod-EcsStagingCluster-EcsCluster-1AAGQRFIOE9AE,Service_beiakkdem1vi3j5fejl0,500,2,0.1193674117,0
1537377540,Prod-EcsStagingCluster-EcsCluster-1AAGQRFIOE9AE,Service_beiakkdem1vi3j5fejl0,500,2,0.1321235273,0
1537428420,Prod-EcsStagingCluster-EcsCluster-1AAGQRFIOE9AE,Service_beiakkdem1vi3j5fejl0,500,2,0.1067335540,0
1537357320,Prod-EcsStagingCluster-EcsCluster-1AAGQRFIOE9AE,Service_beiakkdem1vi3j5fejl0,500,2,0.1185468439,0
1537375320,Prod-EcsStagingCluster-EcsCluster-1AAGQRFIOE9AE,Service_beiakkdem1vi3j5fejl0,500,2,0.1262617278,0
1537381680,Prod-EcsStagingCluster-EcsCluster-1AAGQRFIOE9AE,Service_beiakkdem1vi3j5fejl0,500,2,0.1115043865,0
1537426200,Prod-EcsStagingCluster-EcsCluster-1AAGQRFIOE9AE,Service_beiakkdem1vi3j5fejl0,500,2,0.1064893213,0
1537362540,Prod-EcsStagingCluster-EcsCluster-1AAGQRFIOE9AE,Service_beiakkdem1vi3j5fejl0,500,2,0.1105353699,0
1537413420,Prod-EcsStagingCluster-EcsCluster-1AAGQRFIOE9AE,Service_beiakkdem1vi3j5fejl0,500,2,0.1190806198,0
1537370940,Prod-EcsStagingCluster-EcsCluster-1AAGQRFIOE9AE,Service_beiakkdem1vi3j5fejl0,500,2,0.1077748954,0
1537377300,Prod-EcsStagingCluster-EcsCluster-1AAGQRFIOE9AE,Service_beiakkdem1vi3j5fejl0,500,2,0.1329655412,0
1537421820,Prod-EcsStagingCluster-EcsCluster-1AAGQRFIOE9AE,Service_beiakkdem1vi3j5fejl0,500,2,0.1214039885,0
1537428180,Prod-EcsStagingCluster-EcsCluster-1AAGQRFIOE9AE,Service_beiakkdem1vi3j5fejl0,500,2,0.1087486446,0
1537381440,Prod-EcsStagingCluster-EcsCluster-1AAGQRFIOE9AE,Service_beiakkdem1vi3j5fejl0,500,2,0.1100584229,0
1537375080,Prod-EcsStagingCluster-EcsCluster-1AAGQRFIOE9AE,Service_beiakkdem1vi3j5fejl0,500,2,0.1253445277,0
1537394100,Prod-EcsStagingCluster-EcsCluster-1AAGQRFIOE9AE,Service_beiakkdem1vi3j5fejl0,500,2,0.1198683217,0
1537387740,Prod-EcsStagingCluster-EcsCluster-1AAGQRFIOE9AE,Service_beiakkdem1vi3j5fejl0,500,2,0.1331703924,0
1537425960,Prod-EcsStagingCluster-EcsCluster-1AAGQRFIOE9AE,Service_beiakkdem1vi3j5fejl0,500,2,0.1107862300,0
1537377060,Prod-EcsStagingCluster-EcsCluster-1AAGQRFIOE9AE,Service_beiakkdem1vi3j5fejl0,500,2,0.1329038683,0
1537347360,Prod-EcsStagingCluster-EcsCluster-1AAGQRFIOE9AE,Service_beiakkdem1vi3j5fejl0,500,2,0.1165366218,0
1537391880,Prod-EcsStagingCluster-EcsCluster-1AAGQRFIOE9AE,Service_beiakkdem1vi3j5fejl0,500,2,0.1299634443,0
1537398240,Prod-EcsStagingCluster-EcsCluster-1AAGQRFIOE9AE,Service_beiakkdem1vi3j5fejl0,500,2,0.1244314364,0
1537427940,Prod-EcsStagingCluster-EcsCluster-1AAGQRFIOE9AE,Service_beiakkdem1vi3j5fejl0,500,2,0.1065411037,0
1537374840,Prod-EcsStagingCluster-EcsCluster-1AAGQRFIOE9AE,Service_beiakkdem1vi3j5fejl0,500,2,0.1166170257,0
1537381200,Prod-EcsStagingCluster-EcsCluster-1AAGQRFIOE9AE,Service_beiakkdem1vi3j5fejl0,500,2,0.1087297946,0
1537396020,Prod-EcsStagingCluster-EcsCluster-1AAGQRFIOE9AE,Service_beiakkdem1vi3j5fejl0,500,2,0.1233723135,0
1537414080,Prod-EcsStagingCluster-EcsCluster-1AAGQRFIOE9AE,Service_beiakkdem1vi3j5fejl0,500,2,0.1179722205,0
1537362060,Prod-EcsStagingCluster-EcsCluster-1AAGQRFIOE9AE,Service_beiakkdem1vi3j5fejl0,500,2,0.1098277335,0
1537412940,Prod-EcsStagingCluster-EcsCluster-1AAGQRFIOE9AE,Service_beiakkdem1vi3j5fejl0,500,2,0.1204317857,0
1537378980,Prod-EcsStagingCluster-EcsCluster-1AAGQRFIOE9AE,Service_beiakkdem1vi3j5fejl0,500,2,0.1319735703,0
1537380000,Prod-EcsStagingCluster-EcsCluster-1AAGQRFIOE9AE,Service_beiakkdem1vi3j5fejl0,500,2,0.1305062791,0
1537429860,Prod-EcsStagingCluster-EcsCluster-1AAGQRFIOE9AE,Service_beiakkdem1vi3j5fejl0,500,2,0.1089862673,0
1537358760,Prod-EcsStagingCluster-EcsCluster-1AAGQRFIOE9AE,Service_beiakkdem1vi3j5fejl0,500,2,0.1189906059,0
1537430880,Prod-EcsStagingCluster-EcsCluster-1AAGQRFIOE9AE,Service_beiakkdem1vi3j5fejl0,500,2,0.1065709397,0
1537362960,Prod-EcsStagingCluster-EcsCluster-1AAGQRFIOE9AE,Service_beiakkdem1vi3j5fejl0,500,2,0.1241696445,0
1537409640,Prod-EcsStagingCluster-EcsCluster-1AAGQRFIOE9AE,Service_beiakkdem1vi3j5fejl0,500,2,0.6016806705,0
1537378860,Prod-EcsStagingCluster-EcsCluster-1AAGQRFIOE9AE,Service_beiakkdem1vi3j5fejl0,500,2,0.1293828715,0
1537429740,Prod-EcsStagingCluster-EcsCluster-1AAGQRFIOE9AE,Service_beiakkdem1vi3j5fejl0,500,2,0.0998021026,0
1537413840,Prod-EcsStagingCluster-EcsCluster-1AAGQRFIOE9AE,Service_beiakkdem1vi3j5fejl0,500,2,0.1212627406,0
1537395780,Prod-EcsStagingCluster-EcsCluster-1AAGQRFIOE9AE,Service_beiakkdem1vi3j5fejl0,500,2,0.1187503792,0
1537375560,Prod-EcsStagingCluster-EcsCluster-1AAGQRFIOE9AE,Service_beiakkdem1vi3j5fejl0,500,2,0.1154067034,0
1537387260,Prod-EcsStagingCluster-EcsCluster-1AAGQRFIOE9AE,Service_beiakkdem1vi3j5fejl0,500,2,0.1213275321,0
1537426440,Prod-EcsStagingCluster-EcsCluster-1AAGQRFIOE9AE,Service_beiakkdem1vi3j5fejl0,500,2,0.1185692500,0
1537358520,Prod-EcsStagingCluster-EcsCluster-1AAGQRFIOE9AE,Service_beiakkdem1vi3j5fejl0,500,2,0.1181157031,0
1537379760,Prod-EcsStagingCluster-EcsCluster-1AAGQRFIOE9AE,Service_beiakkdem1vi3j5fejl0,500,2,0.1305527630,0
1537430640,Prod-EcsStagingCluster-EcsCluster-1AAGQRFIOE9AE,Service_beiakkdem1vi3j5fejl0,500,2,0.1356634842,0
1537353180,Prod-EcsStagingCluster-EcsCluster-1AAGQRFIOE9AE,Service_beiakkdem1vi3j5fejl0,500,2,0.1218631999,0
1537409400,Prod-EcsStagingCluster-EcsCluster-1AAGQRFIOE9AE,Service_beiakkdem1vi3j5fejl0,500,2,1.6133149381,0
1537404060,Prod-EcsStagingCluster-EcsCluster-1AAGQRFIOE9AE,Service_beiakkdem1vi3j5fejl0,500,2,3.9195766279,0
1537395540,Prod-EcsStagingCluster-EcsCluster-1AAGQRFIOE9AE,Service_beiakkdem1vi3j5fejl0,500,2,0.1193624793,0
1537363680,Prod-EcsStagingCluster-EcsCluster-1AAGQRFIOE9AE,Service_beiakkdem1vi3j5fejl0,500,2,0.1174655772,0
1537414560,Prod-EcsStagingCluster-EcsCluster-1AAGQRFIOE9AE,Service_beiakkdem1vi3j5fejl0,500,2,0.1183508199,0
1537393320,Prod-EcsStagingCluster-EcsCluster-1AAGQRFIOE9AE,Service_beiakkdem1vi3j5fejl0,500,2,0.1165142111,0
1537346640,Prod-EcsStagingCluster-EcsCluster-1AAGQRFIOE9AE,Service_beiakkdem1vi3j5fejl0,500,2,0.1135652654,0
1537397520,Prod-EcsStagingCluster-EcsCluster-1AAGQRFIOE9AE,Service_beiakkdem1vi3j5fejl0,500,2,0.1302703931,0
1537361460,Prod-EcsStagingCluster-EcsCluster-1AAGQRFIOE9AE,Service_beiakkdem1vi3j5fejl0,500,2,0.1184148921,0
1537412340,Prod-EcsStagingCluster-EcsCluster-1AAGQRFIOE9AE,Service_beiakkdem1vi3j5fejl0,500,2,0.1210790646,0
1537378380,Prod-EcsStagingCluster-EcsCluster-1AAGQRFIOE9AE,Service_beiakkdem1vi3j5fejl0,500,2,0.1290574832,0
1537359240,Prod-EcsStagingCluster-EcsCluster-1AAGQRFIOE9AE,Service_beiakkdem1vi3j5fejl0,500,2,0.1081993816,0
1537395300,Prod-EcsStagingCluster-EcsCluster-1AAGQRFIOE9AE,Service_beiakkdem1vi3j5fejl0,500,2,0.1162007539,0
1537429260,Prod-EcsStagingCluster-EcsCluster-1AAGQRFIOE9AE,Service_beiakkdem1vi3j5fejl0,500,2,0.1003069710,0
1537410120,Prod-EcsStagingCluster-EcsCluster-1AAGQRFIOE9AE,Service_beiakkdem1vi3j5fejl0,500,2,0.1486167573,0
1537363440,Prod-EcsStagingCluster-EcsCluster-1AAGQRFIOE9AE,Service_beiakkdem1vi3j5fejl0,500,2,0.1187559227,0
1537393080,Prod-EcsStagingCluster-EcsCluster-1AAGQRFIOE9AE,Service_beiakkdem1vi3j5fejl0,500,2,0.1174991709,0
1537414320,Prod-EcsStagingCluster-EcsCluster-1AAGQRFIOE9AE,Service_beiakkdem1vi3j5fejl0,500,2,0.1170499742,0
1537395180,Prod-EcsStagingCluster-EcsCluster-1AAGQRFIOE9AE,Service_beiakkdem1vi3j5fejl0,500,2,0.1220245488,0
1537361220,Prod-EcsStagingCluster-EcsCluster-1AAGQRFIOE9AE,Service_beiakkdem1vi3j5fejl0,500,2,0.1169796074,0
1537412100,Prod-EcsStagingCluster-EcsCluster-1AAGQRFIOE9AE,Service_beiakkdem1vi3j5fejl0,500,2,0.1187640874,0
1537352700,Prod-EcsStagingCluster-EcsCluster-1AAGQRFIOE9AE,Service_beiakkdem1vi3j5fejl0,500,2,0.1102673481,0
1537403580,Prod-EcsStagingCluster-EcsCluster-1AAGQRFIOE9AE,Service_beiakkdem1vi3j5fejl0,500,2,0.1203970454,0
1537359000,Prod-EcsStagingCluster-EcsCluster-1AAGQRFIOE9AE,Service_beiakkdem1vi3j5fejl0,500,2,0.1085543543,0
1537409880,Prod-EcsStagingCluster-EcsCluster-1AAGQRFIOE9AE,Service_beiakkdem1vi3j5fejl0,500,2,0.1462362216,0
1537363200,Prod-EcsStagingCluster-EcsCluster-1AAGQRFIOE9AE,Service_beiakkdem1vi3j5fejl0,500,2,0.1232260826,0
1537375860,Prod-EcsStagingCluster-EcsCluster-1AAGQRFIOE9AE,Service_beiakkdem1vi3j5fejl0,500,2,0.1152875054,0
1537363140,Prod-EcsStagingCluster-EcsCluster-1AAGQRFIOE9AE,Service_beiakkdem1vi3j5fejl0,500,2,0.1227533177,0
1537414020,Prod-EcsStagingCluster-EcsCluster-1AAGQRFIOE9AE,Service_beiakkdem1vi3j5fejl0,500,2,0.1166938189,0
1537426740,Prod-EcsStagingCluster-EcsCluster-1AAGQRFIOE9AE,Service_beiakkdem1vi3j5fejl0,500,2,0.1108190096,0
1537376760,Prod-EcsStagingCluster-EcsCluster-1AAGQRFIOE9AE,Service_beiakkdem1vi3j5fejl0,500,2,0.1438687862,0
1537383120,Prod-EcsStagingCluster-EcsCluster-1AAGQRFIOE9AE,Service_beiakkdem1vi3j5fejl0,500,2,0.1189793396,0
1537389480,Prod-EcsStagingCluster-EcsCluster-1AAGQRFIOE9AE,Service_beiakkdem1vi3j5fejl0,500,2,0.1180033023,0
1537395840,Prod-EcsStagingCluster-EcsCluster-1AAGQRFIOE9AE,Service_beiakkdem1vi3j5fejl0,500,2,0.1154642304,0
1537427640,Prod-EcsStagingCluster-EcsCluster-1AAGQRFIOE9AE,Service_beiakkdem1vi3j5fejl0,500,2,0.1082947028,0
1537356540,Prod-EcsStagingCluster-EcsCluster-1AAGQRFIOE9AE,Service_beiakkdem1vi3j5fejl0,500,2,0.1161807443,0
1537394700,Prod-EcsStagingCluster-EcsCluster-1AAGQRFIOE9AE,Service_beiakkdem1vi3j5fejl0,500,2,0.1227690958,0
1537349040,Prod-EcsStagingCluster-EcsCluster-1AAGQRFIOE9AE,Service_beiakkdem1vi3j5fejl0,500,2,0.1291906227,0
1537355400,Prod-EcsStagingCluster-EcsCluster-1AAGQRFIOE9AE,Service_beiakkdem1vi3j5fejl0,500,2,0.1155884444,0
1537361760,Prod-EcsStagingCluster-EcsCluster-1AAGQRFIOE9AE,Service_beiakkdem1vi3j5fejl0,500,2,0.1067703348,0
1537407420,Prod-EcsStagingCluster-EcsCluster-1AAGQRFIOE9AE,Service_beiakkdem1vi3j5fejl0,500,2,0.1228555098,0
1537412640,Prod-EcsStagingCluster-EcsCluster-1AAGQRFIOE9AE,Service_beiakkdem1vi3j5fejl0,500,2,0.1195692570,0
1537393560,Prod-EcsStagingCluster-EcsCluster-1AAGQRFIOE9AE,Service_beiakkdem1vi3j5fejl0,500,2,0.1199011090,0
1537399920,Prod-EcsStagingCluster-EcsCluster-1AAGQRFIOE9AE,Service_beiakkdem1vi3j5fejl0,500,2,0.1073045582,0
1537406280,Prod-EcsStagingCluster-EcsCluster-1AAGQRFIOE9AE,Service_beiakkdem1vi3j5fejl0,500,2,0.1220484855,0
1537373340,Prod-EcsStagingCluster-EcsCluster-1AAGQRFIOE9AE,Service_beiakkdem1vi3j5fejl0,500,2,0.1095842967,0
1537360620,Prod-EcsStagingCluster-EcsCluster-1AAGQRFIOE9AE,Service_beiakkdem1vi3j5fejl0,500,2,0.1167666020,0
1537362660,Prod-EcsStagingCluster-EcsCluster-1AAGQRFIOE9AE,Service_beiakkdem1vi3j5fejl0,500,2,0.1122392308,0
1537411500,Prod-EcsStagingCluster-EcsCluster-1AAGQRFIOE9AE,Service_beiakkdem1vi3j5fejl0,500,2,0.1253791316,0
1537424220,Prod-EcsStagingCluster-EcsCluster-1AAGQRFIOE9AE,Service_beiakkdem1vi3j5fejl0,500,2,0.1182247930,0
1537375380,Prod-EcsStagingCluster-EcsCluster-1AAGQRFIOE9AE,Service_beiakkdem1vi3j5fejl0,500,2,0.1285652089,0
1537413540,Prod-EcsStagingCluster-EcsCluster-1AAGQRFIOE9AE,Service_beiakkdem1vi3j5fejl0,500,2,0.1173325333,0
1537360440,Prod-EcsStagingCluster-EcsCluster-1AAGQRFIOE9AE,Service_beiakkdem1vi3j5fejl0,500,2,0.1170108824,0
1537426260,Prod-EcsStagingCluster-EcsCluster-1AAGQRFIOE9AE,Service_beiakkdem1vi3j5fejl0,500,2,0.1082878878,0
1537379520,Prod-EcsStagingCluster-EcsCluster-1AAGQRFIOE9AE,Service_beiakkdem1vi3j5fejl0,500,2,0.1167647720,0
1537366800,Prod-EcsStagingCluster-EcsCluster-1AAGQRFIOE9AE,Service_beiakkdem1vi3j5fejl0,500,2,0.1231138800,0
1537373160,Prod-EcsStagingCluster-EcsCluster-1AAGQRFIOE9AE,Service_beiakkdem1vi3j5fejl0,500,2,0.1074479635,0
1537417680,Prod-EcsStagingCluster-EcsCluster-1AAGQRFIOE9AE,Service_beiakkdem1vi3j5fejl0,500,2,0.5658677153,0
1537411320,Prod-EcsStagingCluster-EcsCluster-1AAGQRFIOE9AE,Service_beiakkdem1vi3j5fejl0,500,2,0.1274097290,0
1537392180,Prod-EcsStagingCluster-EcsCluster-1AAGQRFIOE9AE,Service_beiakkdem1vi3j5fejl0,500,2,0.1305954073,0
1537424040,Prod-EcsStagingCluster-EcsCluster-1AAGQRFIOE9AE,Service_beiakkdem1vi3j5fejl0,500,2,0.1150321055,0
1537430400,Prod-EcsStagingCluster-EcsCluster-1AAGQRFIOE9AE,Service_beiakkdem1vi3j5fejl0,500,2,0.1078024550,0
1537379460,Prod-EcsStagingCluster-EcsCluster-1AAGQRFIOE9AE,Service_beiakkdem1vi3j5fejl0,500,2,0.1175641862,0
1537430340,Prod-EcsStagingCluster-EcsCluster-1AAGQRFIOE9AE,Service_beiakkdem1vi3j5fejl0,500,2,0.1055689386,0
1537345440,Prod-EcsStagingCluster-EcsCluster-1AAGQRFIOE9AE,Service_beiakkdem1vi3j5fejl0,500,2,0.1137441186,0
1537396320,Prod-EcsStagingCluster-EcsCluster-1AAGQRFIOE9AE,Service_beiakkdem1vi3j5fejl0,500,2,0.1175422094,0
1537389960,Prod-EcsStagingCluster-EcsCluster-1AAGQRFIOE9AE,Service_beiakkdem1vi3j5fejl0,500,2,0.1286658595,0
1537377240,Prod-EcsStagingCluster-EcsCluster-1AAGQRFIOE9AE,Service_beiakkdem1vi3j5fejl0,500,2,0.1327666679,0
1537383600,Prod-EcsStagingCluster-EcsCluster-1AAGQRFIOE9AE,Service_beiakkdem1vi3j5fejl0,500,2,0.1180814705,0
1537428120,Prod-EcsStagingCluster-EcsCluster-1AAGQRFIOE9AE,Service_beiakkdem1vi3j5fejl0,500,2,0.1075403091,0
1537360140,Prod-EcsStagingCluster-EcsCluster-1AAGQRFIOE9AE,Service_beiakkdem1vi3j5fejl0,500,2,0.1160198379,0
1537372860,Prod-EcsStagingCluster-EcsCluster-1AAGQRFIOE9AE,Service_beiakkdem1vi3j5fejl0,500,2,0.1061336607,0
1537411020,Prod-EcsStagingCluster-EcsCluster-1AAGQRFIOE9AE,Service_beiakkdem1vi3j5fejl0,500,2,0.1291663562,0
1537423740,Prod-EcsStagingCluster-EcsCluster-1AAGQRFIOE9AE,Service_beiakkdem1vi3j5fejl0,500,2,0.1198596254,0
1537389660,Prod-EcsStagingCluster-EcsCluster-1AAGQRFIOE9AE,Service_beiakkdem1vi3j5fejl0,500,2,0.1192403262,0
1537407720,Prod-EcsStagingCluster-EcsCluster-1AAGQRFIOE9AE,Service_beiakkdem1vi3j5fejl0,500,2,0.1185679286,0
1537376940,Prod-EcsStagingCluster-EcsCluster-1AAGQRFIOE9AE,Service_beiakkdem1vi3j5fejl0,500,2,0.1326210324,0
1537427820,Prod-EcsStagingCluster-EcsCluster-1AAGQRFIOE9AE,Service_beiakkdem1vi3j5fejl0,500,2,0.1062990022,0
1537373640,Prod-EcsStagingCluster-EcsCluster-1AAGQRFIOE9AE,Service_beiakkdem1vi3j5fejl0,500,2,0.1067975466,0
1537360920,Prod-EcsStagingCluster-EcsCluster-1AAGQRFIOE9AE,Service_beiakkdem1vi3j5fejl0,500,2,0.1194412182,0
1537411800,Prod-EcsStagingCluster-EcsCluster-1AAGQRFIOE9AE,Service_beiakkdem1vi3j5fejl0,500,2,0.1367025249,0
1537424520,Prod-EcsStagingCluster-EcsCluster-1AAGQRFIOE9AE,Service_beiakkdem1vi3j5fejl0,500,2,0.1167068396,0
1537380900,Prod-EcsStagingCluster-EcsCluster-1AAGQRFIOE9AE,Service_beiakkdem1vi3j5fejl0,500,2,0.1086382130,0
1537393620,Prod-EcsStagingCluster-EcsCluster-1AAGQRFIOE9AE,Service_beiakkdem1vi3j5fejl0,500,2,0.1220695199,0
1537346820,Prod-EcsStagingCluster-EcsCluster-1AAGQRFIOE9AE,Service_beiakkdem1vi3j5fejl0,500,2,0.1145660979,0
1537359540,Prod-EcsStagingCluster-EcsCluster-1AAGQRFIOE9AE,Service_beiakkdem1vi3j5fejl0,500,2,0.1088285495,0
1537364880,Prod-EcsStagingCluster-EcsCluster-1AAGQRFIOE9AE,Service_beiakkdem1vi3j5fejl0,500,2,0.1306589800,0
1537377600,Prod-EcsStagingCluster-EcsCluster-1AAGQRFIOE9AE,Service_beiakkdem1vi3j5fejl0,500,2,0.1321745295,0
1537415760,Prod-EcsStagingCluster-EcsCluster-1AAGQRFIOE9AE,Service_beiakkdem1vi3j5fejl0,500,2,0.1232306805,0
1537410420,Prod-EcsStagingCluster-EcsCluster-1AAGQRFIOE9AE,Service_beiakkdem1vi3j5fejl0,500,2,0.1466593058,0
1537376460,Prod-EcsStagingCluster-EcsCluster-1AAGQRFIOE9AE,Service_beiakkdem1vi3j5fejl0,500,2,0.1303876205,0
1537397700,Prod-EcsStagingCluster-EcsCluster-1AAGQRFIOE9AE,Service_beiakkdem1vi3j5fejl0,500,2,0.1227464674,0
1537428480,Prod-EcsStagingCluster-EcsCluster-1AAGQRFIOE9AE,Service_beiakkdem1vi3j5fejl0,500,2,0.1074826620,0
1537389180,Prod-EcsStagingCluster-EcsCluster-1AAGQRFIOE9AE,Service_beiakkdem1vi3j5fejl0,500,2,0.1195655378,0
1537427340,Prod-EcsStagingCluster-EcsCluster-1AAGQRFIOE9AE,Service_beiakkdem1vi3j5fejl0,500,2,0.1093122918,0
1537408200,Prod-EcsStagingCluster-EcsCluster-1AAGQRFIOE9AE,Service_beiakkdem1vi3j5fejl0,500,2,0.1202131363,0
1537395480,Prod-EcsStagingCluster-EcsCluster-1AAGQRFIOE9AE,Service_beiakkdem1vi3j5fejl0,500,2,0.1060317221,0
1537355100,Prod-EcsStagingCluster-EcsCluster-1AAGQRFIOE9AE,Service_beiakkdem1vi3j5fejl0,500,2,0.1103669192,0
1537405980,Prod-EcsStagingCluster-EcsCluster-1AAGQRFIOE9AE,Service_beiakkdem1vi3j5fejl0,500,2,0.1170423040,0
1537393260,Prod-EcsStagingCluster-EcsCluster-1AAGQRFIOE9AE,Service_beiakkdem1vi3j5fejl0,500,2,0.1044405926,0
1537361280,Prod-EcsStagingCluster-EcsCluster-1AAGQRFIOE9AE,Service_beiakkdem1vi3j5fejl0,500,2,0.1144940401,0
1537348560,Prod-EcsStagingCluster-EcsCluster-1AAGQRFIOE9AE,Service_beiakkdem1vi3j5fejl0,500,2,0.1121130291,0
1537399440,Prod-EcsStagingCluster-EcsCluster-1AAGQRFIOE9AE,Service_beiakkdem1vi3j5fejl0,500,2,0.1296555268,0
1537412160,Prod-EcsStagingCluster-EcsCluster-1AAGQRFIOE9AE,Service_beiakkdem1vi3j5fejl0,500,2,0.1202907938,0
1537359060,Prod-EcsStagingCluster-EcsCluster-1AAGQRFIOE9AE,Service_beiakkdem1vi3j5fejl0,500,2,0.1122284380,0
1537346340,Prod-EcsStagingCluster-EcsCluster-1AAGQRFIOE9AE,Service_beiakkdem1vi3j5fejl0,500,2,0.1142068326,0
1537397220,Prod-EcsStagingCluster-EcsCluster-1AAGQRFIOE9AE,Service_beiakkdem1vi3j5fejl0,500,2,0.1225537418,0
1537378080,Prod-EcsStagingCluster-EcsCluster-1AAGQRFIOE9AE,Service_beiakkdem1vi3j5fejl0,500,2,0.1311020114,0
1537409940,Prod-EcsStagingCluster-EcsCluster-1AAGQRFIOE9AE,Service_beiakkdem1vi3j5fejl0,500,2,0.1668870667,0
1537365360,Prod-EcsStagingCluster-EcsCluster-1AAGQRFIOE9AE,Service_beiakkdem1vi3j5fejl0,500,2,0.1308370923,0
1537356840,Prod-EcsStagingCluster-EcsCluster-1AAGQRFIOE9AE,Service_beiakkdem1vi3j5fejl0,500,2,0.1183414492,0
1537395000,Prod-EcsStagingCluster-EcsCluster-1AAGQRFIOE9AE,Service_beiakkdem1vi3j5fejl0,500,2,0.1202844427,0
1537428960,Prod-EcsStagingCluster-EcsCluster-1AAGQRFIOE9AE,Service_beiakkdem1vi3j5fejl0,500,2,0.0971643639,0
1537416240,Prod-EcsStagingCluster-EcsCluster-1AAGQRFIOE9AE,Service_beiakkdem1vi3j5fejl0,500,2,0.1201238774,0
1537410720,Prod-EcsStagingCluster-EcsCluster-1AAGQRFIOE9AE,Service_beiakkdem1vi3j5fejl0,500,2,0.1382167788,0
1537401180,Prod-EcsStagingCluster-EcsCluster-1AAGQRFIOE9AE,Service_beiakkdem1vi3j5fejl0,500,2,0.1332832887,0
1537404360,Prod-EcsStagingCluster-EcsCluster-1AAGQRFIOE9AE,Service_beiakkdem1vi3j5fejl0,500,2,0.1059873793,0
1537407540,Prod-EcsStagingCluster-EcsCluster-1AAGQRFIOE9AE,Service_beiakkdem1vi3j5fejl0,500,2,0.1191537153,0
1537368240,Prod-EcsStagingCluster-EcsCluster-1AAGQRFIOE9AE,Service_beiakkdem1vi3j5fejl0,500,2,0.1202291682,0
1537426620,Prod-EcsStagingCluster-EcsCluster-1AAGQRFIOE9AE,Service_beiakkdem1vi3j5fejl0,500,2,0.1093343098,0
1537429800,Prod-EcsStagingCluster-EcsCluster-1AAGQRFIOE9AE,Service_beiakkdem1vi3j5fejl0,500,2,0.1013064905,0
1537358700,Prod-EcsStagingCluster-EcsCluster-1AAGQRFIOE9AE,Service_beiakkdem1vi3j5fejl0,500,2,0.1194411310,0
1537361880,Prod-EcsStagingCluster-EcsCluster-1AAGQRFIOE9AE,Service_beiakkdem1vi3j5fejl0,500,2,0.1078684028,0
1537365060,Prod-EcsStagingCluster-EcsCluster-1AAGQRFIOE9AE,Service_beiakkdem1vi3j5fejl0,500,2,0.1284133309,0
1537393680,Prod-EcsStagingCluster-EcsCluster-1AAGQRFIOE9AE,Service_beiakkdem1vi3j5fejl0,500,2,0.1189322755,0
1537390500,Prod-EcsStagingCluster-EcsCluster-1AAGQRFIOE9AE,Service_beiakkdem1vi3j5fejl0,500,2,0.1290377627,0
1537384140,Prod-EcsStagingCluster-EcsCluster-1AAGQRFIOE9AE,Service_beiakkdem1vi3j5fejl0,500,2,0.1191348683,0
1537387320,Prod-EcsStagingCluster-EcsCluster-1AAGQRFIOE9AE,Service_beiakkdem1vi3j5fejl0,500,2,0.1174720660,0
1537358460,Prod-EcsStagingCluster-EcsCluster-1AAGQRFIOE9AE,Service_beiakkdem1vi3j5fejl0,500,2,0.1212258811,0
1537361640,Prod-EcsStagingCluster-EcsCluster-1AAGQRFIOE9AE,Service_beiakkdem1vi3j5fejl0,500,2,0.1062797608,0
1537364820,Prod-EcsStagingCluster-EcsCluster-1AAGQRFIOE9AE,Service_beiakkdem1vi3j5fejl0,500,2,0.1297886969,0
1537368000,Prod-EcsStagingCluster-EcsCluster-1AAGQRFIOE9AE,Service_beiakkdem1vi3j5fejl0,500,2,0.1197696658,0
1537362600,Prod-EcsStagingCluster-EcsCluster-1AAGQRFIOE9AE,Service_beiakkdem1vi3j5fejl0,500,2,0.1112388179,0
1537368960,Prod-EcsStagingCluster-EcsCluster-1AAGQRFIOE9AE,Service_beiakkdem1vi3j5fejl0,500,2,0.1203319406,0
1537417740,Prod-EcsStagingCluster-EcsCluster-1AAGQRFIOE9AE,Service_beiakkdem1vi3j5fejl0,500,2,0.1497166623,0
1537392300,Prod-EcsStagingCluster-EcsCluster-1AAGQRFIOE9AE,Service_beiakkdem1vi3j5fejl0,500,2,0.1307676048,0
1537398660,Prod-EcsStagingCluster-EcsCluster-1AAGQRFIOE9AE,Service_beiakkdem1vi3j5fejl0,500,2,0.1307459547,0
1537424100,Prod-EcsStagingCluster-EcsCluster-1AAGQRFIOE9AE,Service_beiakkdem1vi3j5fejl0,500,2,0.1194498701,0
1537402800,Prod-EcsStagingCluster-EcsCluster-1AAGQRFIOE9AE,Service_beiakkdem1vi3j5fejl0,500,2,0.1164819622,0
1537396440,Prod-EcsStagingCluster-EcsCluster-1AAGQRFIOE9AE,Service_beiakkdem1vi3j5fejl0,500,2,0.1230549029,0
1537421880,Prod-EcsStagingCluster-EcsCluster-1AAGQRFIOE9AE,Service_beiakkdem1vi3j5fejl0,500,2,0.1200645852,0
1537428240,Prod-EcsStagingCluster-EcsCluster-1AAGQRFIOE9AE,Service_beiakkdem1vi3j5fejl0,500,2,0.1078779410,0
1537372980,Prod-EcsStagingCluster-EcsCluster-1AAGQRFIOE9AE,Service_beiakkdem1vi3j5fejl0,500,2,0.1068633276,0
1537366620,Prod-EcsStagingCluster-EcsCluster-1AAGQRFIOE9AE,Service_beiakkdem1vi3j5fejl0,500,2,0.1316362704,0
1537398420,Prod-EcsStagingCluster-EcsCluster-1AAGQRFIOE9AE,Service_beiakkdem1vi3j5fejl0,500,2,0.1180710411,0
1537392060,Prod-EcsStagingCluster-EcsCluster-1AAGQRFIOE9AE,Service_beiakkdem1vi3j5fejl0,500,2,0.1300477717,0
1537355940,Prod-EcsStagingCluster-EcsCluster-1AAGQRFIOE9AE,Service_beiakkdem1vi3j5fejl0,500,2,0.1176148529,0
1537349580,Prod-EcsStagingCluster-EcsCluster-1AAGQRFIOE9AE,Service_beiakkdem1vi3j5fejl0,500,2,0.1312189545,0
1537370760,Prod-EcsStagingCluster-EcsCluster-1AAGQRFIOE9AE,Service_beiakkdem1vi3j5fejl0,500,2,0.1066120770,0
1537377120,Prod-EcsStagingCluster-EcsCluster-1AAGQRFIOE9AE,Service_beiakkdem1vi3j5fejl0,500,2,0.1291711387,0
1537396200,Prod-EcsStagingCluster-EcsCluster-1AAGQRFIOE9AE,Service_beiakkdem1vi3j5fejl0,500,2,0.1534354665,0
1537402560,Prod-EcsStagingCluster-EcsCluster-1AAGQRFIOE9AE,Service_beiakkdem1vi3j5fejl0,500,2,0.1178328099,0
1537425900,Prod-EcsStagingCluster-EcsCluster-1AAGQRFIOE9AE,Service_beiakkdem1vi3j5fejl0,500,2,0.1098538625,0
1537353720,Prod-EcsStagingCluster-EcsCluster-1AAGQRFIOE9AE,Service_beiakkdem1vi3j5fejl0,500,2,0.1225268635,0
1537360080,Prod-EcsStagingCluster-EcsCluster-1AAGQRFIOE9AE,Service_beiakkdem1vi3j5fejl0,500,2,0.1186754326,0
1537430040,Prod-EcsStagingCluster-EcsCluster-1AAGQRFIOE9AE,Service_beiakkdem1vi3j5fejl0,500,2,0.1047925309,0
1537409760,Prod-EcsStagingCluster-EcsCluster-1AAGQRFIOE9AE,Service_beiakkdem1vi3j5fejl0,500,2,0.1478973515,0
1537400220,Prod-EcsStagingCluster-EcsCluster-1AAGQRFIOE9AE,Service_beiakkdem1vi3j5fejl0,500,2,0.1323406994,0
1537431000,Prod-EcsStagingCluster-EcsCluster-1AAGQRFIOE9AE,Service_beiakkdem1vi3j5fejl0,500,2,0.1092574918,0
1537367280,Prod-EcsStagingCluster-EcsCluster-1AAGQRFIOE9AE,Service_beiakkdem1vi3j5fejl0,500,2,0.1101037719,0
1537425660,Prod-EcsStagingCluster-EcsCluster-1AAGQRFIOE9AE,Service_beiakkdem1vi3j5fejl0,500,2,0.1102754536,0
1537357740,Prod-EcsStagingCluster-EcsCluster-1AAGQRFIOE9AE,Service_beiakkdem1vi3j5fejl0,500,2,0.1132726018,0
1537392720,Prod-EcsStagingCluster-EcsCluster-1AAGQRFIOE9AE,Service_beiakkdem1vi3j5fejl0,500,2,0.1196955964,0
1537383180,Prod-EcsStagingCluster-EcsCluster-1AAGQRFIOE9AE,Service_beiakkdem1vi3j5fejl0,500,2,0.1189645839,0
1537408500,Prod-EcsStagingCluster-EcsCluster-1AAGQRFIOE9AE,Service_beiakkdem1vi3j5fejl0,500,2,0.1511422287,0
1537405320,Prod-EcsStagingCluster-EcsCluster-1AAGQRFIOE9AE,Service_beiakkdem1vi3j5fejl0,500,2,0.1191087519,0
1537366020,Prod-EcsStagingCluster-EcsCluster-1AAGQRFIOE9AE,Service_beiakkdem1vi3j5fejl0,500,2,0.1295630292,0
1537430760,Prod-EcsStagingCluster-EcsCluster-1AAGQRFIOE9AE,Service_beiakkdem1vi3j5fejl0,500,2,0.1062890931,0
1537362840,Prod-EcsStagingCluster-EcsCluster-1AAGQRFIOE9AE,Service_beiakkdem1vi3j5fejl0,500,2,0.1231546828,0
1537357500,Prod-EcsStagingCluster-EcsCluster-1AAGQRFIOE9AE,Service_beiakkdem1vi3j5fejl0,500,2,0.1191850791,0
1537367040,Prod-EcsStagingCluster-EcsCluster-1AAGQRFIOE9AE,Service_beiakkdem1vi3j5fejl0,500,2,0.1084266674,0
1537391460,Prod-EcsStagingCluster-EcsCluster-1AAGQRFIOE9AE,Service_beiakkdem1vi3j5fejl0,500,2,0.1178918537,0
1537388280,Prod-EcsStagingCluster-EcsCluster-1AAGQRFIOE9AE,Service_beiakkdem1vi3j5fejl0,500,2,0.1098328503,0
1537391340,Prod-EcsStagingCluster-EcsCluster-1AAGQRFIOE9AE,Service_beiakkdem1vi3j5fejl0,500,2,0.1198467201,0
1537416780,Prod-EcsStagingCluster-EcsCluster-1AAGQRFIOE9AE,Service_beiakkdem1vi3j5fejl0,500,2,0.1180609837,0
1537400880,Prod-EcsStagingCluster-EcsCluster-1AAGQRFIOE9AE,Service_beiakkdem1vi3j5fejl0,500,2,0.1303051215,0
1537426320,Prod-EcsStagingCluster-EcsCluster-1AAGQRFIOE9AE,Service_beiakkdem1vi3j5fejl0,500,2,0.1049934121,0
1537365780,Prod-EcsStagingCluster-EcsCluster-1AAGQRFIOE9AE,Service_beiakkdem1vi3j5fejl0,500,2,0.1289580220,0
1537401840,Prod-EcsStagingCluster-EcsCluster-1AAGQRFIOE9AE,Service_beiakkdem1vi3j5fejl0,500,2,0.1195186428,0
1537427280,Prod-EcsStagingCluster-EcsCluster-1AAGQRFIOE9AE,Service_beiakkdem1vi3j5fejl0,500,2,0.1115451578,0
1537363560,Prod-EcsStagingCluster-EcsCluster-1AAGQRFIOE9AE,Service_beiakkdem1vi3j5fejl0,500,2,0.1216347399,0
1537399620,Prod-EcsStagingCluster-EcsCluster-1AAGQRFIOE9AE,Service_beiakkdem1vi3j5fejl0,500,2,0.1297073483,0
1537365660,Prod-EcsStagingCluster-EcsCluster-1AAGQRFIOE9AE,Service_beiakkdem1vi3j5fejl0,500,2,0.1324921461,0
1537391100,Prod-EcsStagingCluster-EcsCluster-1AAGQRFIOE9AE,Service_beiakkdem1vi3j5fejl0,500,2,0.1186853823,0
1537425060,Prod-EcsStagingCluster-EcsCluster-1AAGQRFIOE9AE,Service_beiakkdem1vi3j5fejl0,500,2,0.1086134298,0
1537348620,Prod-EcsStagingCluster-EcsCluster-1AAGQRFIOE9AE,Service_beiakkdem1vi3j5fejl0,500,2,0.1141324109,0
1537376160,Prod-EcsStagingCluster-EcsCluster-1AAGQRFIOE9AE,Service_beiakkdem1vi3j5fejl0,500,2,0.1179446233,0
1537397400,Prod-EcsStagingCluster-EcsCluster-1AAGQRFIOE9AE,Service_beiakkdem1vi3j5fejl0,500,2,0.1215164017,0
1537401600,Prod-EcsStagingCluster-EcsCluster-1AAGQRFIOE9AE,Service_beiakkdem1vi3j5fejl0,500,2,0.1209862014,0
1537424940,Prod-EcsStagingCluster-EcsCluster-1AAGQRFIOE9AE,Service_beiakkdem1vi3j5fejl0,500,2,0.1093507742,0
1537422840,Prod-EcsStagingCluster-EcsCluster-1AAGQRFIOE9AE,Service_beiakkdem1vi3j5fejl0,500,2,0.1167149915,0
1537359120,Prod-EcsStagingCluster-EcsCluster-1AAGQRFIOE9AE,Service_beiakkdem1vi3j5fejl0,500,2,0.1053667241,0
1537373940,Prod-EcsStagingCluster-EcsCluster-1AAGQRFIOE9AE,Service_beiakkdem1vi3j5fejl0,500,2,0.1157105157,0
1537399380,Prod-EcsStagingCluster-EcsCluster-1AAGQRFIOE9AE,Service_beiakkdem1vi3j5fejl0,500,2,0.1301206896,0
1537356900,Prod-EcsStagingCluster-EcsCluster-1AAGQRFIOE9AE,Service_beiakkdem1vi3j5fejl0,500,2,0.2514003221,0
1537371720,Prod-EcsStagingCluster-EcsCluster-1AAGQRFIOE9AE,Service_beiakkdem1vi3j5fejl0,500,2,0.1081375201,0
1537397160,Prod-EcsStagingCluster-EcsCluster-1AAGQRFIOE9AE,Service_beiakkdem1vi3j5fejl0,500,2,0.1255634323,0
1537354680,Prod-EcsStagingCluster-EcsCluster-1AAGQRFIOE9AE,Service_beiakkdem1vi3j5fejl0,500,2,0.1100338224,0
1537399260,Prod-EcsStagingCluster-EcsCluster-1AAGQRFIOE9AE,Service_beiakkdem1vi3j5fejl0,500,2,0.1290043784,0
1537369500,Prod-EcsStagingCluster-EcsCluster-1AAGQRFIOE9AE,Service_beiakkdem1vi3j5fejl0,500,2,0.1209604581,0
1537427880,Prod-EcsStagingCluster-EcsCluster-1AAGQRFIOE9AE,Service_beiakkdem1vi3j5fejl0,500,2,0.1074980687,0
1537431060,Prod-EcsStagingCluster-EcsCluster-1AAGQRFIOE9AE,Service_beiakkdem1vi3j5fejl0,500,2,0.1106235662,0
1537356780,Prod-EcsStagingCluster-EcsCluster-1AAGQRFIOE9AE,Service_beiakkdem1vi3j5fejl0,500,2,0.1226742437,0
1537394940,Prod-EcsStagingCluster-EcsCluster-1AAGQRFIOE9AE,Service_beiakkdem1vi3j5fejl0,500,2,0.1220629286,0
1537382220,Prod-EcsStagingCluster-EcsCluster-1AAGQRFIOE9AE,Service_beiakkdem1vi3j5fejl0,500,2,0.1191891408,0
1537355640,Prod-EcsStagingCluster-EcsCluster-1AAGQRFIOE9AE,Service_beiakkdem1vi3j5fejl0,500,2,0.1169592401,0
1537358820,Prod-EcsStagingCluster-EcsCluster-1AAGQRFIOE9AE,Service_beiakkdem1vi3j5fejl0,500,2,0.1201556430,0
1537362000,Prod-EcsStagingCluster-EcsCluster-1AAGQRFIOE9AE,Service_beiakkdem1vi3j5fejl0,500,2,0.1070839748,0
1537359720,Prod-EcsStagingCluster-EcsCluster-1AAGQRFIOE9AE,Service_beiakkdem1vi3j5fejl0,500,2,0.1154034383,0
1537362900,Prod-EcsStagingCluster-EcsCluster-1AAGQRFIOE9AE,Service_beiakkdem1vi3j5fejl0,500,2,0.1254703686,0
1537366080,Prod-EcsStagingCluster-EcsCluster-1AAGQRFIOE9AE,Service_beiakkdem1vi3j5fejl0,500,2,0.1289430672,0
1537390380,Prod-EcsStagingCluster-EcsCluster-1AAGQRFIOE9AE,Service_beiakkdem1vi3j5fejl0,500,2,0.1292714149,0
1537415820,Prod-EcsStagingCluster-EcsCluster-1AAGQRFIOE9AE,Service_beiakkdem1vi3j5fejl0,500,2,0.1219732621,0
1537403100,Prod-EcsStagingCluster-EcsCluster-1AAGQRFIOE9AE,Service_beiakkdem1vi3j5fejl0,500,2,0.1160489254,0
1537366980,Prod-EcsStagingCluster-EcsCluster-1AAGQRFIOE9AE,Service_beiakkdem1vi3j5fejl0,500,2,0.1097682801,0
1537370160,Prod-EcsStagingCluster-EcsCluster-1AAGQRFIOE9AE,Service_beiakkdem1vi3j5fejl0,500,2,0.1128448593,0
1537428540,Prod-EcsStagingCluster-EcsCluster-1AAGQRFIOE9AE,Service_beiakkdem1vi3j5fejl0,500,2,0.1082759462,0
1537363800,Prod-EcsStagingCluster-EcsCluster-1AAGQRFIOE9AE,Service_beiakkdem1vi3j5fejl0,500,2,0.1257743080,0
1537392420,Prod-EcsStagingCluster-EcsCluster-1AAGQRFIOE9AE,Service_beiakkdem1vi3j5fejl0,500,2,0.1185075219,0
1537395600,Prod-EcsStagingCluster-EcsCluster-1AAGQRFIOE9AE,Service_beiakkdem1vi3j5fejl0,500,2,0.1204741612,0
1537389240,Prod-EcsStagingCluster-EcsCluster-1AAGQRFIOE9AE,Service_beiakkdem1vi3j5fejl0,500,2,0.1181637006,0
1537396560,Prod-EcsStagingCluster-EcsCluster-1AAGQRFIOE9AE,Service_beiakkdem1vi3j5fejl0,500,2,0.1205086049,0
1537390200,Prod-EcsStagingCluster-EcsCluster-1AAGQRFIOE9AE,Service_beiakkdem1vi3j5fejl0,500,2,0.1712748038,0
1537371060,Prod-EcsStagingCluster-EcsCluster-1AAGQRFIOE9AE,Service_beiakkdem1vi3j5fejl0,500,2,0.1132063483,0
1537396500,Prod-EcsStagingCluster-EcsCluster-1AAGQRFIOE9AE,Service_beiakkdem1vi3j5fejl0,500,2,0.1230852764,0
1537360380,Prod-EcsStagingCluster-EcsCluster-1AAGQRFIOE9AE,Service_beiakkdem1vi3j5fejl0,500,2,0.1555866792,0
1537347660,Prod-EcsStagingCluster-EcsCluster-1AAGQRFIOE9AE,Service_beiakkdem1vi3j5fejl0,500,2,0.1122507209,0
1537375200,Prod-EcsStagingCluster-EcsCluster-1AAGQRFIOE9AE,Service_beiakkdem1vi3j5fejl0,500,2,0.1259762422,0
1537368840,Prod-EcsStagingCluster-EcsCluster-1AAGQRFIOE9AE,Service_beiakkdem1vi3j5fejl0,500,2,0.1219017304,0
1537400640,Prod-EcsStagingCluster-EcsCluster-1AAGQRFIOE9AE,Service_beiakkdem1vi3j5fejl0,500,2,0.1302458390,0
1537423980,Prod-EcsStagingCluster-EcsCluster-1AAGQRFIOE9AE,Service_beiakkdem1vi3j5fejl0,500,2,0.1179556518,0
1537394280,Prod-EcsStagingCluster-EcsCluster-1AAGQRFIOE9AE,Service_beiakkdem1vi3j5fejl0,500,2,0.1217271499,0
1537400580,Prod-EcsStagingCluster-EcsCluster-1AAGQRFIOE9AE,Service_beiakkdem1vi3j5fejl0,500,2,0.1292849544,0
1537426020,Prod-EcsStagingCluster-EcsCluster-1AAGQRFIOE9AE,Service_beiakkdem1vi3j5fejl0,500,2,0.1156356255,0
1537404720,Prod-EcsStagingCluster-EcsCluster-1AAGQRFIOE9AE,Service_beiakkdem1vi3j5fejl0,500,2,0.1034521336,0
1537398360,Prod-EcsStagingCluster-EcsCluster-1AAGQRFIOE9AE,Service_beiakkdem1vi3j5fejl0,500,2,0.1175979060,0
1537423800,Prod-EcsStagingCluster-EcsCluster-1AAGQRFIOE9AE,Service_beiakkdem1vi3j5fejl0,500,2,0.1197396234,0
1537430160,Prod-EcsStagingCluster-EcsCluster-1AAGQRFIOE9AE,Service_beiakkdem1vi3j5fejl0,500,2,0.1082096323,0
1537404660,Prod-EcsStagingCluster-EcsCluster-1AAGQRFIOE9AE,Service_beiakkdem1vi3j5fejl0,500,2,0.1024709007,0
1537430100,Prod-EcsStagingCluster-EcsCluster-1AAGQRFIOE9AE,Service_beiakkdem1vi3j5fejl0,500,2,0.1095666824,0
1537355820,Prod-EcsStagingCluster-EcsCluster-1AAGQRFIOE9AE,Service_beiakkdem1vi3j5fejl0,500,2,0.1182984918,0
1537368540,Prod-EcsStagingCluster-EcsCluster-1AAGQRFIOE9AE,Service_beiakkdem1vi3j5fejl0,500,2,0.1211312137,0
1537393980,Prod-EcsStagingCluster-EcsCluster-1AAGQRFIOE9AE,Service_beiakkdem1vi3j5fejl0,500,2,0.1173159311,0
1537381260,Prod-EcsStagingCluster-EcsCluster-1AAGQRFIOE9AE,Service_beiakkdem1vi3j5fejl0,500,2,0.1070573055,0
1537357860,Prod-EcsStagingCluster-EcsCluster-1AAGQRFIOE9AE,Service_beiakkdem1vi3j5fejl0,500,2,0.1228164859,0
1537408800,Prod-EcsStagingCluster-EcsCluster-1AAGQRFIOE9AE,Service_beiakkdem1vi3j5fejl0,500,2,0.1505033148,0
1537402440,Prod-EcsStagingCluster-EcsCluster-1AAGQRFIOE9AE,Service_beiakkdem1vi3j5fejl0,500,2,0.1167508919,0
1537403400,Prod-EcsStagingCluster-EcsCluster-1AAGQRFIOE9AE,Service_beiakkdem1vi3j5fejl0,500,2,0.1157586690,0
1537406580,Prod-EcsStagingCluster-EcsCluster-1AAGQRFIOE9AE,Service_beiakkdem1vi3j5fejl0,500,2,0.1230625328,0
1537428840,Prod-EcsStagingCluster-EcsCluster-1AAGQRFIOE9AE,Service_beiakkdem1vi3j5fejl0,500,2,0.0976261010,0
1537365120,Prod-EcsStagingCluster-EcsCluster-1AAGQRFIOE9AE,Service_beiakkdem1vi3j5fejl0,500,2,0.1294198865,0
1537356600,Prod-EcsStagingCluster-EcsCluster-1AAGQRFIOE9AE,Service_beiakkdem1vi3j5fejl0,500,2,0.1197252643,0
1537359780,Prod-EcsStagingCluster-EcsCluster-1AAGQRFIOE9AE,Service_beiakkdem1vi3j5fejl0,500,2,0.1196706777,0
1537389420,Prod-EcsStagingCluster-EcsCluster-1AAGQRFIOE9AE,Service_beiakkdem1vi3j5fejl0,500,2,0.1171100090,0
1537414860,Prod-EcsStagingCluster-EcsCluster-1AAGQRFIOE9AE,Service_beiakkdem1vi3j5fejl0,500,2,0.1217726946,0
1537402140,Prod-EcsStagingCluster-EcsCluster-1AAGQRFIOE9AE,Service_beiakkdem1vi3j5fejl0,500,2,0.1335631691,0
1537369200,Prod-EcsStagingCluster-EcsCluster-1AAGQRFIOE9AE,Service_beiakkdem1vi3j5fejl0,500,2,0.1169012975,0
1537427580,Prod-EcsStagingCluster-EcsCluster-1AAGQRFIOE9AE,Service_beiakkdem1vi3j5fejl0,500,2,0.1090084838,0
1537394640,Prod-EcsStagingCluster-EcsCluster-1AAGQRFIOE9AE,Service_beiakkdem1vi3j5fejl0,500,2,0.1228247888,0
1537360680,Prod-EcsStagingCluster-EcsCluster-1AAGQRFIOE9AE,Service_beiakkdem1vi3j5fejl0,500,2,0.1174858139,0
1537363860,Prod-EcsStagingCluster-EcsCluster-1AAGQRFIOE9AE,Service_beiakkdem1vi3j5fejl0,500,2,0.1190238806,0
1537373280,Prod-EcsStagingCluster-EcsCluster-1AAGQRFIOE9AE,Service_beiakkdem1vi3j5fejl0,500,2,0.1058404776,0
1537398720,Prod-EcsStagingCluster-EcsCluster-1AAGQRFIOE9AE,Service_beiakkdem1vi3j5fejl0,500,2,0.1312339661,0
1537367940,Prod-EcsStagingCluster-EcsCluster-1AAGQRFIOE9AE,Service_beiakkdem1vi3j5fejl0,500,2,0.1188911725,0
1537364760,Prod-EcsStagingCluster-EcsCluster-1AAGQRFIOE9AE,Service_beiakkdem1vi3j5fejl0,500,2,0.1307732783,0
1537393380,Prod-EcsStagingCluster-EcsCluster-1AAGQRFIOE9AE,Service_beiakkdem1vi3j5fejl0,500,2,0.1190951640,0
1537359420,Prod-EcsStagingCluster-EcsCluster-1AAGQRFIOE9AE,Service_beiakkdem1vi3j5fejl0,500,2,0.1156228275,0
1537346700,Prod-EcsStagingCluster-EcsCluster-1AAGQRFIOE9AE,Service_beiakkdem1vi3j5fejl0,500,2,0.1163098827,0
1537374240,Prod-EcsStagingCluster-EcsCluster-1AAGQRFIOE9AE,Service_beiakkdem1vi3j5fejl0,500,2,0.1106049924,0
1537399680,Prod-EcsStagingCluster-EcsCluster-1AAGQRFIOE9AE,Service_beiakkdem1vi3j5fejl0,500,2,0.1302570409,0
1537423020,Prod-EcsStagingCluster-EcsCluster-1AAGQRFIOE9AE,Service_beiakkdem1vi3j5fejl0,500,2,0.1173006030,0
1537365720,Prod-EcsStagingCluster-EcsCluster-1AAGQRFIOE9AE,Service_beiakkdem1vi3j5fejl0,500,2,0.1344874118,0
1537391160,Prod-EcsStagingCluster-EcsCluster-1AAGQRFIOE9AE,Service_beiakkdem1vi3j5fejl0,500,2,0.1203131018,0
1537372020,Prod-EcsStagingCluster-EcsCluster-1AAGQRFIOE9AE,Service_beiakkdem1vi3j5fejl0,500,2,0.1129842702,0
1537397460,Prod-EcsStagingCluster-EcsCluster-1AAGQRFIOE9AE,Service_beiakkdem1vi3j5fejl0,500,2,0.1322871338,0
1537369800,Prod-EcsStagingCluster-EcsCluster-1AAGQRFIOE9AE,Service_beiakkdem1vi3j5fejl0,500,2,0.1118327845,0
1537403760,Prod-EcsStagingCluster-EcsCluster-1AAGQRFIOE9AE,Service_beiakkdem1vi3j5fejl0,500,2,0.1221531385,0
1537395240,Prod-EcsStagingCluster-EcsCluster-1AAGQRFIOE9AE,Service_beiakkdem1vi3j5fejl0,500,2,0.1203568990,0
1537429200,Prod-EcsStagingCluster-EcsCluster-1AAGQRFIOE9AE,Service_beiakkdem1vi3j5fejl0,500,2,0.0990978565,0
1537380300,Prod-EcsStagingCluster-EcsCluster-1AAGQRFIOE9AE,Service_beiakkdem1vi3j5fejl0,500,2,0.1308299367,0
1537401540,Prod-EcsStagingCluster-EcsCluster-1AAGQRFIOE9AE,Service_beiakkdem1vi3j5fejl0,500,2,0.1312402519,0
1537354860,Prod-EcsStagingCluster-EcsCluster-1AAGQRFIOE9AE,Service_beiakkdem1vi3j5fejl0,500,2,0.1070065497,0
1537367580,Prod-EcsStagingCluster-EcsCluster-1AAGQRFIOE9AE,Service_beiakkdem1vi3j5fejl0,500,2,0.1571243769,0
1537393020,Prod-EcsStagingCluster-EcsCluster-1AAGQRFIOE9AE,Service_beiakkdem1vi3j5fejl0,500,2,0.1207451920,0
1537426980,Prod-EcsStagingCluster-EcsCluster-1AAGQRFIOE9AE,Service_beiakkdem1vi3j5fejl0,500,2,0.1329668987,0
1537407840,Prod-EcsStagingCluster-EcsCluster-1AAGQRFIOE9AE,Service_beiakkdem1vi3j5fejl0,500,2,0.1201334715,0
1537399320,Prod-EcsStagingCluster-EcsCluster-1AAGQRFIOE9AE,Service_beiakkdem1vi3j5fejl0,500,2,0.1349263251,0
1537424760,Prod-EcsStagingCluster-EcsCluster-1AAGQRFIOE9AE,Service_beiakkdem1vi3j5fejl0,500,2,0.1085267099,0
1537361040,Prod-EcsStagingCluster-EcsCluster-1AAGQRFIOE9AE,Service_beiakkdem1vi3j5fejl0,500,2,0.1161491371,0
1537405620,Prod-EcsStagingCluster-EcsCluster-1AAGQRFIOE9AE,Service_beiakkdem1vi3j5fejl0,500,2,0.1174442001,0
1537406640,Prod-EcsStagingCluster-EcsCluster-1AAGQRFIOE9AE,Service_beiakkdem1vi3j5fejl0,500,2,0.1251718338,0
1537400280,Prod-EcsStagingCluster-EcsCluster-1AAGQRFIOE9AE,Service_beiakkdem1vi3j5fejl0,500,2,0.1439351710,0
1537403460,Prod-EcsStagingCluster-EcsCluster-1AAGQRFIOE9AE,Service_beiakkdem1vi3j5fejl0,500,2,0.1185471332,0
1537422540,Prod-EcsStagingCluster-EcsCluster-1AAGQRFIOE9AE,Service_beiakkdem1vi3j5fejl0,500,2,0.1187344360,0
1537430940,Prod-EcsStagingCluster-EcsCluster-1AAGQRFIOE9AE,Service_beiakkdem1vi3j5fejl0,500,2,0.1126714761,0
1537388460,Prod-EcsStagingCluster-EcsCluster-1AAGQRFIOE9AE,Service_beiakkdem1vi3j5fejl0,500,2,0.1279854002,0
1537417080,Prod-EcsStagingCluster-EcsCluster-1AAGQRFIOE9AE,Service_beiakkdem1vi3j5fejl0,500,2,0.1646232666,0
1537420260,Prod-EcsStagingCluster-EcsCluster-1AAGQRFIOE9AE,Service_beiakkdem1vi3j5fejl0,500,2,0.1589730183,0
1537423440,Prod-EcsStagingCluster-EcsCluster-1AAGQRFIOE9AE,Service_beiakkdem1vi3j5fejl0,500,2,0.1171501060,0
1537396860,Prod-EcsStagingCluster-EcsCluster-1AAGQRFIOE9AE,Service_beiakkdem1vi3j5fejl0,500,2,0.1207482470,0
1537400040,Prod-EcsStagingCluster-EcsCluster-1AAGQRFIOE9AE,Service_beiakkdem1vi3j5fejl0,500,2,0.1323411397,0
1537403220,Prod-EcsStagingCluster-EcsCluster-1AAGQRFIOE9AE,Service_beiakkdem1vi3j5fejl0,500,2,0.1147930640,0
1537406400,Prod-EcsStagingCluster-EcsCluster-1AAGQRFIOE9AE,Service_beiakkdem1vi3j5fejl0,500,2,0.1224965673,0
1537354380,Prod-EcsStagingCluster-EcsCluster-1AAGQRFIOE9AE,Service_beiakkdem1vi3j5fejl0,500,2,0.1155760032,0
1537372320,Prod-EcsStagingCluster-EcsCluster-1AAGQRFIOE9AE,Service_beiakkdem1vi3j5fejl0,500,2,0.1123242874,0
1537362780,Prod-EcsStagingCluster-EcsCluster-1AAGQRFIOE9AE,Service_beiakkdem1vi3j5fejl0,500,2,0.1135727816,0
1537365960,Prod-EcsStagingCluster-EcsCluster-1AAGQRFIOE9AE,Service_beiakkdem1vi3j5fejl0,500,2,0.1342235828,0
1537369140,Prod-EcsStagingCluster-EcsCluster-1AAGQRFIOE9AE,Service_beiakkdem1vi3j5fejl0,500,2,0.1214944829,0
1537355280,Prod-EcsStagingCluster-EcsCluster-1AAGQRFIOE9AE,Service_beiakkdem1vi3j5fejl0,500,2,0.1192209828,0
1537348920,Prod-EcsStagingCluster-EcsCluster-1AAGQRFIOE9AE,Service_beiakkdem1vi3j5fejl0,500,2,0.1269131533,0
1537352100,Prod-EcsStagingCluster-EcsCluster-1AAGQRFIOE9AE,Service_beiakkdem1vi3j5fejl0,500,2,0.1181990440,0
1537422060,Prod-EcsStagingCluster-EcsCluster-1AAGQRFIOE9AE,Service_beiakkdem1vi3j5fejl0,500,2,0.1171740382,0
1537356240,Prod-EcsStagingCluster-EcsCluster-1AAGQRFIOE9AE,Service_beiakkdem1vi3j5fejl0,500,2,0.1194213473,0
1537349880,Prod-EcsStagingCluster-EcsCluster-1AAGQRFIOE9AE,Service_beiakkdem1vi3j5fejl0,500,2,0.1149434187,0
1537368900,Prod-EcsStagingCluster-EcsCluster-1AAGQRFIOE9AE,Service_beiakkdem1vi3j5fejl0,500,2,0.1211494090,0
1537430460,Prod-EcsStagingCluster-EcsCluster-1AAGQRFIOE9AE,Service_beiakkdem1vi3j5fejl0,500,2,0.1069601350,0
1537387980,Prod-EcsStagingCluster-EcsCluster-1AAGQRFIOE9AE,Service_beiakkdem1vi3j5fejl0,500,2,0.1290812739,0
1537396380,Prod-EcsStagingCluster-EcsCluster-1AAGQRFIOE9AE,Service_beiakkdem1vi3j5fejl0,500,2,0.1210073544,0
1537366680,Prod-EcsStagingCluster-EcsCluster-1AAGQRFIOE9AE,Service_beiakkdem1vi3j5fejl0,500,2,0.1769613553,0
1537373040,Prod-EcsStagingCluster-EcsCluster-1AAGQRFIOE9AE,Service_beiakkdem1vi3j5fejl0,500,2,0.1069729118,0
1537353900,Prod-EcsStagingCluster-EcsCluster-1AAGQRFIOE9AE,Service_beiakkdem1vi3j5fejl0,500,2,0.1234051257,0
1537402740,Prod-EcsStagingCluster-EcsCluster-1AAGQRFIOE9AE,Service_beiakkdem1vi3j5fejl0,500,2,0.1283750349,0
1537385700,Prod-EcsStagingCluster-EcsCluster-1AAGQRFIOE9AE,Service_beiakkdem1vi3j5fejl0,500,2,0.1186059129,0
1537362300,Prod-EcsStagingCluster-EcsCluster-1AAGQRFIOE9AE,Service_beiakkdem1vi3j5fejl0,500,2,0.1095963916,0
1537400520,Prod-EcsStagingCluster-EcsCluster-1AAGQRFIOE9AE,Service_beiakkdem1vi3j5fejl0,500,2,0.1317403595,0
1537406880,Prod-EcsStagingCluster-EcsCluster-1AAGQRFIOE9AE,Service_beiakkdem1vi3j5fejl0,500,2,0.2671240547,0
1537368660,Prod-EcsStagingCluster-EcsCluster-1AAGQRFIOE9AE,Service_beiakkdem1vi3j5fejl0,500,2,0.1237396807,0
1537389840,Prod-EcsStagingCluster-EcsCluster-1AAGQRFIOE9AE,Service_beiakkdem1vi3j5fejl0,500,2,0.1304343478,0
1537383480,Prod-EcsStagingCluster-EcsCluster-1AAGQRFIOE9AE,Service_beiakkdem1vi3j5fejl0,500,2,0.1167998057,0
1537366440,Prod-EcsStagingCluster-EcsCluster-1AAGQRFIOE9AE,Service_beiakkdem1vi3j5fejl0,500,2,0.1312476047,0
1537402500,Prod-EcsStagingCluster-EcsCluster-1AAGQRFIOE9AE,Service_beiakkdem1vi3j5fejl0,500,2,0.1170180434,0
1537372800,Prod-EcsStagingCluster-EcsCluster-1AAGQRFIOE9AE,Service_beiakkdem1vi3j5fejl0,500,2,0.1073979129,0
1537421580,Prod-EcsStagingCluster-EcsCluster-1AAGQRFIOE9AE,Service_beiakkdem1vi3j5fejl0,500,2,0.1123645766,0
1537429980,Prod-EcsStagingCluster-EcsCluster-1AAGQRFIOE9AE,Service_beiakkdem1vi3j5fejl0,500,2,0.1065787307,0
1537367400,Prod-EcsStagingCluster-EcsCluster-1AAGQRFIOE9AE,Service_beiakkdem1vi3j5fejl0,500,2,0.1154291921,0
1537370580,Prod-EcsStagingCluster-EcsCluster-1AAGQRFIOE9AE,Service_beiakkdem1vi3j5fejl0,500,2,0.1094188500,0
1537387500,Prod-EcsStagingCluster-EcsCluster-1AAGQRFIOE9AE,Service_beiakkdem1vi3j5fejl0,500,2,0.1235529315,0
1537404420,Prod-EcsStagingCluster-EcsCluster-1AAGQRFIOE9AE,Service_beiakkdem1vi3j5fejl0,500,2,0.1019529567,0
1537401240,Prod-EcsStagingCluster-EcsCluster-1AAGQRFIOE9AE,Service_beiakkdem1vi3j5fejl0,500,2,0.1030195236,0
1537422480,Prod-EcsStagingCluster-EcsCluster-1AAGQRFIOE9AE,Service_beiakkdem1vi3j5fejl0,500,2,0.1192751270,0
1537395900,Prod-EcsStagingCluster-EcsCluster-1AAGQRFIOE9AE,Service_beiakkdem1vi3j5fejl0,500,2,0.1231757786,0
1537405440,Prod-EcsStagingCluster-EcsCluster-1AAGQRFIOE9AE,Service_beiakkdem1vi3j5fejl0,500,2,0.1180808819,0
1537353420,Prod-EcsStagingCluster-EcsCluster-1AAGQRFIOE9AE,Service_beiakkdem1vi3j5fejl0,500,2,0.1231138572,0
1537418040,Prod-EcsStagingCluster-EcsCluster-1AAGQRFIOE9AE,Service_beiakkdem1vi3j5fejl0,500,2,0.1553255734,0
1537371360,Prod-EcsStagingCluster-EcsCluster-1AAGQRFIOE9AE,Service_beiakkdem1vi3j5fejl0,500,2,0.1103650752,0
1537361820,Prod-EcsStagingCluster-EcsCluster-1AAGQRFIOE9AE,Service_beiakkdem1vi3j5fejl0,500,2,0.1051785052,0
1537421220,Prod-EcsStagingCluster-EcsCluster-1AAGQRFIOE9AE,Service_beiakkdem1vi3j5fejl0,500,2,0.1072527146,0
1537401000,Prod-EcsStagingCluster-EcsCluster-1AAGQRFIOE9AE,Service_beiakkdem1vi3j5fejl0,500,2,0.1323344640,0
1537404180,Prod-EcsStagingCluster-EcsCluster-1AAGQRFIOE9AE,Service_beiakkdem1vi3j5fejl0,500,2,0.1250506881,0
1537354320,Prod-EcsStagingCluster-EcsCluster-1AAGQRFIOE9AE,Service_beiakkdem1vi3j5fejl0,500,2,0.1161268057,0
1537421100,Prod-EcsStagingCluster-EcsCluster-1AAGQRFIOE9AE,Service_beiakkdem1vi3j5fejl0,500,2,0.1117504776,0
1537366920,Prod-EcsStagingCluster-EcsCluster-1AAGQRFIOE9AE,Service_beiakkdem1vi3j5fejl0,500,2,0.1128460555,0
1537370100,Prod-EcsStagingCluster-EcsCluster-1AAGQRFIOE9AE,Service_beiakkdem1vi3j5fejl0,500,2,0.1113267878,0
1537371120,Prod-EcsStagingCluster-EcsCluster-1AAGQRFIOE9AE,Service_beiakkdem1vi3j5fejl0,500,2,0.1117756256,0
1537429500,Prod-EcsStagingCluster-EcsCluster-1AAGQRFIOE9AE,Service_beiakkdem1vi3j5fejl0,500,2,0.0986428291,0
1537353060,Prod-EcsStagingCluster-EcsCluster-1AAGQRFIOE9AE,Service_beiakkdem1vi3j5fejl0,500,2,0.1189080144,0
1537387020,Prod-EcsStagingCluster-EcsCluster-1AAGQRFIOE9AE,Service_beiakkdem1vi3j5fejl0,500,2,0.1214504087,0
1537367880,Prod-EcsStagingCluster-EcsCluster-1AAGQRFIOE9AE,Service_beiakkdem1vi3j5fejl0,500,2,0.1207269830,0
1537395420,Prod-EcsStagingCluster-EcsCluster-1AAGQRFIOE9AE,Service_beiakkdem1vi3j5fejl0,500,2,0.1110075380,0
1537372080,Prod-EcsStagingCluster-EcsCluster-1AAGQRFIOE9AE,Service_beiakkdem1vi3j5fejl0,500,2,0.1131005443,0
1537352940,Prod-EcsStagingCluster-EcsCluster-1AAGQRFIOE9AE,Service_beiakkdem1vi3j5fejl0,500,2,0.1221556443,0
1537350840,Prod-EcsStagingCluster-EcsCluster-1AAGQRFIOE9AE,Service_beiakkdem1vi3j5fejl0,500,2,0.1161229815,0
1537369860,Prod-EcsStagingCluster-EcsCluster-1AAGQRFIOE9AE,Service_beiakkdem1vi3j5fejl0,500,2,0.1118589666,0
1537361340,Prod-EcsStagingCluster-EcsCluster-1AAGQRFIOE9AE,Service_beiakkdem1vi3j5fejl0,500,2,0.1178273180,0
1537405920,Prod-EcsStagingCluster-EcsCluster-1AAGQRFIOE9AE,Service_beiakkdem1vi3j5fejl0,500,2,0.1203727657,8
1537367640,Prod-EcsStagingCluster-EcsCluster-1AAGQRFIOE9AE,Service_beiakkdem1vi3j5fejl0,500,2,0.1211417799,0
1537388880,Prod-EcsStagingCluster-EcsCluster-1AAGQRFIOE9AE,Service_beiakkdem1vi3j5fejl0,500,2,0.1291962542,0
1537403700,Prod-EcsStagingCluster-EcsCluster-1AAGQRFIOE9AE,Service_beiakkdem1vi3j5fejl0,500,2,0.1150114527,0
1537371840,Prod-EcsStagingCluster-EcsCluster-1AAGQRFIOE9AE,Service_beiakkdem1vi3j5fejl0,500,2,0.1106031976,0
1537420620,Prod-EcsStagingCluster-EcsCluster-1AAGQRFIOE9AE,Service_beiakkdem1vi3j5fejl0,500,2,0.1577736281,0
1537386660,Prod-EcsStagingCluster-EcsCluster-1AAGQRFIOE9AE,Service_beiakkdem1vi3j5fejl0,500,2,0.1217809540,0
1537401480,Prod-EcsStagingCluster-EcsCluster-1AAGQRFIOE9AE,Service_beiakkdem1vi3j5fejl0,500,2,0.1293616303,0
1537405680,Prod-EcsStagingCluster-EcsCluster-1AAGQRFIOE9AE,Service_beiakkdem1vi3j5fejl0,500,2,0.1163177909,0
1537429020,Prod-EcsStagingCluster-EcsCluster-1AAGQRFIOE9AE,Service_beiakkdem1vi3j5fejl0,500,2,0.0993933446,0
1537369620,Prod-EcsStagingCluster-EcsCluster-1AAGQRFIOE9AE,Service_beiakkdem1vi3j5fejl0,500,2,0.1206602294,0
1537386540,Prod-EcsStagingCluster-EcsCluster-1AAGQRFIOE9AE,Service_beiakkdem1vi3j5fejl0,500,2,0.1236697192,0
1537384440,Prod-EcsStagingCluster-EcsCluster-1AAGQRFIOE9AE,Service_beiakkdem1vi3j5fejl0,500,2,0.1195677074,0
1537404480,Prod-EcsStagingCluster-EcsCluster-1AAGQRFIOE9AE,Service_beiakkdem1vi3j5fejl0,500,2,0.1127428403,0
1537401300,Prod-EcsStagingCluster-EcsCluster-1AAGQRFIOE9AE,Service_beiakkdem1vi3j5fejl0,500,2,0.1294638797,0
1537398120,Prod-EcsStagingCluster-EcsCluster-1AAGQRFIOE9AE,Service_beiakkdem1vi3j5fejl0,500,2,0.1083367412,0
1537388580,Prod-EcsStagingCluster-EcsCluster-1AAGQRFIOE9AE,Service_beiakkdem1vi3j5fejl0,500,2,0.1286770107,0
1537391760,Prod-EcsStagingCluster-EcsCluster-1AAGQRFIOE9AE,Service_beiakkdem1vi3j5fejl0,500,2,0.1343505207,0
1537385400,Prod-EcsStagingCluster-EcsCluster-1AAGQRFIOE9AE,Service_beiakkdem1vi3j5fejl0,500,2,0.1198542340,0
1537352460,Prod-EcsStagingCluster-EcsCluster-1AAGQRFIOE9AE,Service_beiakkdem1vi3j5fejl0,500,2,0.1061281124,0
1537365180,Prod-EcsStagingCluster-EcsCluster-1AAGQRFIOE9AE,Service_beiakkdem1vi3j5fejl0,500,2,0.1295913734,0
1537364040,Prod-EcsStagingCluster-EcsCluster-1AAGQRFIOE9AE,Service_beiakkdem1vi3j5fejl0,500,2,0.1209286024,0
1537367220,Prod-EcsStagingCluster-EcsCluster-1AAGQRFIOE9AE,Service_beiakkdem1vi3j5fejl0,500,2,0.1130243622,0
1537370400,Prod-EcsStagingCluster-EcsCluster-1AAGQRFIOE9AE,Service_beiakkdem1vi3j5fejl0,500,2,0.1088524227,0
1537408560,Prod-EcsStagingCluster-EcsCluster-1AAGQRFIOE9AE,Service_beiakkdem1vi3j5fejl0,500,2,0.1491696610,0
1537405380,Prod-EcsStagingCluster-EcsCluster-1AAGQRFIOE9AE,Service_beiakkdem1vi3j5fejl0,500,2,0.1182456880,0
1537402200,Prod-EcsStagingCluster-EcsCluster-1AAGQRFIOE9AE,Service_beiakkdem1vi3j5fejl0,500,2,0.1211588217,0
1537420140,Prod-EcsStagingCluster-EcsCluster-1AAGQRFIOE9AE,Service_beiakkdem1vi3j5fejl0,500,2,0.1605029322,0
1537419000,Prod-EcsStagingCluster-EcsCluster-1AAGQRFIOE9AE,Service_beiakkdem1vi3j5fejl0,500,2,0.1552131916,0
1537425360,Prod-EcsStagingCluster-EcsCluster-1AAGQRFIOE9AE,Service_beiakkdem1vi3j5fejl0,500,2,0.1073326339,0
1537422180,Prod-EcsStagingCluster-EcsCluster-1AAGQRFIOE9AE,Service_beiakkdem1vi3j5fejl0,500,2,0.1188665698,0
1537398780,Prod-EcsStagingCluster-EcsCluster-1AAGQRFIOE9AE,Service_beiakkdem1vi3j5fejl0,500,2,0.1302144329,0
1537386060,Prod-EcsStagingCluster-EcsCluster-1AAGQRFIOE9AE,Service_beiakkdem1vi3j5fejl0,500,2,0.1262180948,0
1537397640,Prod-EcsStagingCluster-EcsCluster-1AAGQRFIOE9AE,Service_beiakkdem1vi3j5fejl0,500,2,0.1248641181,0
1537351980,Prod-EcsStagingCluster-EcsCluster-1AAGQRFIOE9AE,Service_beiakkdem1vi3j5fejl0,500,2,0.1161668645,0
1537400820,Prod-EcsStagingCluster-EcsCluster-1AAGQRFIOE9AE,Service_beiakkdem1vi3j5fejl0,500,2,0.1284783827,0
1537364700,Prod-EcsStagingCluster-EcsCluster-1AAGQRFIOE9AE,Service_beiakkdem1vi3j5fejl0,500,2,0.1319948568,0
1537354020,Prod-EcsStagingCluster-EcsCluster-1AAGQRFIOE9AE,Service_beiakkdem1vi3j5fejl0,500,2,0.1200177091,0
1537366740,Prod-EcsStagingCluster-EcsCluster-1AAGQRFIOE9AE,Service_beiakkdem1vi3j5fejl0,500,2,0.1325076895,0
1537398600,Prod-EcsStagingCluster-EcsCluster-1AAGQRFIOE9AE,Service_beiakkdem1vi3j5fejl0,500,2,0.1198473404,0
1537404960,Prod-EcsStagingCluster-EcsCluster-1AAGQRFIOE9AE,Service_beiakkdem1vi3j5fejl0,500,2,0.1157740137,0
1537358160,Prod-EcsStagingCluster-EcsCluster-1AAGQRFIOE9AE,Service_beiakkdem1vi3j5fejl0,500,2,0.1149119370,0
1537364520,Prod-EcsStagingCluster-EcsCluster-1AAGQRFIOE9AE,Service_beiakkdem1vi3j5fejl0,500,2,0.1348258103,0
1537351800,Prod-EcsStagingCluster-EcsCluster-1AAGQRFIOE9AE,Service_beiakkdem1vi3j5fejl0,500,2,0.1222155834,0
1537370880,Prod-EcsStagingCluster-EcsCluster-1AAGQRFIOE9AE,Service_beiakkdem1vi3j5fejl0,500,2,0.1098587700,0
1537370820,Prod-EcsStagingCluster-EcsCluster-1AAGQRFIOE9AE,Service_beiakkdem1vi3j5fejl0,500,2,0.1098506372,0
1537419660,Prod-EcsStagingCluster-EcsCluster-1AAGQRFIOE9AE,Service_beiakkdem1vi3j5fejl0,500,2,0.1402265901,0
1537368600,Prod-EcsStagingCluster-EcsCluster-1AAGQRFIOE9AE,Service_beiakkdem1vi3j5fejl0,500,2,0.1214521034,0
1537374960,Prod-EcsStagingCluster-EcsCluster-1AAGQRFIOE9AE,Service_beiakkdem1vi3j5fejl0,500,2,0.1146142831,0
1537385580,Prod-EcsStagingCluster-EcsCluster-1AAGQRFIOE9AE,Service_beiakkdem1vi3j5fejl0,500,2,0.1210068266,0
1537398300,Prod-EcsStagingCluster-EcsCluster-1AAGQRFIOE9AE,Service_beiakkdem1vi3j5fejl0,500,2,0.1216084378,0
1537400340,Prod-EcsStagingCluster-EcsCluster-1AAGQRFIOE9AE,Service_beiakkdem1vi3j5fejl0,500,2,0.1309311096,0
1537387620,Prod-EcsStagingCluster-EcsCluster-1AAGQRFIOE9AE,Service_beiakkdem1vi3j5fejl0,500,2,0.1307567773,0
1537364220,Prod-EcsStagingCluster-EcsCluster-1AAGQRFIOE9AE,Service_beiakkdem1vi3j5fejl0,500,2,0.1204813267,0
1537351500,Prod-EcsStagingCluster-EcsCluster-1AAGQRFIOE9AE,Service_beiakkdem1vi3j5fejl0,500,2,0.1239362679,0
1537369440,Prod-EcsStagingCluster-EcsCluster-1AAGQRFIOE9AE,Service_beiakkdem1vi3j5fejl0,500,2,0.1188547774,0
1537407600,Prod-EcsStagingCluster-EcsCluster-1AAGQRFIOE9AE,Service_beiakkdem1vi3j5fejl0,500,2,0.1191942231,0
1537399080,Prod-EcsStagingCluster-EcsCluster-1AAGQRFIOE9AE,Service_beiakkdem1vi3j5fejl0,500,2,0.1092804306,0
1537402260,Prod-EcsStagingCluster-EcsCluster-1AAGQRFIOE9AE,Service_beiakkdem1vi3j5fejl0,500,2,0.1586479603,0
1537389540,Prod-EcsStagingCluster-EcsCluster-1AAGQRFIOE9AE,Service_beiakkdem1vi3j5fejl0,500,2,0.1198364086,0
1537386360,Prod-EcsStagingCluster-EcsCluster-1AAGQRFIOE9AE,Service_beiakkdem1vi3j5fejl0,500,2,0.1204665316,0
1537419180,Prod-EcsStagingCluster-EcsCluster-1AAGQRFIOE9AE,Service_beiakkdem1vi3j5fejl0,500,2,0.1497080191,0
1537365000,Prod-EcsStagingCluster-EcsCluster-1AAGQRFIOE9AE,Service_beiakkdem1vi3j5fejl0,500,2,0.1356175981,0
1537368180,Prod-EcsStagingCluster-EcsCluster-1AAGQRFIOE9AE,Service_beiakkdem1vi3j5fejl0,500,2,0.1194133130,0
1537406340,Prod-EcsStagingCluster-EcsCluster-1AAGQRFIOE9AE,Service_beiakkdem1vi3j5fejl0,500,2,0.1258359347,0
1537403160,Prod-EcsStagingCluster-EcsCluster-1AAGQRFIOE9AE,Service_beiakkdem1vi3j5fejl0,500,2,0.1180957871,0
1537424400,Prod-EcsStagingCluster-EcsCluster-1AAGQRFIOE9AE,Service_beiakkdem1vi3j5fejl0,500,2,0.1189441591,0
1537397820,Prod-EcsStagingCluster-EcsCluster-1AAGQRFIOE9AE,Service_beiakkdem1vi3j5fejl0,500,2,0.1181748126,0
1537385100,Prod-EcsStagingCluster-EcsCluster-1AAGQRFIOE9AE,Service_beiakkdem1vi3j5fejl0,500,2,0.1070121752,0
1537351020,Prod-EcsStagingCluster-EcsCluster-1AAGQRFIOE9AE,Service_beiakkdem1vi3j5fejl0,500,2,0.1199748005,0
1537403040,Prod-EcsStagingCluster-EcsCluster-1AAGQRFIOE9AE,Service_beiakkdem1vi3j5fejl0,500,2,0.1189342909,0
1537363740,Prod-EcsStagingCluster-EcsCluster-1AAGQRFIOE9AE,Service_beiakkdem1vi3j5fejl0,500,2,0.1198473747,0
1537419960,Prod-EcsStagingCluster-EcsCluster-1AAGQRFIOE9AE,Service_beiakkdem1vi3j5fejl0,500,2,0.1378478700,0
1537423140,Prod-EcsStagingCluster-EcsCluster-1AAGQRFIOE9AE,Service_beiakkdem1vi3j5fejl0,500,2,0.1201163678,0
1537404000,Prod-EcsStagingCluster-EcsCluster-1AAGQRFIOE9AE,Service_beiakkdem1vi3j5fejl0,500,2,0.1193979421,0
1537420920,Prod-EcsStagingCluster-EcsCluster-1AAGQRFIOE9AE,Service_beiakkdem1vi3j5fejl0,500,2,0.1127057168,0
1537357200,Prod-EcsStagingCluster-EcsCluster-1AAGQRFIOE9AE,Service_beiakkdem1vi3j5fejl0,500,2,0.1184088659,0
1537401780,Prod-EcsStagingCluster-EcsCluster-1AAGQRFIOE9AE,Service_beiakkdem1vi3j5fejl0,500,2,0.1205500742,0
1537369920,Prod-EcsStagingCluster-EcsCluster-1AAGQRFIOE9AE,Service_beiakkdem1vi3j5fejl0,500,2,0.1074170432,0
1537418700,Prod-EcsStagingCluster-EcsCluster-1AAGQRFIOE9AE,Service_beiakkdem1vi3j5fejl0,500,2,0.1520422827,0
1537431420,Prod-EcsStagingCluster-EcsCluster-1AAGQRFIOE9AE,Service_beiakkdem1vi3j5fejl0,500,2,0.1084187262,0
1537354980,Prod-EcsStagingCluster-EcsCluster-1AAGQRFIOE9AE,Service_beiakkdem1vi3j5fejl0,500,2,0.1041525059,0
1537367700,Prod-EcsStagingCluster-EcsCluster-1AAGQRFIOE9AE,Service_beiakkdem1vi3j5fejl0,500,2,0.1204817083,0
1537399560,Prod-EcsStagingCluster-EcsCluster-1AAGQRFIOE9AE,Service_beiakkdem1vi3j5fejl0,500,2,0.1306660542,0
1537374000,Prod-EcsStagingCluster-EcsCluster-1AAGQRFIOE9AE,Service_beiakkdem1vi3j5fejl0,500,2,0.1124360004,0
1537384620,Prod-EcsStagingCluster-EcsCluster-1AAGQRFIOE9AE,Service_beiakkdem1vi3j5fejl0,500,2,0.1209033858,0
1537365480,Prod-EcsStagingCluster-EcsCluster-1AAGQRFIOE9AE,Service_beiakkdem1vi3j5fejl0,500,2,0.1295250435,0
1537397340,Prod-EcsStagingCluster-EcsCluster-1AAGQRFIOE9AE,Service_beiakkdem1vi3j5fejl0,500,2,0.1215423299,0
1537352760,Prod-EcsStagingCluster-EcsCluster-1AAGQRFIOE9AE,Service_beiakkdem1vi3j5fejl0,500,2,0.1129682723,0
1537371780,Prod-EcsStagingCluster-EcsCluster-1AAGQRFIOE9AE,Service_beiakkdem1vi3j5fejl0,500,2,0.1124711948,0
1537363260,Prod-EcsStagingCluster-EcsCluster-1AAGQRFIOE9AE,Service_beiakkdem1vi3j5fejl0,500,2,0.1270291110,0
1537350540,Prod-EcsStagingCluster-EcsCluster-1AAGQRFIOE9AE,Service_beiakkdem1vi3j5fejl0,500,2,0.1310442923,0
1537403520,Prod-EcsStagingCluster-EcsCluster-1AAGQRFIOE9AE,Service_beiakkdem1vi3j5fejl0,500,2,0.1178111215,0
1537369560,Prod-EcsStagingCluster-EcsCluster-1AAGQRFIOE9AE,Service_beiakkdem1vi3j5fejl0,500,2,0.1213015954,0
1537390800,Prod-EcsStagingCluster-EcsCluster-1AAGQRFIOE9AE,Service_beiakkdem1vi3j5fejl0,500,2,0.1408183246,0
1537413000,Prod-EcsStagingCluster-EcsCluster-1AAGQRFIOE9AE,Service_beiakkdem1vi3j5fejl0,500,2,0.1187481663,0
1537390740,Prod-EcsStagingCluster-EcsCluster-1AAGQRFIOE9AE,Service_beiakkdem1vi3j5fejl0,500,2,0.1286737074,0
1537367340,Prod-EcsStagingCluster-EcsCluster-1AAGQRFIOE9AE,Service_beiakkdem1vi3j5fejl0,500,2,0.1155475653,0
1537370520,Prod-EcsStagingCluster-EcsCluster-1AAGQRFIOE9AE,Service_beiakkdem1vi3j5fejl0,500,2,0.1104922243,0
1537419360,Prod-EcsStagingCluster-EcsCluster-1AAGQRFIOE9AE,Service_beiakkdem1vi3j5fejl0,500,2,0.1598124580,0
1537351440,Prod-EcsStagingCluster-EcsCluster-1AAGQRFIOE9AE,Service_beiakkdem1vi3j5fejl0,500,2,0.1309893281,0
1537395960,Prod-EcsStagingCluster-EcsCluster-1AAGQRFIOE9AE,Service_beiakkdem1vi3j5fejl0,500,2,0.1199302767,0
1537376880,Prod-EcsStagingCluster-EcsCluster-1AAGQRFIOE9AE,Service_beiakkdem1vi3j5fejl0,500,2,0.1329208551,0
1537427760,Prod-EcsStagingCluster-EcsCluster-1AAGQRFIOE9AE,Service_beiakkdem1vi3j5fejl0,500,2,0.1073426177,0
1537402320,Prod-EcsStagingCluster-EcsCluster-1AAGQRFIOE9AE,Service_beiakkdem1vi3j5fejl0,500,2,0.1199941283,0
1537418220,Prod-EcsStagingCluster-EcsCluster-1AAGQRFIOE9AE,Service_beiakkdem1vi3j5fejl0,500,2,0.1509385099,0
1537421400,Prod-EcsStagingCluster-EcsCluster-1AAGQRFIOE9AE,Service_beiakkdem1vi3j5fejl0,500,2,0.1134919570,0
1537348020,Prod-EcsStagingCluster-EcsCluster-1AAGQRFIOE9AE,Service_beiakkdem1vi3j5fejl0,500,2,0.1169940176,0
1537392540,Prod-EcsStagingCluster-EcsCluster-1AAGQRFIOE9AE,Service_beiakkdem1vi3j5fejl0,500,2,0.1151306127,0
1537370280,Prod-EcsStagingCluster-EcsCluster-1AAGQRFIOE9AE,Service_beiakkdem1vi3j5fejl0,500,2,0.1108923366,0
1537376640,Prod-EcsStagingCluster-EcsCluster-1AAGQRFIOE9AE,Service_beiakkdem1vi3j5fejl0,500,2,0.1297928360,0
1537421160,Prod-EcsStagingCluster-EcsCluster-1AAGQRFIOE9AE,Service_beiakkdem1vi3j5fejl0,500,2,0.1109526932,0
1537398900,Prod-EcsStagingCluster-EcsCluster-1AAGQRFIOE9AE,Service_beiakkdem1vi3j5fejl0,500,2,0.1632935402,0
1537375500,Prod-EcsStagingCluster-EcsCluster-1AAGQRFIOE9AE,Service_beiakkdem1vi3j5fejl0,500,2,0.1267397885,0
1537381860,Prod-EcsStagingCluster-EcsCluster-1AAGQRFIOE9AE,Service_beiakkdem1vi3j5fejl0,500,2,0.1603051806,0
1537427520,Prod-EcsStagingCluster-EcsCluster-1AAGQRFIOE9AE,Service_beiakkdem1vi3j5fejl0,500,2,0.1070840161,0
1537356420,Prod-EcsStagingCluster-EcsCluster-1AAGQRFIOE9AE,Service_beiakkdem1vi3j5fejl0,500,2,0.1187521919,0
1537407300,Prod-EcsStagingCluster-EcsCluster-1AAGQRFIOE9AE,Service_beiakkdem1vi3j5fejl0,500,2,0.1204081998,0
1537426380,Prod-EcsStagingCluster-EcsCluster-1AAGQRFIOE9AE,Service_beiakkdem1vi3j5fejl0,500,2,0.1058805615,0
1537430520,Prod-EcsStagingCluster-EcsCluster-1AAGQRFIOE9AE,Service_beiakkdem1vi3j5fejl0,500,2,0.1094358060,0
1537349820,Prod-EcsStagingCluster-EcsCluster-1AAGQRFIOE9AE,Service_beiakkdem1vi3j5fejl0,500,2,0.1644392542,0
1537356180,Prod-EcsStagingCluster-EcsCluster-1AAGQRFIOE9AE,Service_beiakkdem1vi3j5fejl0,500,2,0.1169620381,0
1537400700,Prod-EcsStagingCluster-EcsCluster-1AAGQRFIOE9AE,Service_beiakkdem1vi3j5fejl0,500,2,0.1330252695,0
1537407060,Prod-EcsStagingCluster-EcsCluster-1AAGQRFIOE9AE,Service_beiakkdem1vi3j5fejl0,500,2,0.1165065642,0
1537360320,Prod-EcsStagingCluster-EcsCluster-1AAGQRFIOE9AE,Service_beiakkdem1vi3j5fejl0,500,2,0.1217658464,0
1537383660,Prod-EcsStagingCluster-EcsCluster-1AAGQRFIOE9AE,Service_beiakkdem1vi3j5fejl0,500,2,0.1196767724,0
1537353960,Prod-EcsStagingCluster-EcsCluster-1AAGQRFIOE9AE,Service_beiakkdem1vi3j5fejl0,500,2,0.1259199089,0
1537404840,Prod-EcsStagingCluster-EcsCluster-1AAGQRFIOE9AE,Service_beiakkdem1vi3j5fejl0,500,2,0.1016219514,0
1537411200,Prod-EcsStagingCluster-EcsCluster-1AAGQRFIOE9AE,Service_beiakkdem1vi3j5fejl0,500,2,0.1268272280,0
1537357980,Prod-EcsStagingCluster-EcsCluster-1AAGQRFIOE9AE,Service_beiakkdem1vi3j5fejl0,500,2,0.1154205313,0
1537364340,Prod-EcsStagingCluster-EcsCluster-1AAGQRFIOE9AE,Service_beiakkdem1vi3j5fejl0,500,2,0.1287468208,0
1537408860,Prod-EcsStagingCluster-EcsCluster-1AAGQRFIOE9AE,Service_beiakkdem1vi3j5fejl0,500,2,0.1487337157,0
1537415220,Prod-EcsStagingCluster-EcsCluster-1AAGQRFIOE9AE,Service_beiakkdem1vi3j5fejl0,500,2,0.1186088417,0
1537372740,Prod-EcsStagingCluster-EcsCluster-1AAGQRFIOE9AE,Service_beiakkdem1vi3j5fejl0,500,2,0.1070366994,0
1537347300,Prod-EcsStagingCluster-EcsCluster-1AAGQRFIOE9AE,Service_beiakkdem1vi3j5fejl0,500,2,0.1121715510,0
1537391820,Prod-EcsStagingCluster-EcsCluster-1AAGQRFIOE9AE,Service_beiakkdem1vi3j5fejl0,500,2,0.1297182198,0
1537398180,Prod-EcsStagingCluster-EcsCluster-1AAGQRFIOE9AE,Service_beiakkdem1vi3j5fejl0,500,2,0.0993855006,0
1537362120,Prod-EcsStagingCluster-EcsCluster-1AAGQRFIOE9AE,Service_beiakkdem1vi3j5fejl0,500,2,0.1088176177,0
1537368480,Prod-EcsStagingCluster-EcsCluster-1AAGQRFIOE9AE,Service_beiakkdem1vi3j5fejl0,500,2,0.1208001689,0
1537366260,Prod-EcsStagingCluster-EcsCluster-1AAGQRFIOE9AE,Service_beiakkdem1vi3j5fejl0,500,2,0.1293586887,0
1537417140,Prod-EcsStagingCluster-EcsCluster-1AAGQRFIOE9AE,Service_beiakkdem1vi3j5fejl0,500,2,0.1557217716,0
1537388520,Prod-EcsStagingCluster-EcsCluster-1AAGQRFIOE9AE,Service_beiakkdem1vi3j5fejl0,500,2,0.1316588065,0
1537374660,Prod-EcsStagingCluster-EcsCluster-1AAGQRFIOE9AE,Service_beiakkdem1vi3j5fejl0,500,2,0.1199960261,0
1537349220,Prod-EcsStagingCluster-EcsCluster-1AAGQRFIOE9AE,Service_beiakkdem1vi3j5fejl0,500,2,0.1289001298,0
1537400100,Prod-EcsStagingCluster-EcsCluster-1AAGQRFIOE9AE,Service_beiakkdem1vi3j5fejl0,500,2,0.1310640492,0
1537366140,Prod-EcsStagingCluster-EcsCluster-1AAGQRFIOE9AE,Service_beiakkdem1vi3j5fejl0,500,2,0.1289652466,0
1537350240,Prod-EcsStagingCluster-EcsCluster-1AAGQRFIOE9AE,Service_beiakkdem1vi3j5fejl0,500,2,0.1186285755,0
1537425540,Prod-EcsStagingCluster-EcsCluster-1AAGQRFIOE9AE,Service_beiakkdem1vi3j5fejl0,500,2,0.1083374339,0
1537417020,Prod-EcsStagingCluster-EcsCluster-1AAGQRFIOE9AE,Service_beiakkdem1vi3j5fejl0,500,2,0.1514161074,0
1537349100,Prod-EcsStagingCluster-EcsCluster-1AAGQRFIOE9AE,Service_beiakkdem1vi3j5fejl0,500,2,0.1291555469,0
1537401120,Prod-EcsStagingCluster-EcsCluster-1AAGQRFIOE9AE,Service_beiakkdem1vi3j5fejl0,500,2,0.1314506086,0
1537358640,Prod-EcsStagingCluster-EcsCluster-1AAGQRFIOE9AE,Service_beiakkdem1vi3j5fejl0,500,2,0.1158622611,0
1537409520,Prod-EcsStagingCluster-EcsCluster-1AAGQRFIOE9AE,Service_beiakkdem1vi3j5fejl0,500,2,0.1455942805,0
1537399980,Prod-EcsStagingCluster-EcsCluster-1AAGQRFIOE9AE,Service_beiakkdem1vi3j5fejl0,500,2,0.1287825622,0
1537384080,Prod-EcsStagingCluster-EcsCluster-1AAGQRFIOE9AE,Service_beiakkdem1vi3j5fejl0,500,2,0.1188037713,0
1537345800,Prod-EcsStagingCluster-EcsCluster-1AAGQRFIOE9AE,Service_beiakkdem1vi3j5fejl0,500,2,0.1166723081,0
1537396680,Prod-EcsStagingCluster-EcsCluster-1AAGQRFIOE9AE,Service_beiakkdem1vi3j5fejl0,500,2,0.1185276235,0
1537374420,Prod-EcsStagingCluster-EcsCluster-1AAGQRFIOE9AE,Service_beiakkdem1vi3j5fejl0,500,2,0.1175762651,0
1537354200,Prod-EcsStagingCluster-EcsCluster-1AAGQRFIOE9AE,Service_beiakkdem1vi3j5fejl0,500,2,0.2744631919,0
1537379640,Prod-EcsStagingCluster-EcsCluster-1AAGQRFIOE9AE,Service_beiakkdem1vi3j5fejl0,500,2,0.1285958345,0
1537425300,Prod-EcsStagingCluster-EcsCluster-1AAGQRFIOE9AE,Service_beiakkdem1vi3j5fejl0,500,2,0.1066639708,0
1537405080,Prod-EcsStagingCluster-EcsCluster-1AAGQRFIOE9AE,Service_beiakkdem1vi3j5fejl0,500,2,0.1142051409,0
1537374300,Prod-EcsStagingCluster-EcsCluster-1AAGQRFIOE9AE,Service_beiakkdem1vi3j5fejl0,500,2,0.1156526158,0
1537358400,Prod-EcsStagingCluster-EcsCluster-1AAGQRFIOE9AE,Service_beiakkdem1vi3j5fejl0,500,2,0.1216613377,0
1537423080,Prod-EcsStagingCluster-EcsCluster-1AAGQRFIOE9AE,Service_beiakkdem1vi3j5fejl0,500,2,0.1206821282,0
1537357260,Prod-EcsStagingCluster-EcsCluster-1AAGQRFIOE9AE,Service_beiakkdem1vi3j5fejl0,500,2,0.1209794962,0
1537425180,Prod-EcsStagingCluster-EcsCluster-1AAGQRFIOE9AE,Service_beiakkdem1vi3j5fejl0,500,2,0.1088272939,0
1537408140,Prod-EcsStagingCluster-EcsCluster-1AAGQRFIOE9AE,Service_beiakkdem1vi3j5fejl0,500,2,0.1239426542,0
1537384800,Prod-EcsStagingCluster-EcsCluster-1AAGQRFIOE9AE,Service_beiakkdem1vi3j5fejl0,500,2,0.1078777984,0
1537393200,Prod-EcsStagingCluster-EcsCluster-1AAGQRFIOE9AE,Service_beiakkdem1vi3j5fejl0,500,2,0.1597545408,0
1537367760,Prod-EcsStagingCluster-EcsCluster-1AAGQRFIOE9AE,Service_beiakkdem1vi3j5fejl0,500,2,0.1181989641,0
1537418640,Prod-EcsStagingCluster-EcsCluster-1AAGQRFIOE9AE,Service_beiakkdem1vi3j5fejl0,500,2,0.1515162271,0
1537382580,Prod-EcsStagingCluster-EcsCluster-1AAGQRFIOE9AE,Service_beiakkdem1vi3j5fejl0,500,2,0.1194721079,0
1537390980,Prod-EcsStagingCluster-EcsCluster-1AAGQRFIOE9AE,Service_beiakkdem1vi3j5fejl0,500,2,0.1204108212,0
1537365540,Prod-EcsStagingCluster-EcsCluster-1AAGQRFIOE9AE,Service_beiakkdem1vi3j5fejl0,500,2,0.1271894103,0
1537416420,Prod-EcsStagingCluster-EcsCluster-1AAGQRFIOE9AE,Service_beiakkdem1vi3j5fejl0,500,2,0.1186478515,0
1537382460,Prod-EcsStagingCluster-EcsCluster-1AAGQRFIOE9AE,Service_beiakkdem1vi3j5fejl0,500,2,0.1195930196,0
1537380360,Prod-EcsStagingCluster-EcsCluster-1AAGQRFIOE9AE,Service_beiakkdem1vi3j5fejl0,500,2,0.1319870457,0
1537431240,Prod-EcsStagingCluster-EcsCluster-1AAGQRFIOE9AE,Service_beiakkdem1vi3j5fejl0,500,2,0.1083528499,0
1537388760,Prod-EcsStagingCluster-EcsCluster-1AAGQRFIOE9AE,Service_beiakkdem1vi3j5fejl0,500,2,0.1318926693,0
1537365420,Prod-EcsStagingCluster-EcsCluster-1AAGQRFIOE9AE,Service_beiakkdem1vi3j5fejl0,500,2,0.1358728154,0
1537363320,Prod-EcsStagingCluster-EcsCluster-1AAGQRFIOE9AE,Service_beiakkdem1vi3j5fejl0,500,2,0.1226293118,0
1537414200,Prod-EcsStagingCluster-EcsCluster-1AAGQRFIOE9AE,Service_beiakkdem1vi3j5fejl0,500,2,0.1175828482,0
1537392960,Prod-EcsStagingCluster-EcsCluster-1AAGQRFIOE9AE,Service_beiakkdem1vi3j5fejl0,500,2,0.1208424581,0
1537416300,Prod-EcsStagingCluster-EcsCluster-1AAGQRFIOE9AE,Service_beiakkdem1vi3j5fejl0,500,2,0.1209312485,0
1537346100,Prod-EcsStagingCluster-EcsCluster-1AAGQRFIOE9AE,Service_beiakkdem1vi3j5fejl0,500,2,0.1162078413,0
1537396980,Prod-EcsStagingCluster-EcsCluster-1AAGQRFIOE9AE,Service_beiakkdem1vi3j5fejl0,500,2,0.1213900960,0
1537368360,Prod-EcsStagingCluster-EcsCluster-1AAGQRFIOE9AE,Service_beiakkdem1vi3j5fejl0,500,2,0.1182296870,0
1537374720,Prod-EcsStagingCluster-EcsCluster-1AAGQRFIOE9AE,Service_beiakkdem1vi3j5fejl0,500,2,0.1179626876,0
1537425600,Prod-EcsStagingCluster-EcsCluster-1AAGQRFIOE9AE,Service_beiakkdem1vi3j5fejl0,500,2,0.1190468776,0
1537419240,Prod-EcsStagingCluster-EcsCluster-1AAGQRFIOE9AE,Service_beiakkdem1vi3j5fejl0,500,2,0.1481605002,0
1537373580,Prod-EcsStagingCluster-EcsCluster-1AAGQRFIOE9AE,Service_beiakkdem1vi3j5fejl0,500,2,0.1064543034,0
1537386300,Prod-EcsStagingCluster-EcsCluster-1AAGQRFIOE9AE,Service_beiakkdem1vi3j5fejl0,500,2,0.1210793678,0
1537372440,Prod-EcsStagingCluster-EcsCluster-1AAGQRFIOE9AE,Service_beiakkdem1vi3j5fejl0,500,2,0.1074331018,0
1537424460,Prod-EcsStagingCluster-EcsCluster-1AAGQRFIOE9AE,Service_beiakkdem1vi3j5fejl0,500,2,0.1193924010,0
1537347000,Prod-EcsStagingCluster-EcsCluster-1AAGQRFIOE9AE,Service_beiakkdem1vi3j5fejl0,500,2,0.2811256800,0
1537353360,Prod-EcsStagingCluster-EcsCluster-1AAGQRFIOE9AE,Service_beiakkdem1vi3j5fejl0,500,2,0.1269999218,0
1537397880,Prod-EcsStagingCluster-EcsCluster-1AAGQRFIOE9AE,Service_beiakkdem1vi3j5fejl0,500,2,0.1197738681,0
1537378800,Prod-EcsStagingCluster-EcsCluster-1AAGQRFIOE9AE,Service_beiakkdem1vi3j5fejl0,500,2,0.1282556238,0
1537423320,Prod-EcsStagingCluster-EcsCluster-1AAGQRFIOE9AE,Service_beiakkdem1vi3j5fejl0,500,2,0.1184283225,0
1537429680,Prod-EcsStagingCluster-EcsCluster-1AAGQRFIOE9AE,Service_beiakkdem1vi3j5fejl0,500,2,0.0997422052,0
1537404240,Prod-EcsStagingCluster-EcsCluster-1AAGQRFIOE9AE,Service_beiakkdem1vi3j5fejl0,500,2,0.1198938953,0
1537376520,Prod-EcsStagingCluster-EcsCluster-1AAGQRFIOE9AE,Service_beiakkdem1vi3j5fejl0,500,2,0.1314757332,0
1537354260,Prod-EcsStagingCluster-EcsCluster-1AAGQRFIOE9AE,Service_beiakkdem1vi3j5fejl0,500,2,0.1181095996,0
1537405140,Prod-EcsStagingCluster-EcsCluster-1AAGQRFIOE9AE,Service_beiakkdem1vi3j5fejl0,500,2,0.1157779394,0
1537382880,Prod-EcsStagingCluster-EcsCluster-1AAGQRFIOE9AE,Service_beiakkdem1vi3j5fejl0,500,2,0.1198076107,0
1537427400,Prod-EcsStagingCluster-EcsCluster-1AAGQRFIOE9AE,Service_beiakkdem1vi3j5fejl0,500,2,0.1076506213,0
1537394460,Prod-EcsStagingCluster-EcsCluster-1AAGQRFIOE9AE,Service_beiakkdem1vi3j5fejl0,500,2,0.1230219402,0
1537381740,Prod-EcsStagingCluster-EcsCluster-1AAGQRFIOE9AE,Service_beiakkdem1vi3j5fejl0,500,2,0.1121635210,0
1537402920,Prod-EcsStagingCluster-EcsCluster-1AAGQRFIOE9AE,Service_beiakkdem1vi3j5fejl0,500,2,0.1230045558,0
1537409280,Prod-EcsStagingCluster-EcsCluster-1AAGQRFIOE9AE,Service_beiakkdem1vi3j5fejl0,500,2,0.1411466073,0
1537358340,Prod-EcsStagingCluster-EcsCluster-1AAGQRFIOE9AE,Service_beiakkdem1vi3j5fejl0,500,2,0.1176318934,0
1537409220,Prod-EcsStagingCluster-EcsCluster-1AAGQRFIOE9AE,Service_beiakkdem1vi3j5fejl0,500,2,0.1401638054,0
1537383780,Prod-EcsStagingCluster-EcsCluster-1AAGQRFIOE9AE,Service_beiakkdem1vi3j5fejl0,500,2,0.1188525658,0
1537356120,Prod-EcsStagingCluster-EcsCluster-1AAGQRFIOE9AE,Service_beiakkdem1vi3j5fejl0,500,2,0.1169507689,0
1537362480,Prod-EcsStagingCluster-EcsCluster-1AAGQRFIOE9AE,Service_beiakkdem1vi3j5fejl0,500,2,0.1106157579,0
1537407000,Prod-EcsStagingCluster-EcsCluster-1AAGQRFIOE9AE,Service_beiakkdem1vi3j5fejl0,500,2,0.1190637172,0
1537413360,Prod-EcsStagingCluster-EcsCluster-1AAGQRFIOE9AE,Service_beiakkdem1vi3j5fejl0,500,2,0.1198522317,0
1537381560,Prod-EcsStagingCluster-EcsCluster-1AAGQRFIOE9AE,Service_beiakkdem1vi3j5fejl0,500,2,0.1092937238,0
1537387920,Prod-EcsStagingCluster-EcsCluster-1AAGQRFIOE9AE,Service_beiakkdem1vi3j5fejl0,500,2,0.1310025720,0
1537362420,Prod-EcsStagingCluster-EcsCluster-1AAGQRFIOE9AE,Service_beiakkdem1vi3j5fejl0,500,2,0.1151395897,0
1537413300,Prod-EcsStagingCluster-EcsCluster-1AAGQRFIOE9AE,Service_beiakkdem1vi3j5fejl0,500,2,0.1233015518,0
1537351740,Prod-EcsStagingCluster-EcsCluster-1AAGQRFIOE9AE,Service_beiakkdem1vi3j5fejl0,500,2,0.1175230355,0
1537402620,Prod-EcsStagingCluster-EcsCluster-1AAGQRFIOE9AE,Service_beiakkdem1vi3j5fejl0,500,2,0.1177597792,0
1537389900,Prod-EcsStagingCluster-EcsCluster-1AAGQRFIOE9AE,Service_beiakkdem1vi3j5fejl0,500,2,0.1308248603,0
1537360200,Prod-EcsStagingCluster-EcsCluster-1AAGQRFIOE9AE,Service_beiakkdem1vi3j5fejl0,500,2,0.1199049450,0
1537366560,Prod-EcsStagingCluster-EcsCluster-1AAGQRFIOE9AE,Service_beiakkdem1vi3j5fejl0,500,2,0.1328037987,0
1537417440,Prod-EcsStagingCluster-EcsCluster-1AAGQRFIOE9AE,Service_beiakkdem1vi3j5fejl0,500,2,0.1591704468,0
1537411080,Prod-EcsStagingCluster-EcsCluster-1AAGQRFIOE9AE,Service_beiakkdem1vi3j5fejl0,500,2,0.1255476014,0
1537399200,Prod-EcsStagingCluster-EcsCluster-1AAGQRFIOE9AE,Service_beiakkdem1vi3j5fejl0,500,2,0.1657882808,0
1537390680,Prod-EcsStagingCluster-EcsCluster-1AAGQRFIOE9AE,Service_beiakkdem1vi3j5fejl0,500,2,0.1272776951,0
1537347180,Prod-EcsStagingCluster-EcsCluster-1AAGQRFIOE9AE,Service_beiakkdem1vi3j5fejl0,500,2,0.1116772620,0
1537365240,Prod-EcsStagingCluster-EcsCluster-1AAGQRFIOE9AE,Service_beiakkdem1vi3j5fejl0,500,2,0.1286149462,0
1537416120,Prod-EcsStagingCluster-EcsCluster-1AAGQRFIOE9AE,Service_beiakkdem1vi3j5fejl0,500,2,0.1208406251,0
1537359900,Prod-EcsStagingCluster-EcsCluster-1AAGQRFIOE9AE,Service_beiakkdem1vi3j5fejl0,500,2,0.1190169291,0
1537410780,Prod-EcsStagingCluster-EcsCluster-1AAGQRFIOE9AE,Service_beiakkdem1vi3j5fejl0,500,2,0.1378151722,0
1537398060,Prod-EcsStagingCluster-EcsCluster-1AAGQRFIOE9AE,Service_beiakkdem1vi3j5fejl0,500,2,0.1086033547,0
1537394760,Prod-EcsStagingCluster-EcsCluster-1AAGQRFIOE9AE,Service_beiakkdem1vi3j5fejl0,500,2,0.1216485101,0
1537372500,Prod-EcsStagingCluster-EcsCluster-1AAGQRFIOE9AE,Service_beiakkdem1vi3j5fejl0,500,2,0.1513764380,0
1537423380,Prod-EcsStagingCluster-EcsCluster-1AAGQRFIOE9AE,Service_beiakkdem1vi3j5fejl0,500,2,0.1187883544,0
1537356480,Prod-EcsStagingCluster-EcsCluster-1AAGQRFIOE9AE,Service_beiakkdem1vi3j5fejl0,500,2,0.1142583541,0
1537351140,Prod-EcsStagingCluster-EcsCluster-1AAGQRFIOE9AE,Service_beiakkdem1vi3j5fejl0,500,2,0.1191538287,0
1537355340,Prod-EcsStagingCluster-EcsCluster-1AAGQRFIOE9AE,Service_beiakkdem1vi3j5fejl0,500,2,0.1185814584,0
1537407360,Prod-EcsStagingCluster-EcsCluster-1AAGQRFIOE9AE,Service_beiakkdem1vi3j5fejl0,500,2,0.1271197190,0
1537376580,Prod-EcsStagingCluster-EcsCluster-1AAGQRFIOE9AE,Service_beiakkdem1vi3j5fejl0,500,2,0.1326652019,0
1537427460,Prod-EcsStagingCluster-EcsCluster-1AAGQRFIOE9AE,Service_beiakkdem1vi3j5fejl0,500,2,0.1080285027,0
1537402020,Prod-EcsStagingCluster-EcsCluster-1AAGQRFIOE9AE,Service_beiakkdem1vi3j5fejl0,500,2,0.1170192282,0
1537368060,Prod-EcsStagingCluster-EcsCluster-1AAGQRFIOE9AE,Service_beiakkdem1vi3j5fejl0,500,2,0.1214726834,0
1537418940,Prod-EcsStagingCluster-EcsCluster-1AAGQRFIOE9AE,Service_beiakkdem1vi3j5fejl0,500,2,0.1551864574,0
1537406220,Prod-EcsStagingCluster-EcsCluster-1AAGQRFIOE9AE,Service_beiakkdem1vi3j5fejl0,500,2,0.1183205281,0
1537360560,Prod-EcsStagingCluster-EcsCluster-1AAGQRFIOE9AE,Service_beiakkdem1vi3j5fejl0,500,2,0.1169833613,0
1537411440,Prod-EcsStagingCluster-EcsCluster-1AAGQRFIOE9AE,Service_beiakkdem1vi3j5fejl0,500,2,0.1266635740,0
1537352040,Prod-EcsStagingCluster-EcsCluster-1AAGQRFIOE9AE,Service_beiakkdem1vi3j5fejl0,500,2,0.1222618129,0
1537386000,Prod-EcsStagingCluster-EcsCluster-1AAGQRFIOE9AE,Service_beiakkdem1vi3j5fejl0,500,2,0.1246814427,0
1537380660,Prod-EcsStagingCluster-EcsCluster-1AAGQRFIOE9AE,Service_beiakkdem1vi3j5fejl0,500,2,0.1192088705,0
1537431540,Prod-EcsStagingCluster-EcsCluster-1AAGQRFIOE9AE,Service_beiakkdem1vi3j5fejl0,500,2,0.1082601846,0
1537378440,Prod-EcsStagingCluster-EcsCluster-1AAGQRFIOE9AE,Service_beiakkdem1vi3j5fejl0,500,2,0.1318184786,0
1537429320,Prod-EcsStagingCluster-EcsCluster-1AAGQRFIOE9AE,Service_beiakkdem1vi3j5fejl0,500,2,0.0976754200,0
1537376220,Prod-EcsStagingCluster-EcsCluster-1AAGQRFIOE9AE,Service_beiakkdem1vi3j5fejl0,500,2,0.1281756624,0
1537363500,Prod-EcsStagingCluster-EcsCluster-1AAGQRFIOE9AE,Service_beiakkdem1vi3j5fejl0,500,2,0.1211544741,0
1537427100,Prod-EcsStagingCluster-EcsCluster-1AAGQRFIOE9AE,Service_beiakkdem1vi3j5fejl0,500,2,0.1190220761,0
1537391040,Prod-EcsStagingCluster-EcsCluster-1AAGQRFIOE9AE,Service_beiakkdem1vi3j5fejl0,500,2,0.1215181497,0
1537414380,Prod-EcsStagingCluster-EcsCluster-1AAGQRFIOE9AE,Service_beiakkdem1vi3j5fejl0,500,2,0.1221459134,0
1537388820,Prod-EcsStagingCluster-EcsCluster-1AAGQRFIOE9AE,Service_beiakkdem1vi3j5fejl0,500,2,0.1324134720,0
1537369680,Prod-EcsStagingCluster-EcsCluster-1AAGQRFIOE9AE,Service_beiakkdem1vi3j5fejl0,500,2,0.1165268109,0
1537420560,Prod-EcsStagingCluster-EcsCluster-1AAGQRFIOE9AE,Service_beiakkdem1vi3j5fejl0,500,2,0.1534263548,0
1537395120,Prod-EcsStagingCluster-EcsCluster-1AAGQRFIOE9AE,Service_beiakkdem1vi3j5fejl0,500,2,0.1224425512,0
1537386600,Prod-EcsStagingCluster-EcsCluster-1AAGQRFIOE9AE,Service_beiakkdem1vi3j5fejl0,500,2,0.1071623106,0
1537392900,Prod-EcsStagingCluster-EcsCluster-1AAGQRFIOE9AE,Service_beiakkdem1vi3j5fejl0,500,2,0.1217569514,0
1537367460,Prod-EcsStagingCluster-EcsCluster-1AAGQRFIOE9AE,Service_beiakkdem1vi3j5fejl0,500,2,0.1206601428,0
1537418340,Prod-EcsStagingCluster-EcsCluster-1AAGQRFIOE9AE,Service_beiakkdem1vi3j5fejl0,500,2,0.1529624376,0
1537371660,Prod-EcsStagingCluster-EcsCluster-1AAGQRFIOE9AE,Service_beiakkdem1vi3j5fejl0,500,2,0.1074423692,0
1537384380,Prod-EcsStagingCluster-EcsCluster-1AAGQRFIOE9AE,Service_beiakkdem1vi3j5fejl0,500,2,0.1209959893,0
1537348320,Prod-EcsStagingCluster-EcsCluster-1AAGQRFIOE9AE,Service_beiakkdem1vi3j5fejl0,500,2,0.1121939944,0
1537357800,Prod-EcsStagingCluster-EcsCluster-1AAGQRFIOE9AE,Service_beiakkdem1vi3j5fejl0,500,2,0.1166958876,0
1537364160,Prod-EcsStagingCluster-EcsCluster-1AAGQRFIOE9AE,Service_beiakkdem1vi3j5fejl0,500,2,0.1214776867,0
1537428900,Prod-EcsStagingCluster-EcsCluster-1AAGQRFIOE9AE,Service_beiakkdem1vi3j5fejl0,500,2,0.0974964309,0
1537415040,Prod-EcsStagingCluster-EcsCluster-1AAGQRFIOE9AE,Service_beiakkdem1vi3j5fejl0,500,2,3.0822096092,0
1537408680,Prod-EcsStagingCluster-EcsCluster-1AAGQRFIOE9AE,Service_beiakkdem1vi3j5fejl0,500,2,0.1452531469,0
1537363020,Prod-EcsStagingCluster-EcsCluster-1AAGQRFIOE9AE,Service_beiakkdem1vi3j5fejl0,500,2,0.1249438897,0
1537413900,Prod-EcsStagingCluster-EcsCluster-1AAGQRFIOE9AE,Service_beiakkdem1vi3j5fejl0,500,2,0.1199070782,0
1537394820,Prod-EcsStagingCluster-EcsCluster-1AAGQRFIOE9AE,Service_beiakkdem1vi3j5fejl0,500,2,0.1098899008,0
1537374600,Prod-EcsStagingCluster-EcsCluster-1AAGQRFIOE9AE,Service_beiakkdem1vi3j5fejl0,500,2,0.1193593137,0
1537380960,Prod-EcsStagingCluster-EcsCluster-1AAGQRFIOE9AE,Service_beiakkdem1vi3j5fejl0,500,2,0.1083782591,0
1537357560,Prod-EcsStagingCluster-EcsCluster-1AAGQRFIOE9AE,Service_beiakkdem1vi3j5fejl0,500,2,0.1180331186,0
1537363920,Prod-EcsStagingCluster-EcsCluster-1AAGQRFIOE9AE,Service_beiakkdem1vi3j5fejl0,500,2,0.1180874820,1
1537425480,Prod-EcsStagingCluster-EcsCluster-1AAGQRFIOE9AE,Service_beiakkdem1vi3j5fejl0,500,2,0.1119010522,0
1537379820,Prod-EcsStagingCluster-EcsCluster-1AAGQRFIOE9AE,Service_beiakkdem1vi3j5fejl0,500,2,0.1308838067,0
1537414800,Prod-EcsStagingCluster-EcsCluster-1AAGQRFIOE9AE,Service_beiakkdem1vi3j5fejl0,500,2,0.1189960135,0
1537408440,Prod-EcsStagingCluster-EcsCluster-1AAGQRFIOE9AE,Service_beiakkdem1vi3j5fejl0,500,2,0.1482290023,0
1537430700,Prod-EcsStagingCluster-EcsCluster-1AAGQRFIOE9AE,Service_beiakkdem1vi3j5fejl0,500,2,0.1080501510,0
1537394580,Prod-EcsStagingCluster-EcsCluster-1AAGQRFIOE9AE,Service_beiakkdem1vi3j5fejl0,500,2,0.1242635567,0
1537388220,Prod-EcsStagingCluster-EcsCluster-1AAGQRFIOE9AE,Service_beiakkdem1vi3j5fejl0,500,2,0.1417793676,0
1537374360,Prod-EcsStagingCluster-EcsCluster-1AAGQRFIOE9AE,Service_beiakkdem1vi3j5fejl0,500,2,0.1159171741,0
1537380720,Prod-EcsStagingCluster-EcsCluster-1AAGQRFIOE9AE,Service_beiakkdem1vi3j5fejl0,500,2,0.1106061657,0
1537425240,Prod-EcsStagingCluster-EcsCluster-1AAGQRFIOE9AE,Service_beiakkdem1vi3j5fejl0,500,2,0.1102992202,0
1537431600,Prod-EcsStagingCluster-EcsCluster-1AAGQRFIOE9AE,Service_beiakkdem1vi3j5fejl0,500,2,0.1027149428,0
1537354140,Prod-EcsStagingCluster-EcsCluster-1AAGQRFIOE9AE,Service_beiakkdem1vi3j5fejl0,500,2,0.3447941072,0
1537360500,Prod-EcsStagingCluster-EcsCluster-1AAGQRFIOE9AE,Service_beiakkdem1vi3j5fejl0,500,2,0.1237987576,0
1537411380,Prod-EcsStagingCluster-EcsCluster-1AAGQRFIOE9AE,Service_beiakkdem1vi3j5fejl0,500,2,0.1305193253,0
1537405020,Prod-EcsStagingCluster-EcsCluster-1AAGQRFIOE9AE,Service_beiakkdem1vi3j5fejl0,500,2,0.1174072300,0
1537358280,Prod-EcsStagingCluster-EcsCluster-1AAGQRFIOE9AE,Service_beiakkdem1vi3j5fejl0,500,2,0.1166737724,0
1537394340,Prod-EcsStagingCluster-EcsCluster-1AAGQRFIOE9AE,Service_beiakkdem1vi3j5fejl0,500,2,0.1209376881,0
1537364640,Prod-EcsStagingCluster-EcsCluster-1AAGQRFIOE9AE,Service_beiakkdem1vi3j5fejl0,500,2,0.1695983469,0
1537409160,Prod-EcsStagingCluster-EcsCluster-1AAGQRFIOE9AE,Service_beiakkdem1vi3j5fejl0,500,2,0.1396011928,0
1537415520,Prod-EcsStagingCluster-EcsCluster-1AAGQRFIOE9AE,Service_beiakkdem1vi3j5fejl0,500,2,0.1212308425,0
1537347600,Prod-EcsStagingCluster-EcsCluster-1AAGQRFIOE9AE,Service_beiakkdem1vi3j5fejl0,500,2,0.1145671068,0
1537398480,Prod-EcsStagingCluster-EcsCluster-1AAGQRFIOE9AE,Service_beiakkdem1vi3j5fejl0,500,2,0.1221699809,0
1537392120,Prod-EcsStagingCluster-EcsCluster-1AAGQRFIOE9AE,Service_beiakkdem1vi3j5fejl0,500,2,0.1325619139,0
1537379340,Prod-EcsStagingCluster-EcsCluster-1AAGQRFIOE9AE,Service_beiakkdem1vi3j5fejl0,500,2,0.1188149767,0
1537360260,Prod-EcsStagingCluster-EcsCluster-1AAGQRFIOE9AE,Service_beiakkdem1vi3j5fejl0,500,2,0.1203860312,0
1537411140,Prod-EcsStagingCluster-EcsCluster-1AAGQRFIOE9AE,Service_beiakkdem1vi3j5fejl0,500,2,0.1269336678,0
1537430220,Prod-EcsStagingCluster-EcsCluster-1AAGQRFIOE9AE,Service_beiakkdem1vi3j5fejl0,500,2,0.1103764049,0
1537358040,Prod-EcsStagingCluster-EcsCluster-1AAGQRFIOE9AE,Service_beiakkdem1vi3j5fejl0,500,2,0.1130999206,0
1537364400,Prod-EcsStagingCluster-EcsCluster-1AAGQRFIOE9AE,Service_beiakkdem1vi3j5fejl0,500,2,0.1309749186,0
1537408920,Prod-EcsStagingCluster-EcsCluster-1AAGQRFIOE9AE,Service_beiakkdem1vi3j5fejl0,500,2,0.1395310167,0
1537415280,Prod-EcsStagingCluster-EcsCluster-1AAGQRFIOE9AE,Service_beiakkdem1vi3j5fejl0,500,2,0.1206478181,0
1537396140,Prod-EcsStagingCluster-EcsCluster-1AAGQRFIOE9AE,Service_beiakkdem1vi3j5fejl0,500,2,0.1162355543,0
1537360020,Prod-EcsStagingCluster-EcsCluster-1AAGQRFIOE9AE,Service_beiakkdem1vi3j5fejl0,500,2,0.1304149726,0
1537353660,Prod-EcsStagingCluster-EcsCluster-1AAGQRFIOE9AE,Service_beiakkdem1vi3j5fejl0,500,2,0.1224774251,0
1537392840,Prod-EcsStagingCluster-EcsCluster-1AAGQRFIOE9AE,Service_beiakkdem1vi3j5fejl0,500,2,0.1204533410,0
1537404540,Prod-EcsStagingCluster-EcsCluster-1AAGQRFIOE9AE,Service_beiakkdem1vi3j5fejl0,500,2,0.1051715377,0
1537346160,Prod-EcsStagingCluster-EcsCluster-1AAGQRFIOE9AE,Service_beiakkdem1vi3j5fejl0,500,2,0.1153248876,0
1537375800,Prod-EcsStagingCluster-EcsCluster-1AAGQRFIOE9AE,Service_beiakkdem1vi3j5fejl0,500,2,0.1144196610,0
1537397040,Prod-EcsStagingCluster-EcsCluster-1AAGQRFIOE9AE,Service_beiakkdem1vi3j5fejl0,500,2,0.1191936826,0
1537370460,Prod-EcsStagingCluster-EcsCluster-1AAGQRFIOE9AE,Service_beiakkdem1vi3j5fejl0,500,2,0.1093016934,0
1537361940,Prod-EcsStagingCluster-EcsCluster-1AAGQRFIOE9AE,Service_beiakkdem1vi3j5fejl0,500,2,0.1079330084,0
1537426680,Prod-EcsStagingCluster-EcsCluster-1AAGQRFIOE9AE,Service_beiakkdem1vi3j5fejl0,500,2,0.1094362911,0
1537421340,Prod-EcsStagingCluster-EcsCluster-1AAGQRFIOE9AE,Service_beiakkdem1vi3j5fejl0,500,2,0.1087211506,0
1537412820,Prod-EcsStagingCluster-EcsCluster-1AAGQRFIOE9AE,Service_beiakkdem1vi3j5fejl0,500,2,0.1219871040,0
1537392600,Prod-EcsStagingCluster-EcsCluster-1AAGQRFIOE9AE,Service_beiakkdem1vi3j5fejl0,500,2,0.1176590014,0
1537345920,Prod-EcsStagingCluster-EcsCluster-1AAGQRFIOE9AE,Service_beiakkdem1vi3j5fejl0,500,2,0.1145422774,0
1537378740,Prod-EcsStagingCluster-EcsCluster-1AAGQRFIOE9AE,Service_beiakkdem1vi3j5fejl0,500,2,0.1295189137,0
1537396800,Prod-EcsStagingCluster-EcsCluster-1AAGQRFIOE9AE,Service_beiakkdem1vi3j5fejl0,500,2,0.1202052323,0
1537395660,Prod-EcsStagingCluster-EcsCluster-1AAGQRFIOE9AE,Service_beiakkdem1vi3j5fejl0,500,2,0.1188374652,0
1537429620,Prod-EcsStagingCluster-EcsCluster-1AAGQRFIOE9AE,Service_beiakkdem1vi3j5fejl0,500,2,0.0992528510,0
1537361700,Prod-EcsStagingCluster-EcsCluster-1AAGQRFIOE9AE,Service_beiakkdem1vi3j5fejl0,500,2,0.1120510629,0
1537412580,Prod-EcsStagingCluster-EcsCluster-1AAGQRFIOE9AE,Service_beiakkdem1vi3j5fejl0,500,2,0.1198452816,0
1537362720,Prod-EcsStagingCluster-EcsCluster-1AAGQRFIOE9AE,Service_beiakkdem1vi3j5fejl0,500,2,0.1122717179,0
1537413600,Prod-EcsStagingCluster-EcsCluster-1AAGQRFIOE9AE,Service_beiakkdem1vi3j5fejl0,500,2,0.1203078830,0
1537392360,Prod-EcsStagingCluster-EcsCluster-1AAGQRFIOE9AE,Service_beiakkdem1vi3j5fejl0,500,2,0.1180737790,0
1537345680,Prod-EcsStagingCluster-EcsCluster-1AAGQRFIOE9AE,Service_beiakkdem1vi3j5fejl0,500,2,0.1149172349,0
1537361580,Prod-EcsStagingCluster-EcsCluster-1AAGQRFIOE9AE,Service_beiakkdem1vi3j5fejl0,500,2,0.1050262630,0
1537410360,Prod-EcsStagingCluster-EcsCluster-1AAGQRFIOE9AE,Service_beiakkdem1vi3j5fejl0,500,2,0.1495515032,0
1537412460,Prod-EcsStagingCluster-EcsCluster-1AAGQRFIOE9AE,Service_beiakkdem1vi3j5fejl0,500,2,0.1211697981,0
1537378500,Prod-EcsStagingCluster-EcsCluster-1AAGQRFIOE9AE,Service_beiakkdem1vi3j5fejl0,500,2,0.1291887004,0
1537429380,Prod-EcsStagingCluster-EcsCluster-1AAGQRFIOE9AE,Service_beiakkdem1vi3j5fejl0,500,2,0.0962920713,0
1537369980,Prod-EcsStagingCluster-EcsCluster-1AAGQRFIOE9AE,Service_beiakkdem1vi3j5fejl0,500,2,0.1110031654,0
1537420860,Prod-EcsStagingCluster-EcsCluster-1AAGQRFIOE9AE,Service_beiakkdem1vi3j5fejl0,500,2,0.1126499702,0
1537376280,Prod-EcsStagingCluster-EcsCluster-1AAGQRFIOE9AE,Service_beiakkdem1vi3j5fejl0,500,2,0.1282828342,0
1537427160,Prod-EcsStagingCluster-EcsCluster-1AAGQRFIOE9AE,Service_beiakkdem1vi3j5fejl0,500,2,0.1080701366,0
1537380480,Prod-EcsStagingCluster-EcsCluster-1AAGQRFIOE9AE,Service_beiakkdem1vi3j5fejl0,500,2,0.1667307391,0
1537431360,Prod-EcsStagingCluster-EcsCluster-1AAGQRFIOE9AE,Service_beiakkdem1vi3j5fejl0,500,2,0.1064808409,0
1537386780,Prod-EcsStagingCluster-EcsCluster-1AAGQRFIOE9AE,Service_beiakkdem1vi3j5fejl0,500,2,0.1218646696,0
1537378260,Prod-EcsStagingCluster-EcsCluster-1AAGQRFIOE9AE,Service_beiakkdem1vi3j5fejl0,500,2,0.1295391680,0
1537346400,Prod-EcsStagingCluster-EcsCluster-1AAGQRFIOE9AE,Service_beiakkdem1vi3j5fejl0,500,2,0.1139769056,0
1537397280,Prod-EcsStagingCluster-EcsCluster-1AAGQRFIOE9AE,Service_beiakkdem1vi3j5fejl0,500,2,0.1193232154,0
1537429140,Prod-EcsStagingCluster-EcsCluster-1AAGQRFIOE9AE,Service_beiakkdem1vi3j5fejl0,500,2,0.0976146336,0
1537376040,Prod-EcsStagingCluster-EcsCluster-1AAGQRFIOE9AE,Service_beiakkdem1vi3j5fejl0,500,2,0.1129000746,0
1537380240,Prod-EcsStagingCluster-EcsCluster-1AAGQRFIOE9AE,Service_beiakkdem1vi3j5fejl0,500,2,0.1305072872,0
1537395060,Prod-EcsStagingCluster-EcsCluster-1AAGQRFIOE9AE,Service_beiakkdem1vi3j5fejl0,500,2,0.1213048469,0
1537361100,Prod-EcsStagingCluster-EcsCluster-1AAGQRFIOE9AE,Service_beiakkdem1vi3j5fejl0,500,2,0.1174260095,0
1537426920,Prod-EcsStagingCluster-EcsCluster-1AAGQRFIOE9AE,Service_beiakkdem1vi3j5fejl0,500,2,0.1110456881,0
1537431120,Prod-EcsStagingCluster-EcsCluster-1AAGQRFIOE9AE,Service_beiakkdem1vi3j5fejl0,500,2,0.1093215718,0
1537411980,Prod-EcsStagingCluster-EcsCluster-1AAGQRFIOE9AE,Service_beiakkdem1vi3j5fejl0,500,2,0.1224946886,0
1537378020,Prod-EcsStagingCluster-EcsCluster-1AAGQRFIOE9AE,Service_beiakkdem1vi3j5fejl0,500,2,0.1298148971,0
1537372680,Prod-EcsStagingCluster-EcsCluster-1AAGQRFIOE9AE,Service_beiakkdem1vi3j5fejl0,500,2,0.1050505029,0
1537379040,Prod-EcsStagingCluster-EcsCluster-1AAGQRFIOE9AE,Service_beiakkdem1vi3j5fejl0,500,2,0.1057163027,0
1537424700,Prod-EcsStagingCluster-EcsCluster-1AAGQRFIOE9AE,Service_beiakkdem1vi3j5fejl0,500,2,0.1078783388,0
1537359960,Prod-EcsStagingCluster-EcsCluster-1AAGQRFIOE9AE,Service_beiakkdem1vi3j5fejl0,500,2,0.1206603080,0
1537366320,Prod-EcsStagingCluster-EcsCluster-1AAGQRFIOE9AE,Service_beiakkdem1vi3j5fejl0,500,2,0.1313575659,0
1537410840,Prod-EcsStagingCluster-EcsCluster-1AAGQRFIOE9AE,Service_beiakkdem1vi3j5fejl0,500,2,0.1380371282,0
1537429920,Prod-EcsStagingCluster-EcsCluster-1AAGQRFIOE9AE,Service_beiakkdem1vi3j5fejl0,500,2,0.1291491145,0
1537423560,Prod-EcsStagingCluster-EcsCluster-1AAGQRFIOE9AE,Service_beiakkdem1vi3j5fejl0,500,2,0.1181046168,0
1537417200,Prod-EcsStagingCluster-EcsCluster-1AAGQRFIOE9AE,Service_beiakkdem1vi3j5fejl0,500,2,0.1533291770,0
1537390620,Prod-EcsStagingCluster-EcsCluster-1AAGQRFIOE9AE,Service_beiakkdem1vi3j5fejl0,500,2,0.1394744358,0
1537377900,Prod-EcsStagingCluster-EcsCluster-1AAGQRFIOE9AE,Service_beiakkdem1vi3j5fejl0,500,2,0.1331988134,0
1537428780,Prod-EcsStagingCluster-EcsCluster-1AAGQRFIOE9AE,Service_beiakkdem1vi3j5fejl0,500,2,0.0997909176,0
1537379940,Prod-EcsStagingCluster-EcsCluster-1AAGQRFIOE9AE,Service_beiakkdem1vi3j5fejl0,500,2,0.1299526624,0
1537392660,Prod-EcsStagingCluster-EcsCluster-1AAGQRFIOE9AE,Service_beiakkdem1vi3j5fejl0,500,2,0.1203311086,0
1537430820,Prod-EcsStagingCluster-EcsCluster-1AAGQRFIOE9AE,Service_beiakkdem1vi3j5fejl0,500,2,0.1067992340,0
1537358580,Prod-EcsStagingCluster-EcsCluster-1AAGQRFIOE9AE,Service_beiakkdem1vi3j5fejl0,500,2,0.1169344133,0
1537345860,Prod-EcsStagingCluster-EcsCluster-1AAGQRFIOE9AE,Service_beiakkdem1vi3j5fejl0,500,2,0.1196739568,0
1537409460,Prod-EcsStagingCluster-EcsCluster-1AAGQRFIOE9AE,Service_beiakkdem1vi3j5fejl0,500,2,0.1541524202,0
1537396740,Prod-EcsStagingCluster-EcsCluster-1AAGQRFIOE9AE,Service_beiakkdem1vi3j5fejl0,500,2,0.1170515137,0
1537359480,Prod-EcsStagingCluster-EcsCluster-1AAGQRFIOE9AE,Service_beiakkdem1vi3j5fejl0,500,2,0.1095609739,0
1537378560,Prod-EcsStagingCluster-EcsCluster-1AAGQRFIOE9AE,Service_beiakkdem1vi3j5fejl0,500,2,0.1259792441,0
1537365840,Prod-EcsStagingCluster-EcsCluster-1AAGQRFIOE9AE,Service_beiakkdem1vi3j5fejl0,500,2,0.1322913965,0
1537372200,Prod-EcsStagingCluster-EcsCluster-1AAGQRFIOE9AE,Service_beiakkdem1vi3j5fejl0,500,2,0.1099311312,0
1537377420,Prod-EcsStagingCluster-EcsCluster-1AAGQRFIOE9AE,Service_beiakkdem1vi3j5fejl0,500,2,0.1311796086,0
1537390140,Prod-EcsStagingCluster-EcsCluster-1AAGQRFIOE9AE,Service_beiakkdem1vi3j5fejl0,500,2,0.1296304559,0
1537428300,Prod-EcsStagingCluster-EcsCluster-1AAGQRFIOE9AE,Service_beiakkdem1vi3j5fejl0,500,2,0.1080590385,0
1537356060,Prod-EcsStagingCluster-EcsCluster-1AAGQRFIOE9AE,Service_beiakkdem1vi3j5fejl0,500,2,0.1226749046,0
1537406940,Prod-EcsStagingCluster-EcsCluster-1AAGQRFIOE9AE,Service_beiakkdem1vi3j5fejl0,500,2,0.1187180498,0
1537394220,Prod-EcsStagingCluster-EcsCluster-1AAGQRFIOE9AE,Service_beiakkdem1vi3j5fejl0,500,2,0.1204351255,0
1537345380,Prod-EcsStagingCluster-EcsCluster-1AAGQRFIOE9AE,Service_beiakkdem1vi3j5fejl0,500,2,0.1130524948,0
1537358100,Prod-EcsStagingCluster-EcsCluster-1AAGQRFIOE9AE,Service_beiakkdem1vi3j5fejl0,500,2,0.1196280668,0
1537396260,Prod-EcsStagingCluster-EcsCluster-1AAGQRFIOE9AE,Service_beiakkdem1vi3j5fejl0,500,2,0.1205644152,0
1537408980,Prod-EcsStagingCluster-EcsCluster-1AAGQRFIOE9AE,Service_beiakkdem1vi3j5fejl0,500,2,0.1412521463,0
1537362240,Prod-EcsStagingCluster-EcsCluster-1AAGQRFIOE9AE,Service_beiakkdem1vi3j5fejl0,500,2,0.1098492655,0
1537349520,Prod-EcsStagingCluster-EcsCluster-1AAGQRFIOE9AE,Service_beiakkdem1vi3j5fejl0,500,2,0.1325122812,0
1537355880,Prod-EcsStagingCluster-EcsCluster-1AAGQRFIOE9AE,Service_beiakkdem1vi3j5fejl0,500,2,0.1188045212,0
1537400400,Prod-EcsStagingCluster-EcsCluster-1AAGQRFIOE9AE,Service_beiakkdem1vi3j5fejl0,500,2,0.1092489261,0
1537394040,Prod-EcsStagingCluster-EcsCluster-1AAGQRFIOE9AE,Service_beiakkdem1vi3j5fejl0,500,2,0.1184032509,0
1537374900,Prod-EcsStagingCluster-EcsCluster-1AAGQRFIOE9AE,Service_beiakkdem1vi3j5fejl0,500,2,0.1154815542,0
1537413120,Prod-EcsStagingCluster-EcsCluster-1AAGQRFIOE9AE,Service_beiakkdem1vi3j5fejl0,500,2,0.1179882955,0
1537406760,Prod-EcsStagingCluster-EcsCluster-1AAGQRFIOE9AE,Service_beiakkdem1vi3j5fejl0,500,2,0.1237014619,2
1537362180,Prod-EcsStagingCluster-EcsCluster-1AAGQRFIOE9AE,Service_beiakkdem1vi3j5fejl0,500,2,0.1201229386,0
1537413060,Prod-EcsStagingCluster-EcsCluster-1AAGQRFIOE9AE,Service_beiakkdem1vi3j5fejl0,500,2,0.1173063332,0
1537425780,Prod-EcsStagingCluster-EcsCluster-1AAGQRFIOE9AE,Service_beiakkdem1vi3j5fejl0,500,2,0.1078403533,0
1537410900,Prod-EcsStagingCluster-EcsCluster-1AAGQRFIOE9AE,Service_beiakkdem1vi3j5fejl0,500,2,0.1387965062,0
1537382160,Prod-EcsStagingCluster-EcsCluster-1AAGQRFIOE9AE,Service_beiakkdem1vi3j5fejl0,500,2,0.1213612530,0
1537376820,Prod-EcsStagingCluster-EcsCluster-1AAGQRFIOE9AE,Service_beiakkdem1vi3j5fejl0,500,2,0.1322179181,0
1537394880,Prod-EcsStagingCluster-EcsCluster-1AAGQRFIOE9AE,Service_beiakkdem1vi3j5fejl0,500,2,0.1204293332,0
1537364100,Prod-EcsStagingCluster-EcsCluster-1AAGQRFIOE9AE,Service_beiakkdem1vi3j5fejl0,500,2,0.1257609553,0
1537355580,Prod-EcsStagingCluster-EcsCluster-1AAGQRFIOE9AE,Service_beiakkdem1vi3j5fejl0,500,2,0.1187188080,0
1537393740,Prod-EcsStagingCluster-EcsCluster-1AAGQRFIOE9AE,Service_beiakkdem1vi3j5fejl0,500,2,0.1201892088,0
1537427700,Prod-EcsStagingCluster-EcsCluster-1AAGQRFIOE9AE,Service_beiakkdem1vi3j5fejl0,500,2,0.1100520935,0
1537414980,Prod-EcsStagingCluster-EcsCluster-1AAGQRFIOE9AE,Service_beiakkdem1vi3j5fejl0,500,2,0.1214041513,0
1537348080,Prod-EcsStagingCluster-EcsCluster-1AAGQRFIOE9AE,Service_beiakkdem1vi3j5fejl0,500,2,0.1135027653,0
1537360800,Prod-EcsStagingCluster-EcsCluster-1AAGQRFIOE9AE,Service_beiakkdem1vi3j5fejl0,500,2,0.1167383639,0
1537406460,Prod-EcsStagingCluster-EcsCluster-1AAGQRFIOE9AE,Service_beiakkdem1vi3j5fejl0,500,2,0.1241610368,0
1537411680,Prod-EcsStagingCluster-EcsCluster-1AAGQRFIOE9AE,Service_beiakkdem1vi3j5fejl0,500,2,0.1363220174,0
1537377720,Prod-EcsStagingCluster-EcsCluster-1AAGQRFIOE9AE,Service_beiakkdem1vi3j5fejl0,500,2,0.1338214712,0
1537398960,Prod-EcsStagingCluster-EcsCluster-1AAGQRFIOE9AE,Service_beiakkdem1vi3j5fejl0,500,2,0.1096018377,0
1537372380,Prod-EcsStagingCluster-EcsCluster-1AAGQRFIOE9AE,Service_beiakkdem1vi3j5fejl0,500,2,0.1061691858,0
1537390440,Prod-EcsStagingCluster-EcsCluster-1AAGQRFIOE9AE,Service_beiakkdem1vi3j5fejl0,500,2,0.1269691582,0
1537359660,Prod-EcsStagingCluster-EcsCluster-1AAGQRFIOE9AE,Service_beiakkdem1vi3j5fejl0,500,2,0.1155005341,0
1537410540,Prod-EcsStagingCluster-EcsCluster-1AAGQRFIOE9AE,Service_beiakkdem1vi3j5fejl0,500,2,0.1508450909,0
1537428600,Prod-EcsStagingCluster-EcsCluster-1AAGQRFIOE9AE,Service_beiakkdem1vi3j5fejl0,500,2,0.1187052495,0
1537423260,Prod-EcsStagingCluster-EcsCluster-1AAGQRFIOE9AE,Service_beiakkdem1vi3j5fejl0,500,2,0.1166513290,0
1537356360,Prod-EcsStagingCluster-EcsCluster-1AAGQRFIOE9AE,Service_beiakkdem1vi3j5fejl0,500,2,0.1182763670,0
1537407240,Prod-EcsStagingCluster-EcsCluster-1AAGQRFIOE9AE,Service_beiakkdem1vi3j5fejl0,500,2,0.1185059329,0
1537394520,Prod-EcsStagingCluster-EcsCluster-1AAGQRFIOE9AE,Service_beiakkdem1vi3j5fejl0,500,2,0.1236282635,0
1537416720,Prod-EcsStagingCluster-EcsCluster-1AAGQRFIOE9AE,Service_beiakkdem1vi3j5fejl0,500,2,0.1272193863,0
1537429440,Prod-EcsStagingCluster-EcsCluster-1AAGQRFIOE9AE,Service_beiakkdem1vi3j5fejl0,500,2,0.1023441338,0
1537363620,Prod-EcsStagingCluster-EcsCluster-1AAGQRFIOE9AE,Service_beiakkdem1vi3j5fejl0,500,2,0.1185701200,0
1537376340,Prod-EcsStagingCluster-EcsCluster-1AAGQRFIOE9AE,Service_beiakkdem1vi3j5fejl0,500,2,0.1288008956,0
1537414500,Prod-EcsStagingCluster-EcsCluster-1AAGQRFIOE9AE,Service_beiakkdem1vi3j5fejl0,500,2,0.1204430150,0
1537395360,Prod-EcsStagingCluster-EcsCluster-1AAGQRFIOE9AE,Service_beiakkdem1vi3j5fejl0,500,2,0.1197288592,0
1537361400,Prod-EcsStagingCluster-EcsCluster-1AAGQRFIOE9AE,Service_beiakkdem1vi3j5fejl0,500,2,0.1185209783,0
1537427220,Prod-EcsStagingCluster-EcsCluster-1AAGQRFIOE9AE,Service_beiakkdem1vi3j5fejl0,500,2,0.1083854518,0
1537382640,Prod-EcsStagingCluster-EcsCluster-1AAGQRFIOE9AE,Service_beiakkdem1vi3j5fejl0,500,2,0.1224111805,0
1537374120,Prod-EcsStagingCluster-EcsCluster-1AAGQRFIOE9AE,Service_beiakkdem1vi3j5fejl0,500,2,0.1204414477,0
1537412280,Prod-EcsStagingCluster-EcsCluster-1AAGQRFIOE9AE,Service_beiakkdem1vi3j5fejl0,500,2,0.1456475522,0
1537393140,Prod-EcsStagingCluster-EcsCluster-1AAGQRFIOE9AE,Service_beiakkdem1vi3j5fejl0,500,2,0.1243679384,0
1537359180,Prod-EcsStagingCluster-EcsCluster-1AAGQRFIOE9AE,Service_beiakkdem1vi3j5fejl0,500,2,0.1071222248,0
1537425000,Prod-EcsStagingCluster-EcsCluster-1AAGQRFIOE9AE,Service_beiakkdem1vi3j5fejl0,500,2,0.1107046292,0
1537380420,Prod-EcsStagingCluster-EcsCluster-1AAGQRFIOE9AE,Service_beiakkdem1vi3j5fejl0,500,2,0.1306805922,0
1537431300,Prod-EcsStagingCluster-EcsCluster-1AAGQRFIOE9AE,Service_beiakkdem1vi3j5fejl0,500,2,0.1082576481,0
1537371900,Prod-EcsStagingCluster-EcsCluster-1AAGQRFIOE9AE,Service_beiakkdem1vi3j5fejl0,500,2,0.1158889214,0
1537410060,Prod-EcsStagingCluster-EcsCluster-1AAGQRFIOE9AE,Service_beiakkdem1vi3j5fejl0,500,2,0.1487208692,0
1537422780,Prod-EcsStagingCluster-EcsCluster-1AAGQRFIOE9AE,Service_beiakkdem1vi3j5fejl0,500,2,0.1185636856,0
1537390920,Prod-EcsStagingCluster-EcsCluster-1AAGQRFIOE9AE,Service_beiakkdem1vi3j5fejl0,500,2,0.1187049282,0
1537378200,Prod-EcsStagingCluster-EcsCluster-1AAGQRFIOE9AE,Service_beiakkdem1vi3j5fejl0,500,2,0.1282007013,0
1537429080,Prod-EcsStagingCluster-EcsCluster-1AAGQRFIOE9AE,Service_beiakkdem1vi3j5fejl0,500,2,0.0958704646,0
1537388700,Prod-EcsStagingCluster-EcsCluster-1AAGQRFIOE9AE,Service_beiakkdem1vi3j5fejl0,500,2,0.1288741607,0
1537375980,Prod-EcsStagingCluster-EcsCluster-1AAGQRFIOE9AE,Service_beiakkdem1vi3j5fejl0,500,2,0.1112650563,0
1537350300,Prod-EcsStagingCluster-EcsCluster-1AAGQRFIOE9AE,Service_beiakkdem1vi3j5fejlg,500,2,0.1114539200,0
1537353480,Prod-EcsStagingCluster-EcsCluster-1AAGQRFIOE9AE,Service_beiakkdem1vi3j5fejlg,500,2,0.1086279460,0
1537356660,Prod-EcsStagingCluster-EcsCluster-1AAGQRFIOE9AE,Service_beiakkdem1vi3j5fejlg,500,2,0.1112080658,0
1537359840,Prod-EcsStagingCluster-EcsCluster-1AAGQRFIOE9AE,Service_beiakkdem1vi3j5fejlg,500,2,0.1018783021,0
1537378920,Prod-EcsStagingCluster-EcsCluster-1AAGQRFIOE9AE,Service_beiakkdem1vi3j5fejlg,500,2,0.1096783512,0
1537382100,Prod-EcsStagingCluster-EcsCluster-1AAGQRFIOE9AE,Service_beiakkdem1vi3j5fejlg,500,2,0.0935471686,0
1537385280,Prod-EcsStagingCluster-EcsCluster-1AAGQRFIOE9AE,Service_beiakkdem1vi3j5fejlg,500,2,0.1123246066,0
1537375740,Prod-EcsStagingCluster-EcsCluster-1AAGQRFIOE9AE,Service_beiakkdem1vi3j5fejlg,500,2,0.1124224499,0
1537409580,Prod-EcsStagingCluster-EcsCluster-1AAGQRFIOE9AE,Service_beiakkdem1vi3j5fejlg,500,2,0.1184472021,0
1537412760,Prod-EcsStagingCluster-EcsCluster-1AAGQRFIOE9AE,Service_beiakkdem1vi3j5fejlg,500,2,0.0952234093,0
1537415940,Prod-EcsStagingCluster-EcsCluster-1AAGQRFIOE9AE,Service_beiakkdem1vi3j5fejlg,500,2,0.1011580144,0
1537419120,Prod-EcsStagingCluster-EcsCluster-1AAGQRFIOE9AE,Service_beiakkdem1vi3j5fejlg,500,2,0.1397842265,0
1537390260,Prod-EcsStagingCluster-EcsCluster-1AAGQRFIOE9AE,Service_beiakkdem1vi3j5fejlg,500,2,0.1163238059,0
1537393440,Prod-EcsStagingCluster-EcsCluster-1AAGQRFIOE9AE,Service_beiakkdem1vi3j5fejlg,500,2,0.0751401928,0
1537383900,Prod-EcsStagingCluster-EcsCluster-1AAGQRFIOE9AE,Service_beiakkdem1vi3j5fejlg,500,2,0.1024632281,0
1537387080,Prod-EcsStagingCluster-EcsCluster-1AAGQRFIOE9AE,Service_beiakkdem1vi3j5fejlg,500,2,0.0927736705,0
1537350960,Prod-EcsStagingCluster-EcsCluster-1AAGQRFIOE9AE,Service_beiakkdem1vi3j5fejlg,500,2,0.1083571018,0
1537347780,Prod-EcsStagingCluster-EcsCluster-1AAGQRFIOE9AE,Service_beiakkdem1vi3j5fejlg,500,2,0.0996494889,0
1537415700,Prod-EcsStagingCluster-EcsCluster-1AAGQRFIOE9AE,Service_beiakkdem1vi3j5fejlg,500,2,0.1304227738,0
1537418880,Prod-EcsStagingCluster-EcsCluster-1AAGQRFIOE9AE,Service_beiakkdem1vi3j5fejlg,500,2,0.1343668180,0
1537409340,Prod-EcsStagingCluster-EcsCluster-1AAGQRFIOE9AE,Service_beiakkdem1vi3j5fejlg,500,2,0.1244821873,0
1537412520,Prod-EcsStagingCluster-EcsCluster-1AAGQRFIOE9AE,Service_beiakkdem1vi3j5fejlg,500,2,0.0933620361,0
1537373220,Prod-EcsStagingCluster-EcsCluster-1AAGQRFIOE9AE,Service_beiakkdem1vi3j5fejlg,500,2,0.0959062295,0
1537366860,Prod-EcsStagingCluster-EcsCluster-1AAGQRFIOE9AE,Service_beiakkdem1vi3j5fejlg,500,2,0.1128688867,0
1537394400,Prod-EcsStagingCluster-EcsCluster-1AAGQRFIOE9AE,Service_beiakkdem1vi3j5fejlg,500,2,0.0945883004,0
1537388040,Prod-EcsStagingCluster-EcsCluster-1AAGQRFIOE9AE,Service_beiakkdem1vi3j5fejlg,500,2,0.1562650404,0
1537351920,Prod-EcsStagingCluster-EcsCluster-1AAGQRFIOE9AE,Service_beiakkdem1vi3j5fejlg,500,2,0.0970171990,0
1537419840,Prod-EcsStagingCluster-EcsCluster-1AAGQRFIOE9AE,Service_beiakkdem1vi3j5fejlg,500,2,0.1413112294,0
1537345560,Prod-EcsStagingCluster-EcsCluster-1AAGQRFIOE9AE,Service_beiakkdem1vi3j5fejlg,500,2,0.1057587866,0
1537413480,Prod-EcsStagingCluster-EcsCluster-1AAGQRFIOE9AE,Service_beiakkdem1vi3j5fejlg,500,2,0.0960646586,0
1537377360,Prod-EcsStagingCluster-EcsCluster-1AAGQRFIOE9AE,Service_beiakkdem1vi3j5fejlg,500,2,0.1125374362,0
1537371000,Prod-EcsStagingCluster-EcsCluster-1AAGQRFIOE9AE,Service_beiakkdem1vi3j5fejlg,500,2,0.0976044124,0
1537347540,Prod-EcsStagingCluster-EcsCluster-1AAGQRFIOE9AE,Service_beiakkdem1vi3j5fejlg,500,2,0.1102843171,0
1537345320,Prod-EcsStagingCluster-EcsCluster-1AAGQRFIOE9AE,Service_beiakkdem1vi3j5fejlg,500,2,0.1007980965,0
1537417500,Prod-EcsStagingCluster-EcsCluster-1AAGQRFIOE9AE,Service_beiakkdem1vi3j5fejlg,500,2,0.1394213579,0
1537423860,Prod-EcsStagingCluster-EcsCluster-1AAGQRFIOE9AE,Service_beiakkdem1vi3j5fejlg,500,2,0.1024948134,0
1537351680,Prod-EcsStagingCluster-EcsCluster-1AAGQRFIOE9AE,Service_beiakkdem1vi3j5fejlg,500,2,0.0975942420,0
1537375020,Prod-EcsStagingCluster-EcsCluster-1AAGQRFIOE9AE,Service_beiakkdem1vi3j5fejlg,500,2,0.1109800287,0
1537381380,Prod-EcsStagingCluster-EcsCluster-1AAGQRFIOE9AE,Service_beiakkdem1vi3j5fejlg,500,2,0.1108883999,0
1537400460,Prod-EcsStagingCluster-EcsCluster-1AAGQRFIOE9AE,Service_beiakkdem1vi3j5fejlg,500,2,0.1095103658,0
1537406820,Prod-EcsStagingCluster-EcsCluster-1AAGQRFIOE9AE,Service_beiakkdem1vi3j5fejlg,500,2,0.1105646452,0
1537428000,Prod-EcsStagingCluster-EcsCluster-1AAGQRFIOE9AE,Service_beiakkdem1vi3j5fejlg,500,2,0.0990993417,0
1537421640,Prod-EcsStagingCluster-EcsCluster-1AAGQRFIOE9AE,Service_beiakkdem1vi3j5fejlg,500,2,0.1065357595,0
1537385520,Prod-EcsStagingCluster-EcsCluster-1AAGQRFIOE9AE,Service_beiakkdem1vi3j5fejlg,500,2,0.1128288150,0
1537379160,Prod-EcsStagingCluster-EcsCluster-1AAGQRFIOE9AE,Service_beiakkdem1vi3j5fejlg,500,2,0.1095488266,0
1537404600,Prod-EcsStagingCluster-EcsCluster-1AAGQRFIOE9AE,Service_beiakkdem1vi3j5fejlg,500,2,0.1006348970,0
1537410960,Prod-EcsStagingCluster-EcsCluster-1AAGQRFIOE9AE,Service_beiakkdem1vi3j5fejlg,500,2,0.1047986636,0
1537358880,Prod-EcsStagingCluster-EcsCluster-1AAGQRFIOE9AE,Service_beiakkdem1vi3j5fejlg,500,2,0.1112164252,0
1537349340,Prod-EcsStagingCluster-EcsCluster-1AAGQRFIOE9AE,Service_beiakkdem1vi3j5fejlg,500,2,0.1204362426,0
1537380120,Prod-EcsStagingCluster-EcsCluster-1AAGQRFIOE9AE,Service_beiakkdem1vi3j5fejlg,500,2,0.1010534855,0
1537383300,Prod-EcsStagingCluster-EcsCluster-1AAGQRFIOE9AE,Service_beiakkdem1vi3j5fejlg,500,2,0.1007555299,0
1537384320,Prod-EcsStagingCluster-EcsCluster-1AAGQRFIOE9AE,Service_beiakkdem1vi3j5fejlg,500,2,0.0986186118,0
1537374780,Prod-EcsStagingCluster-EcsCluster-1AAGQRFIOE9AE,Service_beiakkdem1vi3j5fejlg,500,2,0.1184504505,0
1537405560,Prod-EcsStagingCluster-EcsCluster-1AAGQRFIOE9AE,Service_beiakkdem1vi3j5fejlg,500,2,0.1283261390,0
1537408740,Prod-EcsStagingCluster-EcsCluster-1AAGQRFIOE9AE,Service_beiakkdem1vi3j5fejlg,500,2,0.1318989840,0
1537408620,Prod-EcsStagingCluster-EcsCluster-1AAGQRFIOE9AE,Service_beiakkdem1vi3j5fejlg,500,2,0.1318777825,0
1537418160,Prod-EcsStagingCluster-EcsCluster-1AAGQRFIOE9AE,Service_beiakkdem1vi3j5fejlg,500,2,0.1325232814,0
1537354440,Prod-EcsStagingCluster-EcsCluster-1AAGQRFIOE9AE,Service_beiakkdem1vi3j5fejlg,500,2,0.1096657781,0
1537357620,Prod-EcsStagingCluster-EcsCluster-1AAGQRFIOE9AE,Service_beiakkdem1vi3j5fejlg,500,2,0.1209114294,0
1537379880,Prod-EcsStagingCluster-EcsCluster-1AAGQRFIOE9AE,Service_beiakkdem1vi3j5fejlg,500,2,0.1016005169,0
1537383060,Prod-EcsStagingCluster-EcsCluster-1AAGQRFIOE9AE,Service_beiakkdem1vi3j5fejlg,500,2,0.1039015894,0
1537392480,Prod-EcsStagingCluster-EcsCluster-1AAGQRFIOE9AE,Service_beiakkdem1vi3j5fejlg,500,2,0.1059452299,0
1537382940,Prod-EcsStagingCluster-EcsCluster-1AAGQRFIOE9AE,Service_beiakkdem1vi3j5fejlg,500,2,0.1173451568,0
1537413720,Prod-EcsStagingCluster-EcsCluster-1AAGQRFIOE9AE,Service_beiakkdem1vi3j5fejlg,500,2,0.0976350717,0
1537416900,Prod-EcsStagingCluster-EcsCluster-1AAGQRFIOE9AE,Service_beiakkdem1vi3j5fejlg,500,2,0.0876006546,0
1537350000,Prod-EcsStagingCluster-EcsCluster-1AAGQRFIOE9AE,Service_beiakkdem1vi3j5fejlg,500,2,0.1001667733,0
1537417920,Prod-EcsStagingCluster-EcsCluster-1AAGQRFIOE9AE,Service_beiakkdem1vi3j5fejlg,500,2,0.1337294723,0
1537408380,Prod-EcsStagingCluster-EcsCluster-1AAGQRFIOE9AE,Service_beiakkdem1vi3j5fejlg,500,2,0.1287080565,0
1537375440,Prod-EcsStagingCluster-EcsCluster-1AAGQRFIOE9AE,Service_beiakkdem1vi3j5fejlg,500,2,0.1139805455,0
1537365900,Prod-EcsStagingCluster-EcsCluster-1AAGQRFIOE9AE,Service_beiakkdem1vi3j5fejlg,500,2,0.1173356814,0
1537376400,Prod-EcsStagingCluster-EcsCluster-1AAGQRFIOE9AE,Service_beiakkdem1vi3j5fejlg,500,2,0.1015629208,0
1537391220,Prod-EcsStagingCluster-EcsCluster-1AAGQRFIOE9AE,Service_beiakkdem1vi3j5fejlg,500,2,0.1083163239,0
1537348740,Prod-EcsStagingCluster-EcsCluster-1AAGQRFIOE9AE,Service_beiakkdem1vi3j5fejlg,500,2,0.1071914522,0
1537416660,Prod-EcsStagingCluster-EcsCluster-1AAGQRFIOE9AE,Service_beiakkdem1vi3j5fejlg,500,2,0.0865465282,0
1537374180,Prod-EcsStagingCluster-EcsCluster-1AAGQRFIOE9AE,Service_beiakkdem1vi3j5fejlg,500,2,0.1203162934,0
1537389000,Prod-EcsStagingCluster-EcsCluster-1AAGQRFIOE9AE,Service_beiakkdem1vi3j5fejlg,500,2,0.0895826554,0
1537346520,Prod-EcsStagingCluster-EcsCluster-1AAGQRFIOE9AE,Service_beiakkdem1vi3j5fejlg,500,2,0.1101739644,0
1537414440,Prod-EcsStagingCluster-EcsCluster-1AAGQRFIOE9AE,Service_beiakkdem1vi3j5fejlg,500,2,0.1109367759,0
1537371960,Prod-EcsStagingCluster-EcsCluster-1AAGQRFIOE9AE,Service_beiakkdem1vi3j5fejlg,500,2,0.1085141658,0
1537416540,Prod-EcsStagingCluster-EcsCluster-1AAGQRFIOE9AE,Service_beiakkdem1vi3j5fejlg,500,2,0.0878864380,0
1537350720,Prod-EcsStagingCluster-EcsCluster-1AAGQRFIOE9AE,Service_beiakkdem1vi3j5fejlg,500,2,0.1101924999,0
1537374060,Prod-EcsStagingCluster-EcsCluster-1AAGQRFIOE9AE,Service_beiakkdem1vi3j5fejlg,500,2,0.0911738921,0
1537399500,Prod-EcsStagingCluster-EcsCluster-1AAGQRFIOE9AE,Service_beiakkdem1vi3j5fejlg,500,2,0.1072298215,0
1537348500,Prod-EcsStagingCluster-EcsCluster-1AAGQRFIOE9AE,Service_beiakkdem1vi3j5fejlg,500,2,0.0918332996,0
1537427040,Prod-EcsStagingCluster-EcsCluster-1AAGQRFIOE9AE,Service_beiakkdem1vi3j5fejlg,500,2,0.1016137440,0
1537384560,Prod-EcsStagingCluster-EcsCluster-1AAGQRFIOE9AE,Service_beiakkdem1vi3j5fejlg,500,2,0.1010941212,0
1537410000,Prod-EcsStagingCluster-EcsCluster-1AAGQRFIOE9AE,Service_beiakkdem1vi3j5fejlg,500,2,0.1190914852,0
1537346280,Prod-EcsStagingCluster-EcsCluster-1AAGQRFIOE9AE,Service_beiakkdem1vi3j5fejlg,500,2,0.1321803072,0
1537424820,Prod-EcsStagingCluster-EcsCluster-1AAGQRFIOE9AE,Service_beiakkdem1vi3j5fejlg,500,2,0.1183541764,0
1537348380,Prod-EcsStagingCluster-EcsCluster-1AAGQRFIOE9AE,Service_beiakkdem1vi3j5fejlg,500,2,0.1117009742,0
1537382340,Prod-EcsStagingCluster-EcsCluster-1AAGQRFIOE9AE,Service_beiakkdem1vi3j5fejlg,500,2,0.1105119270,0
1537373820,Prod-EcsStagingCluster-EcsCluster-1AAGQRFIOE9AE,Service_beiakkdem1vi3j5fejlg,500,2,0.1110370823,0
1537407780,Prod-EcsStagingCluster-EcsCluster-1AAGQRFIOE9AE,Service_beiakkdem1vi3j5fejlg,500,2,0.1247416129,0
1537422600,Prod-EcsStagingCluster-EcsCluster-1AAGQRFIOE9AE,Service_beiakkdem1vi3j5fejlg,500,2,0.1148984837,0
1537407660,Prod-EcsStagingCluster-EcsCluster-1AAGQRFIOE9AE,Service_beiakkdem1vi3j5fejlg,500,2,0.1235372091,0
1537420380,Prod-EcsStagingCluster-EcsCluster-1AAGQRFIOE9AE,Service_beiakkdem1vi3j5fejlg,500,2,0.1469779280,0
1537387440,Prod-EcsStagingCluster-EcsCluster-1AAGQRFIOE9AE,Service_beiakkdem1vi3j5fejlg,500,2,0.1051548666,0
1537381080,Prod-EcsStagingCluster-EcsCluster-1AAGQRFIOE9AE,Service_beiakkdem1vi3j5fejlg,500,2,0.1225434334,0
1537384260,Prod-EcsStagingCluster-EcsCluster-1AAGQRFIOE9AE,Service_beiakkdem1vi3j5fejlg,500,2,0.1208438999,0
1537412880,Prod-EcsStagingCluster-EcsCluster-1AAGQRFIOE9AE,Service_beiakkdem1vi3j5fejlg,500,2,0.1004133934,0
1537406520,Prod-EcsStagingCluster-EcsCluster-1AAGQRFIOE9AE,Service_beiakkdem1vi3j5fejlg,500,2,0.1134018240,0
1537409700,Prod-EcsStagingCluster-EcsCluster-1AAGQRFIOE9AE,Service_beiakkdem1vi3j5fejlg,500,2,0.1174571042,0
1537391520,Prod-EcsStagingCluster-EcsCluster-1AAGQRFIOE9AE,Service_beiakkdem1vi3j5fejlg,500,2,0.1068803715,0
1537385160,Prod-EcsStagingCluster-EcsCluster-1AAGQRFIOE9AE,Service_beiakkdem1vi3j5fejlg,500,2,0.1110119478,0
1537388340,Prod-EcsStagingCluster-EcsCluster-1AAGQRFIOE9AE,Service_beiakkdem1vi3j5fejlg,500,2,0.1079586370,0
1537352220,Prod-EcsStagingCluster-EcsCluster-1AAGQRFIOE9AE,Service_beiakkdem1vi3j5fejlg,500,2,0.1144965557,0
1537416960,Prod-EcsStagingCluster-EcsCluster-1AAGQRFIOE9AE,Service_beiakkdem1vi3j5fejlg,500,2,0.0864095456,0
1537410600,Prod-EcsStagingCluster-EcsCluster-1AAGQRFIOE9AE,Service_beiakkdem1vi3j5fejlg,500,2,0.1052154192,0
1537413780,Prod-EcsStagingCluster-EcsCluster-1AAGQRFIOE9AE,Service_beiakkdem1vi3j5fejlg,500,2,0.0984244570,0
1537377660,Prod-EcsStagingCluster-EcsCluster-1AAGQRFIOE9AE,Service_beiakkdem1vi3j5fejlg,500,2,0.1013651492,0
1537364940,Prod-EcsStagingCluster-EcsCluster-1AAGQRFIOE9AE,Service_beiakkdem1vi3j5fejlg,500,2,0.1233038406,0
1537414680,Prod-EcsStagingCluster-EcsCluster-1AAGQRFIOE9AE,Service_beiakkdem1vi3j5fejlg,500,2,0.0979421505,0
1537417860,Prod-EcsStagingCluster-EcsCluster-1AAGQRFIOE9AE,Service_beiakkdem1vi3j5fejlg,500,2,0.1544794113,0
1537421040,Prod-EcsStagingCluster-EcsCluster-1AAGQRFIOE9AE,Service_beiakkdem1vi3j5fejlg,500,2,0.1143254517,0
1537345620,Prod-EcsStagingCluster-EcsCluster-1AAGQRFIOE9AE,Service_beiakkdem1vi3j5fejlg,500,2,0.1132960109,0
1537415640,Prod-EcsStagingCluster-EcsCluster-1AAGQRFIOE9AE,Service_beiakkdem1vi3j5fejlg,500,2,0.1031165432,0
1537422000,Prod-EcsStagingCluster-EcsCluster-1AAGQRFIOE9AE,Service_beiakkdem1vi3j5fejlg,500,2,0.1233492180,0
1537349760,Prod-EcsStagingCluster-EcsCluster-1AAGQRFIOE9AE,Service_beiakkdem1vi3j5fejlg,500,2,0.1124390633,0
1537373100,Prod-EcsStagingCluster-EcsCluster-1AAGQRFIOE9AE,Service_beiakkdem1vi3j5fejlg,500,2,0.1144734980,0
1537421940,Prod-EcsStagingCluster-EcsCluster-1AAGQRFIOE9AE,Service_beiakkdem1vi3j5fejlg,500,2,0.1170596345,0
1537398540,Prod-EcsStagingCluster-EcsCluster-1AAGQRFIOE9AE,Service_beiakkdem1vi3j5fejlg,500,2,0.1053897780,0
1537385820,Prod-EcsStagingCluster-EcsCluster-1AAGQRFIOE9AE,Service_beiakkdem1vi3j5fejlg,500,2,0.0977526968,0
1537349700,Prod-EcsStagingCluster-EcsCluster-1AAGQRFIOE9AE,Service_beiakkdem1vi3j5fejlg,500,2,0.1099057431,0
1537411260,Prod-EcsStagingCluster-EcsCluster-1AAGQRFIOE9AE,Service_beiakkdem1vi3j5fejlg,500,2,0.1121931450,0
1537375140,Prod-EcsStagingCluster-EcsCluster-1AAGQRFIOE9AE,Service_beiakkdem1vi3j5fejlg,500,2,0.1121855532,0
1537419720,Prod-EcsStagingCluster-EcsCluster-1AAGQRFIOE9AE,Service_beiakkdem1vi3j5fejlg,500,2,0.1383741534,0
1537426080,Prod-EcsStagingCluster-EcsCluster-1AAGQRFIOE9AE,Service_beiakkdem1vi3j5fejlg,500,2,0.1102343953,0
1537353840,Prod-EcsStagingCluster-EcsCluster-1AAGQRFIOE9AE,Service_beiakkdem1vi3j5fejlg,500,2,0.1083707101,0
1537347480,Prod-EcsStagingCluster-EcsCluster-1AAGQRFIOE9AE,Service_beiakkdem1vi3j5fejlg,500,2,0.1157979056,0
1537372920,Prod-EcsStagingCluster-EcsCluster-1AAGQRFIOE9AE,Service_beiakkdem1vi3j5fejlg,500,2,0.1110088574,0
1537379280,Prod-EcsStagingCluster-EcsCluster-1AAGQRFIOE9AE,Service_beiakkdem1vi3j5fejlg,500,2,0.0971573099,0
1537353780,Prod-EcsStagingCluster-EcsCluster-1AAGQRFIOE9AE,Service_beiakkdem1vi3j5fejlg,500,2,0.1096150982,0
1537379220,Prod-EcsStagingCluster-EcsCluster-1AAGQRFIOE9AE,Service_beiakkdem1vi3j5fejlg,500,2,0.1073661853,0
1537351560,Prod-EcsStagingCluster-EcsCluster-1AAGQRFIOE9AE,Service_beiakkdem1vi3j5fejlg,500,2,0.0990027632,0
1537357920,Prod-EcsStagingCluster-EcsCluster-1AAGQRFIOE9AE,Service_beiakkdem1vi3j5fejlg,500,2,0.1184137723,0
1537377000,Prod-EcsStagingCluster-EcsCluster-1AAGQRFIOE9AE,Service_beiakkdem1vi3j5fejlg,500,2,0.1103245907,0
1537383360,Prod-EcsStagingCluster-EcsCluster-1AAGQRFIOE9AE,Service_beiakkdem1vi3j5fejlg,500,2,0.1012594300,0
1537406700,Prod-EcsStagingCluster-EcsCluster-1AAGQRFIOE9AE,Service_beiakkdem1vi3j5fejlg,500,2,0.1137854596,0
1537419420,Prod-EcsStagingCluster-EcsCluster-1AAGQRFIOE9AE,Service_beiakkdem1vi3j5fejlg,500,2,0.1522461436,0
1537352520,Prod-EcsStagingCluster-EcsCluster-1AAGQRFIOE9AE,Service_beiakkdem1vi3j5fejlg,500,2,0.1138942568,0
1537355700,Prod-EcsStagingCluster-EcsCluster-1AAGQRFIOE9AE,Service_beiakkdem1vi3j5fejlg,500,2,0.1112187266,0
1537386480,Prod-EcsStagingCluster-EcsCluster-1AAGQRFIOE9AE,Service_beiakkdem1vi3j5fejlg,500,2,0.0942587452,0
1537377960,Prod-EcsStagingCluster-EcsCluster-1AAGQRFIOE9AE,Service_beiakkdem1vi3j5fejlg,500,2,0.1157263294,0
1537381140,Prod-EcsStagingCluster-EcsCluster-1AAGQRFIOE9AE,Service_beiakkdem1vi3j5fejlg,500,2,0.1131474112,0
1537411920,Prod-EcsStagingCluster-EcsCluster-1AAGQRFIOE9AE,Service_beiakkdem1vi3j5fejlg,500,2,0.0962102501,0
1537390560,Prod-EcsStagingCluster-EcsCluster-1AAGQRFIOE9AE,Service_beiakkdem1vi3j5fejlg,500,2,0.1032408377,0
1537351260,Prod-EcsStagingCluster-EcsCluster-1AAGQRFIOE9AE,Service_beiakkdem1vi3j5fejlg,500,2,0.1069679385,0
1537385220,Prod-EcsStagingCluster-EcsCluster-1AAGQRFIOE9AE,Service_beiakkdem1vi3j5fejlg,500,2,0.1114709564,0
1537382040,Prod-EcsStagingCluster-EcsCluster-1AAGQRFIOE9AE,Service_beiakkdem1vi3j5fejlg,500,2,0.1146849873,0
1537416000,Prod-EcsStagingCluster-EcsCluster-1AAGQRFIOE9AE,Service_beiakkdem1vi3j5fejlg,500,2,0.1068123496,0
1537376700,Prod-EcsStagingCluster-EcsCluster-1AAGQRFIOE9AE,Service_beiakkdem1vi3j5fejlg,500,2,0.1082166839,0
1537410660,Prod-EcsStagingCluster-EcsCluster-1AAGQRFIOE9AE,Service_beiakkdem1vi3j5fejlg,500,2,0.1060870336,0
1537363980,Prod-EcsStagingCluster-EcsCluster-1AAGQRFIOE9AE,Service_beiakkdem1vi3j5fejlg,500,2,0.1093356759,0
1537407480,Prod-EcsStagingCluster-EcsCluster-1AAGQRFIOE9AE,Service_beiakkdem1vi3j5fejlg,500,2,0.1123012236,0
1537389300,Prod-EcsStagingCluster-EcsCluster-1AAGQRFIOE9AE,Service_beiakkdem1vi3j5fejlg,500,2,0.0965934746,0
1537386120,Prod-EcsStagingCluster-EcsCluster-1AAGQRFIOE9AE,Service_beiakkdem1vi3j5fejlg,500,2,0.0951971327,0
1537420080,Prod-EcsStagingCluster-EcsCluster-1AAGQRFIOE9AE,Service_beiakkdem1vi3j5fejlg,500,2,0.1459293032,0
1537411560,Prod-EcsStagingCluster-EcsCluster-1AAGQRFIOE9AE,Service_beiakkdem1vi3j5fejlg,500,2,0.1056328536,0
1537414740,Prod-EcsStagingCluster-EcsCluster-1AAGQRFIOE9AE,Service_beiakkdem1vi3j5fejlg,500,2,0.1147380557,0
1537347840,Prod-EcsStagingCluster-EcsCluster-1AAGQRFIOE9AE,Service_beiakkdem1vi3j5fejlg,500,2,0.0992079068,0
1537348800,Prod-EcsStagingCluster-EcsCluster-1AAGQRFIOE9AE,Service_beiakkdem1vi3j5fejlg,500,2,0.1193333985,0
1537372140,Prod-EcsStagingCluster-EcsCluster-1AAGQRFIOE9AE,Service_beiakkdem1vi3j5fejlg,500,2,0.1058249733,0
1537397580,Prod-EcsStagingCluster-EcsCluster-1AAGQRFIOE9AE,Service_beiakkdem1vi3j5fejlg,500,2,0.1054188236,0
1537384860,Prod-EcsStagingCluster-EcsCluster-1AAGQRFIOE9AE,Service_beiakkdem1vi3j5fejlg,500,2,0.0958932366,0
1537418820,Prod-EcsStagingCluster-EcsCluster-1AAGQRFIOE9AE,Service_beiakkdem1vi3j5fejlg,500,2,0.1353749925,0
1537410300,Prod-EcsStagingCluster-EcsCluster-1AAGQRFIOE9AE,Service_beiakkdem1vi3j5fejlg,500,2,0.1169387477,0
1537346580,Prod-EcsStagingCluster-EcsCluster-1AAGQRFIOE9AE,Service_beiakkdem1vi3j5fejlg,500,2,0.1084935819,0
1537425120,Prod-EcsStagingCluster-EcsCluster-1AAGQRFIOE9AE,Service_beiakkdem1vi3j5fejlg,500,2,0.1161657961,0
1537416600,Prod-EcsStagingCluster-EcsCluster-1AAGQRFIOE9AE,Service_beiakkdem1vi3j5fejlg,500,2,0.0869558201,0
1537352880,Prod-EcsStagingCluster-EcsCluster-1AAGQRFIOE9AE,Service_beiakkdem1vi3j5fejlg,500,2,0.1127928455,0
1537378320,Prod-EcsStagingCluster-EcsCluster-1AAGQRFIOE9AE,Service_beiakkdem1vi3j5fejlg,500,2,0.1021467423,0
1537422900,Prod-EcsStagingCluster-EcsCluster-1AAGQRFIOE9AE,Service_beiakkdem1vi3j5fejlg,500,2,0.0956859602,0
1537350660,Prod-EcsStagingCluster-EcsCluster-1AAGQRFIOE9AE,Service_beiakkdem1vi3j5fejlg,500,2,0.1341278540,0
1537376100,Prod-EcsStagingCluster-EcsCluster-1AAGQRFIOE9AE,Service_beiakkdem1vi3j5fejlg,500,2,0.0994671809,0
1537420680,Prod-EcsStagingCluster-EcsCluster-1AAGQRFIOE9AE,Service_beiakkdem1vi3j5fejlg,500,2,0.1291219028,0
1537356960,Prod-EcsStagingCluster-EcsCluster-1AAGQRFIOE9AE,Service_beiakkdem1vi3j5fejlg,500,2,0.1119949897,0
1537348440,Prod-EcsStagingCluster-EcsCluster-1AAGQRFIOE9AE,Service_beiakkdem1vi3j5fejlg,500,2,0.1105885884,0
1537382400,Prod-EcsStagingCluster-EcsCluster-1AAGQRFIOE9AE,Service_beiakkdem1vi3j5fejlg,500,2,0.1136814760,0
1537405740,Prod-EcsStagingCluster-EcsCluster-1AAGQRFIOE9AE,Service_beiakkdem1vi3j5fejlg,500,2,0.0892481905,0
1537373880,Prod-EcsStagingCluster-EcsCluster-1AAGQRFIOE9AE,Service_beiakkdem1vi3j5fejlg,500,2,0.1366367033,0
1537431180,Prod-EcsStagingCluster-EcsCluster-1AAGQRFIOE9AE,Service_beiakkdem1vi3j5fejlg,500,2,0.1005107228,0
1537418460,Prod-EcsStagingCluster-EcsCluster-1AAGQRFIOE9AE,Service_beiakkdem1vi3j5fejlg,500,2,0.1386834182,0
1537354740,Prod-EcsStagingCluster-EcsCluster-1AAGQRFIOE9AE,Service_beiakkdem1vi3j5fejlg,500,2,0.1097780128,0
1537380180,Prod-EcsStagingCluster-EcsCluster-1AAGQRFIOE9AE,Service_beiakkdem1vi3j5fejlg,500,2,0.1001899550,0
1537380060,Prod-EcsStagingCluster-EcsCluster-1AAGQRFIOE9AE,Service_beiakkdem1vi3j5fejlg,500,2,0.1023404599,0
1537383240,Prod-EcsStagingCluster-EcsCluster-1AAGQRFIOE9AE,Service_beiakkdem1vi3j5fejlg,500,2,0.1209298106,0
1537386420,Prod-EcsStagingCluster-EcsCluster-1AAGQRFIOE9AE,Service_beiakkdem1vi3j5fejlg,500,2,0.1095365021,0
1537389600,Prod-EcsStagingCluster-EcsCluster-1AAGQRFIOE9AE,Service_beiakkdem1vi3j5fejlg,500,2,0.1045202538,0
1537366200,Prod-EcsStagingCluster-EcsCluster-1AAGQRFIOE9AE,Service_beiakkdem1vi3j5fejlg,500,2,0.1106307269,0
1537369380,Prod-EcsStagingCluster-EcsCluster-1AAGQRFIOE9AE,Service_beiakkdem1vi3j5fejlg,500,2,0.1182534477,0
1537372560,Prod-EcsStagingCluster-EcsCluster-1AAGQRFIOE9AE,Service_beiakkdem1vi3j5fejlg,500,2,0.1076754902,0
1537345980,Prod-EcsStagingCluster-EcsCluster-1AAGQRFIOE9AE,Service_beiakkdem1vi3j5fejlg,500,2,0.1124724734,0
1537349160,Prod-EcsStagingCluster-EcsCluster-1AAGQRFIOE9AE,Service_beiakkdem1vi3j5fejlg,500,2,0.1217383518,0
1537352340,Prod-EcsStagingCluster-EcsCluster-1AAGQRFIOE9AE,Service_beiakkdem1vi3j5fejlg,500,2,0.1118975182,0
1537355520,Prod-EcsStagingCluster-EcsCluster-1AAGQRFIOE9AE,Service_beiakkdem1vi3j5fejlg,500,2,0.1112727654,0
1537386180,Prod-EcsStagingCluster-EcsCluster-1AAGQRFIOE9AE,Service_beiakkdem1vi3j5fejlg,500,2,0.1079442223,0
1537389360,Prod-EcsStagingCluster-EcsCluster-1AAGQRFIOE9AE,Service_beiakkdem1vi3j5fejlg,500,2,0.0959536290,0
1537383000,Prod-EcsStagingCluster-EcsCluster-1AAGQRFIOE9AE,Service_beiakkdem1vi3j5fejlg,500,2,0.1046004028,0
1537405260,Prod-EcsStagingCluster-EcsCluster-1AAGQRFIOE9AE,Service_beiakkdem1vi3j5fejlg,500,2,0.1018557521,0
1537413660,Prod-EcsStagingCluster-EcsCluster-1AAGQRFIOE9AE,Service_beiakkdem1vi3j5fejlg,500,2,0.0958810727,0
1537371180,Prod-EcsStagingCluster-EcsCluster-1AAGQRFIOE9AE,Service_beiakkdem1vi3j5fejlg,500,2,0.0995477277,0
1537416840,Prod-EcsStagingCluster-EcsCluster-1AAGQRFIOE9AE,Service_beiakkdem1vi3j5fejlg,500,2,0.0866795607,0
1537420020,Prod-EcsStagingCluster-EcsCluster-1AAGQRFIOE9AE,Service_beiakkdem1vi3j5fejlg,500,2,0.1722046130,0
1537423200,Prod-EcsStagingCluster-EcsCluster-1AAGQRFIOE9AE,Service_beiakkdem1vi3j5fejlg,500,2,0.1138870554,0
1537399800,Prod-EcsStagingCluster-EcsCluster-1AAGQRFIOE9AE,Service_beiakkdem1vi3j5fejlg,500,2,0.1114759288,0
1537402980,Prod-EcsStagingCluster-EcsCluster-1AAGQRFIOE9AE,Service_beiakkdem1vi3j5fejlg,500,2,0.1031755411,0
1537406160,Prod-EcsStagingCluster-EcsCluster-1AAGQRFIOE9AE,Service_beiakkdem1vi3j5fejlg,500,2,0.0992338035,0
1537379580,Prod-EcsStagingCluster-EcsCluster-1AAGQRFIOE9AE,Service_beiakkdem1vi3j5fejlg,500,2,0.0983440627,0
1537385940,Prod-EcsStagingCluster-EcsCluster-1AAGQRFIOE9AE,Service_beiakkdem1vi3j5fejlg,500,2,0.0951389014,0
1537417800,Prod-EcsStagingCluster-EcsCluster-1AAGQRFIOE9AE,Service_beiakkdem1vi3j5fejlg,500,2,0.1597330527,0
1537424160,Prod-EcsStagingCluster-EcsCluster-1AAGQRFIOE9AE,Service_beiakkdem1vi3j5fejlg,500,2,0.1046721874,0
1537400760,Prod-EcsStagingCluster-EcsCluster-1AAGQRFIOE9AE,Service_beiakkdem1vi3j5fejlg,500,2,0.1080510712,0
1537407120,Prod-EcsStagingCluster-EcsCluster-1AAGQRFIOE9AE,Service_beiakkdem1vi3j5fejlg,500,2,0.1132748454,0
1537383720,Prod-EcsStagingCluster-EcsCluster-1AAGQRFIOE9AE,Service_beiakkdem1vi3j5fejlg,500,2,0.1021102615,0
1537351860,Prod-EcsStagingCluster-EcsCluster-1AAGQRFIOE9AE,Service_beiakkdem1vi3j5fejlg,500,2,0.1018372871,0
1537345500,Prod-EcsStagingCluster-EcsCluster-1AAGQRFIOE9AE,Service_beiakkdem1vi3j5fejlg,500,2,0.1098999098,0
1537390080,Prod-EcsStagingCluster-EcsCluster-1AAGQRFIOE9AE,Service_beiakkdem1vi3j5fejlg,500,2,0.1099726423,0
1537419780,Prod-EcsStagingCluster-EcsCluster-1AAGQRFIOE9AE,Service_beiakkdem1vi3j5fejlg,500,2,0.1388621952,0
1537356000,Prod-EcsStagingCluster-EcsCluster-1AAGQRFIOE9AE,Service_beiakkdem1vi3j5fejlg,500,2,0.0986855839,0
1537423920,Prod-EcsStagingCluster-EcsCluster-1AAGQRFIOE9AE,Service_beiakkdem1vi3j5fejlg,500,2,0.1062458301,0
1537349640,Prod-EcsStagingCluster-EcsCluster-1AAGQRFIOE9AE,Service_beiakkdem1vi3j5fejlg,500,2,0.1097842328,0
1537417560,Prod-EcsStagingCluster-EcsCluster-1AAGQRFIOE9AE,Service_beiakkdem1vi3j5fejlg,500,2,0.1360648641,0
1537404780,Prod-EcsStagingCluster-EcsCluster-1AAGQRFIOE9AE,Service_beiakkdem1vi3j5fejlg,500,2,0.0907840597,0
1537351620,Prod-EcsStagingCluster-EcsCluster-1AAGQRFIOE9AE,Service_beiakkdem1vi3j5fejlg,500,2,0.0983643877,0
1537419540,Prod-EcsStagingCluster-EcsCluster-1AAGQRFIOE9AE,Service_beiakkdem1vi3j5fejlg,500,2,0.1375415694,0
1537413180,Prod-EcsStagingCluster-EcsCluster-1AAGQRFIOE9AE,Service_beiakkdem1vi3j5fejlg,500,2,0.0934365880,0
1537370700,Prod-EcsStagingCluster-EcsCluster-1AAGQRFIOE9AE,Service_beiakkdem1vi3j5fejlg,500,2,0.1110182922,0
1537355760,Prod-EcsStagingCluster-EcsCluster-1AAGQRFIOE9AE,Service_beiakkdem1vi3j5fejlg,500,2,0.2000357954,0
1537349400,Prod-EcsStagingCluster-EcsCluster-1AAGQRFIOE9AE,Service_beiakkdem1vi3j5fejlg,500,2,0.1182882477,0
1537417320,Prod-EcsStagingCluster-EcsCluster-1AAGQRFIOE9AE,Service_beiakkdem1vi3j5fejlg,500,2,0.1429191709,0
1537423680,Prod-EcsStagingCluster-EcsCluster-1AAGQRFIOE9AE,Service_beiakkdem1vi3j5fejlg,500,2,0.1163033694,0
1537379100,Prod-EcsStagingCluster-EcsCluster-1AAGQRFIOE9AE,Service_beiakkdem1vi3j5fejlg,500,2,0.1160283370,0
1537385460,Prod-EcsStagingCluster-EcsCluster-1AAGQRFIOE9AE,Service_beiakkdem1vi3j5fejlg,500,2,0.1088411262,0
1537353540,Prod-EcsStagingCluster-EcsCluster-1AAGQRFIOE9AE,Service_beiakkdem1vi3j5fejlg,500,2,0.1064887065,0
1537350360,Prod-EcsStagingCluster-EcsCluster-1AAGQRFIOE9AE,Service_beiakkdem1vi3j5fejlg,500,2,0.1091150213,0
1537418280,Prod-EcsStagingCluster-EcsCluster-1AAGQRFIOE9AE,Service_beiakkdem1vi3j5fejlg,500,2,0.1356319520,0
1537421460,Prod-EcsStagingCluster-EcsCluster-1AAGQRFIOE9AE,Service_beiakkdem1vi3j5fejlg,500,2,0.1183488794,0
1537371600,Prod-EcsStagingCluster-EcsCluster-1AAGQRFIOE9AE,Service_beiakkdem1vi3j5fejlg,500,2,0.0979495229,0
1537354560,Prod-EcsStagingCluster-EcsCluster-1AAGQRFIOE9AE,Service_beiakkdem1vi3j5fejlg,500,2,0.1088053425,0
1537384200,Prod-EcsStagingCluster-EcsCluster-1AAGQRFIOE9AE,Service_beiakkdem1vi3j5fejlg,500,2,0.1059248097,0
1537387380,Prod-EcsStagingCluster-EcsCluster-1AAGQRFIOE9AE,Service_beiakkdem1vi3j5fejlg,500,2,0.1080593176,0
1537388400,Prod-EcsStagingCluster-EcsCluster-1AAGQRFIOE9AE,Service_beiakkdem1vi3j5fejlg,500,2,0.1019870435,0
1537367160,Prod-EcsStagingCluster-EcsCluster-1AAGQRFIOE9AE,Service_beiakkdem1vi3j5fejlg,500,2,0.1133528542,0
1537370340,Prod-EcsStagingCluster-EcsCluster-1AAGQRFIOE9AE,Service_beiakkdem1vi3j5fejlg,500,2,0.1205237437,0
1537404300,Prod-EcsStagingCluster-EcsCluster-1AAGQRFIOE9AE,Service_beiakkdem1vi3j5fejlg,500,2,0.1004738273,0
1537412700,Prod-EcsStagingCluster-EcsCluster-1AAGQRFIOE9AE,Service_beiakkdem1vi3j5fejlg,500,2,0.0965790077,0
1537350120,Prod-EcsStagingCluster-EcsCluster-1AAGQRFIOE9AE,Service_beiakkdem1vi3j5fejlg,500,2,0.1107277518,0
1537353300,Prod-EcsStagingCluster-EcsCluster-1AAGQRFIOE9AE,Service_beiakkdem1vi3j5fejlg,500,2,0.1109073963,0
1537370220,Prod-EcsStagingCluster-EcsCluster-1AAGQRFIOE9AE,Service_beiakkdem1vi3j5fejlg,500,2,0.1191985129,0
1537422240,Prod-EcsStagingCluster-EcsCluster-1AAGQRFIOE9AE,Service_beiakkdem1vi3j5fejlg,500,2,0.1171997826,0
1537383960,Prod-EcsStagingCluster-EcsCluster-1AAGQRFIOE9AE,Service_beiakkdem1vi3j5fejlg,500,2,0.1006867660,0
1537387140,Prod-EcsStagingCluster-EcsCluster-1AAGQRFIOE9AE,Service_beiakkdem1vi3j5fejlg,500,2,0.1067625538,0
1537405200,Prod-EcsStagingCluster-EcsCluster-1AAGQRFIOE9AE,Service_beiakkdem1vi3j5fejlg,500,2,0.1023948872,0
1537378620,Prod-EcsStagingCluster-EcsCluster-1AAGQRFIOE9AE,Service_beiakkdem1vi3j5fejlg,500,2,0.1220672201,0
1537388160,Prod-EcsStagingCluster-EcsCluster-1AAGQRFIOE9AE,Service_beiakkdem1vi3j5fejlg,500,2,0.1093055997,0
1537420980,Prod-EcsStagingCluster-EcsCluster-1AAGQRFIOE9AE,Service_beiakkdem1vi3j5fejlg,500,2,0.1175200335,0
1537389120,Prod-EcsStagingCluster-EcsCluster-1AAGQRFIOE9AE,Service_beiakkdem1vi3j5fejlg,500,2,0.0943410069,0
1537403940,Prod-EcsStagingCluster-EcsCluster-1AAGQRFIOE9AE,Service_beiakkdem1vi3j5fejlg,500,2,0.0929024363,0
1537386900,Prod-EcsStagingCluster-EcsCluster-1AAGQRFIOE9AE,Service_beiakkdem1vi3j5fejlg,500,2,0.1117557034,0
1537418760,Prod-EcsStagingCluster-EcsCluster-1AAGQRFIOE9AE,Service_beiakkdem1vi3j5fejlg,500,2,0.1404992797,0
1537355040,Prod-EcsStagingCluster-EcsCluster-1AAGQRFIOE9AE,Service_beiakkdem1vi3j5fejlg,500,2,0.1123324903,0
1537422960,Prod-EcsStagingCluster-EcsCluster-1AAGQRFIOE9AE,Service_beiakkdem1vi3j5fejlg,500,2,0.1148671069,0
1537403820,Prod-EcsStagingCluster-EcsCluster-1AAGQRFIOE9AE,Service_beiakkdem1vi3j5fejlg,500,2,0.0983251236,0
1537401720,Prod-EcsStagingCluster-EcsCluster-1AAGQRFIOE9AE,Service_beiakkdem1vi3j5fejlg,500,2,0.0996545444,0
1537384680,Prod-EcsStagingCluster-EcsCluster-1AAGQRFIOE9AE,Service_beiakkdem1vi3j5fejlg,500,2,0.0963147362,0
1537352820,Prod-EcsStagingCluster-EcsCluster-1AAGQRFIOE9AE,Service_beiakkdem1vi3j5fejlg,500,2,0.1266075564,0
1537420740,Prod-EcsStagingCluster-EcsCluster-1AAGQRFIOE9AE,Service_beiakkdem1vi3j5fejlg,500,2,0.1204484210,0
1537412220,Prod-EcsStagingCluster-EcsCluster-1AAGQRFIOE9AE,Service_beiakkdem1vi3j5fejlg,500,2,0.0873769504,0
1537369740,Prod-EcsStagingCluster-EcsCluster-1AAGQRFIOE9AE,Service_beiakkdem1vi3j5fejlg,500,2,0.1188923068,0
1537350600,Prod-EcsStagingCluster-EcsCluster-1AAGQRFIOE9AE,Service_beiakkdem1vi3j5fejlg,500,2,0.1113922409,0
1537418520,Prod-EcsStagingCluster-EcsCluster-1AAGQRFIOE9AE,Service_beiakkdem1vi3j5fejlg,500,2,0.1422486292,0
1537354800,Prod-EcsStagingCluster-EcsCluster-1AAGQRFIOE9AE,Service_beiakkdem1vi3j5fejlg,500,2,0.1128811743,0
1537422720,Prod-EcsStagingCluster-EcsCluster-1AAGQRFIOE9AE,Service_beiakkdem1vi3j5fejlg,500,2,0.1370605849,0
1537378140,Prod-EcsStagingCluster-EcsCluster-1AAGQRFIOE9AE,Service_beiakkdem1vi3j5fejlg,500,2,0.1216057190,0
1537352580,Prod-EcsStagingCluster-EcsCluster-1AAGQRFIOE9AE,Service_beiakkdem1vi3j5fejlg,500,2,0.1134675854,0
1537420500,Prod-EcsStagingCluster-EcsCluster-1AAGQRFIOE9AE,Service_beiakkdem1vi3j5fejlg,500,2,0.1495898602,0
1537388640,Prod-EcsStagingCluster-EcsCluster-1AAGQRFIOE9AE,Service_beiakkdem1vi3j5fejlg,500,2,0.1003240543,0
1537350420,Prod-EcsStagingCluster-EcsCluster-1AAGQRFIOE9AE,Service_beiakkdem1vi3j5fejlg,500,2,0.1116579801,0
1537353600,Prod-EcsStagingCluster-EcsCluster-1AAGQRFIOE9AE,Service_beiakkdem1vi3j5fejlg,500,2,0.1312310516,0
1537351320,Prod-EcsStagingCluster-EcsCluster-1AAGQRFIOE9AE,Service_beiakkdem1vi3j5fejlg,500,2,0.1082653973,0
1537354500,Prod-EcsStagingCluster-EcsCluster-1AAGQRFIOE9AE,Service_beiakkdem1vi3j5fejlg,500,2,0.1069257312,0
1537416060,Prod-EcsStagingCluster-EcsCluster-1AAGQRFIOE9AE,Service_beiakkdem1vi3j5fejlg,500,2,0.1087343720,0
1537403340,Prod-EcsStagingCluster-EcsCluster-1AAGQRFIOE9AE,Service_beiakkdem1vi3j5fejlg,500,2,0.0882421391,0
1537357680,Prod-EcsStagingCluster-EcsCluster-1AAGQRFIOE9AE,Service_beiakkdem1vi3j5fejlg,500,2,0.1430701356,0
1537414920,Prod-EcsStagingCluster-EcsCluster-1AAGQRFIOE9AE,Service_beiakkdem1vi3j5fejlg,500,2,0.0956991083,0
1537369260,Prod-EcsStagingCluster-EcsCluster-1AAGQRFIOE9AE,Service_beiakkdem1vi3j5fejlg,500,2,0.1530221886,0
1537418100,Prod-EcsStagingCluster-EcsCluster-1AAGQRFIOE9AE,Service_beiakkdem1vi3j5fejlg,500,2,0.1314213924,0
1537421280,Prod-EcsStagingCluster-EcsCluster-1AAGQRFIOE9AE,Service_beiakkdem1vi3j5fejlg,500,2,0.1165531467,0
1537381980,Prod-EcsStagingCluster-EcsCluster-1AAGQRFIOE9AE,Service_beiakkdem1vi3j5fejlg,500,2,0.1168320341,0
1537374480,Prod-EcsStagingCluster-EcsCluster-1AAGQRFIOE9AE,Service_beiakkdem1vi3j5fejlg,500,2,0.1092835194,0
1537380840,Prod-EcsStagingCluster-EcsCluster-1AAGQRFIOE9AE,Service_beiakkdem1vi3j5fejlg,500,2,0.1422863267,0
1537384020,Prod-EcsStagingCluster-EcsCluster-1AAGQRFIOE9AE,Service_beiakkdem1vi3j5fejlg,500,2,0.1074961337,0
1537387200,Prod-EcsStagingCluster-EcsCluster-1AAGQRFIOE9AE,Service_beiakkdem1vi3j5fejlg,500,2,0.1064815448,0
1537368120,Prod-EcsStagingCluster-EcsCluster-1AAGQRFIOE9AE,Service_beiakkdem1vi3j5fejlg,500,2,0.1090343898,0
1537371300,Prod-EcsStagingCluster-EcsCluster-1AAGQRFIOE9AE,Service_beiakkdem1vi3j5fejlg,500,2,0.1247109048,0
1537347900,Prod-EcsStagingCluster-EcsCluster-1AAGQRFIOE9AE,Service_beiakkdem1vi3j5fejlg,500,2,0.1080452798,0
1537353120,Prod-EcsStagingCluster-EcsCluster-1AAGQRFIOE9AE,Service_beiakkdem1vi3j5fejlg,500,2,0.1102515680,0
1537346760,Prod-EcsStagingCluster-EcsCluster-1AAGQRFIOE9AE,Service_beiakkdem1vi3j5fejlg,500,2,0.1080396054,0
1537349940,Prod-EcsStagingCluster-EcsCluster-1AAGQRFIOE9AE,Service_beiakkdem1vi3j5fejlg,500,2,0.1133541006,0
1537384920,Prod-EcsStagingCluster-EcsCluster-1AAGQRFIOE9AE,Service_beiakkdem1vi3j5fejlg,500,2,0.0884892659,0
1537388100,Prod-EcsStagingCluster-EcsCluster-1AAGQRFIOE9AE,Service_beiakkdem1vi3j5fejlg,500,2,0.1117856139,0
1537391280,Prod-EcsStagingCluster-EcsCluster-1AAGQRFIOE9AE,Service_beiakkdem1vi3j5fejlg,500,2,0.0880677791,0
1537354080,Prod-EcsStagingCluster-EcsCluster-1AAGQRFIOE9AE,Service_beiakkdem1vi3j5fejlg,500,2,0.1093729856,0
1537347720,Prod-EcsStagingCluster-EcsCluster-1AAGQRFIOE9AE,Service_beiakkdem1vi3j5fejlg,500,2,0.0971083998,0
1537385880,Prod-EcsStagingCluster-EcsCluster-1AAGQRFIOE9AE,Service_beiakkdem1vi3j5fejlg,500,2,0.0961481873,0
1537392240,Prod-EcsStagingCluster-EcsCluster-1AAGQRFIOE9AE,Service_beiakkdem1vi3j5fejlg,500,2,0.1059202884,0
1537402860,Prod-EcsStagingCluster-EcsCluster-1AAGQRFIOE9AE,Service_beiakkdem1vi3j5fejlg,500,2,0.1021656086,0
1537415580,Prod-EcsStagingCluster-EcsCluster-1AAGQRFIOE9AE,Service_beiakkdem1vi3j5fejlg,500,2,0.1022297421,0
1537417620,Prod-EcsStagingCluster-EcsCluster-1AAGQRFIOE9AE,Service_beiakkdem1vi3j5fejlg,500,2,0.1371987716,0
1537404900,Prod-EcsStagingCluster-EcsCluster-1AAGQRFIOE9AE,Service_beiakkdem1vi3j5fejlg,500,2,0.1023393703,0
1537381500,Prod-EcsStagingCluster-EcsCluster-1AAGQRFIOE9AE,Service_beiakkdem1vi3j5fejlg,500,2,0.1157750155,0
1537368780,Prod-EcsStagingCluster-EcsCluster-1AAGQRFIOE9AE,Service_beiakkdem1vi3j5fejlg,500,2,0.1225810238,0
1537415400,Prod-EcsStagingCluster-EcsCluster-1AAGQRFIOE9AE,Service_beiakkdem1vi3j5fejlg,500,2,0.1044105622,0
1537421760,Prod-EcsStagingCluster-EcsCluster-1AAGQRFIOE9AE,Service_beiakkdem1vi3j5fejlg,500,2,0.1087419292,0
1537402680,Prod-EcsStagingCluster-EcsCluster-1AAGQRFIOE9AE,Service_beiakkdem1vi3j5fejlg,500,2,0.0947347993,0
1537409040,Prod-EcsStagingCluster-EcsCluster-1AAGQRFIOE9AE,Service_beiakkdem1vi3j5fejlg,500,2,0.1462529858,0
1537383540,Prod-EcsStagingCluster-EcsCluster-1AAGQRFIOE9AE,Service_beiakkdem1vi3j5fejlg,500,2,0.1030148275,0
1537347420,Prod-EcsStagingCluster-EcsCluster-1AAGQRFIOE9AE,Service_beiakkdem1vi3j5fejlg,500,2,0.1103745406,0
1537421700,Prod-EcsStagingCluster-EcsCluster-1AAGQRFIOE9AE,Service_beiakkdem1vi3j5fejlg,500,2,0.1073299951,0
1537381320,Prod-EcsStagingCluster-EcsCluster-1AAGQRFIOE9AE,Service_beiakkdem1vi3j5fejlg,500,2,0.1100243694,0
1537387680,Prod-EcsStagingCluster-EcsCluster-1AAGQRFIOE9AE,Service_beiakkdem1vi3j5fejlg,500,2,0.1069885283,0
1537425840,Prod-EcsStagingCluster-EcsCluster-1AAGQRFIOE9AE,Service_beiakkdem1vi3j5fejlg,500,2,0.1119180463,0
1537349460,Prod-EcsStagingCluster-EcsCluster-1AAGQRFIOE9AE,Service_beiakkdem1vi3j5fejlg,500,2,0.1177781267,0
1537419480,Prod-EcsStagingCluster-EcsCluster-1AAGQRFIOE9AE,Service_beiakkdem1vi3j5fejlg,500,2,0.1340780113,0
1537347240,Prod-EcsStagingCluster-EcsCluster-1AAGQRFIOE9AE,Service_beiakkdem1vi3j5fejlg,500,2,0.1115945991,0
1537423620,Prod-EcsStagingCluster-EcsCluster-1AAGQRFIOE9AE,Service_beiakkdem1vi3j5fejlg,500,2,0.1158599544,0
1537420440,Prod-EcsStagingCluster-EcsCluster-1AAGQRFIOE9AE,Service_beiakkdem1vi3j5fejlg,500,2,0.1472354914,0
1537356720,Prod-EcsStagingCluster-EcsCluster-1AAGQRFIOE9AE,Service_beiakkdem1vi3j5fejlg,500,2,0.1087751456,0
1537415100,Prod-EcsStagingCluster-EcsCluster-1AAGQRFIOE9AE,Service_beiakkdem1vi3j5fejlg,500,2,0.0966578543,0
1537402380,Prod-EcsStagingCluster-EcsCluster-1AAGQRFIOE9AE,Service_beiakkdem1vi3j5fejlg,500,2,0.1007599868,0
1537348200,Prod-EcsStagingCluster-EcsCluster-1AAGQRFIOE9AE,Service_beiakkdem1vi3j5fejlg,500,2,0.1105101536,0
1537351380,Prod-EcsStagingCluster-EcsCluster-1AAGQRFIOE9AE,Service_beiakkdem1vi3j5fejlg,500,2,0.0988767912,0
1537368300,Prod-EcsStagingCluster-EcsCluster-1AAGQRFIOE9AE,Service_beiakkdem1vi3j5fejlg,500,2,0.1101782650,0
1537420320,Prod-EcsStagingCluster-EcsCluster-1AAGQRFIOE9AE,Service_beiakkdem1vi3j5fejlg,500,2,0.1502203263,0
1537381020,Prod-EcsStagingCluster-EcsCluster-1AAGQRFIOE9AE,Service_beiakkdem1vi3j5fejlg,500,2,0.1136463768,0
1537352280,Prod-EcsStagingCluster-EcsCluster-1AAGQRFIOE9AE,Service_beiakkdem1vi3j5fejlg,500,2,0.1121777845,0
1537355460,Prod-EcsStagingCluster-EcsCluster-1AAGQRFIOE9AE,Service_beiakkdem1vi3j5fejlg,500,2,0.1108780535,0
1537386240,Prod-EcsStagingCluster-EcsCluster-1AAGQRFIOE9AE,Service_beiakkdem1vi3j5fejlg,500,2,0.1080351773,0
1537373520,Prod-EcsStagingCluster-EcsCluster-1AAGQRFIOE9AE,Service_beiakkdem1vi3j5fejlg,500,2,0.1302287005,0
1537346940,Prod-EcsStagingCluster-EcsCluster-1AAGQRFIOE9AE,Service_beiakkdem1vi3j5fejlg,500,2,0.1098837104,0
1537415880,Prod-EcsStagingCluster-EcsCluster-1AAGQRFIOE9AE,Service_beiakkdem1vi3j5fejlg,500,2,0.0994666348,0
1537419060,Prod-EcsStagingCluster-EcsCluster-1AAGQRFIOE9AE,Service_beiakkdem1vi3j5fejlg,500,2,0.1365752810,0
1537352160,Prod-EcsStagingCluster-EcsCluster-1AAGQRFIOE9AE,Service_beiakkdem1vi3j5fejlg,500,2,0.1112820802,0
1537390320,Prod-EcsStagingCluster-EcsCluster-1AAGQRFIOE9AE,Service_beiakkdem1vi3j5fejlg,500,2,0.1103120524,0
1537381800,Prod-EcsStagingCluster-EcsCluster-1AAGQRFIOE9AE,Service_beiakkdem1vi3j5fejlg,500,2,0.1284725356,0
1537384980,Prod-EcsStagingCluster-EcsCluster-1AAGQRFIOE9AE,Service_beiakkdem1vi3j5fejlg,500,2,0.1010863327,0
1537369080,Prod-EcsStagingCluster-EcsCluster-1AAGQRFIOE9AE,Service_beiakkdem1vi3j5fejlg,500,2,0.1127286280,0
1537372260,Prod-EcsStagingCluster-EcsCluster-1AAGQRFIOE9AE,Service_beiakkdem1vi3j5fejlg,500,2,0.1074714862,0
1537401900,Prod-EcsStagingCluster-EcsCluster-1AAGQRFIOE9AE,Service_beiakkdem1vi3j5fejlg,500,2,0.0977041593,0
1537414620,Prod-EcsStagingCluster-EcsCluster-1AAGQRFIOE9AE,Service_beiakkdem1vi3j5fejlg,500,2,0.0972377141,0
1537382760,Prod-EcsStagingCluster-EcsCluster-1AAGQRFIOE9AE,Service_beiakkdem1vi3j5fejlg,500,2,0.1170050130,0
1537370040,Prod-EcsStagingCluster-EcsCluster-1AAGQRFIOE9AE,Service_beiakkdem1vi3j5fejlg,500,2,0.1208402933,0
1537350900,Prod-EcsStagingCluster-EcsCluster-1AAGQRFIOE9AE,Service_beiakkdem1vi3j5fejlg,500,2,0.1087608624,0
1537389060,Prod-EcsStagingCluster-EcsCluster-1AAGQRFIOE9AE,Service_beiakkdem1vi3j5fejlg,500,2,0.0908313491,0
1537380540,Prod-EcsStagingCluster-EcsCluster-1AAGQRFIOE9AE,Service_beiakkdem1vi3j5fejlg,500,2,0.1145527263,0
1537367820,Prod-EcsStagingCluster-EcsCluster-1AAGQRFIOE9AE,Service_beiakkdem1vi3j5fejlg,500,2,0.0967519863,0
1537348680,Prod-EcsStagingCluster-EcsCluster-1AAGQRFIOE9AE,Service_beiakkdem1vi3j5fejlg,500,2,0.1314151801,0
1537386840,Prod-EcsStagingCluster-EcsCluster-1AAGQRFIOE9AE,Service_beiakkdem1vi3j5fejlg,500,2,0.1116564991,0
1537420800,Prod-EcsStagingCluster-EcsCluster-1AAGQRFIOE9AE,Service_beiakkdem1vi3j5fejlg,500,2,0.1202925355,0
1537408080,Prod-EcsStagingCluster-EcsCluster-1AAGQRFIOE9AE,Service_beiakkdem1vi3j5fejlg,500,2,0.1218874383,0
1537346460,Prod-EcsStagingCluster-EcsCluster-1AAGQRFIOE9AE,Service_beiakkdem1vi3j5fejlg,500,2,0.1241518301,0
1537418580,Prod-EcsStagingCluster-EcsCluster-1AAGQRFIOE9AE,Service_beiakkdem1vi3j5fejlg,500,2,0.1539734142,0
1537405860,Prod-EcsStagingCluster-EcsCluster-1AAGQRFIOE9AE,Service_beiakkdem1vi3j5fejlg,500,2,0.0986117501,0
1537386720,Prod-EcsStagingCluster-EcsCluster-1AAGQRFIOE9AE,Service_beiakkdem1vi3j5fejlg,500,2,0.1131755692,0
1537424880,Prod-EcsStagingCluster-EcsCluster-1AAGQRFIOE9AE,Service_beiakkdem1vi3j5fejlg,500,2,0.1203313181,0
1537416360,Prod-EcsStagingCluster-EcsCluster-1AAGQRFIOE9AE,Service_beiakkdem1vi3j5fejlg,500,2,0.0993807444,0
1537403640,Prod-EcsStagingCluster-EcsCluster-1AAGQRFIOE9AE,Service_beiakkdem1vi3j5fejlg,500,2,0.1031430344,0
1537384500,Prod-EcsStagingCluster-EcsCluster-1AAGQRFIOE9AE,Service_beiakkdem1vi3j5fejlg,500,2,0.0982905107,0
1537422660,Prod-EcsStagingCluster-EcsCluster-1AAGQRFIOE9AE,Service_beiakkdem1vi3j5fejlg,500,2,0.1177614011,0
1537352640,Prod-EcsStagingCluster-EcsCluster-1AAGQRFIOE9AE,Service_beiakkdem1vi3j5fejlg,500,2,0.1158195597,0
1537414140,Prod-EcsStagingCluster-EcsCluster-1AAGQRFIOE9AE,Service_beiakkdem1vi3j5fejlg,500,2,0.0973074542,0
1537401420,Prod-EcsStagingCluster-EcsCluster-1AAGQRFIOE9AE,Service_beiakkdem1vi3j5fejlg,500,2,0.1084079574,0
1537382280,Prod-EcsStagingCluster-EcsCluster-1AAGQRFIOE9AE,Service_beiakkdem1vi3j5fejlg,500,2,0.1142619667,0
1537409820,Prod-EcsStagingCluster-EcsCluster-1AAGQRFIOE9AE,Service_beiakkdem1vi3j5fejlg,500,2,0.1164719455,0
1537416180,Prod-EcsStagingCluster-EcsCluster-1AAGQRFIOE9AE,Service_beiakkdem1vi3j5fejlg,500,2,0.1066675513,0
1537387560,Prod-EcsStagingCluster-EcsCluster-1AAGQRFIOE9AE,Service_beiakkdem1vi3j5fejlg,500,2,0.1047219616,0
1537393920,Prod-EcsStagingCluster-EcsCluster-1AAGQRFIOE9AE,Service_beiakkdem1vi3j5fejlg,500,2,0.0964879611,0
1537373700,Prod-EcsStagingCluster-EcsCluster-1AAGQRFIOE9AE,Service_beiakkdem1vi3j5fejlg,500,2,0.1097400795,0
1537348260,Prod-EcsStagingCluster-EcsCluster-1AAGQRFIOE9AE,Service_beiakkdem1vi3j5fejlg,500,2,0.1103167751,0
1537392780,Prod-EcsStagingCluster-EcsCluster-1AAGQRFIOE9AE,Service_beiakkdem1vi3j5fejlg,500,2,0.1191245849,0
1537399140,Prod-EcsStagingCluster-EcsCluster-1AAGQRFIOE9AE,Service_beiakkdem1vi3j5fejlg,500,2,0.1124838355,0
1537424580,Prod-EcsStagingCluster-EcsCluster-1AAGQRFIOE9AE,Service_beiakkdem1vi3j5fejlg,500,2,0.1186654450,0
1537351200,Prod-EcsStagingCluster-EcsCluster-1AAGQRFIOE9AE,Service_beiakkdem1vi3j5fejlg,500,2,0.1086538209,0
1537395720,Prod-EcsStagingCluster-EcsCluster-1AAGQRFIOE9AE,Service_beiakkdem1vi3j5fejlg,500,2,0.0727351284,0
1537373460,Prod-EcsStagingCluster-EcsCluster-1AAGQRFIOE9AE,Service_beiakkdem1vi3j5fejlg,500,2,0.1139010220,0
1537367100,Prod-EcsStagingCluster-EcsCluster-1AAGQRFIOE9AE,Service_beiakkdem1vi3j5fejlg,500,2,0.1068359751,0
1537350060,Prod-EcsStagingCluster-EcsCluster-1AAGQRFIOE9AE,Service_beiakkdem1vi3j5fejlg,500,2,0.1117745675,0
1537353240,Prod-EcsStagingCluster-EcsCluster-1AAGQRFIOE9AE,Service_beiakkdem1vi3j5fejlg,500,2,0.1096146565,0
1537417980,Prod-EcsStagingCluster-EcsCluster-1AAGQRFIOE9AE,Service_beiakkdem1vi3j5fejlg,500,2,0.1346194418,0
1537424340,Prod-EcsStagingCluster-EcsCluster-1AAGQRFIOE9AE,Service_beiakkdem1vi3j5fejlg,500,2,0.1082184222,0
1537402080,Prod-EcsStagingCluster-EcsCluster-1AAGQRFIOE9AE,Service_beiakkdem1vi3j5fejlg,500,2,0.1005152734,0
1537378680,Prod-EcsStagingCluster-EcsCluster-1AAGQRFIOE9AE,Service_beiakkdem1vi3j5fejlg,500,2,0.1217588804,0
1537359600,Prod-EcsStagingCluster-EcsCluster-1AAGQRFIOE9AE,Service_beiakkdem1vi3j5fejlg,500,2,0.1033971102,0
1537404120,Prod-EcsStagingCluster-EcsCluster-1AAGQRFIOE9AE,Service_beiakkdem1vi3j5fejlg,500,2,0.1051125399,0
1537410480,Prod-EcsStagingCluster-EcsCluster-1AAGQRFIOE9AE,Service_beiakkdem1vi3j5fejlg,500,2,0.1184177293,0
1537385040,Prod-EcsStagingCluster-EcsCluster-1AAGQRFIOE9AE,Service_beiakkdem1vi3j5fejlg,500,2,0.0824819613,0
1537400940,Prod-EcsStagingCluster-EcsCluster-1AAGQRFIOE9AE,Service_beiakkdem1vi3j5fejlg,500,2,0.1131164309,0
1537429560,Prod-EcsStagingCluster-EcsCluster-1AAGQRFIOE9AE,Service_beiakkdem1vi3j5fejlg,500,2,0.1014782858,0
1537375260,Prod-EcsStagingCluster-EcsCluster-1AAGQRFIOE9AE,Service_beiakkdem1vi3j5fejlg,500,2,0.1127280546,0
1537381620,Prod-EcsStagingCluster-EcsCluster-1AAGQRFIOE9AE,Service_beiakkdem1vi3j5fejlg,500,2,0.1424533979,0
1537358220,Prod-EcsStagingCluster-EcsCluster-1AAGQRFIOE9AE,Service_beiakkdem1vi3j5fejlg,500,2,0.1134515935,0
1537426140,Prod-EcsStagingCluster-EcsCluster-1AAGQRFIOE9AE,Service_beiakkdem1vi3j5fejlg,500,2,0.1145294515,0
1537390020,Prod-EcsStagingCluster-EcsCluster-1AAGQRFIOE9AE,Service_beiakkdem1vi3j5fejlg,500,2,0.1139834527,0
1537364580,Prod-EcsStagingCluster-EcsCluster-1AAGQRFIOE9AE,Service_beiakkdem1vi3j5fejlg,500,2,0.1110107167,0
1537409100,Prod-EcsStagingCluster-EcsCluster-1AAGQRFIOE9AE,Service_beiakkdem1vi3j5fejlg,500,2,0.1175445011,0
1537415460,Prod-EcsStagingCluster-EcsCluster-1AAGQRFIOE9AE,Service_beiakkdem1vi3j5fejlg,500,2,0.1065809525,0
1537379400,Prod-EcsStagingCluster-EcsCluster-1AAGQRFIOE9AE,Service_beiakkdem1vi3j5fejlg,500,2,0.1105350378,0
1537385760,Prod-EcsStagingCluster-EcsCluster-1AAGQRFIOE9AE,Service_beiakkdem1vi3j5fejlg,500,2,0.0957488399,0
1537362360,Prod-EcsStagingCluster-EcsCluster-1AAGQRFIOE9AE,Service_beiakkdem1vi3j5fejlg,500,2,0.1212697433,0
1537430280,Prod-EcsStagingCluster-EcsCluster-1AAGQRFIOE9AE,Service_beiakkdem1vi3j5fejlg,500,2,0.1022846429,0
1537387800,Prod-EcsStagingCluster-EcsCluster-1AAGQRFIOE9AE,Service_beiakkdem1vi3j5fejlg,500,2,0.1096663085,0
1537394160,Prod-EcsStagingCluster-EcsCluster-1AAGQRFIOE9AE,Service_beiakkdem1vi3j5fejlg,500,2,0.0939671323,0
1537368720,Prod-EcsStagingCluster-EcsCluster-1AAGQRFIOE9AE,Service_beiakkdem1vi3j5fejlg,500,2,0.1231979833,0
1537413240,Prod-EcsStagingCluster-EcsCluster-1AAGQRFIOE9AE,Service_beiakkdem1vi3j5fejlg,500,2,0.0979032096,0
1537419600,Prod-EcsStagingCluster-EcsCluster-1AAGQRFIOE9AE,Service_beiakkdem1vi3j5fejlg,500,2,0.1370634855,0
1537383420,Prod-EcsStagingCluster-EcsCluster-1AAGQRFIOE9AE,Service_beiakkdem1vi3j5fejlg,500,2,0.1078021964,0
1537389780,Prod-EcsStagingCluster-EcsCluster-1AAGQRFIOE9AE,Service_beiakkdem1vi3j5fejlg,500,2,0.0969601630,0
1537366380,Prod-EcsStagingCluster-EcsCluster-1AAGQRFIOE9AE,Service_beiakkdem1vi3j5fejlg,500,2,0.1078176726,0
1537426800,Prod-EcsStagingCluster-EcsCluster-1AAGQRFIOE9AE,Service_beiakkdem1vi3j5fejlg,500,2,0.1037138307,0
1537417260,Prod-EcsStagingCluster-EcsCluster-1AAGQRFIOE9AE,Service_beiakkdem1vi3j5fejlg,500,2,0.1380919877,0
1537363080,Prod-EcsStagingCluster-EcsCluster-1AAGQRFIOE9AE,Service_beiakkdem1vi3j5fejlg,500,2,0.1010319964,0
1537413960,Prod-EcsStagingCluster-EcsCluster-1AAGQRFIOE9AE,Service_beiakkdem1vi3j5fejlg,500,2,0.0828387348,0
1537391700,Prod-EcsStagingCluster-EcsCluster-1AAGQRFIOE9AE,Service_beiakkdem1vi3j5fejlg,500,2,0.1155657889,0
1537371480,Prod-EcsStagingCluster-EcsCluster-1AAGQRFIOE9AE,Service_beiakkdem1vi3j5fejlg,500,2,0.0972480505,0
1537346040,Prod-EcsStagingCluster-EcsCluster-1AAGQRFIOE9AE,Service_beiakkdem1vi3j5fejlg,500,2,0.1107261355,0
1537396920,Prod-EcsStagingCluster-EcsCluster-1AAGQRFIOE9AE,Service_beiakkdem1vi3j5fejlg,500,2,0.1123072516,0
1537391580,Prod-EcsStagingCluster-EcsCluster-1AAGQRFIOE9AE,Service_beiakkdem1vi3j5fejlg,500,2,0.1090495926,0
1537422360,Prod-EcsStagingCluster-EcsCluster-1AAGQRFIOE9AE,Service_beiakkdem1vi3j5fejlg,500,2,0.1546077051,0
1537375680,Prod-EcsStagingCluster-EcsCluster-1AAGQRFIOE9AE,Service_beiakkdem1vi3j5fejlg,500,2,0.1109404671,0
1537374540,Prod-EcsStagingCluster-EcsCluster-1AAGQRFIOE9AE,Service_beiakkdem1vi3j5fejlg,500,2,0.1075162376,0
1537426560,Prod-EcsStagingCluster-EcsCluster-1AAGQRFIOE9AE,Service_beiakkdem1vi3j5fejlg,500,2,0.1149277735,0
1537425420,Prod-EcsStagingCluster-EcsCluster-1AAGQRFIOE9AE,Service_beiakkdem1vi3j5fejlg,500,2,0.1096715888,0
1537348980,Prod-EcsStagingCluster-EcsCluster-1AAGQRFIOE9AE,Service_beiakkdem1vi3j5fejlg,500,2,0.1087075588,0
1537371240,Prod-EcsStagingCluster-EcsCluster-1AAGQRFIOE9AE,Service_beiakkdem1vi3j5fejlg,500,2,0.1020211771,0
1537422120,Prod-EcsStagingCluster-EcsCluster-1AAGQRFIOE9AE,Service_beiakkdem1vi3j5fejlg,500,2,0.1110702756,0
1537399860,Prod-EcsStagingCluster-EcsCluster-1AAGQRFIOE9AE,Service_beiakkdem1vi3j5fejlg,500,2,0.0842737233,0
1537357380,Prod-EcsStagingCluster-EcsCluster-1AAGQRFIOE9AE,Service_beiakkdem1vi3j5fejlg,500,2,0.1104916300,0
1537408260,Prod-EcsStagingCluster-EcsCluster-1AAGQRFIOE9AE,Service_beiakkdem1vi3j5fejlg,500,2,0.1233102603,0
1537348860,Prod-EcsStagingCluster-EcsCluster-1AAGQRFIOE9AE,Service_beiakkdem1vi3j5fejlg,500,2,0.1108796848,0
1537382820,Prod-EcsStagingCluster-EcsCluster-1AAGQRFIOE9AE,Service_beiakkdem1vi3j5fejlg,500,2,0.1127625368,0
1537355160,Prod-EcsStagingCluster-EcsCluster-1AAGQRFIOE9AE,Service_beiakkdem1vi3j5fejlg,500,2,0.1095176910,0
1537399740,Prod-EcsStagingCluster-EcsCluster-1AAGQRFIOE9AE,Service_beiakkdem1vi3j5fejlg,500,2,0.1129664748,0
1537380600,Prod-EcsStagingCluster-EcsCluster-1AAGQRFIOE9AE,Service_beiakkdem1vi3j5fejlg,500,2,0.1134704779,0
1537406040,Prod-EcsStagingCluster-EcsCluster-1AAGQRFIOE9AE,Service_beiakkdem1vi3j5fejlg,500,2,0.0998380803,0
1537359360,Prod-EcsStagingCluster-EcsCluster-1AAGQRFIOE9AE,Service_beiakkdem1vi3j5fejlg,500,2,0.1117989266,0
1537382700,Prod-EcsStagingCluster-EcsCluster-1AAGQRFIOE9AE,Service_beiakkdem1vi3j5fejlg,500,2,0.1119657370,0
1537431480,Prod-EcsStagingCluster-EcsCluster-1AAGQRFIOE9AE,Service_beiakkdem1vi3j5fejlg,500,2,0.1000314185,0
1537410240,Prod-EcsStagingCluster-EcsCluster-1AAGQRFIOE9AE,Service_beiakkdem1vi3j5fejlg,500,2,0.1192979096,0
1537357140,Prod-EcsStagingCluster-EcsCluster-1AAGQRFIOE9AE,Service_beiakkdem1vi3j5fejlg,500,2,0.1113072454,0
1537408020,Prod-EcsStagingCluster-EcsCluster-1AAGQRFIOE9AE,Service_beiakkdem1vi3j5fejlg,500,2,0.1311997390,0
1537357020,Prod-EcsStagingCluster-EcsCluster-1AAGQRFIOE9AE,Service_beiakkdem1vi3j5fejlg,500,2,0.1095250967,0
1537354920,Prod-EcsStagingCluster-EcsCluster-1AAGQRFIOE9AE,Service_beiakkdem1vi3j5fejlg,500,2,0.1059052321,0
1537407900,Prod-EcsStagingCluster-EcsCluster-1AAGQRFIOE9AE,Service_beiakkdem1vi3j5fejlg,500,2,0.1279981063,0
1537405800,Prod-EcsStagingCluster-EcsCluster-1AAGQRFIOE9AE,Service_beiakkdem1vi3j5fejlg,500,2,0.0877686141,0
1537390860,Prod-EcsStagingCluster-EcsCluster-1AAGQRFIOE9AE,Service_beiakkdem1vi3j5fejlg,500,2,0.1073222164,0
1537367520,Prod-EcsStagingCluster-EcsCluster-1AAGQRFIOE9AE,Service_beiakkdem1vi3j5fejlg,500,2,0.0812957310,0
1537418400,Prod-EcsStagingCluster-EcsCluster-1AAGQRFIOE9AE,Service_beiakkdem1vi3j5fejlg,500,2,0.1403312847,0
1537375920,Prod-EcsStagingCluster-EcsCluster-1AAGQRFIOE9AE,Service_beiakkdem1vi3j5fejlg,500,2,0.1079936115,0
1537350480,Prod-EcsStagingCluster-EcsCluster-1AAGQRFIOE9AE,Service_beiakkdem1vi3j5fejlg,500,2,0.1100737364,0
1537401360,Prod-EcsStagingCluster-EcsCluster-1AAGQRFIOE9AE,Service_beiakkdem1vi3j5fejlg,500,2,0.1065300217,0
1537365300,Prod-EcsStagingCluster-EcsCluster-1AAGQRFIOE9AE,Service_beiakkdem1vi3j5fejlg,500,2,0.0924741140,0
1537421520,Prod-EcsStagingCluster-EcsCluster-1AAGQRFIOE9AE,Service_beiakkdem1vi3j5fejlg,500,2,0.1103779123,0
1537349280,Prod-EcsStagingCluster-EcsCluster-1AAGQRFIOE9AE,Service_beiakkdem1vi3j5fejlg,500,2,0.1195614637,0
1537393800,Prod-EcsStagingCluster-EcsCluster-1AAGQRFIOE9AE,Service_beiakkdem1vi3j5fejlg,500,2,0.0978857513,0
1537371540,Prod-EcsStagingCluster-EcsCluster-1AAGQRFIOE9AE,Service_beiakkdem1vi3j5fejlg,500,2,0.0981465392,0
1537348140,Prod-EcsStagingCluster-EcsCluster-1AAGQRFIOE9AE,Service_beiakkdem1vi3j5fejlg,500,2,0.1106319650,0
1537422420,Prod-EcsStagingCluster-EcsCluster-1AAGQRFIOE9AE,Service_beiakkdem1vi3j5fejlg,500,2,0.1194308115,0
1537400160,Prod-EcsStagingCluster-EcsCluster-1AAGQRFIOE9AE,Service_beiakkdem1vi3j5fejlg,500,2,0.1044276331,0
1537360860,Prod-EcsStagingCluster-EcsCluster-1AAGQRFIOE9AE,Service_beiakkdem1vi3j5fejlg,500,2,0.1044792625,0
1537411740,Prod-EcsStagingCluster-EcsCluster-1AAGQRFIOE9AE,Service_beiakkdem1vi3j5fejlg,500,2,0.1040610953,0
1537399020,Prod-EcsStagingCluster-EcsCluster-1AAGQRFIOE9AE,Service_beiakkdem1vi3j5fejlg,500,2,0.0925973433,0
1537350180,Prod-EcsStagingCluster-EcsCluster-1AAGQRFIOE9AE,Service_beiakkdem1vi3j5fejlg,500,2,0.1271542303,0
1537401060,Prod-EcsStagingCluster-EcsCluster-1AAGQRFIOE9AE,Service_beiakkdem1vi3j5fejlg,500,2,0.1061767374,0
1537375620,Prod-EcsStagingCluster-EcsCluster-1AAGQRFIOE9AE,Service_beiakkdem1vi3j5fejlg,500,2,0.1106490070,0
1537426500,Prod-EcsStagingCluster-EcsCluster-1AAGQRFIOE9AE,Service_beiakkdem1vi3j5fejlg,500,2,0.1188907590,0
1537379700,Prod-EcsStagingCluster-EcsCluster-1AAGQRFIOE9AE,Service_beiakkdem1vi3j5fejlg,500,2,0.1227562347,0
1537357440,Prod-EcsStagingCluster-EcsCluster-1AAGQRFIOE9AE,Service_beiakkdem1vi3j5fejlg,500,2,0.1308086617,0
1537351080,Prod-EcsStagingCluster-EcsCluster-1AAGQRFIOE9AE,Service_beiakkdem1vi3j5fejlg,500,2,0.1082950149,0
1537401960,Prod-EcsStagingCluster-EcsCluster-1AAGQRFIOE9AE,Service_beiakkdem1vi3j5fejlg,500,2,0.0855917540,0
1537356300,Prod-EcsStagingCluster-EcsCluster-1AAGQRFIOE9AE,Service_beiakkdem1vi3j5fejlg,500,2,0.0924811428,0
1537430580,Prod-EcsStagingCluster-EcsCluster-1AAGQRFIOE9AE,Service_beiakkdem1vi3j5fejlg,500,2,0.0821051930,0
1537408320,Prod-EcsStagingCluster-EcsCluster-1AAGQRFIOE9AE,Service_beiakkdem1vi3j5fejlg,500,2,0.1345903767,0
1537369020,Prod-EcsStagingCluster-EcsCluster-1AAGQRFIOE9AE,Service_beiakkdem1vi3j5fejlg,500,2,0.1189186146,0
1537419900,Prod-EcsStagingCluster-EcsCluster-1AAGQRFIOE9AE,Service_beiakkdem1vi3j5fejlg,500,2,0.1393261740,0
1537383840,Prod-EcsStagingCluster-EcsCluster-1AAGQRFIOE9AE,Service_beiakkdem1vi3j5fejlg,500,2,0.1042167608,0
1537407180,Prod-EcsStagingCluster-EcsCluster-1AAGQRFIOE9AE,Service_beiakkdem1vi3j5fejlg,500,2,0.0988351636,0
1537428360,Prod-EcsStagingCluster-EcsCluster-1AAGQRFIOE9AE,Service_beiakkdem1vi3j5fejlg,500,2,0.0955952460,0
1537387860,Prod-EcsStagingCluster-EcsCluster-1AAGQRFIOE9AE,Service_beiakkdem1vi3j5fejlg,500,2,0.1115763277,0
1537364460,Prod-EcsStagingCluster-EcsCluster-1AAGQRFIOE9AE,Service_beiakkdem1vi3j5fejlg,500,2,0.1097548028,0
1537377180,Prod-EcsStagingCluster-EcsCluster-1AAGQRFIOE9AE,Service_beiakkdem1vi3j5fejlg,500,2,0.1104297426,0
1537385640,Prod-EcsStagingCluster-EcsCluster-1AAGQRFIOE9AE,Service_beiakkdem1vi3j5fejlg,500,2,0.0933105984,0
1537428060,Prod-EcsStagingCluster-EcsCluster-1AAGQRFIOE9AE,Service_beiakkdem1vi3j5fejlg,500,2,0.0947568022,0
1537392000,Prod-EcsStagingCluster-EcsCluster-1AAGQRFIOE9AE,Service_beiakkdem1vi3j5fejlg,500,2,0.1061763209,0
1537415340,Prod-EcsStagingCluster-EcsCluster-1AAGQRFIOE9AE,Service_beiakkdem1vi3j5fejlg,500,2,0.1038882286,0
1537391940,Prod-EcsStagingCluster-EcsCluster-1AAGQRFIOE9AE,Service_beiakkdem1vi3j5fejlg,500,2,0.0857652243,0
1537366500,Prod-EcsStagingCluster-EcsCluster-1AAGQRFIOE9AE,Service_beiakkdem1vi3j5fejlg,500,2,0.1064287553,0
1537417380,Prod-EcsStagingCluster-EcsCluster-1AAGQRFIOE9AE,Service_beiakkdem1vi3j5fejlg,500,2,0.1441686752,0
1537389720,Prod-EcsStagingCluster-EcsCluster-1AAGQRFIOE9AE,Service_beiakkdem1vi3j5fejlg,500,2,0.1004546584,0
1537364280,Prod-EcsStagingCluster-EcsCluster-1AAGQRFIOE9AE,Service_beiakkdem1vi3j5fejlg,500,2,0.1128114566,0
1537370640,Prod-EcsStagingCluster-EcsCluster-1AAGQRFIOE9AE,Service_beiakkdem1vi3j5fejlg,500,2,0.1194067313,0
1537415160,Prod-EcsStagingCluster-EcsCluster-1AAGQRFIOE9AE,Service_beiakkdem1vi3j5fejlg,500,2,0.0854096205,0
1537396080,Prod-EcsStagingCluster-EcsCluster-1AAGQRFIOE9AE,Service_beiakkdem1vi3j5fejlg,500,2,0.0912311118,0
1537373760,Prod-EcsStagingCluster-EcsCluster-1AAGQRFIOE9AE,Service_beiakkdem1vi3j5fejlg,500,2,0.1103089112,0
1537393860,Prod-EcsStagingCluster-EcsCluster-1AAGQRFIOE9AE,Service_beiakkdem1vi3j5fejlg,500,2,0.0967961629,0
1537424640,Prod-EcsStagingCluster-EcsCluster-1AAGQRFIOE9AE,Service_beiakkdem1vi3j5fejlg,500,2,0.1313911984,0
1537368420,Prod-EcsStagingCluster-EcsCluster-1AAGQRFIOE9AE,Service_beiakkdem1vi3j5fejlg,500,2,0.1138838302,0
1537372620,Prod-EcsStagingCluster-EcsCluster-1AAGQRFIOE9AE,Service_beiakkdem1vi3j5fejlg,500,2,0.1045108872,0
1537419300,Prod-EcsStagingCluster-EcsCluster-1AAGQRFIOE9AE,Service_beiakkdem1vi3j5fejlg,500,2,0.1407029934,0
1537385340,Prod-EcsStagingCluster-EcsCluster-1AAGQRFIOE9AE,Service_beiakkdem1vi3j5fejlg,500,2,0.1149376572,0
1537352400,Prod-EcsStagingCluster-EcsCluster-1AAGQRFIOE9AE,Service_beiakkdem1vi3j5fejlg,500,2,0.1088625787,0
1537423500,Prod-EcsStagingCluster-EcsCluster-1AAGQRFIOE9AE,Service_beiakkdem1vi3j5fejlg,500,2,0.1155512595,0
1537347060,Prod-EcsStagingCluster-EcsCluster-1AAGQRFIOE9AE,Service_beiakkdem1vi3j5fejlg,500,2,0.1096705327,0
1537377840,Prod-EcsStagingCluster-EcsCluster-1AAGQRFIOE9AE,Service_beiakkdem1vi3j5fejlg,500,2,0.1112007185,0
1537397940,Prod-EcsStagingCluster-EcsCluster-1AAGQRFIOE9AE,Service_beiakkdem1vi3j5fejlg,500,2,0.1079053582,0
1537428720,Prod-EcsStagingCluster-EcsCluster-1AAGQRFIOE9AE,Service_beiakkdem1vi3j5fejlg,500,2,0.1007635486,0
1537369320,Prod-EcsStagingCluster-EcsCluster-1AAGQRFIOE9AE,Service_beiakkdem1vi3j5fejlg,500,2,0.1169472585,0
1537403280,Prod-EcsStagingCluster-EcsCluster-1AAGQRFIOE9AE,Service_beiakkdem1vi3j5fejlg,500,2,0.1017412773,0
1537420200,Prod-EcsStagingCluster-EcsCluster-1AAGQRFIOE9AE,Service_beiakkdem1vi3j5fejlg,500,2,0.1312940979,0
1537373400,Prod-EcsStagingCluster-EcsCluster-1AAGQRFIOE9AE,Service_beiakkdem1vi3j5fejlg,500,2,0.1106501630,0
1537347960,Prod-EcsStagingCluster-EcsCluster-1AAGQRFIOE9AE,Service_beiakkdem1vi3j5fejlg,500,2,0.1214033973,0
1537381920,Prod-EcsStagingCluster-EcsCluster-1AAGQRFIOE9AE,Service_beiakkdem1vi3j5fejlg,500,2,0.1175757314,0
1537398840,Prod-EcsStagingCluster-EcsCluster-1AAGQRFIOE9AE,Service_beiakkdem1vi3j5fejlg,500,2,0.1187639673,0
1537393500,Prod-EcsStagingCluster-EcsCluster-1AAGQRFIOE9AE,Service_beiakkdem1vi3j5fejlg,500,2,0.0953921712,0
1537424280,Prod-EcsStagingCluster-EcsCluster-1AAGQRFIOE9AE,Service_beiakkdem1vi3j5fejlg,500,2,0.1065576431,0
1537380780,Prod-EcsStagingCluster-EcsCluster-1AAGQRFIOE9AE,Service_beiakkdem1vi3j5fejlg,500,2,0.1173368549,0
1537431660,Prod-EcsStagingCluster-EcsCluster-1AAGQRFIOE9AE,Service_beiakkdem1vi3j5fejlg,500,2,0.0987061890,0
1537377480,Prod-EcsStagingCluster-EcsCluster-1AAGQRFIOE9AE,Service_beiakkdem1vi3j5fejlg,500,2,0.1135205658,0
1537355220,Prod-EcsStagingCluster-EcsCluster-1AAGQRFIOE9AE,Service_beiakkdem1vi3j5fejlg,500,2,0.1120280342,0
1537361520,Prod-EcsStagingCluster-EcsCluster-1AAGQRFIOE9AE,Service_beiakkdem1vi3j5fejlg,500,2,0.1106527314,0
1537406100,Prod-EcsStagingCluster-EcsCluster-1AAGQRFIOE9AE,Service_beiakkdem1vi3j5fejlg,500,2,0.0990529050,0
1537412400,Prod-EcsStagingCluster-EcsCluster-1AAGQRFIOE9AE,Service_beiakkdem1vi3j5fejlg,500,2,0.1001941458,0
1537353000,Prod-EcsStagingCluster-EcsCluster-1AAGQRFIOE9AE,Service_beiakkdem1vi3j5fejlg,500,2,0.1491363358,0
1537386960,Prod-EcsStagingCluster-EcsCluster-1AAGQRFIOE9AE,Service_beiakkdem1vi3j5fejlg,500,2,0.1046351508,0
1537403880,Prod-EcsStagingCluster-EcsCluster-1AAGQRFIOE9AE,Service_beiakkdem1vi3j5fejlg,500,2,0.1017374625,0
1537359300,Prod-EcsStagingCluster-EcsCluster-1AAGQRFIOE9AE,Service_beiakkdem1vi3j5fejlg,500,2,0.1130638146,0
1537410180,Prod-EcsStagingCluster-EcsCluster-1AAGQRFIOE9AE,Service_beiakkdem1vi3j5fejlg,500,2,0.0987591732,0
1537350780,Prod-EcsStagingCluster-EcsCluster-1AAGQRFIOE9AE,Service_beiakkdem1vi3j5fejlg,500,2,0.0971388898,0
1537384740,Prod-EcsStagingCluster-EcsCluster-1AAGQRFIOE9AE,Service_beiakkdem1vi3j5fejlg,500,2,0.0993249379,0
1537401660,Prod-EcsStagingCluster-EcsCluster-1AAGQRFIOE9AE,Service_beiakkdem1vi3j5fejlg,500,2,0.1000276857,0
1537365600,Prod-EcsStagingCluster-EcsCluster-1AAGQRFIOE9AE,Service_beiakkdem1vi3j5fejlg,500,2,0.1181814170,0
1537388940,Prod-EcsStagingCluster-EcsCluster-1AAGQRFIOE9AE,Service_beiakkdem1vi3j5fejlg,500,2,0.0914158390,0
1537416480,Prod-EcsStagingCluster-EcsCluster-1AAGQRFIOE9AE,Service_beiakkdem1vi3j5fejlg,500,2,0.0875989510,0
1537357080,Prod-EcsStagingCluster-EcsCluster-1AAGQRFIOE9AE,Service_beiakkdem1vi3j5fejlg,500,2,0.1104934860,0
1537407960,Prod-EcsStagingCluster-EcsCluster-1AAGQRFIOE9AE,Service_beiakkdem1vi3j5fejlg,500,2,0.1269175984,0
1537382520,Prod-EcsStagingCluster-EcsCluster-1AAGQRFIOE9AE,Service_beiakkdem1vi3j5fejlg,500,2,0.1092949431,0
1537363380,Prod-EcsStagingCluster-EcsCluster-1AAGQRFIOE9AE,Service_beiakkdem1vi3j5fejlg,500,2,0.0981157163,0
1537414260,Prod-EcsStagingCluster-EcsCluster-1AAGQRFIOE9AE,Service_beiakkdem1vi3j5fejlg,500,2,0.0988018906,0
1537361160,Prod-EcsStagingCluster-EcsCluster-1AAGQRFIOE9AE,Service_beiakkdem1vi3j5fejlg,500,2,0.1182196058,0
1537412040,Prod-EcsStagingCluster-EcsCluster-1AAGQRFIOE9AE,Service_beiakkdem1vi3j5fejlg,500,2,0.0979370270,0
1537346220,Prod-EcsStagingCluster-EcsCluster-1AAGQRFIOE9AE,Service_beiakkdem1vi3j5fejlg,500,2,0.1389774491,0
1537358940,Prod-EcsStagingCluster-EcsCluster-1AAGQRFIOE9AE,Service_beiakkdem1vi3j5fejlg,500,2,0.1079248103,0
1537397100,Prod-EcsStagingCluster-EcsCluster-1AAGQRFIOE9AE,Service_beiakkdem1vi3j5fejlg,500,2,0.0965531498,0
1537360980,Prod-EcsStagingCluster-EcsCluster-1AAGQRFIOE9AE,Service_beiakkdem1vi3j5fejlg,500,2,0.1185534695,0
1537354620,Prod-EcsStagingCluster-EcsCluster-1AAGQRFIOE9AE,Service_beiakkdem1vi3j5fejlg,500,2,0.1095466620,0
1537425720,Prod-EcsStagingCluster-EcsCluster-1AAGQRFIOE9AE,Service_beiakkdem1vi3j5fejlg,500,2,0.1115239899,0
1537347120,Prod-EcsStagingCluster-EcsCluster-1AAGQRFIOE9AE,Service_beiakkdem1vi3j5fejlg,500,2,0.1071517465,0
1537405500,Prod-EcsStagingCluster-EcsCluster-1AAGQRFIOE9AE,Service_beiakkdem1vi3j5fejlg,500,2,0.1024404995,0
1537411860,Prod-EcsStagingCluster-EcsCluster-1AAGQRFIOE9AE,Service_beiakkdem1vi3j5fejlg,500,2,0.1029663823,0
1537391640,Prod-EcsStagingCluster-EcsCluster-1AAGQRFIOE9AE,Service_beiakkdem1vi3j5fejlg,500,2,0.1081997338,0
1537398000,Prod-EcsStagingCluster-EcsCluster-1AAGQRFIOE9AE,Service_beiakkdem1vi3j5fejlg,500,2,0.1053445270,0
1537371420,Prod-EcsStagingCluster-EcsCluster-1AAGQRFIOE9AE,Service_beiakkdem1vi3j5fejlg,500,2,0.0972706185,0
1537377780,Prod-EcsStagingCluster-EcsCluster-1AAGQRFIOE9AE,Service_beiakkdem1vi3j5fejlg,500,2,0.1136929730,0
1537360740,Prod-EcsStagingCluster-EcsCluster-1AAGQRFIOE9AE,Service_beiakkdem1vi3j5fejlg,500,2,0.1198563445,0
1537428660,Prod-EcsStagingCluster-EcsCluster-1AAGQRFIOE9AE,Service_beiakkdem1vi3j5fejlg,500,2,0.1019117782,0
1537422300,Prod-EcsStagingCluster-EcsCluster-1AAGQRFIOE9AE,Service_beiakkdem1vi3j5fejlg,500,2,0.1157685509,0
1537346880,Prod-EcsStagingCluster-EcsCluster-1AAGQRFIOE9AE,Service_beiakkdem1vi3j5fejlg,500,2,0.1072972750,0
1537411620,Prod-EcsStagingCluster-EcsCluster-1AAGQRFIOE9AE,Service_beiakkdem1vi3j5fejlg,500,2,0.1041096126,0
1537397760,Prod-EcsStagingCluster-EcsCluster-1AAGQRFIOE9AE,Service_beiakkdem1vi3j5fejlg,500,2,0.1071395999,0
1537391400,Prod-EcsStagingCluster-EcsCluster-1AAGQRFIOE9AE,Service_beiakkdem1vi3j5fejlg,500,2,0.1087430167,0
1537345740,Prod-EcsStagingCluster-EcsCluster-1AAGQRFIOE9AE,Service_beiakkdem1vi3j5fejlg,500,2,0.1124829273,0
1537396620,Prod-EcsStagingCluster-EcsCluster-1AAGQRFIOE9AE,Service_beiakkdem1vi3j5fejlg,500,2,0.1057200614,0
1537377540,Prod-EcsStagingCluster-EcsCluster-1AAGQRFIOE9AE,Service_beiakkdem1vi3j5fejlg,500,2,0.1217020700,0
1537357320,Prod-EcsStagingCluster-EcsCluster-1AAGQRFIOE9AE,Service_beiakkdem1vi3j5fejlg,500,2,0.1120034307,0
1537428420,Prod-EcsStagingCluster-EcsCluster-1AAGQRFIOE9AE,Service_beiakkdem1vi3j5fejlg,500,2,0.0952502912,0
1537375320,Prod-EcsStagingCluster-EcsCluster-1AAGQRFIOE9AE,Service_beiakkdem1vi3j5fejlg,500,2,0.1106939555,0
1537381680,Prod-EcsStagingCluster-EcsCluster-1AAGQRFIOE9AE,Service_beiakkdem1vi3j5fejlg,500,2,0.1150752190,0
1537426200,Prod-EcsStagingCluster-EcsCluster-1AAGQRFIOE9AE,Service_beiakkdem1vi3j5fejlg,500,2,0.1146215460,0
1537362540,Prod-EcsStagingCluster-EcsCluster-1AAGQRFIOE9AE,Service_beiakkdem1vi3j5fejlg,500,2,0.1186208648,0
1537413420,Prod-EcsStagingCluster-EcsCluster-1AAGQRFIOE9AE,Service_beiakkdem1vi3j5fejlg,500,2,0.0896633318,0
1537370940,Prod-EcsStagingCluster-EcsCluster-1AAGQRFIOE9AE,Service_beiakkdem1vi3j5fejlg,500,2,0.1123437454,0
1537377300,Prod-EcsStagingCluster-EcsCluster-1AAGQRFIOE9AE,Service_beiakkdem1vi3j5fejlg,500,2,0.1109989590,0
1537421820,Prod-EcsStagingCluster-EcsCluster-1AAGQRFIOE9AE,Service_beiakkdem1vi3j5fejlg,500,2,0.1183065776,0
1537428180,Prod-EcsStagingCluster-EcsCluster-1AAGQRFIOE9AE,Service_beiakkdem1vi3j5fejlg,500,2,0.0961603181,0
1537381440,Prod-EcsStagingCluster-EcsCluster-1AAGQRFIOE9AE,Service_beiakkdem1vi3j5fejlg,500,2,0.1120616769,0
1537375080,Prod-EcsStagingCluster-EcsCluster-1AAGQRFIOE9AE,Service_beiakkdem1vi3j5fejlg,500,2,0.1120253754,0
1537387740,Prod-EcsStagingCluster-EcsCluster-1AAGQRFIOE9AE,Service_beiakkdem1vi3j5fejlg,500,2,0.0942541939,0
1537394100,Prod-EcsStagingCluster-EcsCluster-1AAGQRFIOE9AE,Service_beiakkdem1vi3j5fejlg,500,2,0.0945438670,0
1537425960,Prod-EcsStagingCluster-EcsCluster-1AAGQRFIOE9AE,Service_beiakkdem1vi3j5fejlg,500,2,0.1128367792,0
1537377060,Prod-EcsStagingCluster-EcsCluster-1AAGQRFIOE9AE,Service_beiakkdem1vi3j5fejlg,500,2,0.1103235185,0
1537347360,Prod-EcsStagingCluster-EcsCluster-1AAGQRFIOE9AE,Service_beiakkdem1vi3j5fejlg,500,2,0.1089549968,0
1537391880,Prod-EcsStagingCluster-EcsCluster-1AAGQRFIOE9AE,Service_beiakkdem1vi3j5fejlg,500,2,0.1032712210,0
1537398240,Prod-EcsStagingCluster-EcsCluster-1AAGQRFIOE9AE,Service_beiakkdem1vi3j5fejlg,500,2,0.1039644257,0
1537427940,Prod-EcsStagingCluster-EcsCluster-1AAGQRFIOE9AE,Service_beiakkdem1vi3j5fejlg,500,2,0.0962615969,0
1537374840,Prod-EcsStagingCluster-EcsCluster-1AAGQRFIOE9AE,Service_beiakkdem1vi3j5fejlg,500,2,0.1089714275,0
1537381200,Prod-EcsStagingCluster-EcsCluster-1AAGQRFIOE9AE,Service_beiakkdem1vi3j5fejlg,500,2,0.1107289879,0
1537396020,Prod-EcsStagingCluster-EcsCluster-1AAGQRFIOE9AE,Service_beiakkdem1vi3j5fejlg,500,2,0.0969834995,0
1537414080,Prod-EcsStagingCluster-EcsCluster-1AAGQRFIOE9AE,Service_beiakkdem1vi3j5fejlg,500,2,0.0956937854,0
1537362060,Prod-EcsStagingCluster-EcsCluster-1AAGQRFIOE9AE,Service_beiakkdem1vi3j5fejlg,500,2,0.1190114569,0
1537378980,Prod-EcsStagingCluster-EcsCluster-1AAGQRFIOE9AE,Service_beiakkdem1vi3j5fejlg,500,2,0.1124545749,0
1537412940,Prod-EcsStagingCluster-EcsCluster-1AAGQRFIOE9AE,Service_beiakkdem1vi3j5fejlg,500,2,0.0969106651,0
1537380000,Prod-EcsStagingCluster-EcsCluster-1AAGQRFIOE9AE,Service_beiakkdem1vi3j5fejlg,500,2,0.0995116154,0
1537358760,Prod-EcsStagingCluster-EcsCluster-1AAGQRFIOE9AE,Service_beiakkdem1vi3j5fejlg,500,2,0.1087609471,0
1537429860,Prod-EcsStagingCluster-EcsCluster-1AAGQRFIOE9AE,Service_beiakkdem1vi3j5fejlg,500,2,0.0999126665,0
1537362960,Prod-EcsStagingCluster-EcsCluster-1AAGQRFIOE9AE,Service_beiakkdem1vi3j5fejlg,500,2,0.0955676656,0
1537430880,Prod-EcsStagingCluster-EcsCluster-1AAGQRFIOE9AE,Service_beiakkdem1vi3j5fejlg,500,2,0.1008023081,0
1537378860,Prod-EcsStagingCluster-EcsCluster-1AAGQRFIOE9AE,Service_beiakkdem1vi3j5fejlg,500,2,0.1346269291,0
1537409640,Prod-EcsStagingCluster-EcsCluster-1AAGQRFIOE9AE,Service_beiakkdem1vi3j5fejlg,500,2,0.1181920768,0
1537413840,Prod-EcsStagingCluster-EcsCluster-1AAGQRFIOE9AE,Service_beiakkdem1vi3j5fejlg,500,2,0.0975008009,0
1537429740,Prod-EcsStagingCluster-EcsCluster-1AAGQRFIOE9AE,Service_beiakkdem1vi3j5fejlg,500,2,0.1003807100,0
1537395780,Prod-EcsStagingCluster-EcsCluster-1AAGQRFIOE9AE,Service_beiakkdem1vi3j5fejlg,500,2,0.0854276198,0
1537375560,Prod-EcsStagingCluster-EcsCluster-1AAGQRFIOE9AE,Service_beiakkdem1vi3j5fejlg,500,2,0.1148293435,0
1537387260,Prod-EcsStagingCluster-EcsCluster-1AAGQRFIOE9AE,Service_beiakkdem1vi3j5fejlg,500,2,0.1058799567,0
1537358520,Prod-EcsStagingCluster-EcsCluster-1AAGQRFIOE9AE,Service_beiakkdem1vi3j5fejlg,500,2,0.1092753903,0
1537426440,Prod-EcsStagingCluster-EcsCluster-1AAGQRFIOE9AE,Service_beiakkdem1vi3j5fejlg,500,2,0.1133252283,0
1537379760,Prod-EcsStagingCluster-EcsCluster-1AAGQRFIOE9AE,Service_beiakkdem1vi3j5fejlg,500,2,0.0840809268,0
1537353180,Prod-EcsStagingCluster-EcsCluster-1AAGQRFIOE9AE,Service_beiakkdem1vi3j5fejlg,500,2,0.1272781648,0
1537430640,Prod-EcsStagingCluster-EcsCluster-1AAGQRFIOE9AE,Service_beiakkdem1vi3j5fejlg,500,2,0.0981643369,0
1537409400,Prod-EcsStagingCluster-EcsCluster-1AAGQRFIOE9AE,Service_beiakkdem1vi3j5fejlg,500,2,0.1205054789,0
1537404060,Prod-EcsStagingCluster-EcsCluster-1AAGQRFIOE9AE,Service_beiakkdem1vi3j5fejlg,500,2,0.1042795758,0
1537395540,Prod-EcsStagingCluster-EcsCluster-1AAGQRFIOE9AE,Service_beiakkdem1vi3j5fejlg,500,2,0.0889784083,0
1537363680,Prod-EcsStagingCluster-EcsCluster-1AAGQRFIOE9AE,Service_beiakkdem1vi3j5fejlg,500,2,0.1104283686,0
1537414560,Prod-EcsStagingCluster-EcsCluster-1AAGQRFIOE9AE,Service_beiakkdem1vi3j5fejlg,500,2,0.0899762667,0
1537346640,Prod-EcsStagingCluster-EcsCluster-1AAGQRFIOE9AE,Service_beiakkdem1vi3j5fejlg,500,2,0.1087760181,0
1537393320,Prod-EcsStagingCluster-EcsCluster-1AAGQRFIOE9AE,Service_beiakkdem1vi3j5fejlg,500,2,0.0938980857,0
1537397520,Prod-EcsStagingCluster-EcsCluster-1AAGQRFIOE9AE,Service_beiakkdem1vi3j5fejlg,500,2,0.1394234648,0
1537361460,Prod-EcsStagingCluster-EcsCluster-1AAGQRFIOE9AE,Service_beiakkdem1vi3j5fejlg,500,2,0.1216556756,0
1537378380,Prod-EcsStagingCluster-EcsCluster-1AAGQRFIOE9AE,Service_beiakkdem1vi3j5fejlg,500,2,0.1126695027,0
1537412340,Prod-EcsStagingCluster-EcsCluster-1AAGQRFIOE9AE,Service_beiakkdem1vi3j5fejlg,500,2,0.0985334759,0
1537359240,Prod-EcsStagingCluster-EcsCluster-1AAGQRFIOE9AE,Service_beiakkdem1vi3j5fejlg,500,2,0.1087156582,0
1537395300,Prod-EcsStagingCluster-EcsCluster-1AAGQRFIOE9AE,Service_beiakkdem1vi3j5fejlg,500,2,0.0854879691,0
1537429260,Prod-EcsStagingCluster-EcsCluster-1AAGQRFIOE9AE,Service_beiakkdem1vi3j5fejlg,500,2,0.1006621788,0
1537410120,Prod-EcsStagingCluster-EcsCluster-1AAGQRFIOE9AE,Service_beiakkdem1vi3j5fejlg,500,2,0.1176050763,0
1537363440,Prod-EcsStagingCluster-EcsCluster-1AAGQRFIOE9AE,Service_beiakkdem1vi3j5fejlg,500,2,0.0959366761,0
1537393080,Prod-EcsStagingCluster-EcsCluster-1AAGQRFIOE9AE,Service_beiakkdem1vi3j5fejlg,500,2,0.1198301905,0
1537414320,Prod-EcsStagingCluster-EcsCluster-1AAGQRFIOE9AE,Service_beiakkdem1vi3j5fejlg,500,2,0.1082268872,0
1537361220,Prod-EcsStagingCluster-EcsCluster-1AAGQRFIOE9AE,Service_beiakkdem1vi3j5fejlg,500,2,0.1194892192,0
1537395180,Prod-EcsStagingCluster-EcsCluster-1AAGQRFIOE9AE,Service_beiakkdem1vi3j5fejlg,500,2,0.1100428961,0
1537412100,Prod-EcsStagingCluster-EcsCluster-1AAGQRFIOE9AE,Service_beiakkdem1vi3j5fejlg,500,2,0.0982470776,0
1537352700,Prod-EcsStagingCluster-EcsCluster-1AAGQRFIOE9AE,Service_beiakkdem1vi3j5fejlg,500,2,0.1139307213,0
1537403580,Prod-EcsStagingCluster-EcsCluster-1AAGQRFIOE9AE,Service_beiakkdem1vi3j5fejlg,500,2,0.1012932153,0
1537359000,Prod-EcsStagingCluster-EcsCluster-1AAGQRFIOE9AE,Service_beiakkdem1vi3j5fejlg,500,2,0.1101812282,0
1537363200,Prod-EcsStagingCluster-EcsCluster-1AAGQRFIOE9AE,Service_beiakkdem1vi3j5fejlg,500,2,0.0989610871,0
1537409880,Prod-EcsStagingCluster-EcsCluster-1AAGQRFIOE9AE,Service_beiakkdem1vi3j5fejlg,500,2,0.1168221334,0
1537375860,Prod-EcsStagingCluster-EcsCluster-1AAGQRFIOE9AE,Service_beiakkdem1vi3j5fejlg,500,2,0.1133291879,0
1537363140,Prod-EcsStagingCluster-EcsCluster-1AAGQRFIOE9AE,Service_beiakkdem1vi3j5fejlg,500,2,0.0958528523,0
1537414020,Prod-EcsStagingCluster-EcsCluster-1AAGQRFIOE9AE,Service_beiakkdem1vi3j5fejlg,500,2,0.0971925645,0
1537426740,Prod-EcsStagingCluster-EcsCluster-1AAGQRFIOE9AE,Service_beiakkdem1vi3j5fejlg,500,2,0.1033431903,0
1537376760,Prod-EcsStagingCluster-EcsCluster-1AAGQRFIOE9AE,Service_beiakkdem1vi3j5fejlg,500,2,0.1084780763,0
1537383120,Prod-EcsStagingCluster-EcsCluster-1AAGQRFIOE9AE,Service_beiakkdem1vi3j5fejlg,500,2,0.1022938829,0
1537389480,Prod-EcsStagingCluster-EcsCluster-1AAGQRFIOE9AE,Service_beiakkdem1vi3j5fejlg,500,2,0.1014873559,0
1537395840,Prod-EcsStagingCluster-EcsCluster-1AAGQRFIOE9AE,Service_beiakkdem1vi3j5fejlg,500,2,0.0876328178,0
1537356540,Prod-EcsStagingCluster-EcsCluster-1AAGQRFIOE9AE,Service_beiakkdem1vi3j5fejlg,500,2,0.1099542085,0
1537427640,Prod-EcsStagingCluster-EcsCluster-1AAGQRFIOE9AE,Service_beiakkdem1vi3j5fejlg,500,2,0.1005471278,0
1537394700,Prod-EcsStagingCluster-EcsCluster-1AAGQRFIOE9AE,Service_beiakkdem1vi3j5fejlg,500,2,0.0980302746,0
1537355400,Prod-EcsStagingCluster-EcsCluster-1AAGQRFIOE9AE,Service_beiakkdem1vi3j5fejlg,500,2,0.1091104912,0
1537349040,Prod-EcsStagingCluster-EcsCluster-1AAGQRFIOE9AE,Service_beiakkdem1vi3j5fejlg,500,2,0.1091567425,0
1537361760,Prod-EcsStagingCluster-EcsCluster-1AAGQRFIOE9AE,Service_beiakkdem1vi3j5fejlg,500,2,0.1216235717,0
1537407420,Prod-EcsStagingCluster-EcsCluster-1AAGQRFIOE9AE,Service_beiakkdem1vi3j5fejlg,500,2,0.1162144760,0
1537412640,Prod-EcsStagingCluster-EcsCluster-1AAGQRFIOE9AE,Service_beiakkdem1vi3j5fejlg,500,2,0.0938233437,0
1537393560,Prod-EcsStagingCluster-EcsCluster-1AAGQRFIOE9AE,Service_beiakkdem1vi3j5fejlg,500,2,0.0922336559,0
1537399920,Prod-EcsStagingCluster-EcsCluster-1AAGQRFIOE9AE,Service_beiakkdem1vi3j5fejlg,500,2,0.1378778559,0
1537406280,Prod-EcsStagingCluster-EcsCluster-1AAGQRFIOE9AE,Service_beiakkdem1vi3j5fejlg,500,2,0.1120170587,0
1537373340,Prod-EcsStagingCluster-EcsCluster-1AAGQRFIOE9AE,Service_beiakkdem1vi3j5fejlg,500,2,0.1097735039,0
1537360620,Prod-EcsStagingCluster-EcsCluster-1AAGQRFIOE9AE,Service_beiakkdem1vi3j5fejlg,500,2,0.1086644358,0
1537362660,Prod-EcsStagingCluster-EcsCluster-1AAGQRFIOE9AE,Service_beiakkdem1vi3j5fejlg,500,2,0.1080167734,0
1537411500,Prod-EcsStagingCluster-EcsCluster-1AAGQRFIOE9AE,Service_beiakkdem1vi3j5fejlg,500,2,0.1043278962,0
1537424220,Prod-EcsStagingCluster-EcsCluster-1AAGQRFIOE9AE,Service_beiakkdem1vi3j5fejlg,500,2,0.1053845926,0
1537375380,Prod-EcsStagingCluster-EcsCluster-1AAGQRFIOE9AE,Service_beiakkdem1vi3j5fejlg,500,2,0.0839749218,0
1537413540,Prod-EcsStagingCluster-EcsCluster-1AAGQRFIOE9AE,Service_beiakkdem1vi3j5fejlg,500,2,0.0917007897,0
1537360440,Prod-EcsStagingCluster-EcsCluster-1AAGQRFIOE9AE,Service_beiakkdem1vi3j5fejlg,500,2,0.1076460715,0
1537426260,Prod-EcsStagingCluster-EcsCluster-1AAGQRFIOE9AE,Service_beiakkdem1vi3j5fejlg,500,2,0.1130666988,0
1537379520,Prod-EcsStagingCluster-EcsCluster-1AAGQRFIOE9AE,Service_beiakkdem1vi3j5fejlg,500,2,0.0989429476,0
1537373160,Prod-EcsStagingCluster-EcsCluster-1AAGQRFIOE9AE,Service_beiakkdem1vi3j5fejlg,500,2,0.1125204694,0
1537366800,Prod-EcsStagingCluster-EcsCluster-1AAGQRFIOE9AE,Service_beiakkdem1vi3j5fejlg,500,2,0.1098320129,0
1537411320,Prod-EcsStagingCluster-EcsCluster-1AAGQRFIOE9AE,Service_beiakkdem1vi3j5fejlg,500,2,0.1054736596,0
1537417680,Prod-EcsStagingCluster-EcsCluster-1AAGQRFIOE9AE,Service_beiakkdem1vi3j5fejlg,500,2,0.1367914583,0
1537392180,Prod-EcsStagingCluster-EcsCluster-1AAGQRFIOE9AE,Service_beiakkdem1vi3j5fejlg,500,2,0.1065747641,0
1537379460,Prod-EcsStagingCluster-EcsCluster-1AAGQRFIOE9AE,Service_beiakkdem1vi3j5fejlg,500,2,0.1073276768,0
1537424040,Prod-EcsStagingCluster-EcsCluster-1AAGQRFIOE9AE,Service_beiakkdem1vi3j5fejlg,500,2,0.1077670580,0
1537430400,Prod-EcsStagingCluster-EcsCluster-1AAGQRFIOE9AE,Service_beiakkdem1vi3j5fejlg,500,2,0.1002149065,0
1537430340,Prod-EcsStagingCluster-EcsCluster-1AAGQRFIOE9AE,Service_beiakkdem1vi3j5fejlg,500,2,0.0997702439,0
1537345440,Prod-EcsStagingCluster-EcsCluster-1AAGQRFIOE9AE,Service_beiakkdem1vi3j5fejlg,500,2,0.1120951105,0
1537389960,Prod-EcsStagingCluster-EcsCluster-1AAGQRFIOE9AE,Service_beiakkdem1vi3j5fejlg,500,2,0.1085061959,0
1537396320,Prod-EcsStagingCluster-EcsCluster-1AAGQRFIOE9AE,Service_beiakkdem1vi3j5fejlg,500,2,0.1103936158,0
1537377240,Prod-EcsStagingCluster-EcsCluster-1AAGQRFIOE9AE,Service_beiakkdem1vi3j5fejlg,500,2,0.1132531261,0
1537383600,Prod-EcsStagingCluster-EcsCluster-1AAGQRFIOE9AE,Service_beiakkdem1vi3j5fejlg,500,2,0.0846565864,0
1537428120,Prod-EcsStagingCluster-EcsCluster-1AAGQRFIOE9AE,Service_beiakkdem1vi3j5fejlg,500,2,0.0953106801,0
1537360140,Prod-EcsStagingCluster-EcsCluster-1AAGQRFIOE9AE,Service_beiakkdem1vi3j5fejlg,500,2,0.1455180676,0
1537372860,Prod-EcsStagingCluster-EcsCluster-1AAGQRFIOE9AE,Service_beiakkdem1vi3j5fejlg,500,2,0.1102534407,0
1537411020,Prod-EcsStagingCluster-EcsCluster-1AAGQRFIOE9AE,Service_beiakkdem1vi3j5fejlg,500,2,0.1081021156,0
1537423740,Prod-EcsStagingCluster-EcsCluster-1AAGQRFIOE9AE,Service_beiakkdem1vi3j5fejlg,500,2,0.1005773310,0
1537389660,Prod-EcsStagingCluster-EcsCluster-1AAGQRFIOE9AE,Service_beiakkdem1vi3j5fejlg,500,2,0.1122969815,0
1537376940,Prod-EcsStagingCluster-EcsCluster-1AAGQRFIOE9AE,Service_beiakkdem1vi3j5fejlg,500,2,0.1102824899,0
1537407720,Prod-EcsStagingCluster-EcsCluster-1AAGQRFIOE9AE,Service_beiakkdem1vi3j5fejlg,500,2,0.1211139918,0
1537427820,Prod-EcsStagingCluster-EcsCluster-1AAGQRFIOE9AE,Service_beiakkdem1vi3j5fejlg,500,2,0.0964437741,0
1537373640,Prod-EcsStagingCluster-EcsCluster-1AAGQRFIOE9AE,Service_beiakkdem1vi3j5fejlg,500,2,0.1109338199,0
1537360920,Prod-EcsStagingCluster-EcsCluster-1AAGQRFIOE9AE,Service_beiakkdem1vi3j5fejlg,500,2,0.1128652244,0
1537411800,Prod-EcsStagingCluster-EcsCluster-1AAGQRFIOE9AE,Service_beiakkdem1vi3j5fejlg,500,2,0.1016385337,0
1537424520,Prod-EcsStagingCluster-EcsCluster-1AAGQRFIOE9AE,Service_beiakkdem1vi3j5fejlg,500,2,0.1166267629,0
1537380900,Prod-EcsStagingCluster-EcsCluster-1AAGQRFIOE9AE,Service_beiakkdem1vi3j5fejlg,500,2,0.1148100283,0
1537393620,Prod-EcsStagingCluster-EcsCluster-1AAGQRFIOE9AE,Service_beiakkdem1vi3j5fejlg,500,2,0.0934449272,0
1537346820,Prod-EcsStagingCluster-EcsCluster-1AAGQRFIOE9AE,Service_beiakkdem1vi3j5fejlg,500,2,0.1089562340,0
1537359540,Prod-EcsStagingCluster-EcsCluster-1AAGQRFIOE9AE,Service_beiakkdem1vi3j5fejlg,500,2,0.1111629164,0
1537364880,Prod-EcsStagingCluster-EcsCluster-1AAGQRFIOE9AE,Service_beiakkdem1vi3j5fejlg,500,2,0.1223379701,0
1537377600,Prod-EcsStagingCluster-EcsCluster-1AAGQRFIOE9AE,Service_beiakkdem1vi3j5fejlg,500,2,0.1157047876,0
1537415760,Prod-EcsStagingCluster-EcsCluster-1AAGQRFIOE9AE,Service_beiakkdem1vi3j5fejlg,500,2,0.1009628444,0
1537376460,Prod-EcsStagingCluster-EcsCluster-1AAGQRFIOE9AE,Service_beiakkdem1vi3j5fejlg,500,2,0.1026650885,0
1537410420,Prod-EcsStagingCluster-EcsCluster-1AAGQRFIOE9AE,Service_beiakkdem1vi3j5fejlg,500,2,0.1469345796,0
1537397700,Prod-EcsStagingCluster-EcsCluster-1AAGQRFIOE9AE,Service_beiakkdem1vi3j5fejlg,500,2,0.0927553699,0
1537428480,Prod-EcsStagingCluster-EcsCluster-1AAGQRFIOE9AE,Service_beiakkdem1vi3j5fejlg,500,2,0.0794414485,0
1537389180,Prod-EcsStagingCluster-EcsCluster-1AAGQRFIOE9AE,Service_beiakkdem1vi3j5fejlg,500,2,0.1025484901,0
1537427340,Prod-EcsStagingCluster-EcsCluster-1AAGQRFIOE9AE,Service_beiakkdem1vi3j5fejlg,500,2,0.1023324791,0
1537408200,Prod-EcsStagingCluster-EcsCluster-1AAGQRFIOE9AE,Service_beiakkdem1vi3j5fejlg,500,2,0.1253044284,0
1537395480,Prod-EcsStagingCluster-EcsCluster-1AAGQRFIOE9AE,Service_beiakkdem1vi3j5fejlg,500,2,0.0819634420,0
1537355100,Prod-EcsStagingCluster-EcsCluster-1AAGQRFIOE9AE,Service_beiakkdem1vi3j5fejlg,500,2,0.1131865618,0
1537393260,Prod-EcsStagingCluster-EcsCluster-1AAGQRFIOE9AE,Service_beiakkdem1vi3j5fejlg,500,2,0.0922044680,0
1537405980,Prod-EcsStagingCluster-EcsCluster-1AAGQRFIOE9AE,Service_beiakkdem1vi3j5fejlg,500,2,0.1004590527,0
1537361280,Prod-EcsStagingCluster-EcsCluster-1AAGQRFIOE9AE,Service_beiakkdem1vi3j5fejlg,500,2,0.1206946840,0
1537348560,Prod-EcsStagingCluster-EcsCluster-1AAGQRFIOE9AE,Service_beiakkdem1vi3j5fejlg,500,2,0.1123454829,0
1537399440,Prod-EcsStagingCluster-EcsCluster-1AAGQRFIOE9AE,Service_beiakkdem1vi3j5fejlg,500,2,0.1151975307,0
1537412160,Prod-EcsStagingCluster-EcsCluster-1AAGQRFIOE9AE,Service_beiakkdem1vi3j5fejlg,500,2,0.0963155871,0
1537359060,Prod-EcsStagingCluster-EcsCluster-1AAGQRFIOE9AE,Service_beiakkdem1vi3j5fejlg,500,2,0.1093006373,0
1537346340,Prod-EcsStagingCluster-EcsCluster-1AAGQRFIOE9AE,Service_beiakkdem1vi3j5fejlg,500,2,0.1063372830,0
1537397220,Prod-EcsStagingCluster-EcsCluster-1AAGQRFIOE9AE,Service_beiakkdem1vi3j5fejlg,500,2,0.1079989723,0
1537378080,Prod-EcsStagingCluster-EcsCluster-1AAGQRFIOE9AE,Service_beiakkdem1vi3j5fejlg,500,2,0.1135122657,0
1537365360,Prod-EcsStagingCluster-EcsCluster-1AAGQRFIOE9AE,Service_beiakkdem1vi3j5fejlg,500,2,0.1270328839,0
1537409940,Prod-EcsStagingCluster-EcsCluster-1AAGQRFIOE9AE,Service_beiakkdem1vi3j5fejlg,500,2,0.1267806493,0
1537356840,Prod-EcsStagingCluster-EcsCluster-1AAGQRFIOE9AE,Service_beiakkdem1vi3j5fejlg,500,2,0.1112125208,0
1537395000,Prod-EcsStagingCluster-EcsCluster-1AAGQRFIOE9AE,Service_beiakkdem1vi3j5fejlg,500,2,0.1001042755,0
1537428960,Prod-EcsStagingCluster-EcsCluster-1AAGQRFIOE9AE,Service_beiakkdem1vi3j5fejlg,500,2,0.0998978320,0
1537416240,Prod-EcsStagingCluster-EcsCluster-1AAGQRFIOE9AE,Service_beiakkdem1vi3j5fejlg,500,2,0.1111139106,0
1537410720,Prod-EcsStagingCluster-EcsCluster-1AAGQRFIOE9AE,Service_beiakkdem1vi3j5fejlg,500,2,0.1050989768,0
1537401180,Prod-EcsStagingCluster-EcsCluster-1AAGQRFIOE9AE,Service_beiakkdem1vi3j5fejlg,500,2,0.1098456697,0
1537404360,Prod-EcsStagingCluster-EcsCluster-1AAGQRFIOE9AE,Service_beiakkdem1vi3j5fejlg,500,2,0.0992277565,0
1537407540,Prod-EcsStagingCluster-EcsCluster-1AAGQRFIOE9AE,Service_beiakkdem1vi3j5fejlg,500,2,0.1143153799,0
1537368240,Prod-EcsStagingCluster-EcsCluster-1AAGQRFIOE9AE,Service_beiakkdem1vi3j5fejlg,500,2,0.0966884483,0
1537358700,Prod-EcsStagingCluster-EcsCluster-1AAGQRFIOE9AE,Service_beiakkdem1vi3j5fejlg,500,2,0.1093966104,0
1537361880,Prod-EcsStagingCluster-EcsCluster-1AAGQRFIOE9AE,Service_beiakkdem1vi3j5fejlg,500,2,0.1225004837,0
1537365060,Prod-EcsStagingCluster-EcsCluster-1AAGQRFIOE9AE,Service_beiakkdem1vi3j5fejlg,500,2,0.1224327551,0
1537426620,Prod-EcsStagingCluster-EcsCluster-1AAGQRFIOE9AE,Service_beiakkdem1vi3j5fejlg,500,2,0.1073374272,0
1537429800,Prod-EcsStagingCluster-EcsCluster-1AAGQRFIOE9AE,Service_beiakkdem1vi3j5fejlg,500,2,0.1014723874,0
1537393680,Prod-EcsStagingCluster-EcsCluster-1AAGQRFIOE9AE,Service_beiakkdem1vi3j5fejlg,500,2,0.0920904169,0
1537384140,Prod-EcsStagingCluster-EcsCluster-1AAGQRFIOE9AE,Service_beiakkdem1vi3j5fejlg,500,2,0.1003111777,0
1537387320,Prod-EcsStagingCluster-EcsCluster-1AAGQRFIOE9AE,Service_beiakkdem1vi3j5fejlg,500,2,0.1096428134,0
1537390500,Prod-EcsStagingCluster-EcsCluster-1AAGQRFIOE9AE,Service_beiakkdem1vi3j5fejlg,500,2,0.1367319276,0
1537358460,Prod-EcsStagingCluster-EcsCluster-1AAGQRFIOE9AE,Service_beiakkdem1vi3j5fejlg,500,2,0.1120477967,0
1537361640,Prod-EcsStagingCluster-EcsCluster-1AAGQRFIOE9AE,Service_beiakkdem1vi3j5fejlg,500,2,0.1219759922,0
1537364820,Prod-EcsStagingCluster-EcsCluster-1AAGQRFIOE9AE,Service_beiakkdem1vi3j5fejlg,500,2,0.1202499646,0
1537368000,Prod-EcsStagingCluster-EcsCluster-1AAGQRFIOE9AE,Service_beiakkdem1vi3j5fejlg,500,2,0.0976224379,0
1537368960,Prod-EcsStagingCluster-EcsCluster-1AAGQRFIOE9AE,Service_beiakkdem1vi3j5fejlg,500,2,0.1184362784,0
1537362600,Prod-EcsStagingCluster-EcsCluster-1AAGQRFIOE9AE,Service_beiakkdem1vi3j5fejlg,500,2,0.1437883540,0
1537417740,Prod-EcsStagingCluster-EcsCluster-1AAGQRFIOE9AE,Service_beiakkdem1vi3j5fejlg,500,2,0.1408338575,0
1537392300,Prod-EcsStagingCluster-EcsCluster-1AAGQRFIOE9AE,Service_beiakkdem1vi3j5fejlg,500,2,0.1052435647,0
1537398660,Prod-EcsStagingCluster-EcsCluster-1AAGQRFIOE9AE,Service_beiakkdem1vi3j5fejlg,500,2,0.1028400064,0
1537424100,Prod-EcsStagingCluster-EcsCluster-1AAGQRFIOE9AE,Service_beiakkdem1vi3j5fejlg,500,2,0.1048672266,0
1537396440,Prod-EcsStagingCluster-EcsCluster-1AAGQRFIOE9AE,Service_beiakkdem1vi3j5fejlg,500,2,0.0970371489,0
1537402800,Prod-EcsStagingCluster-EcsCluster-1AAGQRFIOE9AE,Service_beiakkdem1vi3j5fejlg,500,2,0.1067186716,0
1537421880,Prod-EcsStagingCluster-EcsCluster-1AAGQRFIOE9AE,Service_beiakkdem1vi3j5fejlg,500,2,0.1079155808,0
1537428240,Prod-EcsStagingCluster-EcsCluster-1AAGQRFIOE9AE,Service_beiakkdem1vi3j5fejlg,500,2,0.0958334874,0
1537372980,Prod-EcsStagingCluster-EcsCluster-1AAGQRFIOE9AE,Service_beiakkdem1vi3j5fejlg,500,2,0.1082708147,0
1537366620,Prod-EcsStagingCluster-EcsCluster-1AAGQRFIOE9AE,Service_beiakkdem1vi3j5fejlg,500,2,0.1083677187,0
1537398420,Prod-EcsStagingCluster-EcsCluster-1AAGQRFIOE9AE,Service_beiakkdem1vi3j5fejlg,500,2,0.0907192727,0
1537392060,Prod-EcsStagingCluster-EcsCluster-1AAGQRFIOE9AE,Service_beiakkdem1vi3j5fejlg,500,2,0.1059518083,0
1537355940,Prod-EcsStagingCluster-EcsCluster-1AAGQRFIOE9AE,Service_beiakkdem1vi3j5fejlg,500,2,0.1001502880,0
1537349580,Prod-EcsStagingCluster-EcsCluster-1AAGQRFIOE9AE,Service_beiakkdem1vi3j5fejlg,500,2,0.1116872735,0
1537370760,Prod-EcsStagingCluster-EcsCluster-1AAGQRFIOE9AE,Service_beiakkdem1vi3j5fejlg,500,2,0.1074640475,0
1537377120,Prod-EcsStagingCluster-EcsCluster-1AAGQRFIOE9AE,Service_beiakkdem1vi3j5fejlg,500,2,0.1138426900,0
1537396200,Prod-EcsStagingCluster-EcsCluster-1AAGQRFIOE9AE,Service_beiakkdem1vi3j5fejlg,500,2,0.0963762606,0
1537402560,Prod-EcsStagingCluster-EcsCluster-1AAGQRFIOE9AE,Service_beiakkdem1vi3j5fejlg,500,2,0.1019269876,0
1537425900,Prod-EcsStagingCluster-EcsCluster-1AAGQRFIOE9AE,Service_beiakkdem1vi3j5fejlg,500,2,0.1126573484,0
1537353720,Prod-EcsStagingCluster-EcsCluster-1AAGQRFIOE9AE,Service_beiakkdem1vi3j5fejlg,500,2,0.1102948971,0
1537360080,Prod-EcsStagingCluster-EcsCluster-1AAGQRFIOE9AE,Service_beiakkdem1vi3j5fejlg,500,2,0.1252791723,0
1537430040,Prod-EcsStagingCluster-EcsCluster-1AAGQRFIOE9AE,Service_beiakkdem1vi3j5fejlg,500,2,0.1009514437,0
1537409760,Prod-EcsStagingCluster-EcsCluster-1AAGQRFIOE9AE,Service_beiakkdem1vi3j5fejlg,500,2,0.1178195016,0
1537400220,Prod-EcsStagingCluster-EcsCluster-1AAGQRFIOE9AE,Service_beiakkdem1vi3j5fejlg,500,2,0.1076195128,0
1537431000,Prod-EcsStagingCluster-EcsCluster-1AAGQRFIOE9AE,Service_beiakkdem1vi3j5fejlg,500,2,0.1004979633,0
1537367280,Prod-EcsStagingCluster-EcsCluster-1AAGQRFIOE9AE,Service_beiakkdem1vi3j5fejlg,500,2,0.1110840088,0
1537357740,Prod-EcsStagingCluster-EcsCluster-1AAGQRFIOE9AE,Service_beiakkdem1vi3j5fejlg,500,2,0.1181348232,0
1537425660,Prod-EcsStagingCluster-EcsCluster-1AAGQRFIOE9AE,Service_beiakkdem1vi3j5fejlg,500,2,0.1091158834,0
1537392720,Prod-EcsStagingCluster-EcsCluster-1AAGQRFIOE9AE,Service_beiakkdem1vi3j5fejlg,500,2,0.0958003874,0
1537383180,Prod-EcsStagingCluster-EcsCluster-1AAGQRFIOE9AE,Service_beiakkdem1vi3j5fejlg,500,2,0.1027733840,0
1537408500,Prod-EcsStagingCluster-EcsCluster-1AAGQRFIOE9AE,Service_beiakkdem1vi3j5fejlg,500,2,0.1312496545,0
1537405320,Prod-EcsStagingCluster-EcsCluster-1AAGQRFIOE9AE,Service_beiakkdem1vi3j5fejlg,500,2,0.1019228809,0
1537366020,Prod-EcsStagingCluster-EcsCluster-1AAGQRFIOE9AE,Service_beiakkdem1vi3j5fejlg,500,2,0.1094285434,0
1537362840,Prod-EcsStagingCluster-EcsCluster-1AAGQRFIOE9AE,Service_beiakkdem1vi3j5fejlg,500,2,0.1068127198,0
1537430760,Prod-EcsStagingCluster-EcsCluster-1AAGQRFIOE9AE,Service_beiakkdem1vi3j5fejlg,500,2,0.0988860809,0
1537357500,Prod-EcsStagingCluster-EcsCluster-1AAGQRFIOE9AE,Service_beiakkdem1vi3j5fejlg,500,2,0.1221793271,0
1537367040,Prod-EcsStagingCluster-EcsCluster-1AAGQRFIOE9AE,Service_beiakkdem1vi3j5fejlg,500,2,0.1058771816,0
1537388280,Prod-EcsStagingCluster-EcsCluster-1AAGQRFIOE9AE,Service_beiakkdem1vi3j5fejlg,500,2,0.1100412552,0
1537391460,Prod-EcsStagingCluster-EcsCluster-1AAGQRFIOE9AE,Service_beiakkdem1vi3j5fejlg,500,2,0.1071998246,0
1537391340,Prod-EcsStagingCluster-EcsCluster-1AAGQRFIOE9AE,Service_beiakkdem1vi3j5fejlg,500,2,0.1053915697,0
1537416780,Prod-EcsStagingCluster-EcsCluster-1AAGQRFIOE9AE,Service_beiakkdem1vi3j5fejlg,500,2,0.0874822682,0
1537400880,Prod-EcsStagingCluster-EcsCluster-1AAGQRFIOE9AE,Service_beiakkdem1vi3j5fejlg,500,2,0.1097749941,0
1537426320,Prod-EcsStagingCluster-EcsCluster-1AAGQRFIOE9AE,Service_beiakkdem1vi3j5fejlg,500,2,0.1146921597,0
1537365780,Prod-EcsStagingCluster-EcsCluster-1AAGQRFIOE9AE,Service_beiakkdem1vi3j5fejlg,500,2,0.1186005409,0
1537401840,Prod-EcsStagingCluster-EcsCluster-1AAGQRFIOE9AE,Service_beiakkdem1vi3j5fejlg,500,2,0.0967045473,0
1537427280,Prod-EcsStagingCluster-EcsCluster-1AAGQRFIOE9AE,Service_beiakkdem1vi3j5fejlg,500,2,0.1650932154,0
1537363560,Prod-EcsStagingCluster-EcsCluster-1AAGQRFIOE9AE,Service_beiakkdem1vi3j5fejlg,500,2,0.1081505683,0
1537365660,Prod-EcsStagingCluster-EcsCluster-1AAGQRFIOE9AE,Service_beiakkdem1vi3j5fejlg,500,2,0.1177288847,0
1537399620,Prod-EcsStagingCluster-EcsCluster-1AAGQRFIOE9AE,Service_beiakkdem1vi3j5fejlg,500,2,0.1053247505,0
1537391100,Prod-EcsStagingCluster-EcsCluster-1AAGQRFIOE9AE,Service_beiakkdem1vi3j5fejlg,500,2,0.1062723170,0
1537425060,Prod-EcsStagingCluster-EcsCluster-1AAGQRFIOE9AE,Service_beiakkdem1vi3j5fejlg,500,2,0.1155700487,0
1537348620,Prod-EcsStagingCluster-EcsCluster-1AAGQRFIOE9AE,Service_beiakkdem1vi3j5fejlg,500,2,0.1115990041,0
1537376160,Prod-EcsStagingCluster-EcsCluster-1AAGQRFIOE9AE,Service_beiakkdem1vi3j5fejlg,500,2,0.1005604046,0
1537397400,Prod-EcsStagingCluster-EcsCluster-1AAGQRFIOE9AE,Service_beiakkdem1vi3j5fejlg,500,2,0.0926557105,0
1537401600,Prod-EcsStagingCluster-EcsCluster-1AAGQRFIOE9AE,Service_beiakkdem1vi3j5fejlg,500,2,0.1023374203,0
1537424940,Prod-EcsStagingCluster-EcsCluster-1AAGQRFIOE9AE,Service_beiakkdem1vi3j5fejlg,500,2,0.1491248673,0
1537422840,Prod-EcsStagingCluster-EcsCluster-1AAGQRFIOE9AE,Service_beiakkdem1vi3j5fejlg,500,2,0.1030124069,0
1537359120,Prod-EcsStagingCluster-EcsCluster-1AAGQRFIOE9AE,Service_beiakkdem1vi3j5fejlg,500,2,0.1104087202,0
1537373940,Prod-EcsStagingCluster-EcsCluster-1AAGQRFIOE9AE,Service_beiakkdem1vi3j5fejlg,500,2,0.1239450667,0
1537399380,Prod-EcsStagingCluster-EcsCluster-1AAGQRFIOE9AE,Service_beiakkdem1vi3j5fejlg,500,2,0.1155101560,0
1537356900,Prod-EcsStagingCluster-EcsCluster-1AAGQRFIOE9AE,Service_beiakkdem1vi3j5fejlg,500,2,0.1114480746,0
1537371720,Prod-EcsStagingCluster-EcsCluster-1AAGQRFIOE9AE,Service_beiakkdem1vi3j5fejlg,500,2,0.1488075361,0
1537397160,Prod-EcsStagingCluster-EcsCluster-1AAGQRFIOE9AE,Service_beiakkdem1vi3j5fejlg,500,2,0.1090948542,0
1537354680,Prod-EcsStagingCluster-EcsCluster-1AAGQRFIOE9AE,Service_beiakkdem1vi3j5fejlg,500,2,0.1134622802,0
1537399260,Prod-EcsStagingCluster-EcsCluster-1AAGQRFIOE9AE,Service_beiakkdem1vi3j5fejlg,500,2,0.1058369400,0
1537369500,Prod-EcsStagingCluster-EcsCluster-1AAGQRFIOE9AE,Service_beiakkdem1vi3j5fejlg,500,2,0.1186303865,0
1537356780,Prod-EcsStagingCluster-EcsCluster-1AAGQRFIOE9AE,Service_beiakkdem1vi3j5fejlg,500,2,0.1098034409,0
1537427880,Prod-EcsStagingCluster-EcsCluster-1AAGQRFIOE9AE,Service_beiakkdem1vi3j5fejlg,500,2,0.0939107388,0
1537431060,Prod-EcsStagingCluster-EcsCluster-1AAGQRFIOE9AE,Service_beiakkdem1vi3j5fejlg,500,2,0.1020192592,0
1537394940,Prod-EcsStagingCluster-EcsCluster-1AAGQRFIOE9AE,Service_beiakkdem1vi3j5fejlg,500,2,0.1018177990,0
1537382220,Prod-EcsStagingCluster-EcsCluster-1AAGQRFIOE9AE,Service_beiakkdem1vi3j5fejlg,500,2,0.1182440201,0
1537355640,Prod-EcsStagingCluster-EcsCluster-1AAGQRFIOE9AE,Service_beiakkdem1vi3j5fejlg,500,2,0.1023223642,0
1537358820,Prod-EcsStagingCluster-EcsCluster-1AAGQRFIOE9AE,Service_beiakkdem1vi3j5fejlg,500,2,0.1100505852,0
1537362000,Prod-EcsStagingCluster-EcsCluster-1AAGQRFIOE9AE,Service_beiakkdem1vi3j5fejlg,500,2,0.1214535967,0
1537359720,Prod-EcsStagingCluster-EcsCluster-1AAGQRFIOE9AE,Service_beiakkdem1vi3j5fejlg,500,2,0.1019196967,0
1537362900,Prod-EcsStagingCluster-EcsCluster-1AAGQRFIOE9AE,Service_beiakkdem1vi3j5fejlg,500,2,0.0875604713,0
1537366080,Prod-EcsStagingCluster-EcsCluster-1AAGQRFIOE9AE,Service_beiakkdem1vi3j5fejlg,500,2,0.1111260126,0
1537390380,Prod-EcsStagingCluster-EcsCluster-1AAGQRFIOE9AE,Service_beiakkdem1vi3j5fejlg,500,2,0.1292148981,0
1537415820,Prod-EcsStagingCluster-EcsCluster-1AAGQRFIOE9AE,Service_beiakkdem1vi3j5fejlg,500,2,0.1082741745,0
1537403100,Prod-EcsStagingCluster-EcsCluster-1AAGQRFIOE9AE,Service_beiakkdem1vi3j5fejlg,500,2,0.1270096257,0
1537366980,Prod-EcsStagingCluster-EcsCluster-1AAGQRFIOE9AE,Service_beiakkdem1vi3j5fejlg,500,2,0.1099117153,0
1537370160,Prod-EcsStagingCluster-EcsCluster-1AAGQRFIOE9AE,Service_beiakkdem1vi3j5fejlg,500,2,0.1180672210,0
1537363800,Prod-EcsStagingCluster-EcsCluster-1AAGQRFIOE9AE,Service_beiakkdem1vi3j5fejlg,500,2,0.1077459453,0
1537428540,Prod-EcsStagingCluster-EcsCluster-1AAGQRFIOE9AE,Service_beiakkdem1vi3j5fejlg,500,2,0.0994106714,0
1537392420,Prod-EcsStagingCluster-EcsCluster-1AAGQRFIOE9AE,Service_beiakkdem1vi3j5fejlg,500,2,0.1094015621,0
1537395600,Prod-EcsStagingCluster-EcsCluster-1AAGQRFIOE9AE,Service_beiakkdem1vi3j5fejlg,500,2,0.1055128871,0
1537389240,Prod-EcsStagingCluster-EcsCluster-1AAGQRFIOE9AE,Service_beiakkdem1vi3j5fejlg,500,2,0.1019725226,0
1537396560,Prod-EcsStagingCluster-EcsCluster-1AAGQRFIOE9AE,Service_beiakkdem1vi3j5fejlg,500,2,0.0978135268,0
1537390200,Prod-EcsStagingCluster-EcsCluster-1AAGQRFIOE9AE,Service_beiakkdem1vi3j5fejlg,500,2,0.1133933849,0
1537371060,Prod-EcsStagingCluster-EcsCluster-1AAGQRFIOE9AE,Service_beiakkdem1vi3j5fejlg,500,2,0.0966942722,0
1537396500,Prod-EcsStagingCluster-EcsCluster-1AAGQRFIOE9AE,Service_beiakkdem1vi3j5fejlg,500,2,0.0864928532,0
1537360380,Prod-EcsStagingCluster-EcsCluster-1AAGQRFIOE9AE,Service_beiakkdem1vi3j5fejlg,500,2,0.1083526327,0
1537347660,Prod-EcsStagingCluster-EcsCluster-1AAGQRFIOE9AE,Service_beiakkdem1vi3j5fejlg,500,2,0.0887627172,0
1537375200,Prod-EcsStagingCluster-EcsCluster-1AAGQRFIOE9AE,Service_beiakkdem1vi3j5fejlg,500,2,0.1115677029,0
1537368840,Prod-EcsStagingCluster-EcsCluster-1AAGQRFIOE9AE,Service_beiakkdem1vi3j5fejlg,500,2,0.1262186870,0
1537400640,Prod-EcsStagingCluster-EcsCluster-1AAGQRFIOE9AE,Service_beiakkdem1vi3j5fejlg,500,2,0.0872578045,0
1537423980,Prod-EcsStagingCluster-EcsCluster-1AAGQRFIOE9AE,Service_beiakkdem1vi3j5fejlg,500,2,0.1035663110,0
1537394280,Prod-EcsStagingCluster-EcsCluster-1AAGQRFIOE9AE,Service_beiakkdem1vi3j5fejlg,500,2,0.0946894119,0
1537400580,Prod-EcsStagingCluster-EcsCluster-1AAGQRFIOE9AE,Service_beiakkdem1vi3j5fejlg,500,2,0.1106982853,0
1537426020,Prod-EcsStagingCluster-EcsCluster-1AAGQRFIOE9AE,Service_beiakkdem1vi3j5fejlg,500,2,0.0956370348,0
1537404720,Prod-EcsStagingCluster-EcsCluster-1AAGQRFIOE9AE,Service_beiakkdem1vi3j5fejlg,500,2,0.1072003005,0
1537398360,Prod-EcsStagingCluster-EcsCluster-1AAGQRFIOE9AE,Service_beiakkdem1vi3j5fejlg,500,2,0.1023376778,0
1537423800,Prod-EcsStagingCluster-EcsCluster-1AAGQRFIOE9AE,Service_beiakkdem1vi3j5fejlg,500,2,0.1143031025,0
1537430160,Prod-EcsStagingCluster-EcsCluster-1AAGQRFIOE9AE,Service_beiakkdem1vi3j5fejlg,500,2,0.1010182697,0
1537404660,Prod-EcsStagingCluster-EcsCluster-1AAGQRFIOE9AE,Service_beiakkdem1vi3j5fejlg,500,2,0.0996845019,0
1537355820,Prod-EcsStagingCluster-EcsCluster-1AAGQRFIOE9AE,Service_beiakkdem1vi3j5fejlg,500,2,0.0993498002,0
1537368540,Prod-EcsStagingCluster-EcsCluster-1AAGQRFIOE9AE,Service_beiakkdem1vi3j5fejlg,500,2,0.1128561577,0
1537430100,Prod-EcsStagingCluster-EcsCluster-1AAGQRFIOE9AE,Service_beiakkdem1vi3j5fejlg,500,2,0.1022101800,0
1537381260,Prod-EcsStagingCluster-EcsCluster-1AAGQRFIOE9AE,Service_beiakkdem1vi3j5fejlg,500,2,0.0911425878,0
1537393980,Prod-EcsStagingCluster-EcsCluster-1AAGQRFIOE9AE,Service_beiakkdem1vi3j5fejlg,500,2,0.0918375427,0
1537357860,Prod-EcsStagingCluster-EcsCluster-1AAGQRFIOE9AE,Service_beiakkdem1vi3j5fejlg,500,2,0.0903985779,0
1537402440,Prod-EcsStagingCluster-EcsCluster-1AAGQRFIOE9AE,Service_beiakkdem1vi3j5fejlg,500,2,0.0942177267,0
1537408800,Prod-EcsStagingCluster-EcsCluster-1AAGQRFIOE9AE,Service_beiakkdem1vi3j5fejlg,500,2,0.1314668181,0
1537403400,Prod-EcsStagingCluster-EcsCluster-1AAGQRFIOE9AE,Service_beiakkdem1vi3j5fejlg,500,2,0.1008588521,0
1537406580,Prod-EcsStagingCluster-EcsCluster-1AAGQRFIOE9AE,Service_beiakkdem1vi3j5fejlg,500,2,0.1159299805,0
1537428840,Prod-EcsStagingCluster-EcsCluster-1AAGQRFIOE9AE,Service_beiakkdem1vi3j5fejlg,500,2,0.1110609371,0
1537365120,Prod-EcsStagingCluster-EcsCluster-1AAGQRFIOE9AE,Service_beiakkdem1vi3j5fejlg,500,2,0.1451647468,0
1537359780,Prod-EcsStagingCluster-EcsCluster-1AAGQRFIOE9AE,Service_beiakkdem1vi3j5fejlg,500,2,0.1012212813,0
1537356600,Prod-EcsStagingCluster-EcsCluster-1AAGQRFIOE9AE,Service_beiakkdem1vi3j5fejlg,500,2,0.1198437637,0
1537389420,Prod-EcsStagingCluster-EcsCluster-1AAGQRFIOE9AE,Service_beiakkdem1vi3j5fejlg,500,2,0.0971139033,0
1537414860,Prod-EcsStagingCluster-EcsCluster-1AAGQRFIOE9AE,Service_beiakkdem1vi3j5fejlg,500,2,0.0997577573,0
1537402140,Prod-EcsStagingCluster-EcsCluster-1AAGQRFIOE9AE,Service_beiakkdem1vi3j5fejlg,500,2,0.1033895396,0
1537369200,Prod-EcsStagingCluster-EcsCluster-1AAGQRFIOE9AE,Service_beiakkdem1vi3j5fejlg,500,2,0.1182227690,0
1537427580,Prod-EcsStagingCluster-EcsCluster-1AAGQRFIOE9AE,Service_beiakkdem1vi3j5fejlg,500,2,0.1005252078,0
1537360680,Prod-EcsStagingCluster-EcsCluster-1AAGQRFIOE9AE,Service_beiakkdem1vi3j5fejlg,500,2,0.1204617232,0
1537363860,Prod-EcsStagingCluster-EcsCluster-1AAGQRFIOE9AE,Service_beiakkdem1vi3j5fejlg,500,2,0.1079411455,0
1537394640,Prod-EcsStagingCluster-EcsCluster-1AAGQRFIOE9AE,Service_beiakkdem1vi3j5fejlg,500,2,0.0992974087,0
1537373280,Prod-EcsStagingCluster-EcsCluster-1AAGQRFIOE9AE,Service_beiakkdem1vi3j5fejlg,500,2,0.1116337213,0
1537367940,Prod-EcsStagingCluster-EcsCluster-1AAGQRFIOE9AE,Service_beiakkdem1vi3j5fejlg,500,2,0.0974399641,0
1537398720,Prod-EcsStagingCluster-EcsCluster-1AAGQRFIOE9AE,Service_beiakkdem1vi3j5fejlg,500,2,0.1036690233,0
1537364760,Prod-EcsStagingCluster-EcsCluster-1AAGQRFIOE9AE,Service_beiakkdem1vi3j5fejlg,500,2,0.1177567076,0
1537359420,Prod-EcsStagingCluster-EcsCluster-1AAGQRFIOE9AE,Service_beiakkdem1vi3j5fejlg,500,2,0.1095293552,0
1537393380,Prod-EcsStagingCluster-EcsCluster-1AAGQRFIOE9AE,Service_beiakkdem1vi3j5fejlg,500,2,0.0924363740,0
1537346700,Prod-EcsStagingCluster-EcsCluster-1AAGQRFIOE9AE,Service_beiakkdem1vi3j5fejlg,500,2,0.1085068129,0
1537374240,Prod-EcsStagingCluster-EcsCluster-1AAGQRFIOE9AE,Service_beiakkdem1vi3j5fejlg,500,2,0.1182865528,0
1537365720,Prod-EcsStagingCluster-EcsCluster-1AAGQRFIOE9AE,Service_beiakkdem1vi3j5fejlg,500,2,0.1182624730,0
1537399680,Prod-EcsStagingCluster-EcsCluster-1AAGQRFIOE9AE,Service_beiakkdem1vi3j5fejlg,500,2,0.1073669502,0
1537423020,Prod-EcsStagingCluster-EcsCluster-1AAGQRFIOE9AE,Service_beiakkdem1vi3j5fejlg,500,2,0.1128939891,0
1537391160,Prod-EcsStagingCluster-EcsCluster-1AAGQRFIOE9AE,Service_beiakkdem1vi3j5fejlg,500,2,0.1080663786,0
1537372020,Prod-EcsStagingCluster-EcsCluster-1AAGQRFIOE9AE,Service_beiakkdem1vi3j5fejlg,500,2,0.1138477456,0
1537397460,Prod-EcsStagingCluster-EcsCluster-1AAGQRFIOE9AE,Service_beiakkdem1vi3j5fejlg,500,2,0.1072428999,0
1537369800,Prod-EcsStagingCluster-EcsCluster-1AAGQRFIOE9AE,Service_beiakkdem1vi3j5fejlg,500,2,0.1131420075,0
1537403760,Prod-EcsStagingCluster-EcsCluster-1AAGQRFIOE9AE,Service_beiakkdem1vi3j5fejlg,500,2,0.0985526152,0
1537395240,Prod-EcsStagingCluster-EcsCluster-1AAGQRFIOE9AE,Service_beiakkdem1vi3j5fejlg,500,2,0.0893034282,0
1537429200,Prod-EcsStagingCluster-EcsCluster-1AAGQRFIOE9AE,Service_beiakkdem1vi3j5fejlg,500,2,0.0820098579,0
1537380300,Prod-EcsStagingCluster-EcsCluster-1AAGQRFIOE9AE,Service_beiakkdem1vi3j5fejlg,500,2,0.1029361532,0
1537354860,Prod-EcsStagingCluster-EcsCluster-1AAGQRFIOE9AE,Service_beiakkdem1vi3j5fejlg,500,2,0.1110998969,0
1537367580,Prod-EcsStagingCluster-EcsCluster-1AAGQRFIOE9AE,Service_beiakkdem1vi3j5fejlg,500,2,0.0985142828,0
1537401540,Prod-EcsStagingCluster-EcsCluster-1AAGQRFIOE9AE,Service_beiakkdem1vi3j5fejlg,500,2,0.1086493536,0
1537393020,Prod-EcsStagingCluster-EcsCluster-1AAGQRFIOE9AE,Service_beiakkdem1vi3j5fejlg,500,2,0.0923407640,0
1537426980,Prod-EcsStagingCluster-EcsCluster-1AAGQRFIOE9AE,Service_beiakkdem1vi3j5fejlg,500,2,0.1029534686,0
1537407840,Prod-EcsStagingCluster-EcsCluster-1AAGQRFIOE9AE,Service_beiakkdem1vi3j5fejlg,500,2,0.1300115172,0
1537399320,Prod-EcsStagingCluster-EcsCluster-1AAGQRFIOE9AE,Service_beiakkdem1vi3j5fejlg,500,2,0.1094564295,0
1537424760,Prod-EcsStagingCluster-EcsCluster-1AAGQRFIOE9AE,Service_beiakkdem1vi3j5fejlg,500,2,0.1204067210,0
1537361040,Prod-EcsStagingCluster-EcsCluster-1AAGQRFIOE9AE,Service_beiakkdem1vi3j5fejlg,500,2,0.1199498351,0
1537405620,Prod-EcsStagingCluster-EcsCluster-1AAGQRFIOE9AE,Service_beiakkdem1vi3j5fejlg,500,2,0.1030908535,0
1537406640,Prod-EcsStagingCluster-EcsCluster-1AAGQRFIOE9AE,Service_beiakkdem1vi3j5fejlg,500,2,0.1414451303,0
1537400280,Prod-EcsStagingCluster-EcsCluster-1AAGQRFIOE9AE,Service_beiakkdem1vi3j5fejlg,500,2,0.1069814493,0
1537403460,Prod-EcsStagingCluster-EcsCluster-1AAGQRFIOE9AE,Service_beiakkdem1vi3j5fejlg,500,2,0.1018833145,0
1537422540,Prod-EcsStagingCluster-EcsCluster-1AAGQRFIOE9AE,Service_beiakkdem1vi3j5fejlg,500,2,0.1181208604,0
1537430940,Prod-EcsStagingCluster-EcsCluster-1AAGQRFIOE9AE,Service_beiakkdem1vi3j5fejlg,500,2,0.0997571065,0
1537388460,Prod-EcsStagingCluster-EcsCluster-1AAGQRFIOE9AE,Service_beiakkdem1vi3j5fejlg,500,2,0.1081693485,0
1537417080,Prod-EcsStagingCluster-EcsCluster-1AAGQRFIOE9AE,Service_beiakkdem1vi3j5fejlg,500,2,0.1139013939,0
1537420260,Prod-EcsStagingCluster-EcsCluster-1AAGQRFIOE9AE,Service_beiakkdem1vi3j5fejlg,500,2,0.1460119618,0
1537423440,Prod-EcsStagingCluster-EcsCluster-1AAGQRFIOE9AE,Service_beiakkdem1vi3j5fejlg,500,2,0.1142681813,0
1537396860,Prod-EcsStagingCluster-EcsCluster-1AAGQRFIOE9AE,Service_beiakkdem1vi3j5fejlg,500,2,0.1108332035,0
1537400040,Prod-EcsStagingCluster-EcsCluster-1AAGQRFIOE9AE,Service_beiakkdem1vi3j5fejlg,500,2,0.1093359550,0
1537403220,Prod-EcsStagingCluster-EcsCluster-1AAGQRFIOE9AE,Service_beiakkdem1vi3j5fejlg,500,2,0.0984653028,0
1537406400,Prod-EcsStagingCluster-EcsCluster-1AAGQRFIOE9AE,Service_beiakkdem1vi3j5fejlg,500,2,0.1011053807,0
1537354380,Prod-EcsStagingCluster-EcsCluster-1AAGQRFIOE9AE,Service_beiakkdem1vi3j5fejlg,500,2,0.1100779016,0
1537372320,Prod-EcsStagingCluster-EcsCluster-1AAGQRFIOE9AE,Service_beiakkdem1vi3j5fejlg,500,2,0.1059862979,0
1537362780,Prod-EcsStagingCluster-EcsCluster-1AAGQRFIOE9AE,Service_beiakkdem1vi3j5fejlg,500,2,0.1042409317,0
1537365960,Prod-EcsStagingCluster-EcsCluster-1AAGQRFIOE9AE,Service_beiakkdem1vi3j5fejlg,500,2,0.1209017432,0
1537369140,Prod-EcsStagingCluster-EcsCluster-1AAGQRFIOE9AE,Service_beiakkdem1vi3j5fejlg,500,2,0.1186186458,0
1537355280,Prod-EcsStagingCluster-EcsCluster-1AAGQRFIOE9AE,Service_beiakkdem1vi3j5fejlg,500,2,0.1396064784,0
1537348920,Prod-EcsStagingCluster-EcsCluster-1AAGQRFIOE9AE,Service_beiakkdem1vi3j5fejlg,500,2,0.1078935667,0
1537352100,Prod-EcsStagingCluster-EcsCluster-1AAGQRFIOE9AE,Service_beiakkdem1vi3j5fejlg,500,2,0.1272584410,0
1537422060,Prod-EcsStagingCluster-EcsCluster-1AAGQRFIOE9AE,Service_beiakkdem1vi3j5fejlg,500,2,0.1110237325,0
1537356240,Prod-EcsStagingCluster-EcsCluster-1AAGQRFIOE9AE,Service_beiakkdem1vi3j5fejlg,500,2,0.0989316091,0
1537349880,Prod-EcsStagingCluster-EcsCluster-1AAGQRFIOE9AE,Service_beiakkdem1vi3j5fejlg,500,2,0.1109702362,0
1537368900,Prod-EcsStagingCluster-EcsCluster-1AAGQRFIOE9AE,Service_beiakkdem1vi3j5fejlg,500,2,0.1178929602,0
1537430460,Prod-EcsStagingCluster-EcsCluster-1AAGQRFIOE9AE,Service_beiakkdem1vi3j5fejlg,500,2,0.0986461078,0
1537387980,Prod-EcsStagingCluster-EcsCluster-1AAGQRFIOE9AE,Service_beiakkdem1vi3j5fejlg,500,2,0.1133845846,0
1537366680,Prod-EcsStagingCluster-EcsCluster-1AAGQRFIOE9AE,Service_beiakkdem1vi3j5fejlg,500,2,0.1075055180,0
1537373040,Prod-EcsStagingCluster-EcsCluster-1AAGQRFIOE9AE,Service_beiakkdem1vi3j5fejlg,500,2,0.1084717217,0
1537396380,Prod-EcsStagingCluster-EcsCluster-1AAGQRFIOE9AE,Service_beiakkdem1vi3j5fejlg,500,2,0.0960458397,0
1537353900,Prod-EcsStagingCluster-EcsCluster-1AAGQRFIOE9AE,Service_beiakkdem1vi3j5fejlg,500,2,0.1119341747,0
1537402740,Prod-EcsStagingCluster-EcsCluster-1AAGQRFIOE9AE,Service_beiakkdem1vi3j5fejlg,500,2,0.1020106755,0
1537385700,Prod-EcsStagingCluster-EcsCluster-1AAGQRFIOE9AE,Service_beiakkdem1vi3j5fejlg,500,2,0.0945977416,0
1537362300,Prod-EcsStagingCluster-EcsCluster-1AAGQRFIOE9AE,Service_beiakkdem1vi3j5fejlg,500,2,0.1115524333,0
1537400520,Prod-EcsStagingCluster-EcsCluster-1AAGQRFIOE9AE,Service_beiakkdem1vi3j5fejlg,500,2,0.1113110249,0
1537406880,Prod-EcsStagingCluster-EcsCluster-1AAGQRFIOE9AE,Service_beiakkdem1vi3j5fejlg,500,2,0.1135587373,0
1537368660,Prod-EcsStagingCluster-EcsCluster-1AAGQRFIOE9AE,Service_beiakkdem1vi3j5fejlg,500,2,0.1228894908,0
1537383480,Prod-EcsStagingCluster-EcsCluster-1AAGQRFIOE9AE,Service_beiakkdem1vi3j5fejlg,500,2,0.1035032216,0
1537389840,Prod-EcsStagingCluster-EcsCluster-1AAGQRFIOE9AE,Service_beiakkdem1vi3j5fejlg,500,2,0.1052837281,0
1537366440,Prod-EcsStagingCluster-EcsCluster-1AAGQRFIOE9AE,Service_beiakkdem1vi3j5fejlg,500,2,0.1055230006,0
1537372800,Prod-EcsStagingCluster-EcsCluster-1AAGQRFIOE9AE,Service_beiakkdem1vi3j5fejlg,500,2,0.1048199394,0
1537402500,Prod-EcsStagingCluster-EcsCluster-1AAGQRFIOE9AE,Service_beiakkdem1vi3j5fejlg,500,2,0.1016323747,0
1537421580,Prod-EcsStagingCluster-EcsCluster-1AAGQRFIOE9AE,Service_beiakkdem1vi3j5fejlg,500,2,0.1070855265,0
1537429980,Prod-EcsStagingCluster-EcsCluster-1AAGQRFIOE9AE,Service_beiakkdem1vi3j5fejlg,500,2,0.0872084151,0
1537367400,Prod-EcsStagingCluster-EcsCluster-1AAGQRFIOE9AE,Service_beiakkdem1vi3j5fejlg,500,2,0.1083990172,0
1537370580,Prod-EcsStagingCluster-EcsCluster-1AAGQRFIOE9AE,Service_beiakkdem1vi3j5fejlg,500,2,0.1198860555,0
1537387500,Prod-EcsStagingCluster-EcsCluster-1AAGQRFIOE9AE,Service_beiakkdem1vi3j5fejlg,500,2,0.1067330059,0
1537404420,Prod-EcsStagingCluster-EcsCluster-1AAGQRFIOE9AE,Service_beiakkdem1vi3j5fejlg,500,2,0.1013435078,0
1537401240,Prod-EcsStagingCluster-EcsCluster-1AAGQRFIOE9AE,Service_beiakkdem1vi3j5fejlg,500,2,0.0858308113,0
1537422480,Prod-EcsStagingCluster-EcsCluster-1AAGQRFIOE9AE,Service_beiakkdem1vi3j5fejlg,500,2,0.1166182654,0
1537395900,Prod-EcsStagingCluster-EcsCluster-1AAGQRFIOE9AE,Service_beiakkdem1vi3j5fejlg,500,2,0.0975846594,0
1537405440,Prod-EcsStagingCluster-EcsCluster-1AAGQRFIOE9AE,Service_beiakkdem1vi3j5fejlg,500,2,0.1041386560,0
1537353420,Prod-EcsStagingCluster-EcsCluster-1AAGQRFIOE9AE,Service_beiakkdem1vi3j5fejlg,500,2,0.1075702202,0
1537371360,Prod-EcsStagingCluster-EcsCluster-1AAGQRFIOE9AE,Service_beiakkdem1vi3j5fejlg,500,2,0.0962094633,0
1537418040,Prod-EcsStagingCluster-EcsCluster-1AAGQRFIOE9AE,Service_beiakkdem1vi3j5fejlg,500,2,0.1322889075,0
1537361820,Prod-EcsStagingCluster-EcsCluster-1AAGQRFIOE9AE,Service_beiakkdem1vi3j5fejlg,500,2,0.1203500941,0
1537421220,Prod-EcsStagingCluster-EcsCluster-1AAGQRFIOE9AE,Service_beiakkdem1vi3j5fejlg,500,2,0.1175144716,0
1537401000,Prod-EcsStagingCluster-EcsCluster-1AAGQRFIOE9AE,Service_beiakkdem1vi3j5fejlg,500,2,0.1070856326,0
1537404180,Prod-EcsStagingCluster-EcsCluster-1AAGQRFIOE9AE,Service_beiakkdem1vi3j5fejlg,500,2,0.1279606475,0
1537354320,Prod-EcsStagingCluster-EcsCluster-1AAGQRFIOE9AE,Service_beiakkdem1vi3j5fejlg,500,2,0.1090577233,0
1537421100,Prod-EcsStagingCluster-EcsCluster-1AAGQRFIOE9AE,Service_beiakkdem1vi3j5fejlg,500,2,0.1166158186,0
1537370100,Prod-EcsStagingCluster-EcsCluster-1AAGQRFIOE9AE,Service_beiakkdem1vi3j5fejlg,500,2,0.1209511331,0
1537366920,Prod-EcsStagingCluster-EcsCluster-1AAGQRFIOE9AE,Service_beiakkdem1vi3j5fejlg,500,2,0.1356007317,0
1537371120,Prod-EcsStagingCluster-EcsCluster-1AAGQRFIOE9AE,Service_beiakkdem1vi3j5fejlg,500,2,0.0825056706,0
1537429500,Prod-EcsStagingCluster-EcsCluster-1AAGQRFIOE9AE,Service_beiakkdem1vi3j5fejlg,500,2,0.1008184105,0
1537353060,Prod-EcsStagingCluster-EcsCluster-1AAGQRFIOE9AE,Service_beiakkdem1vi3j5fejlg,500,2,0.1100516507,0
1537387020,Prod-EcsStagingCluster-EcsCluster-1AAGQRFIOE9AE,Service_beiakkdem1vi3j5fejlg,500,2,0.1057894777,0
1537367880,Prod-EcsStagingCluster-EcsCluster-1AAGQRFIOE9AE,Service_beiakkdem1vi3j5fejlg,500,2,0.0974922766,0
1537372080,Prod-EcsStagingCluster-EcsCluster-1AAGQRFIOE9AE,Service_beiakkdem1vi3j5fejlg,500,2,0.1068136877,0
1537395420,Prod-EcsStagingCluster-EcsCluster-1AAGQRFIOE9AE,Service_beiakkdem1vi3j5fejlg,500,2,0.0879737042,0
1537352940,Prod-EcsStagingCluster-EcsCluster-1AAGQRFIOE9AE,Service_beiakkdem1vi3j5fejlg,500,2,0.1127065653,0
1537350840,Prod-EcsStagingCluster-EcsCluster-1AAGQRFIOE9AE,Service_beiakkdem1vi3j5fejlg,500,2,0.1103727622,0
1537369860,Prod-EcsStagingCluster-EcsCluster-1AAGQRFIOE9AE,Service_beiakkdem1vi3j5fejlg,500,2,0.1223128137,0
1537361340,Prod-EcsStagingCluster-EcsCluster-1AAGQRFIOE9AE,Service_beiakkdem1vi3j5fejlg,500,2,0.1206262541,0
1537405920,Prod-EcsStagingCluster-EcsCluster-1AAGQRFIOE9AE,Service_beiakkdem1vi3j5fejlg,500,2,0.0976098100,0
1537367640,Prod-EcsStagingCluster-EcsCluster-1AAGQRFIOE9AE,Service_beiakkdem1vi3j5fejlg,500,2,0.0980533734,0
1537388880,Prod-EcsStagingCluster-EcsCluster-1AAGQRFIOE9AE,Service_beiakkdem1vi3j5fejlg,500,2,0.0998712536,0
1537403700,Prod-EcsStagingCluster-EcsCluster-1AAGQRFIOE9AE,Service_beiakkdem1vi3j5fejlg,500,2,0.0989789248,0
1537371840,Prod-EcsStagingCluster-EcsCluster-1AAGQRFIOE9AE,Service_beiakkdem1vi3j5fejlg,500,2,0.1056241508,0
1537386660,Prod-EcsStagingCluster-EcsCluster-1AAGQRFIOE9AE,Service_beiakkdem1vi3j5fejlg,500,2,0.1238044078,0
1537420620,Prod-EcsStagingCluster-EcsCluster-1AAGQRFIOE9AE,Service_beiakkdem1vi3j5fejlg,500,2,0.1534738327,0
1537401480,Prod-EcsStagingCluster-EcsCluster-1AAGQRFIOE9AE,Service_beiakkdem1vi3j5fejlg,500,2,0.1008566165,0
1537405680,Prod-EcsStagingCluster-EcsCluster-1AAGQRFIOE9AE,Service_beiakkdem1vi3j5fejlg,500,2,0.0902878517,0
1537429020,Prod-EcsStagingCluster-EcsCluster-1AAGQRFIOE9AE,Service_beiakkdem1vi3j5fejlg,500,2,0.1016096947,0
1537369620,Prod-EcsStagingCluster-EcsCluster-1AAGQRFIOE9AE,Service_beiakkdem1vi3j5fejlg,500,2,0.1207100278,0
1537386540,Prod-EcsStagingCluster-EcsCluster-1AAGQRFIOE9AE,Service_beiakkdem1vi3j5fejlg,500,2,0.1076222388,0
1537384440,Prod-EcsStagingCluster-EcsCluster-1AAGQRFIOE9AE,Service_beiakkdem1vi3j5fejlg,500,2,0.0976685186,0
1537398120,Prod-EcsStagingCluster-EcsCluster-1AAGQRFIOE9AE,Service_beiakkdem1vi3j5fejlg,500,2,0.1220837151,0
1537401300,Prod-EcsStagingCluster-EcsCluster-1AAGQRFIOE9AE,Service_beiakkdem1vi3j5fejlg,500,2,0.1106301372,0
1537404480,Prod-EcsStagingCluster-EcsCluster-1AAGQRFIOE9AE,Service_beiakkdem1vi3j5fejlg,500,2,0.0999779808,0
1537385400,Prod-EcsStagingCluster-EcsCluster-1AAGQRFIOE9AE,Service_beiakkdem1vi3j5fejlg,500,2,0.1163572018,0
1537388580,Prod-EcsStagingCluster-EcsCluster-1AAGQRFIOE9AE,Service_beiakkdem1vi3j5fejlg,500,2,0.1079060636,0
1537391760,Prod-EcsStagingCluster-EcsCluster-1AAGQRFIOE9AE,Service_beiakkdem1vi3j5fejlg,500,2,0.1046861544,0
1537352460,Prod-EcsStagingCluster-EcsCluster-1AAGQRFIOE9AE,Service_beiakkdem1vi3j5fejlg,500,2,0.1138922105,0
1537365180,Prod-EcsStagingCluster-EcsCluster-1AAGQRFIOE9AE,Service_beiakkdem1vi3j5fejlg,500,2,0.1200420169,0
1537364040,Prod-EcsStagingCluster-EcsCluster-1AAGQRFIOE9AE,Service_beiakkdem1vi3j5fejlg,500,2,0.1064350271,0
1537367220,Prod-EcsStagingCluster-EcsCluster-1AAGQRFIOE9AE,Service_beiakkdem1vi3j5fejlg,500,2,0.1107108024,0
1537370400,Prod-EcsStagingCluster-EcsCluster-1AAGQRFIOE9AE,Service_beiakkdem1vi3j5fejlg,500,2,0.1202587508,0
1537405380,Prod-EcsStagingCluster-EcsCluster-1AAGQRFIOE9AE,Service_beiakkdem1vi3j5fejlg,500,2,0.1033324453,0
1537408560,Prod-EcsStagingCluster-EcsCluster-1AAGQRFIOE9AE,Service_beiakkdem1vi3j5fejlg,500,2,0.1338458610,0
1537402200,Prod-EcsStagingCluster-EcsCluster-1AAGQRFIOE9AE,Service_beiakkdem1vi3j5fejlg,500,2,0.0981111133,0
1537420140,Prod-EcsStagingCluster-EcsCluster-1AAGQRFIOE9AE,Service_beiakkdem1vi3j5fejlg,500,2,0.1510681871,0
1537419000,Prod-EcsStagingCluster-EcsCluster-1AAGQRFIOE9AE,Service_beiakkdem1vi3j5fejlg,500,2,0.1345780086,0
1537422180,Prod-EcsStagingCluster-EcsCluster-1AAGQRFIOE9AE,Service_beiakkdem1vi3j5fejlg,500,2,0.1213365540,0
1537425360,Prod-EcsStagingCluster-EcsCluster-1AAGQRFIOE9AE,Service_beiakkdem1vi3j5fejlg,500,2,0.1090801612,0
1537398780,Prod-EcsStagingCluster-EcsCluster-1AAGQRFIOE9AE,Service_beiakkdem1vi3j5fejlg,500,2,0.1057452328,0
1537386060,Prod-EcsStagingCluster-EcsCluster-1AAGQRFIOE9AE,Service_beiakkdem1vi3j5fejlg,500,2,0.0994056126,0
1537397640,Prod-EcsStagingCluster-EcsCluster-1AAGQRFIOE9AE,Service_beiakkdem1vi3j5fejlg,500,2,0.1045883111,0
1537351980,Prod-EcsStagingCluster-EcsCluster-1AAGQRFIOE9AE,Service_beiakkdem1vi3j5fejlg,500,2,0.0961723094,0
1537400820,Prod-EcsStagingCluster-EcsCluster-1AAGQRFIOE9AE,Service_beiakkdem1vi3j5fejlg,500,2,0.1059293344,0
1537364700,Prod-EcsStagingCluster-EcsCluster-1AAGQRFIOE9AE,Service_beiakkdem1vi3j5fejlg,500,2,0.1124364332,0
1537354020,Prod-EcsStagingCluster-EcsCluster-1AAGQRFIOE9AE,Service_beiakkdem1vi3j5fejlg,500,2,0.1120075881,0
1537366740,Prod-EcsStagingCluster-EcsCluster-1AAGQRFIOE9AE,Service_beiakkdem1vi3j5fejlg,500,2,0.1081142188,0
1537398600,Prod-EcsStagingCluster-EcsCluster-1AAGQRFIOE9AE,Service_beiakkdem1vi3j5fejlg,500,2,0.1064039193,0
1537404960,Prod-EcsStagingCluster-EcsCluster-1AAGQRFIOE9AE,Service_beiakkdem1vi3j5fejlg,500,2,0.1011913444,0
1537364520,Prod-EcsStagingCluster-EcsCluster-1AAGQRFIOE9AE,Service_beiakkdem1vi3j5fejlg,500,2,0.1323331417,0
1537358160,Prod-EcsStagingCluster-EcsCluster-1AAGQRFIOE9AE,Service_beiakkdem1vi3j5fejlg,500,2,0.1096673087,0
1537351800,Prod-EcsStagingCluster-EcsCluster-1AAGQRFIOE9AE,Service_beiakkdem1vi3j5fejlg,500,2,0.0983291760,0
1537370880,Prod-EcsStagingCluster-EcsCluster-1AAGQRFIOE9AE,Service_beiakkdem1vi3j5fejlg,500,2,0.1092455332,0
1537370820,Prod-EcsStagingCluster-EcsCluster-1AAGQRFIOE9AE,Service_beiakkdem1vi3j5fejlg,500,2,0.1088092851,0
1537419660,Prod-EcsStagingCluster-EcsCluster-1AAGQRFIOE9AE,Service_beiakkdem1vi3j5fejlg,500,2,0.1380029827,0
1537368600,Prod-EcsStagingCluster-EcsCluster-1AAGQRFIOE9AE,Service_beiakkdem1vi3j5fejlg,500,2,0.1195872169,0
1537374960,Prod-EcsStagingCluster-EcsCluster-1AAGQRFIOE9AE,Service_beiakkdem1vi3j5fejlg,500,2,0.1099259176,0
1537385580,Prod-EcsStagingCluster-EcsCluster-1AAGQRFIOE9AE,Service_beiakkdem1vi3j5fejlg,500,2,0.1029641643,0
1537398300,Prod-EcsStagingCluster-EcsCluster-1AAGQRFIOE9AE,Service_beiakkdem1vi3j5fejlg,500,2,0.1041536300,0
1537400340,Prod-EcsStagingCluster-EcsCluster-1AAGQRFIOE9AE,Service_beiakkdem1vi3j5fejlg,500,2,0.1111333021,0
1537387620,Prod-EcsStagingCluster-EcsCluster-1AAGQRFIOE9AE,Service_beiakkdem1vi3j5fejlg,500,2,0.1047386772,0
1537364220,Prod-EcsStagingCluster-EcsCluster-1AAGQRFIOE9AE,Service_beiakkdem1vi3j5fejlg,500,2,0.1115120190,0
1537351500,Prod-EcsStagingCluster-EcsCluster-1AAGQRFIOE9AE,Service_beiakkdem1vi3j5fejlg,500,2,0.1101022983,0
1537369440,Prod-EcsStagingCluster-EcsCluster-1AAGQRFIOE9AE,Service_beiakkdem1vi3j5fejlg,500,2,0.1180512614,0
1537407600,Prod-EcsStagingCluster-EcsCluster-1AAGQRFIOE9AE,Service_beiakkdem1vi3j5fejlg,500,2,0.1195982648,0
1537399080,Prod-EcsStagingCluster-EcsCluster-1AAGQRFIOE9AE,Service_beiakkdem1vi3j5fejlg,500,2,0.1199932662,0
1537402260,Prod-EcsStagingCluster-EcsCluster-1AAGQRFIOE9AE,Service_beiakkdem1vi3j5fejlg,500,2,0.1034706066,0
1537386360,Prod-EcsStagingCluster-EcsCluster-1AAGQRFIOE9AE,Service_beiakkdem1vi3j5fejlg,500,2,0.1073102532,0
1537389540,Prod-EcsStagingCluster-EcsCluster-1AAGQRFIOE9AE,Service_beiakkdem1vi3j5fejlg,500,2,0.1013731303,0
1537419180,Prod-EcsStagingCluster-EcsCluster-1AAGQRFIOE9AE,Service_beiakkdem1vi3j5fejlg,500,2,0.1399471567,0
1537365000,Prod-EcsStagingCluster-EcsCluster-1AAGQRFIOE9AE,Service_beiakkdem1vi3j5fejlg,500,2,0.1192536408,0
1537368180,Prod-EcsStagingCluster-EcsCluster-1AAGQRFIOE9AE,Service_beiakkdem1vi3j5fejlg,500,2,0.1104426233,0
1537403160,Prod-EcsStagingCluster-EcsCluster-1AAGQRFIOE9AE,Service_beiakkdem1vi3j5fejlg,500,2,0.1075445640,0
1537406340,Prod-EcsStagingCluster-EcsCluster-1AAGQRFIOE9AE,Service_beiakkdem1vi3j5fejlg,500,2,0.1091349801,0
1537424400,Prod-EcsStagingCluster-EcsCluster-1AAGQRFIOE9AE,Service_beiakkdem1vi3j5fejlg,500,2,0.1149325255,0
1537397820,Prod-EcsStagingCluster-EcsCluster-1AAGQRFIOE9AE,Service_beiakkdem1vi3j5fejlg,500,2,0.1056703606,0
1537385100,Prod-EcsStagingCluster-EcsCluster-1AAGQRFIOE9AE,Service_beiakkdem1vi3j5fejlg,500,2,0.1112704991,0
1537351020,Prod-EcsStagingCluster-EcsCluster-1AAGQRFIOE9AE,Service_beiakkdem1vi3j5fejlg,500,2,0.1082888147,0
1537403040,Prod-EcsStagingCluster-EcsCluster-1AAGQRFIOE9AE,Service_beiakkdem1vi3j5fejlg,500,2,0.1031211103,0
1537363740,Prod-EcsStagingCluster-EcsCluster-1AAGQRFIOE9AE,Service_beiakkdem1vi3j5fejlg,500,2,0.0918092695,0
1537419960,Prod-EcsStagingCluster-EcsCluster-1AAGQRFIOE9AE,Service_beiakkdem1vi3j5fejlg,500,2,0.1378856091,0
1537423140,Prod-EcsStagingCluster-EcsCluster-1AAGQRFIOE9AE,Service_beiakkdem1vi3j5fejlg,500,2,0.1144329392,0
1537404000,Prod-EcsStagingCluster-EcsCluster-1AAGQRFIOE9AE,Service_beiakkdem1vi3j5fejlg,500,2,0.1041627488,0
1537420920,Prod-EcsStagingCluster-EcsCluster-1AAGQRFIOE9AE,Service_beiakkdem1vi3j5fejlg,500,2,0.0910726856,0
1537357200,Prod-EcsStagingCluster-EcsCluster-1AAGQRFIOE9AE,Service_beiakkdem1vi3j5fejlg,500,2,0.1122636830,0
1537401780,Prod-EcsStagingCluster-EcsCluster-1AAGQRFIOE9AE,Service_beiakkdem1vi3j5fejlg,500,2,0.1241371465,0
1537369920,Prod-EcsStagingCluster-EcsCluster-1AAGQRFIOE9AE,Service_beiakkdem1vi3j5fejlg,500,2,0.1219491434,0
1537418700,Prod-EcsStagingCluster-EcsCluster-1AAGQRFIOE9AE,Service_beiakkdem1vi3j5fejlg,500,2,0.1344872141,0
1537431420,Prod-EcsStagingCluster-EcsCluster-1AAGQRFIOE9AE,Service_beiakkdem1vi3j5fejlg,500,2,0.1128277951,0
1537354980,Prod-EcsStagingCluster-EcsCluster-1AAGQRFIOE9AE,Service_beiakkdem1vi3j5fejlg,500,2,0.1109575906,0
1537367700,Prod-EcsStagingCluster-EcsCluster-1AAGQRFIOE9AE,Service_beiakkdem1vi3j5fejlg,500,2,0.0967528113,0
1537399560,Prod-EcsStagingCluster-EcsCluster-1AAGQRFIOE9AE,Service_beiakkdem1vi3j5fejlg,500,2,0.1047426759,0
1537374000,Prod-EcsStagingCluster-EcsCluster-1AAGQRFIOE9AE,Service_beiakkdem1vi3j5fejlg,500,2,0.1078185660,0
1537384620,Prod-EcsStagingCluster-EcsCluster-1AAGQRFIOE9AE,Service_beiakkdem1vi3j5fejlg,500,2,0.1073935841,0
1537365480,Prod-EcsStagingCluster-EcsCluster-1AAGQRFIOE9AE,Service_beiakkdem1vi3j5fejlg,500,2,0.1201258278,0
1537352760,Prod-EcsStagingCluster-EcsCluster-1AAGQRFIOE9AE,Service_beiakkdem1vi3j5fejlg,500,2,0.1133467596,0
1537397340,Prod-EcsStagingCluster-EcsCluster-1AAGQRFIOE9AE,Service_beiakkdem1vi3j5fejlg,500,2,0.1084904689,0
1537371780,Prod-EcsStagingCluster-EcsCluster-1AAGQRFIOE9AE,Service_beiakkdem1vi3j5fejlg,500,2,0.1039943908,0
1537363260,Prod-EcsStagingCluster-EcsCluster-1AAGQRFIOE9AE,Service_beiakkdem1vi3j5fejlg,500,2,0.0973950495,0
1537350540,Prod-EcsStagingCluster-EcsCluster-1AAGQRFIOE9AE,Service_beiakkdem1vi3j5fejlg,500,2,0.1325289208,0
1537369560,Prod-EcsStagingCluster-EcsCluster-1AAGQRFIOE9AE,Service_beiakkdem1vi3j5fejlg,500,2,0.1051760280,0
1537403520,Prod-EcsStagingCluster-EcsCluster-1AAGQRFIOE9AE,Service_beiakkdem1vi3j5fejlg,500,2,0.0995450099,0
1537390800,Prod-EcsStagingCluster-EcsCluster-1AAGQRFIOE9AE,Service_beiakkdem1vi3j5fejlg,500,2,0.1062194675,0
1537413000,Prod-EcsStagingCluster-EcsCluster-1AAGQRFIOE9AE,Service_beiakkdem1vi3j5fejlg,500,2,0.0901302832,0
1537390740,Prod-EcsStagingCluster-EcsCluster-1AAGQRFIOE9AE,Service_beiakkdem1vi3j5fejlg,500,2,0.1063573094,0
1537370520,Prod-EcsStagingCluster-EcsCluster-1AAGQRFIOE9AE,Service_beiakkdem1vi3j5fejlg,500,2,0.1130859590,0
1537367340,Prod-EcsStagingCluster-EcsCluster-1AAGQRFIOE9AE,Service_beiakkdem1vi3j5fejlg,500,2,0.1105675212,0
1537351440,Prod-EcsStagingCluster-EcsCluster-1AAGQRFIOE9AE,Service_beiakkdem1vi3j5fejlg,500,2,0.1062190560,0
1537419360,Prod-EcsStagingCluster-EcsCluster-1AAGQRFIOE9AE,Service_beiakkdem1vi3j5fejlg,500,2,0.1360547034,0
1537395960,Prod-EcsStagingCluster-EcsCluster-1AAGQRFIOE9AE,Service_beiakkdem1vi3j5fejlg,500,2,0.0964040311,0
1537376880,Prod-EcsStagingCluster-EcsCluster-1AAGQRFIOE9AE,Service_beiakkdem1vi3j5fejlg,500,2,0.1183644511,0
1537427760,Prod-EcsStagingCluster-EcsCluster-1AAGQRFIOE9AE,Service_beiakkdem1vi3j5fejlg,500,2,0.0965146185,0
1537402320,Prod-EcsStagingCluster-EcsCluster-1AAGQRFIOE9AE,Service_beiakkdem1vi3j5fejlg,500,2,0.1028672305,0
1537418220,Prod-EcsStagingCluster-EcsCluster-1AAGQRFIOE9AE,Service_beiakkdem1vi3j5fejlg,500,2,0.1324739389,0
1537421400,Prod-EcsStagingCluster-EcsCluster-1AAGQRFIOE9AE,Service_beiakkdem1vi3j5fejlg,500,2,0.1098178790,0
1537348020,Prod-EcsStagingCluster-EcsCluster-1AAGQRFIOE9AE,Service_beiakkdem1vi3j5fejlg,500,2,0.1121350236,0
1537392540,Prod-EcsStagingCluster-EcsCluster-1AAGQRFIOE9AE,Service_beiakkdem1vi3j5fejlg,500,2,0.1076457943,0
1537370280,Prod-EcsStagingCluster-EcsCluster-1AAGQRFIOE9AE,Service_beiakkdem1vi3j5fejlg,500,2,0.1063783718,0
1537376640,Prod-EcsStagingCluster-EcsCluster-1AAGQRFIOE9AE,Service_beiakkdem1vi3j5fejlg,500,2,0.1125194236,0
1537421160,Prod-EcsStagingCluster-EcsCluster-1AAGQRFIOE9AE,Service_beiakkdem1vi3j5fejlg,500,2,0.1142731157,0
1537398900,Prod-EcsStagingCluster-EcsCluster-1AAGQRFIOE9AE,Service_beiakkdem1vi3j5fejlg,500,2,0.1180095052,0
1537375500,Prod-EcsStagingCluster-EcsCluster-1AAGQRFIOE9AE,Service_beiakkdem1vi3j5fejlg,500,2,0.1107765895,0
1537381860,Prod-EcsStagingCluster-EcsCluster-1AAGQRFIOE9AE,Service_beiakkdem1vi3j5fejlg,500,2,0.1149389640,0
1537356420,Prod-EcsStagingCluster-EcsCluster-1AAGQRFIOE9AE,Service_beiakkdem1vi3j5fejlg,500,2,0.1100624180,0
1537427520,Prod-EcsStagingCluster-EcsCluster-1AAGQRFIOE9AE,Service_beiakkdem1vi3j5fejlg,500,2,0.1014072001,0
1537407300,Prod-EcsStagingCluster-EcsCluster-1AAGQRFIOE9AE,Service_beiakkdem1vi3j5fejlg,500,2,0.1127652439,0
1537426380,Prod-EcsStagingCluster-EcsCluster-1AAGQRFIOE9AE,Service_beiakkdem1vi3j5fejlg,500,2,0.1129558432,0
1537430520,Prod-EcsStagingCluster-EcsCluster-1AAGQRFIOE9AE,Service_beiakkdem1vi3j5fejlg,500,2,0.1008478188,0
1537349820,Prod-EcsStagingCluster-EcsCluster-1AAGQRFIOE9AE,Service_beiakkdem1vi3j5fejlg,500,2,0.1101908308,0
1537356180,Prod-EcsStagingCluster-EcsCluster-1AAGQRFIOE9AE,Service_beiakkdem1vi3j5fejlg,500,2,0.0985954937,0
1537400700,Prod-EcsStagingCluster-EcsCluster-1AAGQRFIOE9AE,Service_beiakkdem1vi3j5fejlg,500,2,0.1059512701,0
1537407060,Prod-EcsStagingCluster-EcsCluster-1AAGQRFIOE9AE,Service_beiakkdem1vi3j5fejlg,500,2,0.1119498435,0
1537383660,Prod-EcsStagingCluster-EcsCluster-1AAGQRFIOE9AE,Service_beiakkdem1vi3j5fejlg,500,2,0.1022488823,0
1537360320,Prod-EcsStagingCluster-EcsCluster-1AAGQRFIOE9AE,Service_beiakkdem1vi3j5fejlg,500,2,0.1088181269,0
1537353960,Prod-EcsStagingCluster-EcsCluster-1AAGQRFIOE9AE,Service_beiakkdem1vi3j5fejlg,500,2,0.1080212097,0
1537404840,Prod-EcsStagingCluster-EcsCluster-1AAGQRFIOE9AE,Service_beiakkdem1vi3j5fejlg,500,2,0.1009030575,0
1537411200,Prod-EcsStagingCluster-EcsCluster-1AAGQRFIOE9AE,Service_beiakkdem1vi3j5fejlg,500,2,0.1081344233,0
1537357980,Prod-EcsStagingCluster-EcsCluster-1AAGQRFIOE9AE,Service_beiakkdem1vi3j5fejlg,500,2,0.1180985834,0
1537364340,Prod-EcsStagingCluster-EcsCluster-1AAGQRFIOE9AE,Service_beiakkdem1vi3j5fejlg,500,2,0.1117399780,0
1537408860,Prod-EcsStagingCluster-EcsCluster-1AAGQRFIOE9AE,Service_beiakkdem1vi3j5fejlg,500,2,0.1290227956,0
1537415220,Prod-EcsStagingCluster-EcsCluster-1AAGQRFIOE9AE,Service_beiakkdem1vi3j5fejlg,500,2,0.0992210754,0
1537372740,Prod-EcsStagingCluster-EcsCluster-1AAGQRFIOE9AE,Service_beiakkdem1vi3j5fejlg,500,2,0.1160986554,0
1537347300,Prod-EcsStagingCluster-EcsCluster-1AAGQRFIOE9AE,Service_beiakkdem1vi3j5fejlg,500,2,0.1093055117,0
1537391820,Prod-EcsStagingCluster-EcsCluster-1AAGQRFIOE9AE,Service_beiakkdem1vi3j5fejlg,500,2,0.1046730144,0
1537398180,Prod-EcsStagingCluster-EcsCluster-1AAGQRFIOE9AE,Service_beiakkdem1vi3j5fejlg,500,2,0.0912399481,0
1537362120,Prod-EcsStagingCluster-EcsCluster-1AAGQRFIOE9AE,Service_beiakkdem1vi3j5fejlg,500,2,0.1224245540,0
1537368480,Prod-EcsStagingCluster-EcsCluster-1AAGQRFIOE9AE,Service_beiakkdem1vi3j5fejlg,500,2,0.1100083376,0
1537366260,Prod-EcsStagingCluster-EcsCluster-1AAGQRFIOE9AE,Service_beiakkdem1vi3j5fejlg,500,2,0.1086455570,0
1537417140,Prod-EcsStagingCluster-EcsCluster-1AAGQRFIOE9AE,Service_beiakkdem1vi3j5fejlg,500,2,0.1249685739,0
1537388520,Prod-EcsStagingCluster-EcsCluster-1AAGQRFIOE9AE,Service_beiakkdem1vi3j5fejlg,500,2,0.1096676842,0
1537374660,Prod-EcsStagingCluster-EcsCluster-1AAGQRFIOE9AE,Service_beiakkdem1vi3j5fejlg,500,2,0.1102722280,0
1537349220,Prod-EcsStagingCluster-EcsCluster-1AAGQRFIOE9AE,Service_beiakkdem1vi3j5fejlg,500,2,0.1005464730,0
1537366140,Prod-EcsStagingCluster-EcsCluster-1AAGQRFIOE9AE,Service_beiakkdem1vi3j5fejlg,500,2,0.1073126560,0
1537400100,Prod-EcsStagingCluster-EcsCluster-1AAGQRFIOE9AE,Service_beiakkdem1vi3j5fejlg,500,2,0.1157145983,0
1537350240,Prod-EcsStagingCluster-EcsCluster-1AAGQRFIOE9AE,Service_beiakkdem1vi3j5fejlg,500,2,0.1093692198,0
1537425540,Prod-EcsStagingCluster-EcsCluster-1AAGQRFIOE9AE,Service_beiakkdem1vi3j5fejlg,500,2,0.1129781221,0
1537349100,Prod-EcsStagingCluster-EcsCluster-1AAGQRFIOE9AE,Service_beiakkdem1vi3j5fejlg,500,2,0.1194043691,0
1537417020,Prod-EcsStagingCluster-EcsCluster-1AAGQRFIOE9AE,Service_beiakkdem1vi3j5fejlg,500,2,0.1144273072,0
1537401120,Prod-EcsStagingCluster-EcsCluster-1AAGQRFIOE9AE,Service_beiakkdem1vi3j5fejlg,500,2,0.1108849002,0
1537358640,Prod-EcsStagingCluster-EcsCluster-1AAGQRFIOE9AE,Service_beiakkdem1vi3j5fejlg,500,2,0.0814191362,0
1537409520,Prod-EcsStagingCluster-EcsCluster-1AAGQRFIOE9AE,Service_beiakkdem1vi3j5fejlg,500,2,0.1158501163,0
1537384080,Prod-EcsStagingCluster-EcsCluster-1AAGQRFIOE9AE,Service_beiakkdem1vi3j5fejlg,500,2,0.1007801837,0
1537399980,Prod-EcsStagingCluster-EcsCluster-1AAGQRFIOE9AE,Service_beiakkdem1vi3j5fejlg,500,2,0.1482974512,0
1537345800,Prod-EcsStagingCluster-EcsCluster-1AAGQRFIOE9AE,Service_beiakkdem1vi3j5fejlg,500,2,0.1122219775,0
1537396680,Prod-EcsStagingCluster-EcsCluster-1AAGQRFIOE9AE,Service_beiakkdem1vi3j5fejlg,500,2,0.1107093654,0
1537374420,Prod-EcsStagingCluster-EcsCluster-1AAGQRFIOE9AE,Service_beiakkdem1vi3j5fejlg,500,2,0.1074072671,0
1537354200,Prod-EcsStagingCluster-EcsCluster-1AAGQRFIOE9AE,Service_beiakkdem1vi3j5fejlg,500,2,0.1105110698,0
1537379640,Prod-EcsStagingCluster-EcsCluster-1AAGQRFIOE9AE,Service_beiakkdem1vi3j5fejlg,500,2,0.0961084095,0
1537425300,Prod-EcsStagingCluster-EcsCluster-1AAGQRFIOE9AE,Service_beiakkdem1vi3j5fejlg,500,2,0.0997168203,0
1537374300,Prod-EcsStagingCluster-EcsCluster-1AAGQRFIOE9AE,Service_beiakkdem1vi3j5fejlg,500,2,0.1203869555,0
1537405080,Prod-EcsStagingCluster-EcsCluster-1AAGQRFIOE9AE,Service_beiakkdem1vi3j5fejlg,500,2,0.1047452222,0
1537358400,Prod-EcsStagingCluster-EcsCluster-1AAGQRFIOE9AE,Service_beiakkdem1vi3j5fejlg,500,2,0.1063107541,0
1537423080,Prod-EcsStagingCluster-EcsCluster-1AAGQRFIOE9AE,Service_beiakkdem1vi3j5fejlg,500,2,0.1265187318,0
1537357260,Prod-EcsStagingCluster-EcsCluster-1AAGQRFIOE9AE,Service_beiakkdem1vi3j5fejlg,500,2,0.1095765244,0
1537425180,Prod-EcsStagingCluster-EcsCluster-1AAGQRFIOE9AE,Service_beiakkdem1vi3j5fejlg,500,2,0.1401747793,0
1537384800,Prod-EcsStagingCluster-EcsCluster-1AAGQRFIOE9AE,Service_beiakkdem1vi3j5fejlg,500,2,0.0996780047,0
1537408140,Prod-EcsStagingCluster-EcsCluster-1AAGQRFIOE9AE,Service_beiakkdem1vi3j5fejlg,500,2,0.1229734797,0
1537393200,Prod-EcsStagingCluster-EcsCluster-1AAGQRFIOE9AE,Service_beiakkdem1vi3j5fejlg,500,2,0.0925453695,0
1537367760,Prod-EcsStagingCluster-EcsCluster-1AAGQRFIOE9AE,Service_beiakkdem1vi3j5fejlg,500,2,0.0982856817,0
1537418640,Prod-EcsStagingCluster-EcsCluster-1AAGQRFIOE9AE,Service_beiakkdem1vi3j5fejlg,500,2,0.1377483622,0
1537382580,Prod-EcsStagingCluster-EcsCluster-1AAGQRFIOE9AE,Service_beiakkdem1vi3j5fejlg,500,2,0.1109028201,0
1537390980,Prod-EcsStagingCluster-EcsCluster-1AAGQRFIOE9AE,Service_beiakkdem1vi3j5fejlg,500,2,0.1118670077,0
1537365540,Prod-EcsStagingCluster-EcsCluster-1AAGQRFIOE9AE,Service_beiakkdem1vi3j5fejlg,500,2,0.1194938651,0
1537382460,Prod-EcsStagingCluster-EcsCluster-1AAGQRFIOE9AE,Service_beiakkdem1vi3j5fejlg,500,2,0.1111203087,0
1537416420,Prod-EcsStagingCluster-EcsCluster-1AAGQRFIOE9AE,Service_beiakkdem1vi3j5fejlg,500,2,0.0977292306,0
1537380360,Prod-EcsStagingCluster-EcsCluster-1AAGQRFIOE9AE,Service_beiakkdem1vi3j5fejlg,500,2,0.1025926608,0
1537431240,Prod-EcsStagingCluster-EcsCluster-1AAGQRFIOE9AE,Service_beiakkdem1vi3j5fejlg,500,2,0.1007273674,0
1537365420,Prod-EcsStagingCluster-EcsCluster-1AAGQRFIOE9AE,Service_beiakkdem1vi3j5fejlg,500,2,0.1178267957,0
1537388760,Prod-EcsStagingCluster-EcsCluster-1AAGQRFIOE9AE,Service_beiakkdem1vi3j5fejlg,500,2,0.0945915101,0
1537363320,Prod-EcsStagingCluster-EcsCluster-1AAGQRFIOE9AE,Service_beiakkdem1vi3j5fejlg,500,2,0.0986668949,0
1537414200,Prod-EcsStagingCluster-EcsCluster-1AAGQRFIOE9AE,Service_beiakkdem1vi3j5fejlg,500,2,0.0971598490,0
1537392960,Prod-EcsStagingCluster-EcsCluster-1AAGQRFIOE9AE,Service_beiakkdem1vi3j5fejlg,500,2,0.1003817777,0
1537416300,Prod-EcsStagingCluster-EcsCluster-1AAGQRFIOE9AE,Service_beiakkdem1vi3j5fejlg,500,2,0.0991442714,0
1537346100,Prod-EcsStagingCluster-EcsCluster-1AAGQRFIOE9AE,Service_beiakkdem1vi3j5fejlg,500,2,0.1135553464,0
1537396980,Prod-EcsStagingCluster-EcsCluster-1AAGQRFIOE9AE,Service_beiakkdem1vi3j5fejlg,500,2,0.1147773685,0
1537368360,Prod-EcsStagingCluster-EcsCluster-1AAGQRFIOE9AE,Service_beiakkdem1vi3j5fejlg,500,2,0.1100048650,0
1537374720,Prod-EcsStagingCluster-EcsCluster-1AAGQRFIOE9AE,Service_beiakkdem1vi3j5fejlg,500,2,0.0919124998,0
1537419240,Prod-EcsStagingCluster-EcsCluster-1AAGQRFIOE9AE,Service_beiakkdem1vi3j5fejlg,500,2,0.1432475992,0
1537425600,Prod-EcsStagingCluster-EcsCluster-1AAGQRFIOE9AE,Service_beiakkdem1vi3j5fejlg,500,2,0.1079267789,0
1537373580,Prod-EcsStagingCluster-EcsCluster-1AAGQRFIOE9AE,Service_beiakkdem1vi3j5fejlg,500,2,0.1213018709,0
1537386300,Prod-EcsStagingCluster-EcsCluster-1AAGQRFIOE9AE,Service_beiakkdem1vi3j5fejlg,500,2,0.1079426922,0
1537372440,Prod-EcsStagingCluster-EcsCluster-1AAGQRFIOE9AE,Service_beiakkdem1vi3j5fejlg,500,2,0.1053281289,0
1537353360,Prod-EcsStagingCluster-EcsCluster-1AAGQRFIOE9AE,Service_beiakkdem1vi3j5fejlg,500,2,0.1123850608,0
1537347000,Prod-EcsStagingCluster-EcsCluster-1AAGQRFIOE9AE,Service_beiakkdem1vi3j5fejlg,500,2,0.1093403534,0
1537424460,Prod-EcsStagingCluster-EcsCluster-1AAGQRFIOE9AE,Service_beiakkdem1vi3j5fejlg,500,2,0.1166557710,0
1537397880,Prod-EcsStagingCluster-EcsCluster-1AAGQRFIOE9AE,Service_beiakkdem1vi3j5fejlg,500,2,0.1059902364,0
1537378800,Prod-EcsStagingCluster-EcsCluster-1AAGQRFIOE9AE,Service_beiakkdem1vi3j5fejlg,500,2,0.1226513312,0
1537423320,Prod-EcsStagingCluster-EcsCluster-1AAGQRFIOE9AE,Service_beiakkdem1vi3j5fejlg,500,2,0.1154340673,0
1537429680,Prod-EcsStagingCluster-EcsCluster-1AAGQRFIOE9AE,Service_beiakkdem1vi3j5fejlg,500,2,0.1009049701,0
1537404240,Prod-EcsStagingCluster-EcsCluster-1AAGQRFIOE9AE,Service_beiakkdem1vi3j5fejlg,500,2,0.1012396158,0
1537376520,Prod-EcsStagingCluster-EcsCluster-1AAGQRFIOE9AE,Service_beiakkdem1vi3j5fejlg,500,2,0.1231542958,0
1537354260,Prod-EcsStagingCluster-EcsCluster-1AAGQRFIOE9AE,Service_beiakkdem1vi3j5fejlg,500,2,0.1187539946,0
1537405140,Prod-EcsStagingCluster-EcsCluster-1AAGQRFIOE9AE,Service_beiakkdem1vi3j5fejlg,500,2,0.1015387308,0
1537382880,Prod-EcsStagingCluster-EcsCluster-1AAGQRFIOE9AE,Service_beiakkdem1vi3j5fejlg,500,2,0.1179720194,0
1537427400,Prod-EcsStagingCluster-EcsCluster-1AAGQRFIOE9AE,Service_beiakkdem1vi3j5fejlg,500,2,0.1039139941,0
1537394460,Prod-EcsStagingCluster-EcsCluster-1AAGQRFIOE9AE,Service_beiakkdem1vi3j5fejlg,500,2,0.0965440337,0
1537381740,Prod-EcsStagingCluster-EcsCluster-1AAGQRFIOE9AE,Service_beiakkdem1vi3j5fejlg,500,2,0.1157904548,0
1537402920,Prod-EcsStagingCluster-EcsCluster-1AAGQRFIOE9AE,Service_beiakkdem1vi3j5fejlg,500,2,0.1070874388,0
1537358340,Prod-EcsStagingCluster-EcsCluster-1AAGQRFIOE9AE,Service_beiakkdem1vi3j5fejlg,500,2,0.1098893472,0
1537409280,Prod-EcsStagingCluster-EcsCluster-1AAGQRFIOE9AE,Service_beiakkdem1vi3j5fejlg,500,2,0.1153607289,0
1537409220,Prod-EcsStagingCluster-EcsCluster-1AAGQRFIOE9AE,Service_beiakkdem1vi3j5fejlg,500,2,0.1187087402,0
1537383780,Prod-EcsStagingCluster-EcsCluster-1AAGQRFIOE9AE,Service_beiakkdem1vi3j5fejlg,500,2,0.1001808180,0
1537356120,Prod-EcsStagingCluster-EcsCluster-1AAGQRFIOE9AE,Service_beiakkdem1vi3j5fejlg,500,2,0.0985899361,0
1537362480,Prod-EcsStagingCluster-EcsCluster-1AAGQRFIOE9AE,Service_beiakkdem1vi3j5fejlg,500,2,0.1201315570,0
1537407000,Prod-EcsStagingCluster-EcsCluster-1AAGQRFIOE9AE,Service_beiakkdem1vi3j5fejlg,500,2,0.1133706937,0
1537413360,Prod-EcsStagingCluster-EcsCluster-1AAGQRFIOE9AE,Service_beiakkdem1vi3j5fejlg,500,2,0.1146728475,0
1537381560,Prod-EcsStagingCluster-EcsCluster-1AAGQRFIOE9AE,Service_beiakkdem1vi3j5fejlg,500,2,0.1158351516,0
1537387920,Prod-EcsStagingCluster-EcsCluster-1AAGQRFIOE9AE,Service_beiakkdem1vi3j5fejlg,500,2,0.1134721870,0
1537362420,Prod-EcsStagingCluster-EcsCluster-1AAGQRFIOE9AE,Service_beiakkdem1vi3j5fejlg,500,2,0.1210809668,0
1537413300,Prod-EcsStagingCluster-EcsCluster-1AAGQRFIOE9AE,Service_beiakkdem1vi3j5fejlg,500,2,0.0941032315,0
1537351740,Prod-EcsStagingCluster-EcsCluster-1AAGQRFIOE9AE,Service_beiakkdem1vi3j5fejlg,500,2,0.1010233100,0
1537402620,Prod-EcsStagingCluster-EcsCluster-1AAGQRFIOE9AE,Service_beiakkdem1vi3j5fejlg,500,2,0.1025873474,0
1537360200,Prod-EcsStagingCluster-EcsCluster-1AAGQRFIOE9AE,Service_beiakkdem1vi3j5fejlg,500,2,0.0959470692,0
1537366560,Prod-EcsStagingCluster-EcsCluster-1AAGQRFIOE9AE,Service_beiakkdem1vi3j5fejlg,500,2,0.1083307218,0
1537389900,Prod-EcsStagingCluster-EcsCluster-1AAGQRFIOE9AE,Service_beiakkdem1vi3j5fejlg,500,2,0.1076513408,0
1537411080,Prod-EcsStagingCluster-EcsCluster-1AAGQRFIOE9AE,Service_beiakkdem1vi3j5fejlg,500,2,0.1117141623,0
1537417440,Prod-EcsStagingCluster-EcsCluster-1AAGQRFIOE9AE,Service_beiakkdem1vi3j5fejlg,500,2,0.1431824803,0
1537399200,Prod-EcsStagingCluster-EcsCluster-1AAGQRFIOE9AE,Service_beiakkdem1vi3j5fejlg,500,2,0.1068087087,0
1537347180,Prod-EcsStagingCluster-EcsCluster-1AAGQRFIOE9AE,Service_beiakkdem1vi3j5fejlg,500,2,0.1087483085,0
1537390680,Prod-EcsStagingCluster-EcsCluster-1AAGQRFIOE9AE,Service_beiakkdem1vi3j5fejlg,500,2,0.1065272173,0
1537365240,Prod-EcsStagingCluster-EcsCluster-1AAGQRFIOE9AE,Service_beiakkdem1vi3j5fejlg,500,2,0.1174104345,0
1537416120,Prod-EcsStagingCluster-EcsCluster-1AAGQRFIOE9AE,Service_beiakkdem1vi3j5fejlg,500,2,0.1604269670,0
1537359900,Prod-EcsStagingCluster-EcsCluster-1AAGQRFIOE9AE,Service_beiakkdem1vi3j5fejlg,500,2,0.1031826314,0
1537410780,Prod-EcsStagingCluster-EcsCluster-1AAGQRFIOE9AE,Service_beiakkdem1vi3j5fejlg,500,2,0.1053637041,0
1537398060,Prod-EcsStagingCluster-EcsCluster-1AAGQRFIOE9AE,Service_beiakkdem1vi3j5fejlg,500,2,0.1044254668,0
1537394760,Prod-EcsStagingCluster-EcsCluster-1AAGQRFIOE9AE,Service_beiakkdem1vi3j5fejlg,500,2,0.0948601011,0
1537372500,Prod-EcsStagingCluster-EcsCluster-1AAGQRFIOE9AE,Service_beiakkdem1vi3j5fejlg,500,2,0.0886069847,0
1537423380,Prod-EcsStagingCluster-EcsCluster-1AAGQRFIOE9AE,Service_beiakkdem1vi3j5fejlg,500,2,0.1163399891,0
1537356480,Prod-EcsStagingCluster-EcsCluster-1AAGQRFIOE9AE,Service_beiakkdem1vi3j5fejlg,500,2,0.1103139524,0
1537351140,Prod-EcsStagingCluster-EcsCluster-1AAGQRFIOE9AE,Service_beiakkdem1vi3j5fejlg,500,2,0.1095627431,0
1537355340,Prod-EcsStagingCluster-EcsCluster-1AAGQRFIOE9AE,Service_beiakkdem1vi3j5fejlg,500,2,0.1125736114,0
1537376580,Prod-EcsStagingCluster-EcsCluster-1AAGQRFIOE9AE,Service_beiakkdem1vi3j5fejlg,500,2,0.0993182424,0
1537407360,Prod-EcsStagingCluster-EcsCluster-1AAGQRFIOE9AE,Service_beiakkdem1vi3j5fejlg,500,2,0.1118588791,0
1537427460,Prod-EcsStagingCluster-EcsCluster-1AAGQRFIOE9AE,Service_beiakkdem1vi3j5fejlg,500,2,0.1012620326,0
1537368060,Prod-EcsStagingCluster-EcsCluster-1AAGQRFIOE9AE,Service_beiakkdem1vi3j5fejlg,500,2,0.0975908359,0
1537402020,Prod-EcsStagingCluster-EcsCluster-1AAGQRFIOE9AE,Service_beiakkdem1vi3j5fejlg,500,2,0.0991629549,0
1537418940,Prod-EcsStagingCluster-EcsCluster-1AAGQRFIOE9AE,Service_beiakkdem1vi3j5fejlg,500,2,0.1336034160,0
1537406220,Prod-EcsStagingCluster-EcsCluster-1AAGQRFIOE9AE,Service_beiakkdem1vi3j5fejlg,500,2,0.1079287272,0
1537360560,Prod-EcsStagingCluster-EcsCluster-1AAGQRFIOE9AE,Service_beiakkdem1vi3j5fejlg,500,2,0.1102709977,0
1537411440,Prod-EcsStagingCluster-EcsCluster-1AAGQRFIOE9AE,Service_beiakkdem1vi3j5fejlg,500,2,0.1060267790,0
1537352040,Prod-EcsStagingCluster-EcsCluster-1AAGQRFIOE9AE,Service_beiakkdem1vi3j5fejlg,500,2,0.0994898089,0
1537386000,Prod-EcsStagingCluster-EcsCluster-1AAGQRFIOE9AE,Service_beiakkdem1vi3j5fejlg,500,2,0.0980791304,0
1537380660,Prod-EcsStagingCluster-EcsCluster-1AAGQRFIOE9AE,Service_beiakkdem1vi3j5fejlg,500,2,0.1118744543,0
1537431540,Prod-EcsStagingCluster-EcsCluster-1AAGQRFIOE9AE,Service_beiakkdem1vi3j5fejlg,500,2,0.1008130943,0
1537378440,Prod-EcsStagingCluster-EcsCluster-1AAGQRFIOE9AE,Service_beiakkdem1vi3j5fejlg,500,2,0.1498217467,0
1537429320,Prod-EcsStagingCluster-EcsCluster-1AAGQRFIOE9AE,Service_beiakkdem1vi3j5fejlg,500,2,0.1018343635,0
1537376220,Prod-EcsStagingCluster-EcsCluster-1AAGQRFIOE9AE,Service_beiakkdem1vi3j5fejlg,500,2,0.0970847018,0
1537363500,Prod-EcsStagingCluster-EcsCluster-1AAGQRFIOE9AE,Service_beiakkdem1vi3j5fejlg,500,2,0.1014347521,0
1537427100,Prod-EcsStagingCluster-EcsCluster-1AAGQRFIOE9AE,Service_beiakkdem1vi3j5fejlg,500,2,0.1033128040,0
1537391040,Prod-EcsStagingCluster-EcsCluster-1AAGQRFIOE9AE,Service_beiakkdem1vi3j5fejlg,500,2,0.1170885225,0
1537414380,Prod-EcsStagingCluster-EcsCluster-1AAGQRFIOE9AE,Service_beiakkdem1vi3j5fejlg,500,2,0.1110301081,0
1537388820,Prod-EcsStagingCluster-EcsCluster-1AAGQRFIOE9AE,Service_beiakkdem1vi3j5fejlg,500,2,0.0982308788,0
1537369680,Prod-EcsStagingCluster-EcsCluster-1AAGQRFIOE9AE,Service_beiakkdem1vi3j5fejlg,500,2,0.1202044156,0
1537420560,Prod-EcsStagingCluster-EcsCluster-1AAGQRFIOE9AE,Service_beiakkdem1vi3j5fejlg,500,2,0.1457781163,0
1537395120,Prod-EcsStagingCluster-EcsCluster-1AAGQRFIOE9AE,Service_beiakkdem1vi3j5fejlg,500,2,0.0760876885,0
1537386600,Prod-EcsStagingCluster-EcsCluster-1AAGQRFIOE9AE,Service_beiakkdem1vi3j5fejlg,500,2,0.1105967256,0
1537392900,Prod-EcsStagingCluster-EcsCluster-1AAGQRFIOE9AE,Service_beiakkdem1vi3j5fejlg,500,2,0.0941362328,0
1537367460,Prod-EcsStagingCluster-EcsCluster-1AAGQRFIOE9AE,Service_beiakkdem1vi3j5fejlg,500,2,0.1112355779,0
1537371660,Prod-EcsStagingCluster-EcsCluster-1AAGQRFIOE9AE,Service_beiakkdem1vi3j5fejlg,500,2,0.1361582897,0
1537384380,Prod-EcsStagingCluster-EcsCluster-1AAGQRFIOE9AE,Service_beiakkdem1vi3j5fejlg,500,2,0.0824321977,0
1537418340,Prod-EcsStagingCluster-EcsCluster-1AAGQRFIOE9AE,Service_beiakkdem1vi3j5fejlg,500,2,0.1362917345,0
1537348320,Prod-EcsStagingCluster-EcsCluster-1AAGQRFIOE9AE,Service_beiakkdem1vi3j5fejlg,500,2,0.1118015891,0
1537357800,Prod-EcsStagingCluster-EcsCluster-1AAGQRFIOE9AE,Service_beiakkdem1vi3j5fejlg,500,2,0.1175214696,0
1537364160,Prod-EcsStagingCluster-EcsCluster-1AAGQRFIOE9AE,Service_beiakkdem1vi3j5fejlg,500,2,0.1103259876,0
1537428900,Prod-EcsStagingCluster-EcsCluster-1AAGQRFIOE9AE,Service_beiakkdem1vi3j5fejlg,500,2,0.1016667043,0
1537408680,Prod-EcsStagingCluster-EcsCluster-1AAGQRFIOE9AE,Service_beiakkdem1vi3j5fejlg,500,2,0.1090334215,0
1537415040,Prod-EcsStagingCluster-EcsCluster-1AAGQRFIOE9AE,Service_beiakkdem1vi3j5fejlg,500,2,0.0971318130,0
1537363020,Prod-EcsStagingCluster-EcsCluster-1AAGQRFIOE9AE,Service_beiakkdem1vi3j5fejlg,500,2,0.0948362063,0
1537413900,Prod-EcsStagingCluster-EcsCluster-1AAGQRFIOE9AE,Service_beiakkdem1vi3j5fejlg,500,2,0.0983863843,0
1537394820,Prod-EcsStagingCluster-EcsCluster-1AAGQRFIOE9AE,Service_beiakkdem1vi3j5fejlg,500,2,0.0796223119,0
1537374600,Prod-EcsStagingCluster-EcsCluster-1AAGQRFIOE9AE,Service_beiakkdem1vi3j5fejlg,500,2,0.1097944129,0
1537380960,Prod-EcsStagingCluster-EcsCluster-1AAGQRFIOE9AE,Service_beiakkdem1vi3j5fejlg,500,2,0.1132547479,0
1537357560,Prod-EcsStagingCluster-EcsCluster-1AAGQRFIOE9AE,Service_beiakkdem1vi3j5fejlg,500,2,0.1442454735,0
1537363920,Prod-EcsStagingCluster-EcsCluster-1AAGQRFIOE9AE,Service_beiakkdem1vi3j5fejlg,500,2,0.1155900188,0
1537425480,Prod-EcsStagingCluster-EcsCluster-1AAGQRFIOE9AE,Service_beiakkdem1vi3j5fejlg,500,2,0.1117497978,0
1537379820,Prod-EcsStagingCluster-EcsCluster-1AAGQRFIOE9AE,Service_beiakkdem1vi3j5fejlg,500,2,0.1004393301,0
1537414800,Prod-EcsStagingCluster-EcsCluster-1AAGQRFIOE9AE,Service_beiakkdem1vi3j5fejlg,500,2,0.0973355526,0
1537408440,Prod-EcsStagingCluster-EcsCluster-1AAGQRFIOE9AE,Service_beiakkdem1vi3j5fejlg,500,2,0.1287659917,0
1537430700,Prod-EcsStagingCluster-EcsCluster-1AAGQRFIOE9AE,Service_beiakkdem1vi3j5fejlg,500,2,0.1006356471,0
1537388220,Prod-EcsStagingCluster-EcsCluster-1AAGQRFIOE9AE,Service_beiakkdem1vi3j5fejlg,500,2,0.1127514504,0
1537394580,Prod-EcsStagingCluster-EcsCluster-1AAGQRFIOE9AE,Service_beiakkdem1vi3j5fejlg,500,2,0.1003177449,0
1537374360,Prod-EcsStagingCluster-EcsCluster-1AAGQRFIOE9AE,Service_beiakkdem1vi3j5fejlg,500,2,0.1090441723,0
1537380720,Prod-EcsStagingCluster-EcsCluster-1AAGQRFIOE9AE,Service_beiakkdem1vi3j5fejlg,500,2,0.1135367145,0
1537354140,Prod-EcsStagingCluster-EcsCluster-1AAGQRFIOE9AE,Service_beiakkdem1vi3j5fejlg,500,2,0.1041974259,0
1537360500,Prod-EcsStagingCluster-EcsCluster-1AAGQRFIOE9AE,Service_beiakkdem1vi3j5fejlg,500,2,0.1003655743,0
1537425240,Prod-EcsStagingCluster-EcsCluster-1AAGQRFIOE9AE,Service_beiakkdem1vi3j5fejlg,500,2,0.1282126336,0
1537431600,Prod-EcsStagingCluster-EcsCluster-1AAGQRFIOE9AE,Service_beiakkdem1vi3j5fejlg,500,2,0.1231963564,0
1537411380,Prod-EcsStagingCluster-EcsCluster-1AAGQRFIOE9AE,Service_beiakkdem1vi3j5fejlg,500,2,0.1071253374,0
1537405020,Prod-EcsStagingCluster-EcsCluster-1AAGQRFIOE9AE,Service_beiakkdem1vi3j5fejlg,500,2,0.1027174396,0
1537358280,Prod-EcsStagingCluster-EcsCluster-1AAGQRFIOE9AE,Service_beiakkdem1vi3j5fejlg,500,2,0.1074603004,0
1537394340,Prod-EcsStagingCluster-EcsCluster-1AAGQRFIOE9AE,Service_beiakkdem1vi3j5fejlg,500,2,0.0819759944,0
1537364640,Prod-EcsStagingCluster-EcsCluster-1AAGQRFIOE9AE,Service_beiakkdem1vi3j5fejlg,500,2,0.1086705114,0
1537409160,Prod-EcsStagingCluster-EcsCluster-1AAGQRFIOE9AE,Service_beiakkdem1vi3j5fejlg,500,2,0.1176858625,0
1537415520,Prod-EcsStagingCluster-EcsCluster-1AAGQRFIOE9AE,Service_beiakkdem1vi3j5fejlg,500,2,0.1047853807,0
1537347600,Prod-EcsStagingCluster-EcsCluster-1AAGQRFIOE9AE,Service_beiakkdem1vi3j5fejlg,500,2,0.0998901615,0
1537392120,Prod-EcsStagingCluster-EcsCluster-1AAGQRFIOE9AE,Service_beiakkdem1vi3j5fejlg,500,2,0.1068053098,0
1537398480,Prod-EcsStagingCluster-EcsCluster-1AAGQRFIOE9AE,Service_beiakkdem1vi3j5fejlg,500,2,0.1038789375,0
1537379340,Prod-EcsStagingCluster-EcsCluster-1AAGQRFIOE9AE,Service_beiakkdem1vi3j5fejlg,500,2,0.0971887133,0
1537360260,Prod-EcsStagingCluster-EcsCluster-1AAGQRFIOE9AE,Service_beiakkdem1vi3j5fejlg,500,2,0.1124415759,0
1537411140,Prod-EcsStagingCluster-EcsCluster-1AAGQRFIOE9AE,Service_beiakkdem1vi3j5fejlg,500,2,0.1346534009,0
1537430220,Prod-EcsStagingCluster-EcsCluster-1AAGQRFIOE9AE,Service_beiakkdem1vi3j5fejlg,500,2,0.1208147303,0
1537358040,Prod-EcsStagingCluster-EcsCluster-1AAGQRFIOE9AE,Service_beiakkdem1vi3j5fejlg,500,2,0.1194037477,0
1537364400,Prod-EcsStagingCluster-EcsCluster-1AAGQRFIOE9AE,Service_beiakkdem1vi3j5fejlg,500,2,0.1077913004,0
1537408920,Prod-EcsStagingCluster-EcsCluster-1AAGQRFIOE9AE,Service_beiakkdem1vi3j5fejlg,500,2,0.1274451256,0
1537415280,Prod-EcsStagingCluster-EcsCluster-1AAGQRFIOE9AE,Service_beiakkdem1vi3j5fejlg,500,2,0.1003842649,0
1537396140,Prod-EcsStagingCluster-EcsCluster-1AAGQRFIOE9AE,Service_beiakkdem1vi3j5fejlg,500,2,0.1008765385,0
1537360020,Prod-EcsStagingCluster-EcsCluster-1AAGQRFIOE9AE,Service_beiakkdem1vi3j5fejlg,500,2,0.1014691864,0
1537353660,Prod-EcsStagingCluster-EcsCluster-1AAGQRFIOE9AE,Service_beiakkdem1vi3j5fejlg,500,2,0.1157782647,0
1537392840,Prod-EcsStagingCluster-EcsCluster-1AAGQRFIOE9AE,Service_beiakkdem1vi3j5fejlg,500,2,0.0921451107,0
1537346160,Prod-EcsStagingCluster-EcsCluster-1AAGQRFIOE9AE,Service_beiakkdem1vi3j5fejlg,500,2,0.1159340757,0
1537404540,Prod-EcsStagingCluster-EcsCluster-1AAGQRFIOE9AE,Service_beiakkdem1vi3j5fejlg,500,2,0.1025064401,0
1537375800,Prod-EcsStagingCluster-EcsCluster-1AAGQRFIOE9AE,Service_beiakkdem1vi3j5fejlg,500,2,0.1130676773,0
1537397040,Prod-EcsStagingCluster-EcsCluster-1AAGQRFIOE9AE,Service_beiakkdem1vi3j5fejlg,500,2,0.1094683647,0
1537370460,Prod-EcsStagingCluster-EcsCluster-1AAGQRFIOE9AE,Service_beiakkdem1vi3j5fejlg,500,2,0.1213661916,0
1537361940,Prod-EcsStagingCluster-EcsCluster-1AAGQRFIOE9AE,Service_beiakkdem1vi3j5fejlg,500,2,0.1225317615,0
1537426680,Prod-EcsStagingCluster-EcsCluster-1AAGQRFIOE9AE,Service_beiakkdem1vi3j5fejlg,500,2,0.1153115707,0
1537421340,Prod-EcsStagingCluster-EcsCluster-1AAGQRFIOE9AE,Service_beiakkdem1vi3j5fejlg,500,2,0.1168308485,0
1537412820,Prod-EcsStagingCluster-EcsCluster-1AAGQRFIOE9AE,Service_beiakkdem1vi3j5fejlg,500,2,0.1053507985,0
1537345920,Prod-EcsStagingCluster-EcsCluster-1AAGQRFIOE9AE,Service_beiakkdem1vi3j5fejlg,500,2,0.1127589033,0
1537392600,Prod-EcsStagingCluster-EcsCluster-1AAGQRFIOE9AE,Service_beiakkdem1vi3j5fejlg,500,2,0.0959939644,0
1537378740,Prod-EcsStagingCluster-EcsCluster-1AAGQRFIOE9AE,Service_beiakkdem1vi3j5fejlg,500,2,0.1220656772,0
1537396800,Prod-EcsStagingCluster-EcsCluster-1AAGQRFIOE9AE,Service_beiakkdem1vi3j5fejlg,500,2,0.1121747689,0
1537361700,Prod-EcsStagingCluster-EcsCluster-1AAGQRFIOE9AE,Service_beiakkdem1vi3j5fejlg,500,2,0.1195047232,0
1537395660,Prod-EcsStagingCluster-EcsCluster-1AAGQRFIOE9AE,Service_beiakkdem1vi3j5fejlg,500,2,0.0846139965,0
1537429620,Prod-EcsStagingCluster-EcsCluster-1AAGQRFIOE9AE,Service_beiakkdem1vi3j5fejlg,500,2,0.1012247907,0
1537412580,Prod-EcsStagingCluster-EcsCluster-1AAGQRFIOE9AE,Service_beiakkdem1vi3j5fejlg,500,2,0.0947922009,0
1537362720,Prod-EcsStagingCluster-EcsCluster-1AAGQRFIOE9AE,Service_beiakkdem1vi3j5fejlg,500,2,0.1311543847,0
1537413600,Prod-EcsStagingCluster-EcsCluster-1AAGQRFIOE9AE,Service_beiakkdem1vi3j5fejlg,500,2,0.1026662742,0
1537345680,Prod-EcsStagingCluster-EcsCluster-1AAGQRFIOE9AE,Service_beiakkdem1vi3j5fejlg,500,2,0.1121309517,0
1537361580,Prod-EcsStagingCluster-EcsCluster-1AAGQRFIOE9AE,Service_beiakkdem1vi3j5fejlg,500,2,0.1099126366,0
1537392360,Prod-EcsStagingCluster-EcsCluster-1AAGQRFIOE9AE,Service_beiakkdem1vi3j5fejlg,500,2,0.1165146845,0
1537410360,Prod-EcsStagingCluster-EcsCluster-1AAGQRFIOE9AE,Service_beiakkdem1vi3j5fejlg,500,2,0.1192885121,0
1537378500,Prod-EcsStagingCluster-EcsCluster-1AAGQRFIOE9AE,Service_beiakkdem1vi3j5fejlg,500,2,0.0992460183,0
1537412460,Prod-EcsStagingCluster-EcsCluster-1AAGQRFIOE9AE,Service_beiakkdem1vi3j5fejlg,500,2,0.0871169696,0
1537429380,Prod-EcsStagingCluster-EcsCluster-1AAGQRFIOE9AE,Service_beiakkdem1vi3j5fejlg,500,2,0.1011217196,0
1537369980,Prod-EcsStagingCluster-EcsCluster-1AAGQRFIOE9AE,Service_beiakkdem1vi3j5fejlg,500,2,0.1214758438,0
1537420860,Prod-EcsStagingCluster-EcsCluster-1AAGQRFIOE9AE,Service_beiakkdem1vi3j5fejlg,500,2,0.1160702436,0
1537376280,Prod-EcsStagingCluster-EcsCluster-1AAGQRFIOE9AE,Service_beiakkdem1vi3j5fejlg,500,2,0.1065173687,0
1537380480,Prod-EcsStagingCluster-EcsCluster-1AAGQRFIOE9AE,Service_beiakkdem1vi3j5fejlg,500,2,0.1100838966,0
1537427160,Prod-EcsStagingCluster-EcsCluster-1AAGQRFIOE9AE,Service_beiakkdem1vi3j5fejlg,500,2,0.1031249735,0
1537386780,Prod-EcsStagingCluster-EcsCluster-1AAGQRFIOE9AE,Service_beiakkdem1vi3j5fejlg,500,2,0.1105120573,0
1537431360,Prod-EcsStagingCluster-EcsCluster-1AAGQRFIOE9AE,Service_beiakkdem1vi3j5fejlg,500,2,0.0849496461,0
1537378260,Prod-EcsStagingCluster-EcsCluster-1AAGQRFIOE9AE,Service_beiakkdem1vi3j5fejlg,500,2,0.1123760879,0
1537346400,Prod-EcsStagingCluster-EcsCluster-1AAGQRFIOE9AE,Service_beiakkdem1vi3j5fejlg,500,2,0.1114405805,0
1537397280,Prod-EcsStagingCluster-EcsCluster-1AAGQRFIOE9AE,Service_beiakkdem1vi3j5fejlg,500,2,0.1105554214,0
1537429140,Prod-EcsStagingCluster-EcsCluster-1AAGQRFIOE9AE,Service_beiakkdem1vi3j5fejlg,500,2,0.1205213271,0
1537376040,Prod-EcsStagingCluster-EcsCluster-1AAGQRFIOE9AE,Service_beiakkdem1vi3j5fejlg,500,2,0.0975406131,0
1537380240,Prod-EcsStagingCluster-EcsCluster-1AAGQRFIOE9AE,Service_beiakkdem1vi3j5fejlg,500,2,0.0983541969,0
1537361100,Prod-EcsStagingCluster-EcsCluster-1AAGQRFIOE9AE,Service_beiakkdem1vi3j5fejlg,500,2,0.1196125300,0
1537395060,Prod-EcsStagingCluster-EcsCluster-1AAGQRFIOE9AE,Service_beiakkdem1vi3j5fejlg,500,2,0.1006343184,0
1537426920,Prod-EcsStagingCluster-EcsCluster-1AAGQRFIOE9AE,Service_beiakkdem1vi3j5fejlg,500,2,0.1015049365,0
1537431120,Prod-EcsStagingCluster-EcsCluster-1AAGQRFIOE9AE,Service_beiakkdem1vi3j5fejlg,500,2,0.0984064869,0
1537378020,Prod-EcsStagingCluster-EcsCluster-1AAGQRFIOE9AE,Service_beiakkdem1vi3j5fejlg,500,2,0.1132342466,0
1537411980,Prod-EcsStagingCluster-EcsCluster-1AAGQRFIOE9AE,Service_beiakkdem1vi3j5fejlg,500,2,0.0954529414,0
1537372680,Prod-EcsStagingCluster-EcsCluster-1AAGQRFIOE9AE,Service_beiakkdem1vi3j5fejlg,500,2,0.1077668748,0
1537379040,Prod-EcsStagingCluster-EcsCluster-1AAGQRFIOE9AE,Service_beiakkdem1vi3j5fejlg,500,2,0.1146383567,0
1537359960,Prod-EcsStagingCluster-EcsCluster-1AAGQRFIOE9AE,Service_beiakkdem1vi3j5fejlg,500,2,0.1014518246,0
1537366320,Prod-EcsStagingCluster-EcsCluster-1AAGQRFIOE9AE,Service_beiakkdem1vi3j5fejlg,500,2,0.1275377837,0
1537424700,Prod-EcsStagingCluster-EcsCluster-1AAGQRFIOE9AE,Service_beiakkdem1vi3j5fejlg,500,2,0.1203620389,0
1537410840,Prod-EcsStagingCluster-EcsCluster-1AAGQRFIOE9AE,Service_beiakkdem1vi3j5fejlg,500,2,0.0956946994,0
1537429920,Prod-EcsStagingCluster-EcsCluster-1AAGQRFIOE9AE,Service_beiakkdem1vi3j5fejlg,500,2,0.0996532862,0
1537417200,Prod-EcsStagingCluster-EcsCluster-1AAGQRFIOE9AE,Service_beiakkdem1vi3j5fejlg,500,2,0.1552589954,0
1537423560,Prod-EcsStagingCluster-EcsCluster-1AAGQRFIOE9AE,Service_beiakkdem1vi3j5fejlg,500,2,0.1168945638,0
1537390620,Prod-EcsStagingCluster-EcsCluster-1AAGQRFIOE9AE,Service_beiakkdem1vi3j5fejlg,500,2,0.1056442440,0
1537377900,Prod-EcsStagingCluster-EcsCluster-1AAGQRFIOE9AE,Service_beiakkdem1vi3j5fejlg,500,2,0.1164548216,0
1537428780,Prod-EcsStagingCluster-EcsCluster-1AAGQRFIOE9AE,Service_beiakkdem1vi3j5fejlg,500,2,0.1015346562,0
1537379940,Prod-EcsStagingCluster-EcsCluster-1AAGQRFIOE9AE,Service_beiakkdem1vi3j5fejlg,500,2,0.0993823971,0
1537392660,Prod-EcsStagingCluster-EcsCluster-1AAGQRFIOE9AE,Service_beiakkdem1vi3j5fejlg,500,2,0.0966485833,0
1537430820,Prod-EcsStagingCluster-EcsCluster-1AAGQRFIOE9AE,Service_beiakkdem1vi3j5fejlg,500,2,0.1093879053,0
1537358580,Prod-EcsStagingCluster-EcsCluster-1AAGQRFIOE9AE,Service_beiakkdem1vi3j5fejlg,500,2,0.1094171007,0
1537345860,Prod-EcsStagingCluster-EcsCluster-1AAGQRFIOE9AE,Service_beiakkdem1vi3j5fejlg,500,2,0.1124833047,0
1537409460,Prod-EcsStagingCluster-EcsCluster-1AAGQRFIOE9AE,Service_beiakkdem1vi3j5fejlg,500,2,0.0940078853,0
1537396740,Prod-EcsStagingCluster-EcsCluster-1AAGQRFIOE9AE,Service_beiakkdem1vi3j5fejlg,500,2,0.1108360898,0
1537359480,Prod-EcsStagingCluster-EcsCluster-1AAGQRFIOE9AE,Service_beiakkdem1vi3j5fejlg,500,2,0.1154385045,0
1537378560,Prod-EcsStagingCluster-EcsCluster-1AAGQRFIOE9AE,Service_beiakkdem1vi3j5fejlg,500,2,0.1099113566,0
1537372200,Prod-EcsStagingCluster-EcsCluster-1AAGQRFIOE9AE,Service_beiakkdem1vi3j5fejlg,500,2,0.1031911746,0
1537365840,Prod-EcsStagingCluster-EcsCluster-1AAGQRFIOE9AE,Service_beiakkdem1vi3j5fejlg,500,2,0.1184862661,0
1537377420,Prod-EcsStagingCluster-EcsCluster-1AAGQRFIOE9AE,Service_beiakkdem1vi3j5fejlg,500,2,0.1092559342,0
1537390140,Prod-EcsStagingCluster-EcsCluster-1AAGQRFIOE9AE,Service_beiakkdem1vi3j5fejlg,500,2,0.1098048655,0
1537428300,Prod-EcsStagingCluster-EcsCluster-1AAGQRFIOE9AE,Service_beiakkdem1vi3j5fejlg,500,2,0.0961764569,0
1537356060,Prod-EcsStagingCluster-EcsCluster-1AAGQRFIOE9AE,Service_beiakkdem1vi3j5fejlg,500,2,0.0989851316,0
1537406940,Prod-EcsStagingCluster-EcsCluster-1AAGQRFIOE9AE,Service_beiakkdem1vi3j5fejlg,500,2,0.1144206916,0
1537394220,Prod-EcsStagingCluster-EcsCluster-1AAGQRFIOE9AE,Service_beiakkdem1vi3j5fejlg,500,2,0.0919327737,0
1537345380,Prod-EcsStagingCluster-EcsCluster-1AAGQRFIOE9AE,Service_beiakkdem1vi3j5fejlg,500,2,0.0994719188,0
1537358100,Prod-EcsStagingCluster-EcsCluster-1AAGQRFIOE9AE,Service_beiakkdem1vi3j5fejlg,500,2,0.1198115885,0
1537396260,Prod-EcsStagingCluster-EcsCluster-1AAGQRFIOE9AE,Service_beiakkdem1vi3j5fejlg,500,2,0.0965380956,0
1537408980,Prod-EcsStagingCluster-EcsCluster-1AAGQRFIOE9AE,Service_beiakkdem1vi3j5fejlg,500,2,0.1310248449,0
1537362240,Prod-EcsStagingCluster-EcsCluster-1AAGQRFIOE9AE,Service_beiakkdem1vi3j5fejlg,500,2,0.1227560214,0
1537355880,Prod-EcsStagingCluster-EcsCluster-1AAGQRFIOE9AE,Service_beiakkdem1vi3j5fejlg,500,2,0.1001168770,0
1537349520,Prod-EcsStagingCluster-EcsCluster-1AAGQRFIOE9AE,Service_beiakkdem1vi3j5fejlg,500,2,0.1244825171,0
1537394040,Prod-EcsStagingCluster-EcsCluster-1AAGQRFIOE9AE,Service_beiakkdem1vi3j5fejlg,500,2,0.0747638849,0
1537400400,Prod-EcsStagingCluster-EcsCluster-1AAGQRFIOE9AE,Service_beiakkdem1vi3j5fejlg,500,2,0.1123124628,0
1537374900,Prod-EcsStagingCluster-EcsCluster-1AAGQRFIOE9AE,Service_beiakkdem1vi3j5fejlg,500,2,0.1134738167,0
1537362180,Prod-EcsStagingCluster-EcsCluster-1AAGQRFIOE9AE,Service_beiakkdem1vi3j5fejlg,500,2,0.1079892074,0
1537406760,Prod-EcsStagingCluster-EcsCluster-1AAGQRFIOE9AE,Service_beiakkdem1vi3j5fejlg,500,2,0.1112592279,0
1537413120,Prod-EcsStagingCluster-EcsCluster-1AAGQRFIOE9AE,Service_beiakkdem1vi3j5fejlg,500,2,0.0817430580,0
1537413060,Prod-EcsStagingCluster-EcsCluster-1AAGQRFIOE9AE,Service_beiakkdem1vi3j5fejlg,500,2,0.0939690072,0
1537425780,Prod-EcsStagingCluster-EcsCluster-1AAGQRFIOE9AE,Service_beiakkdem1vi3j5fejlg,500,2,0.1107685002,0
1537410900,Prod-EcsStagingCluster-EcsCluster-1AAGQRFIOE9AE,Service_beiakkdem1vi3j5fejlg,500,2,0.1068321906,0
1537382160,Prod-EcsStagingCluster-EcsCluster-1AAGQRFIOE9AE,Service_beiakkdem1vi3j5fejlg,500,2,0.1103468922,0
1537376820,Prod-EcsStagingCluster-EcsCluster-1AAGQRFIOE9AE,Service_beiakkdem1vi3j5fejlg,500,2,0.1096870151,0
1537364100,Prod-EcsStagingCluster-EcsCluster-1AAGQRFIOE9AE,Service_beiakkdem1vi3j5fejlg,500,2,0.1089845491,0
1537394880,Prod-EcsStagingCluster-EcsCluster-1AAGQRFIOE9AE,Service_beiakkdem1vi3j5fejlg,500,2,0.0975524422,0
1537355580,Prod-EcsStagingCluster-EcsCluster-1AAGQRFIOE9AE,Service_beiakkdem1vi3j5fejlg,500,2,0.1114056943,0
1537393740,Prod-EcsStagingCluster-EcsCluster-1AAGQRFIOE9AE,Service_beiakkdem1vi3j5fejlg,500,2,0.0945693800,0
1537427700,Prod-EcsStagingCluster-EcsCluster-1AAGQRFIOE9AE,Service_beiakkdem1vi3j5fejlg,500,2,0.1255487106,0
1537414980,Prod-EcsStagingCluster-EcsCluster-1AAGQRFIOE9AE,Service_beiakkdem1vi3j5fejlg,500,2,0.0997356221,0
1537348080,Prod-EcsStagingCluster-EcsCluster-1AAGQRFIOE9AE,Service_beiakkdem1vi3j5fejlg,500,2,0.1311068448,0
1537360800,Prod-EcsStagingCluster-EcsCluster-1AAGQRFIOE9AE,Service_beiakkdem1vi3j5fejlg,500,2,0.1195345600,0
1537406460,Prod-EcsStagingCluster-EcsCluster-1AAGQRFIOE9AE,Service_beiakkdem1vi3j5fejlg,500,2,0.1118796193,0
1537377720,Prod-EcsStagingCluster-EcsCluster-1AAGQRFIOE9AE,Service_beiakkdem1vi3j5fejlg,500,2,0.1111569948,0
1537411680,Prod-EcsStagingCluster-EcsCluster-1AAGQRFIOE9AE,Service_beiakkdem1vi3j5fejlg,500,2,0.1025393088,0
1537398960,Prod-EcsStagingCluster-EcsCluster-1AAGQRFIOE9AE,Service_beiakkdem1vi3j5fejlg,500,2,0.1133514182,0
1537372380,Prod-EcsStagingCluster-EcsCluster-1AAGQRFIOE9AE,Service_beiakkdem1vi3j5fejlg,500,2,0.1040387453,0
1537359660,Prod-EcsStagingCluster-EcsCluster-1AAGQRFIOE9AE,Service_beiakkdem1vi3j5fejlg,500,2,0.1001639555,0
1537390440,Prod-EcsStagingCluster-EcsCluster-1AAGQRFIOE9AE,Service_beiakkdem1vi3j5fejlg,500,2,0.1213117150,0
1537410540,Prod-EcsStagingCluster-EcsCluster-1AAGQRFIOE9AE,Service_beiakkdem1vi3j5fejlg,500,2,0.1061710540,0
1537428600,Prod-EcsStagingCluster-EcsCluster-1AAGQRFIOE9AE,Service_beiakkdem1vi3j5fejlg,500,2,0.1013793902,0
1537423260,Prod-EcsStagingCluster-EcsCluster-1AAGQRFIOE9AE,Service_beiakkdem1vi3j5fejlg,500,2,0.1139537552,0
1537356360,Prod-EcsStagingCluster-EcsCluster-1AAGQRFIOE9AE,Service_beiakkdem1vi3j5fejlg,500,2,0.1083742859,0
1537394520,Prod-EcsStagingCluster-EcsCluster-1AAGQRFIOE9AE,Service_beiakkdem1vi3j5fejlg,500,2,0.1007267680,0
1537407240,Prod-EcsStagingCluster-EcsCluster-1AAGQRFIOE9AE,Service_beiakkdem1vi3j5fejlg,500,2,0.1201899272,0
1537416720,Prod-EcsStagingCluster-EcsCluster-1AAGQRFIOE9AE,Service_beiakkdem1vi3j5fejlg,500,2,0.0898716914,0
1537429440,Prod-EcsStagingCluster-EcsCluster-1AAGQRFIOE9AE,Service_beiakkdem1vi3j5fejlg,500,2,0.0983768174,0
1537363620,Prod-EcsStagingCluster-EcsCluster-1AAGQRFIOE9AE,Service_beiakkdem1vi3j5fejlg,500,2,0.1097523044,0
1537376340,Prod-EcsStagingCluster-EcsCluster-1AAGQRFIOE9AE,Service_beiakkdem1vi3j5fejlg,500,2,0.1006444255,0
1537414500,Prod-EcsStagingCluster-EcsCluster-1AAGQRFIOE9AE,Service_beiakkdem1vi3j5fejlg,500,2,0.1085477863,0
1537361400,Prod-EcsStagingCluster-EcsCluster-1AAGQRFIOE9AE,Service_beiakkdem1vi3j5fejlg,500,2,0.1197027796,0
1537395360,Prod-EcsStagingCluster-EcsCluster-1AAGQRFIOE9AE,Service_beiakkdem1vi3j5fejlg,500,2,0.0876239072,0
1537382640,Prod-EcsStagingCluster-EcsCluster-1AAGQRFIOE9AE,Service_beiakkdem1vi3j5fejlg,500,2,0.1131010804,0
1537427220,Prod-EcsStagingCluster-EcsCluster-1AAGQRFIOE9AE,Service_beiakkdem1vi3j5fejlg,500,2,0.1044654009,0
1537374120,Prod-EcsStagingCluster-EcsCluster-1AAGQRFIOE9AE,Service_beiakkdem1vi3j5fejlg,500,2,0.1178594302,0
1537412280,Prod-EcsStagingCluster-EcsCluster-1AAGQRFIOE9AE,Service_beiakkdem1vi3j5fejlg,500,2,0.0983543909,0
1537359180,Prod-EcsStagingCluster-EcsCluster-1AAGQRFIOE9AE,Service_beiakkdem1vi3j5fejlg,500,2,0.1102383772,0
1537393140,Prod-EcsStagingCluster-EcsCluster-1AAGQRFIOE9AE,Service_beiakkdem1vi3j5fejlg,500,2,0.0918793895,0
1537380420,Prod-EcsStagingCluster-EcsCluster-1AAGQRFIOE9AE,Service_beiakkdem1vi3j5fejlg,500,2,0.1248235558,0
1537425000,Prod-EcsStagingCluster-EcsCluster-1AAGQRFIOE9AE,Service_beiakkdem1vi3j5fejlg,500,2,0.1205516763,0
1537431300,Prod-EcsStagingCluster-EcsCluster-1AAGQRFIOE9AE,Service_beiakkdem1vi3j5fejlg,500,2,0.0985198303,0
1537371900,Prod-EcsStagingCluster-EcsCluster-1AAGQRFIOE9AE,Service_beiakkdem1vi3j5fejlg,500,2,0.0895695945,0
1537410060,Prod-EcsStagingCluster-EcsCluster-1AAGQRFIOE9AE,Service_beiakkdem1vi3j5fejlg,500,2,0.1192784230,0
1537422780,Prod-EcsStagingCluster-EcsCluster-1AAGQRFIOE9AE,Service_beiakkdem1vi3j5fejlg,500,2,0.1039704767,0
1537390920,Prod-EcsStagingCluster-EcsCluster-1AAGQRFIOE9AE,Service_beiakkdem1vi3j5fejlg,500,2,0.1066511947,0
1537378200,Prod-EcsStagingCluster-EcsCluster-1AAGQRFIOE9AE,Service_beiakkdem1vi3j5fejlg,500,2,0.1150186166,0
1537429080,Prod-EcsStagingCluster-EcsCluster-1AAGQRFIOE9AE,Service_beiakkdem1vi3j5fejlg,500,2,0.1025135222,0
1537388700,Prod-EcsStagingCluster-EcsCluster-1AAGQRFIOE9AE,Service_beiakkdem1vi3j5fejlg,500,2,0.0987367001,0
1537375980,Prod-EcsStagingCluster-EcsCluster-1AAGQRFIOE9AE,Service_beiakkdem1vi3j5fejlg,500,2,0.0816362162,0
1537350300,Prod-EcsStagingCluster-EcsCluster-1AAGQRFIOE9AE,Service_beiakkdem1vi3j5fejm0,1000,2,0.0898698671,0
1537353480,Prod-EcsStagingCluster-EcsCluster-1AAGQRFIOE9AE,Service_beiakkdem1vi3j5fejm0,1000,2,0.0558530862,0
1537356660,Prod-EcsStagingCluster-EcsCluster-1AAGQRFIOE9AE,Service_beiakkdem1vi3j5fejm0,1000,2,0.0722864956,0
1537359840,Prod-EcsStagingCluster-EcsCluster-1AAGQRFIOE9AE,Service_beiakkdem1vi3j5fejm0,1000,2,0.0664116065,0
1537378920,Prod-EcsStagingCluster-EcsCluster-1AAGQRFIOE9AE,Service_beiakkdem1vi3j5fejm0,1000,2,0.0557978765,0
1537382100,Prod-EcsStagingCluster-EcsCluster-1AAGQRFIOE9AE,Service_beiakkdem1vi3j5fejm0,1000,2,0.0601900396,0
1537385280,Prod-EcsStagingCluster-EcsCluster-1AAGQRFIOE9AE,Service_beiakkdem1vi3j5fejm0,1000,2,0.0671201975,0
1537375740,Prod-EcsStagingCluster-EcsCluster-1AAGQRFIOE9AE,Service_beiakkdem1vi3j5fejm0,1000,2,0.0753211784,0
1537409580,Prod-EcsStagingCluster-EcsCluster-1AAGQRFIOE9AE,Service_beiakkdem1vi3j5fejm0,1000,2,0.0617712775,0
1537412760,Prod-EcsStagingCluster-EcsCluster-1AAGQRFIOE9AE,Service_beiakkdem1vi3j5fejm0,1000,2,0.0845486143,0
1537415940,Prod-EcsStagingCluster-EcsCluster-1AAGQRFIOE9AE,Service_beiakkdem1vi3j5fejm0,1000,2,0.4047126256,1
1537419120,Prod-EcsStagingCluster-EcsCluster-1AAGQRFIOE9AE,Service_beiakkdem1vi3j5fejm0,1000,2,0.1052212880,2
1537393440,Prod-EcsStagingCluster-EcsCluster-1AAGQRFIOE9AE,Service_beiakkdem1vi3j5fejm0,1000,2,0.0574990146,0
1537390260,Prod-EcsStagingCluster-EcsCluster-1AAGQRFIOE9AE,Service_beiakkdem1vi3j5fejm0,1000,2,0.0563940168,0
1537383900,Prod-EcsStagingCluster-EcsCluster-1AAGQRFIOE9AE,Service_beiakkdem1vi3j5fejm0,1000,2,0.0775746233,0
1537387080,Prod-EcsStagingCluster-EcsCluster-1AAGQRFIOE9AE,Service_beiakkdem1vi3j5fejm0,1000,2,0.0462829829,1
1537415700,Prod-EcsStagingCluster-EcsCluster-1AAGQRFIOE9AE,Service_beiakkdem1vi3j5fejm0,1000,2,0.2871093166,0
1537418880,Prod-EcsStagingCluster-EcsCluster-1AAGQRFIOE9AE,Service_beiakkdem1vi3j5fejm0,1000,2,0.0929130035,0
1537347780,Prod-EcsStagingCluster-EcsCluster-1AAGQRFIOE9AE,Service_beiakkdem1vi3j5fejm0,1000,2,0.0557393612,2
1537350960,Prod-EcsStagingCluster-EcsCluster-1AAGQRFIOE9AE,Service_beiakkdem1vi3j5fejm0,1000,2,0.1419612171,0
1537409340,Prod-EcsStagingCluster-EcsCluster-1AAGQRFIOE9AE,Service_beiakkdem1vi3j5fejm0,1000,2,0.1521204580,0
1537412520,Prod-EcsStagingCluster-EcsCluster-1AAGQRFIOE9AE,Service_beiakkdem1vi3j5fejm0,1000,2,0.0648742474,2
1537373220,Prod-EcsStagingCluster-EcsCluster-1AAGQRFIOE9AE,Service_beiakkdem1vi3j5fejm0,1000,2,0.0531236498,1
1537366860,Prod-EcsStagingCluster-EcsCluster-1AAGQRFIOE9AE,Service_beiakkdem1vi3j5fejm0,1000,2,0.0718252657,2
1537394400,Prod-EcsStagingCluster-EcsCluster-1AAGQRFIOE9AE,Service_beiakkdem1vi3j5fejm0,1000,2,0.0619875982,0
1537388040,Prod-EcsStagingCluster-EcsCluster-1AAGQRFIOE9AE,Service_beiakkdem1vi3j5fejm0,1000,2,0.0674430214,0
1537419840,Prod-EcsStagingCluster-EcsCluster-1AAGQRFIOE9AE,Service_beiakkdem1vi3j5fejm0,1000,2,0.0858500989,0
1537351920,Prod-EcsStagingCluster-EcsCluster-1AAGQRFIOE9AE,Service_beiakkdem1vi3j5fejm0,1000,2,0.0706248469,1
1537413480,Prod-EcsStagingCluster-EcsCluster-1AAGQRFIOE9AE,Service_beiakkdem1vi3j5fejm0,1000,2,0.1411477333,0
1537345560,Prod-EcsStagingCluster-EcsCluster-1AAGQRFIOE9AE,Service_beiakkdem1vi3j5fejm0,1000,2,0.0481130783,0
1537377360,Prod-EcsStagingCluster-EcsCluster-1AAGQRFIOE9AE,Service_beiakkdem1vi3j5fejm0,1000,2,0.0679363704,0
1537371000,Prod-EcsStagingCluster-EcsCluster-1AAGQRFIOE9AE,Service_beiakkdem1vi3j5fejm0,1000,2,0.0738808136,0
1537347540,Prod-EcsStagingCluster-EcsCluster-1AAGQRFIOE9AE,Service_beiakkdem1vi3j5fejm0,1000,2,0.0635302474,0
1537345320,Prod-EcsStagingCluster-EcsCluster-1AAGQRFIOE9AE,Service_beiakkdem1vi3j5fejm0,1000,2,0.0578694984,0
1537417500,Prod-EcsStagingCluster-EcsCluster-1AAGQRFIOE9AE,Service_beiakkdem1vi3j5fejm0,1000,2,0.0717533914,1
1537423860,Prod-EcsStagingCluster-EcsCluster-1AAGQRFIOE9AE,Service_beiakkdem1vi3j5fejm0,1000,2,0.2088617163,0
1537351680,Prod-EcsStagingCluster-EcsCluster-1AAGQRFIOE9AE,Service_beiakkdem1vi3j5fejm0,1000,2,0.0704045431,0
1537375020,Prod-EcsStagingCluster-EcsCluster-1AAGQRFIOE9AE,Service_beiakkdem1vi3j5fejm0,1000,2,0.0656448725,0
1537381380,Prod-EcsStagingCluster-EcsCluster-1AAGQRFIOE9AE,Service_beiakkdem1vi3j5fejm0,1000,2,0.0564752006,0
1537400460,Prod-EcsStagingCluster-EcsCluster-1AAGQRFIOE9AE,Service_beiakkdem1vi3j5fejm0,1000,2,0.2539263313,0
1537406820,Prod-EcsStagingCluster-EcsCluster-1AAGQRFIOE9AE,Service_beiakkdem1vi3j5fejm0,1000,2,0.2937052869,0
1537428000,Prod-EcsStagingCluster-EcsCluster-1AAGQRFIOE9AE,Service_beiakkdem1vi3j5fejm0,1000,2,0.3456888980,0
1537421640,Prod-EcsStagingCluster-EcsCluster-1AAGQRFIOE9AE,Service_beiakkdem1vi3j5fejm0,1000,2,0.0619223387,0
1537385520,Prod-EcsStagingCluster-EcsCluster-1AAGQRFIOE9AE,Service_beiakkdem1vi3j5fejm0,1000,2,0.0679703068,2
1537379160,Prod-EcsStagingCluster-EcsCluster-1AAGQRFIOE9AE,Service_beiakkdem1vi3j5fejm0,1000,2,0.0555404767,1
1537404600,Prod-EcsStagingCluster-EcsCluster-1AAGQRFIOE9AE,Service_beiakkdem1vi3j5fejm0,1000,2,0.0549780211,0
1537410960,Prod-EcsStagingCluster-EcsCluster-1AAGQRFIOE9AE,Service_beiakkdem1vi3j5fejm0,1000,2,0.3961788259,0
1537358880,Prod-EcsStagingCluster-EcsCluster-1AAGQRFIOE9AE,Service_beiakkdem1vi3j5fejm0,1000,2,0.0733781354,2
1537349340,Prod-EcsStagingCluster-EcsCluster-1AAGQRFIOE9AE,Service_beiakkdem1vi3j5fejm0,1000,2,0.0654801215,4
1537380120,Prod-EcsStagingCluster-EcsCluster-1AAGQRFIOE9AE,Service_beiakkdem1vi3j5fejm0,1000,2,0.0593339284,1
1537383300,Prod-EcsStagingCluster-EcsCluster-1AAGQRFIOE9AE,Service_beiakkdem1vi3j5fejm0,1000,2,0.0713612363,0
1537384320,Prod-EcsStagingCluster-EcsCluster-1AAGQRFIOE9AE,Service_beiakkdem1vi3j5fejm0,1000,2,0.0743178929,0
1537405560,Prod-EcsStagingCluster-EcsCluster-1AAGQRFIOE9AE,Service_beiakkdem1vi3j5fejm0,1000,2,0.5078906010,0
1537408740,Prod-EcsStagingCluster-EcsCluster-1AAGQRFIOE9AE,Service_beiakkdem1vi3j5fejm0,1000,2,0.2521189150,0
1537374780,Prod-EcsStagingCluster-EcsCluster-1AAGQRFIOE9AE,Service_beiakkdem1vi3j5fejm0,1000,2,0.0749416872,0
1537408620,Prod-EcsStagingCluster-EcsCluster-1AAGQRFIOE9AE,Service_beiakkdem1vi3j5fejm0,1000,2,0.0796825634,0
1537418160,Prod-EcsStagingCluster-EcsCluster-1AAGQRFIOE9AE,Service_beiakkdem1vi3j5fejm0,1000,2,0.0895348592,2
1537354440,Prod-EcsStagingCluster-EcsCluster-1AAGQRFIOE9AE,Service_beiakkdem1vi3j5fejm0,1000,2,0.0542919318,0
1537357620,Prod-EcsStagingCluster-EcsCluster-1AAGQRFIOE9AE,Service_beiakkdem1vi3j5fejm0,1000,2,0.0742324217,0
1537379880,Prod-EcsStagingCluster-EcsCluster-1AAGQRFIOE9AE,Service_beiakkdem1vi3j5fejm0,1000,2,0.0586741288,0
1537383060,Prod-EcsStagingCluster-EcsCluster-1AAGQRFIOE9AE,Service_beiakkdem1vi3j5fejm0,1000,2,0.0704590207,0
1537392480,Prod-EcsStagingCluster-EcsCluster-1AAGQRFIOE9AE,Service_beiakkdem1vi3j5fejm0,1000,2,0.0675554280,0
1537413720,Prod-EcsStagingCluster-EcsCluster-1AAGQRFIOE9AE,Service_beiakkdem1vi3j5fejm0,1000,2,0.1371255326,0
1537416900,Prod-EcsStagingCluster-EcsCluster-1AAGQRFIOE9AE,Service_beiakkdem1vi3j5fejm0,1000,2,0.0591823885,0
1537382940,Prod-EcsStagingCluster-EcsCluster-1AAGQRFIOE9AE,Service_beiakkdem1vi3j5fejm0,1000,2,0.0691699286,0
1537417920,Prod-EcsStagingCluster-EcsCluster-1AAGQRFIOE9AE,Service_beiakkdem1vi3j5fejm0,1000,2,0.1018836546,0
1537350000,Prod-EcsStagingCluster-EcsCluster-1AAGQRFIOE9AE,Service_beiakkdem1vi3j5fejm0,1000,2,0.0779050560,0
1537408380,Prod-EcsStagingCluster-EcsCluster-1AAGQRFIOE9AE,Service_beiakkdem1vi3j5fejm0,1000,2,0.3052248454,0
1537375440,Prod-EcsStagingCluster-EcsCluster-1AAGQRFIOE9AE,Service_beiakkdem1vi3j5fejm0,1000,2,0.0735853752,0
1537365900,Prod-EcsStagingCluster-EcsCluster-1AAGQRFIOE9AE,Service_beiakkdem1vi3j5fejm0,1000,2,0.0570856444,1
1537376400,Prod-EcsStagingCluster-EcsCluster-1AAGQRFIOE9AE,Service_beiakkdem1vi3j5fejm0,1000,2,0.0651725622,0
1537391220,Prod-EcsStagingCluster-EcsCluster-1AAGQRFIOE9AE,Service_beiakkdem1vi3j5fejm0,1000,2,0.0438333315,0
1537416660,Prod-EcsStagingCluster-EcsCluster-1AAGQRFIOE9AE,Service_beiakkdem1vi3j5fejm0,1000,2,0.0576441428,0
1537348740,Prod-EcsStagingCluster-EcsCluster-1AAGQRFIOE9AE,Service_beiakkdem1vi3j5fejm0,1000,2,0.0563958031,1
1537374180,Prod-EcsStagingCluster-EcsCluster-1AAGQRFIOE9AE,Service_beiakkdem1vi3j5fejm0,1000,2,0.0790367893,0
1537389000,Prod-EcsStagingCluster-EcsCluster-1AAGQRFIOE9AE,Service_beiakkdem1vi3j5fejm0,1000,2,0.0550509006,0
1537346520,Prod-EcsStagingCluster-EcsCluster-1AAGQRFIOE9AE,Service_beiakkdem1vi3j5fejm0,1000,2,0.3536505595,0
1537414440,Prod-EcsStagingCluster-EcsCluster-1AAGQRFIOE9AE,Service_beiakkdem1vi3j5fejm0,1000,2,0.0589393438,0
1537371960,Prod-EcsStagingCluster-EcsCluster-1AAGQRFIOE9AE,Service_beiakkdem1vi3j5fejm0,1000,2,0.0754497513,0
1537416540,Prod-EcsStagingCluster-EcsCluster-1AAGQRFIOE9AE,Service_beiakkdem1vi3j5fejm0,1000,2,0.3043521637,2
1537350720,Prod-EcsStagingCluster-EcsCluster-1AAGQRFIOE9AE,Service_beiakkdem1vi3j5fejm0,1000,2,0.3960833432,0
1537374060,Prod-EcsStagingCluster-EcsCluster-1AAGQRFIOE9AE,Service_beiakkdem1vi3j5fejm0,1000,2,0.0569327812,0
1537399500,Prod-EcsStagingCluster-EcsCluster-1AAGQRFIOE9AE,Service_beiakkdem1vi3j5fejm0,1000,2,0.0577154665,0
1537348500,Prod-EcsStagingCluster-EcsCluster-1AAGQRFIOE9AE,Service_beiakkdem1vi3j5fejm0,1000,2,0.0461706069,0
1537427040,Prod-EcsStagingCluster-EcsCluster-1AAGQRFIOE9AE,Service_beiakkdem1vi3j5fejm0,1000,2,0.1817707204,0
1537384560,Prod-EcsStagingCluster-EcsCluster-1AAGQRFIOE9AE,Service_beiakkdem1vi3j5fejm0,1000,2,0.0825079560,0
1537410000,Prod-EcsStagingCluster-EcsCluster-1AAGQRFIOE9AE,Service_beiakkdem1vi3j5fejm0,1000,2,0.2000365258,0
1537346280,Prod-EcsStagingCluster-EcsCluster-1AAGQRFIOE9AE,Service_beiakkdem1vi3j5fejm0,1000,2,0.0655770043,0
1537424820,Prod-EcsStagingCluster-EcsCluster-1AAGQRFIOE9AE,Service_beiakkdem1vi3j5fejm0,1000,2,0.0680829574,0
1537348380,Prod-EcsStagingCluster-EcsCluster-1AAGQRFIOE9AE,Service_beiakkdem1vi3j5fejm0,1000,2,0.0569879131,0
1537382340,Prod-EcsStagingCluster-EcsCluster-1AAGQRFIOE9AE,Service_beiakkdem1vi3j5fejm0,1000,2,0.0694210879,0
1537407780,Prod-EcsStagingCluster-EcsCluster-1AAGQRFIOE9AE,Service_beiakkdem1vi3j5fejm0,1000,2,0.0728801187,0
1537373820,Prod-EcsStagingCluster-EcsCluster-1AAGQRFIOE9AE,Service_beiakkdem1vi3j5fejm0,1000,2,0.0711998518,0
1537422600,Prod-EcsStagingCluster-EcsCluster-1AAGQRFIOE9AE,Service_beiakkdem1vi3j5fejm0,1000,2,0.3703540041,0
1537407660,Prod-EcsStagingCluster-EcsCluster-1AAGQRFIOE9AE,Service_beiakkdem1vi3j5fejm0,1000,2,0.7122226475,0
1537420380,Prod-EcsStagingCluster-EcsCluster-1AAGQRFIOE9AE,Service_beiakkdem1vi3j5fejm0,1000,2,0.2930409246,0
1537387440,Prod-EcsStagingCluster-EcsCluster-1AAGQRFIOE9AE,Service_beiakkdem1vi3j5fejm0,1000,2,0.0564677919,2
1537381080,Prod-EcsStagingCluster-EcsCluster-1AAGQRFIOE9AE,Service_beiakkdem1vi3j5fejm0,1000,2,0.0698086121,0
1537384260,Prod-EcsStagingCluster-EcsCluster-1AAGQRFIOE9AE,Service_beiakkdem1vi3j5fejm0,1000,2,0.0777226440,0
1537412880,Prod-EcsStagingCluster-EcsCluster-1AAGQRFIOE9AE,Service_beiakkdem1vi3j5fejm0,1000,2,0.0794487432,1
1537406520,Prod-EcsStagingCluster-EcsCluster-1AAGQRFIOE9AE,Service_beiakkdem1vi3j5fejm0,1000,2,0.1251666848,0
1537409700,Prod-EcsStagingCluster-EcsCluster-1AAGQRFIOE9AE,Service_beiakkdem1vi3j5fejm0,1000,2,0.0585809683,0
1537391520,Prod-EcsStagingCluster-EcsCluster-1AAGQRFIOE9AE,Service_beiakkdem1vi3j5fejm0,1000,2,0.0551556419,0
1537385160,Prod-EcsStagingCluster-EcsCluster-1AAGQRFIOE9AE,Service_beiakkdem1vi3j5fejm0,1000,2,0.0668299505,0
1537388340,Prod-EcsStagingCluster-EcsCluster-1AAGQRFIOE9AE,Service_beiakkdem1vi3j5fejm0,1000,2,0.0640608178,0
1537416960,Prod-EcsStagingCluster-EcsCluster-1AAGQRFIOE9AE,Service_beiakkdem1vi3j5fejm0,1000,2,0.0580011465,0
1537352220,Prod-EcsStagingCluster-EcsCluster-1AAGQRFIOE9AE,Service_beiakkdem1vi3j5fejm0,1000,2,0.0731778933,0
1537410600,Prod-EcsStagingCluster-EcsCluster-1AAGQRFIOE9AE,Service_beiakkdem1vi3j5fejm0,1000,2,0.5417048080,0
1537413780,Prod-EcsStagingCluster-EcsCluster-1AAGQRFIOE9AE,Service_beiakkdem1vi3j5fejm0,1000,2,0.0622711693,0
1537377660,Prod-EcsStagingCluster-EcsCluster-1AAGQRFIOE9AE,Service_beiakkdem1vi3j5fejm0,1000,2,0.0571793662,0
1537364940,Prod-EcsStagingCluster-EcsCluster-1AAGQRFIOE9AE,Service_beiakkdem1vi3j5fejm0,1000,2,0.0771063157,0
1537414680,Prod-EcsStagingCluster-EcsCluster-1AAGQRFIOE9AE,Service_beiakkdem1vi3j5fejm0,1000,2,0.0581559151,2
1537417860,Prod-EcsStagingCluster-EcsCluster-1AAGQRFIOE9AE,Service_beiakkdem1vi3j5fejm0,1000,2,0.1989260233,2
1537421040,Prod-EcsStagingCluster-EcsCluster-1AAGQRFIOE9AE,Service_beiakkdem1vi3j5fejm0,1000,2,0.0702099850,1
1537345620,Prod-EcsStagingCluster-EcsCluster-1AAGQRFIOE9AE,Service_beiakkdem1vi3j5fejm0,1000,2,0.1853533871,0
1537415640,Prod-EcsStagingCluster-EcsCluster-1AAGQRFIOE9AE,Service_beiakkdem1vi3j5fejm0,1000,2,0.4447098483,0
1537422000,Prod-EcsStagingCluster-EcsCluster-1AAGQRFIOE9AE,Service_beiakkdem1vi3j5fejm0,1000,2,0.7399044772,1
1537349760,Prod-EcsStagingCluster-EcsCluster-1AAGQRFIOE9AE,Service_beiakkdem1vi3j5fejm0,1000,2,0.3150109224,0
1537373100,Prod-EcsStagingCluster-EcsCluster-1AAGQRFIOE9AE,Service_beiakkdem1vi3j5fejm0,1000,2,0.0684137273,1
1537421940,Prod-EcsStagingCluster-EcsCluster-1AAGQRFIOE9AE,Service_beiakkdem1vi3j5fejm0,1000,2,0.4693993095,0
1537398540,Prod-EcsStagingCluster-EcsCluster-1AAGQRFIOE9AE,Service_beiakkdem1vi3j5fejm0,1000,2,0.0548466068,0
1537385820,Prod-EcsStagingCluster-EcsCluster-1AAGQRFIOE9AE,Service_beiakkdem1vi3j5fejm0,1000,2,0.0710489493,0
1537349700,Prod-EcsStagingCluster-EcsCluster-1AAGQRFIOE9AE,Service_beiakkdem1vi3j5fejm0,1000,2,0.0714094744,0
1537411260,Prod-EcsStagingCluster-EcsCluster-1AAGQRFIOE9AE,Service_beiakkdem1vi3j5fejm0,1000,2,0.0644746685,0
1537375140,Prod-EcsStagingCluster-EcsCluster-1AAGQRFIOE9AE,Service_beiakkdem1vi3j5fejm0,1000,2,0.0648463806,1
1537419720,Prod-EcsStagingCluster-EcsCluster-1AAGQRFIOE9AE,Service_beiakkdem1vi3j5fejm0,1000,2,0.0841698185,0
1537426080,Prod-EcsStagingCluster-EcsCluster-1AAGQRFIOE9AE,Service_beiakkdem1vi3j5fejm0,1000,2,0.1429015007,0
1537347480,Prod-EcsStagingCluster-EcsCluster-1AAGQRFIOE9AE,Service_beiakkdem1vi3j5fejm0,1000,2,0.0638267887,0
1537353840,Prod-EcsStagingCluster-EcsCluster-1AAGQRFIOE9AE,Service_beiakkdem1vi3j5fejm0,1000,2,0.0575430274,0
1537372920,Prod-EcsStagingCluster-EcsCluster-1AAGQRFIOE9AE,Service_beiakkdem1vi3j5fejm0,1000,2,0.0752481898,0
1537379280,Prod-EcsStagingCluster-EcsCluster-1AAGQRFIOE9AE,Service_beiakkdem1vi3j5fejm0,1000,2,0.0587440440,0
1537353780,Prod-EcsStagingCluster-EcsCluster-1AAGQRFIOE9AE,Service_beiakkdem1vi3j5fejm0,1000,2,0.0558187047,0
1537379220,Prod-EcsStagingCluster-EcsCluster-1AAGQRFIOE9AE,Service_beiakkdem1vi3j5fejm0,1000,2,0.0543120910,0
1537351560,Prod-EcsStagingCluster-EcsCluster-1AAGQRFIOE9AE,Service_beiakkdem1vi3j5fejm0,1000,2,0.0714927435,0
1537357920,Prod-EcsStagingCluster-EcsCluster-1AAGQRFIOE9AE,Service_beiakkdem1vi3j5fejm0,1000,2,0.0629815367,0
1537406700,Prod-EcsStagingCluster-EcsCluster-1AAGQRFIOE9AE,Service_beiakkdem1vi3j5fejm0,1000,2,0.1421360813,1
1537377000,Prod-EcsStagingCluster-EcsCluster-1AAGQRFIOE9AE,Service_beiakkdem1vi3j5fejm0,1000,2,0.0681144473,0
1537383360,Prod-EcsStagingCluster-EcsCluster-1AAGQRFIOE9AE,Service_beiakkdem1vi3j5fejm0,1000,2,0.0735767550,0
1537419420,Prod-EcsStagingCluster-EcsCluster-1AAGQRFIOE9AE,Service_beiakkdem1vi3j5fejm0,1000,2,0.1546289146,0
1537352520,Prod-EcsStagingCluster-EcsCluster-1AAGQRFIOE9AE,Service_beiakkdem1vi3j5fejm0,1000,2,0.0709548699,0
1537355700,Prod-EcsStagingCluster-EcsCluster-1AAGQRFIOE9AE,Service_beiakkdem1vi3j5fejm0,1000,2,0.0614354109,0
1537386480,Prod-EcsStagingCluster-EcsCluster-1AAGQRFIOE9AE,Service_beiakkdem1vi3j5fejm0,1000,2,0.0564598418,0
1537411920,Prod-EcsStagingCluster-EcsCluster-1AAGQRFIOE9AE,Service_beiakkdem1vi3j5fejm0,1000,2,0.0746747335,0
1537377960,Prod-EcsStagingCluster-EcsCluster-1AAGQRFIOE9AE,Service_beiakkdem1vi3j5fejm0,1000,2,0.0691261801,0
1537381140,Prod-EcsStagingCluster-EcsCluster-1AAGQRFIOE9AE,Service_beiakkdem1vi3j5fejm0,1000,2,0.0657976955,0
1537390560,Prod-EcsStagingCluster-EcsCluster-1AAGQRFIOE9AE,Service_beiakkdem1vi3j5fejm0,1000,2,0.0556772922,0
1537351260,Prod-EcsStagingCluster-EcsCluster-1AAGQRFIOE9AE,Service_beiakkdem1vi3j5fejm0,1000,2,0.0638729213,0
1537385220,Prod-EcsStagingCluster-EcsCluster-1AAGQRFIOE9AE,Service_beiakkdem1vi3j5fejm0,1000,2,0.0663809229,5
1537416000,Prod-EcsStagingCluster-EcsCluster-1AAGQRFIOE9AE,Service_beiakkdem1vi3j5fejm0,1000,2,0.1891353752,0
1537382040,Prod-EcsStagingCluster-EcsCluster-1AAGQRFIOE9AE,Service_beiakkdem1vi3j5fejm0,1000,2,0.0725434186,0
1537410660,Prod-EcsStagingCluster-EcsCluster-1AAGQRFIOE9AE,Service_beiakkdem1vi3j5fejm0,1000,2,0.3286153282,0
1537376700,Prod-EcsStagingCluster-EcsCluster-1AAGQRFIOE9AE,Service_beiakkdem1vi3j5fejm0,1000,2,0.0650831496,0
1537407480,Prod-EcsStagingCluster-EcsCluster-1AAGQRFIOE9AE,Service_beiakkdem1vi3j5fejm0,1000,2,0.2950701593,0
1537363980,Prod-EcsStagingCluster-EcsCluster-1AAGQRFIOE9AE,Service_beiakkdem1vi3j5fejm0,1000,2,0.0742580550,0
1537389300,Prod-EcsStagingCluster-EcsCluster-1AAGQRFIOE9AE,Service_beiakkdem1vi3j5fejm0,1000,2,0.0568377017,0
1537420080,Prod-EcsStagingCluster-EcsCluster-1AAGQRFIOE9AE,Service_beiakkdem1vi3j5fejm0,1000,2,0.3838048925,0
1537386120,Prod-EcsStagingCluster-EcsCluster-1AAGQRFIOE9AE,Service_beiakkdem1vi3j5fejm0,1000,2,0.0656663881,0
1537411560,Prod-EcsStagingCluster-EcsCluster-1AAGQRFIOE9AE,Service_beiakkdem1vi3j5fejm0,1000,2,0.1684505570,0
1537414740,Prod-EcsStagingCluster-EcsCluster-1AAGQRFIOE9AE,Service_beiakkdem1vi3j5fejm0,1000,2,0.0575899684,0
1537347840,Prod-EcsStagingCluster-EcsCluster-1AAGQRFIOE9AE,Service_beiakkdem1vi3j5fejm0,1000,2,0.0531797525,0
1537348800,Prod-EcsStagingCluster-EcsCluster-1AAGQRFIOE9AE,Service_beiakkdem1vi3j5fejm0,1000,2,0.0601983542,0
1537372140,Prod-EcsStagingCluster-EcsCluster-1AAGQRFIOE9AE,Service_beiakkdem1vi3j5fejm0,1000,2,0.1642362735,0
1537397580,Prod-EcsStagingCluster-EcsCluster-1AAGQRFIOE9AE,Service_beiakkdem1vi3j5fejm0,1000,2,0.0549045870,2
1537418820,Prod-EcsStagingCluster-EcsCluster-1AAGQRFIOE9AE,Service_beiakkdem1vi3j5fejm0,1000,2,0.1025315420,0
1537384860,Prod-EcsStagingCluster-EcsCluster-1AAGQRFIOE9AE,Service_beiakkdem1vi3j5fejm0,1000,2,0.0666890626,1
1537410300,Prod-EcsStagingCluster-EcsCluster-1AAGQRFIOE9AE,Service_beiakkdem1vi3j5fejm0,1000,2,0.0605700332,0
1537346580,Prod-EcsStagingCluster-EcsCluster-1AAGQRFIOE9AE,Service_beiakkdem1vi3j5fejm0,1000,2,0.1198725590,0
1537425120,Prod-EcsStagingCluster-EcsCluster-1AAGQRFIOE9AE,Service_beiakkdem1vi3j5fejm0,1000,2,0.0691596364,0
1537416600,Prod-EcsStagingCluster-EcsCluster-1AAGQRFIOE9AE,Service_beiakkdem1vi3j5fejm0,1000,2,0.0572984920,0
1537352880,Prod-EcsStagingCluster-EcsCluster-1AAGQRFIOE9AE,Service_beiakkdem1vi3j5fejm0,1000,2,0.0634679082,0
1537378320,Prod-EcsStagingCluster-EcsCluster-1AAGQRFIOE9AE,Service_beiakkdem1vi3j5fejm0,1000,2,0.0542600619,0
1537422900,Prod-EcsStagingCluster-EcsCluster-1AAGQRFIOE9AE,Service_beiakkdem1vi3j5fejm0,1000,2,0.0479530948,0
1537350660,Prod-EcsStagingCluster-EcsCluster-1AAGQRFIOE9AE,Service_beiakkdem1vi3j5fejm0,1000,2,0.2801124028,0
1537376100,Prod-EcsStagingCluster-EcsCluster-1AAGQRFIOE9AE,Service_beiakkdem1vi3j5fejm0,1000,2,0.0636526142,0
1537420680,Prod-EcsStagingCluster-EcsCluster-1AAGQRFIOE9AE,Service_beiakkdem1vi3j5fejm0,1000,2,0.3126764497,0
1537356960,Prod-EcsStagingCluster-EcsCluster-1AAGQRFIOE9AE,Service_beiakkdem1vi3j5fejm0,1000,2,0.0729317322,0
1537405740,Prod-EcsStagingCluster-EcsCluster-1AAGQRFIOE9AE,Service_beiakkdem1vi3j5fejm0,1000,2,0.1367486760,0
1537348440,Prod-EcsStagingCluster-EcsCluster-1AAGQRFIOE9AE,Service_beiakkdem1vi3j5fejm0,1000,2,0.0817927934,0
1537382400,Prod-EcsStagingCluster-EcsCluster-1AAGQRFIOE9AE,Service_beiakkdem1vi3j5fejm0,1000,2,0.0677311070,0
1537431180,Prod-EcsStagingCluster-EcsCluster-1AAGQRFIOE9AE,Service_beiakkdem1vi3j5fejm0,1000,2,0.0580695965,0
1537373880,Prod-EcsStagingCluster-EcsCluster-1AAGQRFIOE9AE,Service_beiakkdem1vi3j5fejm0,1000,2,0.0651460410,0
1537418460,Prod-EcsStagingCluster-EcsCluster-1AAGQRFIOE9AE,Service_beiakkdem1vi3j5fejm0,1000,2,0.1075797261,4
1537354740,Prod-EcsStagingCluster-EcsCluster-1AAGQRFIOE9AE,Service_beiakkdem1vi3j5fejm0,1000,2,0.0542974759,0
1537380180,Prod-EcsStagingCluster-EcsCluster-1AAGQRFIOE9AE,Service_beiakkdem1vi3j5fejm0,1000,2,0.0590931367,0
1537389600,Prod-EcsStagingCluster-EcsCluster-1AAGQRFIOE9AE,Service_beiakkdem1vi3j5fejm0,1000,2,0.0609810749,0
1537380060,Prod-EcsStagingCluster-EcsCluster-1AAGQRFIOE9AE,Service_beiakkdem1vi3j5fejm0,1000,2,0.0571742587,0
1537383240,Prod-EcsStagingCluster-EcsCluster-1AAGQRFIOE9AE,Service_beiakkdem1vi3j5fejm0,1000,2,0.0655472028,0
1537386420,Prod-EcsStagingCluster-EcsCluster-1AAGQRFIOE9AE,Service_beiakkdem1vi3j5fejm0,1000,2,0.0702906451,0
1537366200,Prod-EcsStagingCluster-EcsCluster-1AAGQRFIOE9AE,Service_beiakkdem1vi3j5fejm0,1000,2,0.0747157802,0
1537369380,Prod-EcsStagingCluster-EcsCluster-1AAGQRFIOE9AE,Service_beiakkdem1vi3j5fejm0,1000,2,0.0675615548,0
1537372560,Prod-EcsStagingCluster-EcsCluster-1AAGQRFIOE9AE,Service_beiakkdem1vi3j5fejm0,1000,2,0.0745492050,0
1537345980,Prod-EcsStagingCluster-EcsCluster-1AAGQRFIOE9AE,Service_beiakkdem1vi3j5fejm0,1000,2,0.1289244909,0
1537349160,Prod-EcsStagingCluster-EcsCluster-1AAGQRFIOE9AE,Service_beiakkdem1vi3j5fejm0,1000,2,0.0642932020,0
1537352340,Prod-EcsStagingCluster-EcsCluster-1AAGQRFIOE9AE,Service_beiakkdem1vi3j5fejm0,1000,2,0.0785767240,1
1537355520,Prod-EcsStagingCluster-EcsCluster-1AAGQRFIOE9AE,Service_beiakkdem1vi3j5fejm0,1000,2,0.0567228077,4
1537389360,Prod-EcsStagingCluster-EcsCluster-1AAGQRFIOE9AE,Service_beiakkdem1vi3j5fejm0,1000,2,0.0572393334,0
1537386180,Prod-EcsStagingCluster-EcsCluster-1AAGQRFIOE9AE,Service_beiakkdem1vi3j5fejm0,1000,2,0.0660943959,3
1537383000,Prod-EcsStagingCluster-EcsCluster-1AAGQRFIOE9AE,Service_beiakkdem1vi3j5fejm0,1000,2,0.0655727968,2
1537405260,Prod-EcsStagingCluster-EcsCluster-1AAGQRFIOE9AE,Service_beiakkdem1vi3j5fejm0,1000,2,0.0548646696,0
1537413660,Prod-EcsStagingCluster-EcsCluster-1AAGQRFIOE9AE,Service_beiakkdem1vi3j5fejm0,1000,2,0.0568765709,0
1537371180,Prod-EcsStagingCluster-EcsCluster-1AAGQRFIOE9AE,Service_beiakkdem1vi3j5fejm0,1000,2,0.1130612374,0
1537416840,Prod-EcsStagingCluster-EcsCluster-1AAGQRFIOE9AE,Service_beiakkdem1vi3j5fejm0,1000,2,0.0576360565,0
1537420020,Prod-EcsStagingCluster-EcsCluster-1AAGQRFIOE9AE,Service_beiakkdem1vi3j5fejm0,1000,2,0.0939767686,0
1537423200,Prod-EcsStagingCluster-EcsCluster-1AAGQRFIOE9AE,Service_beiakkdem1vi3j5fejm0,1000,2,0.0585394570,0
1537399800,Prod-EcsStagingCluster-EcsCluster-1AAGQRFIOE9AE,Service_beiakkdem1vi3j5fejm0,1000,2,0.0569547096,3
1537402980,Prod-EcsStagingCluster-EcsCluster-1AAGQRFIOE9AE,Service_beiakkdem1vi3j5fejm0,1000,2,0.0554581039,0
1537406160,Prod-EcsStagingCluster-EcsCluster-1AAGQRFIOE9AE,Service_beiakkdem1vi3j5fejm0,1000,2,0.1385981295,0
1537379580,Prod-EcsStagingCluster-EcsCluster-1AAGQRFIOE9AE,Service_beiakkdem1vi3j5fejm0,1000,2,0.0587116139,0
1537385940,Prod-EcsStagingCluster-EcsCluster-1AAGQRFIOE9AE,Service_beiakkdem1vi3j5fejm0,1000,2,0.0656219701,2
1537417800,Prod-EcsStagingCluster-EcsCluster-1AAGQRFIOE9AE,Service_beiakkdem1vi3j5fejm0,1000,2,0.0829386293,0
1537424160,Prod-EcsStagingCluster-EcsCluster-1AAGQRFIOE9AE,Service_beiakkdem1vi3j5fejm0,1000,2,0.2399191779,0
1537407120,Prod-EcsStagingCluster-EcsCluster-1AAGQRFIOE9AE,Service_beiakkdem1vi3j5fejm0,1000,2,0.0688145606,2
1537400760,Prod-EcsStagingCluster-EcsCluster-1AAGQRFIOE9AE,Service_beiakkdem1vi3j5fejm0,1000,2,0.1722186052,0
1537383720,Prod-EcsStagingCluster-EcsCluster-1AAGQRFIOE9AE,Service_beiakkdem1vi3j5fejm0,1000,2,0.0797413963,0
1537351860,Prod-EcsStagingCluster-EcsCluster-1AAGQRFIOE9AE,Service_beiakkdem1vi3j5fejm0,1000,2,0.0800575952,0
1537390080,Prod-EcsStagingCluster-EcsCluster-1AAGQRFIOE9AE,Service_beiakkdem1vi3j5fejm0,1000,2,0.0572802348,0
1537419780,Prod-EcsStagingCluster-EcsCluster-1AAGQRFIOE9AE,Service_beiakkdem1vi3j5fejm0,1000,2,0.2368735996,0
1537345500,Prod-EcsStagingCluster-EcsCluster-1AAGQRFIOE9AE,Service_beiakkdem1vi3j5fejm0,1000,2,0.0558898916,1
1537423920,Prod-EcsStagingCluster-EcsCluster-1AAGQRFIOE9AE,Service_beiakkdem1vi3j5fejm0,1000,2,0.1283712396,0
1537356000,Prod-EcsStagingCluster-EcsCluster-1AAGQRFIOE9AE,Service_beiakkdem1vi3j5fejm0,1000,2,0.0561024592,0
1537417560,Prod-EcsStagingCluster-EcsCluster-1AAGQRFIOE9AE,Service_beiakkdem1vi3j5fejm0,1000,2,0.0718637204,0
1537349640,Prod-EcsStagingCluster-EcsCluster-1AAGQRFIOE9AE,Service_beiakkdem1vi3j5fejm0,1000,2,0.2249638783,0
1537404780,Prod-EcsStagingCluster-EcsCluster-1AAGQRFIOE9AE,Service_beiakkdem1vi3j5fejm0,1000,2,0.1193855371,0
1537419540,Prod-EcsStagingCluster-EcsCluster-1AAGQRFIOE9AE,Service_beiakkdem1vi3j5fejm0,1000,2,0.1772145967,0
1537351620,Prod-EcsStagingCluster-EcsCluster-1AAGQRFIOE9AE,Service_beiakkdem1vi3j5fejm0,1000,2,0.4682743117,0
1537413180,Prod-EcsStagingCluster-EcsCluster-1AAGQRFIOE9AE,Service_beiakkdem1vi3j5fejm0,1000,2,0.0638853053,2
1537370700,Prod-EcsStagingCluster-EcsCluster-1AAGQRFIOE9AE,Service_beiakkdem1vi3j5fejm0,1000,2,0.0565949510,0
1537417320,Prod-EcsStagingCluster-EcsCluster-1AAGQRFIOE9AE,Service_beiakkdem1vi3j5fejm0,1000,2,0.0920310792,0
1537423680,Prod-EcsStagingCluster-EcsCluster-1AAGQRFIOE9AE,Service_beiakkdem1vi3j5fejm0,1000,2,0.2186058858,0
1537349400,Prod-EcsStagingCluster-EcsCluster-1AAGQRFIOE9AE,Service_beiakkdem1vi3j5fejm0,1000,2,0.2288872958,0
1537355760,Prod-EcsStagingCluster-EcsCluster-1AAGQRFIOE9AE,Service_beiakkdem1vi3j5fejm0,1000,2,0.0599448450,0
1537379100,Prod-EcsStagingCluster-EcsCluster-1AAGQRFIOE9AE,Service_beiakkdem1vi3j5fejm0,1000,2,0.0461049049,0
1537385460,Prod-EcsStagingCluster-EcsCluster-1AAGQRFIOE9AE,Service_beiakkdem1vi3j5fejm0,1000,2,0.0671313950,0
1537418280,Prod-EcsStagingCluster-EcsCluster-1AAGQRFIOE9AE,Service_beiakkdem1vi3j5fejm0,1000,2,0.1005943948,0
1537421460,Prod-EcsStagingCluster-EcsCluster-1AAGQRFIOE9AE,Service_beiakkdem1vi3j5fejm0,1000,2,0.0669889537,1
1537350360,Prod-EcsStagingCluster-EcsCluster-1AAGQRFIOE9AE,Service_beiakkdem1vi3j5fejm0,1000,2,0.2065195058,0
1537353540,Prod-EcsStagingCluster-EcsCluster-1AAGQRFIOE9AE,Service_beiakkdem1vi3j5fejm0,1000,2,0.0550712139,0
1537371600,Prod-EcsStagingCluster-EcsCluster-1AAGQRFIOE9AE,Service_beiakkdem1vi3j5fejm0,1000,2,0.0759461840,0
1537354560,Prod-EcsStagingCluster-EcsCluster-1AAGQRFIOE9AE,Service_beiakkdem1vi3j5fejm0,1000,2,0.0525781160,1
1537384200,Prod-EcsStagingCluster-EcsCluster-1AAGQRFIOE9AE,Service_beiakkdem1vi3j5fejm0,1000,2,0.0784189212,2
1537387380,Prod-EcsStagingCluster-EcsCluster-1AAGQRFIOE9AE,Service_beiakkdem1vi3j5fejm0,1000,2,0.0562921468,0
1537388400,Prod-EcsStagingCluster-EcsCluster-1AAGQRFIOE9AE,Service_beiakkdem1vi3j5fejm0,1000,2,0.0580893306,0
1537404300,Prod-EcsStagingCluster-EcsCluster-1AAGQRFIOE9AE,Service_beiakkdem1vi3j5fejm0,1000,2,0.1195060072,0
1537367160,Prod-EcsStagingCluster-EcsCluster-1AAGQRFIOE9AE,Service_beiakkdem1vi3j5fejm0,1000,2,0.0678314890,0
1537370340,Prod-EcsStagingCluster-EcsCluster-1AAGQRFIOE9AE,Service_beiakkdem1vi3j5fejm0,1000,2,0.0559579238,0
1537412700,Prod-EcsStagingCluster-EcsCluster-1AAGQRFIOE9AE,Service_beiakkdem1vi3j5fejm0,1000,2,0.2216531585,0
1537350120,Prod-EcsStagingCluster-EcsCluster-1AAGQRFIOE9AE,Service_beiakkdem1vi3j5fejm0,1000,2,0.0608007059,0
1537353300,Prod-EcsStagingCluster-EcsCluster-1AAGQRFIOE9AE,Service_beiakkdem1vi3j5fejm0,1000,2,0.0575125376,0
1537370220,Prod-EcsStagingCluster-EcsCluster-1AAGQRFIOE9AE,Service_beiakkdem1vi3j5fejm0,1000,2,0.0577275688,0
1537422240,Prod-EcsStagingCluster-EcsCluster-1AAGQRFIOE9AE,Service_beiakkdem1vi3j5fejm0,1000,2,0.2803057181,0
1537383960,Prod-EcsStagingCluster-EcsCluster-1AAGQRFIOE9AE,Service_beiakkdem1vi3j5fejm0,1000,2,0.0774990590,0
1537387140,Prod-EcsStagingCluster-EcsCluster-1AAGQRFIOE9AE,Service_beiakkdem1vi3j5fejm0,1000,2,0.0563910144,0
1537405200,Prod-EcsStagingCluster-EcsCluster-1AAGQRFIOE9AE,Service_beiakkdem1vi3j5fejm0,1000,2,0.0574194315,2
1537378620,Prod-EcsStagingCluster-EcsCluster-1AAGQRFIOE9AE,Service_beiakkdem1vi3j5fejm0,1000,2,0.0561823268,0
1537388160,Prod-EcsStagingCluster-EcsCluster-1AAGQRFIOE9AE,Service_beiakkdem1vi3j5fejm0,1000,2,0.0602096711,0
1537420980,Prod-EcsStagingCluster-EcsCluster-1AAGQRFIOE9AE,Service_beiakkdem1vi3j5fejm0,1000,2,0.2011809563,3
1537389120,Prod-EcsStagingCluster-EcsCluster-1AAGQRFIOE9AE,Service_beiakkdem1vi3j5fejm0,1000,2,0.0611124574,0
1537403940,Prod-EcsStagingCluster-EcsCluster-1AAGQRFIOE9AE,Service_beiakkdem1vi3j5fejm0,1000,2,0.2495600663,0
1537386900,Prod-EcsStagingCluster-EcsCluster-1AAGQRFIOE9AE,Service_beiakkdem1vi3j5fejm0,1000,2,0.0622511150,0
1537418760,Prod-EcsStagingCluster-EcsCluster-1AAGQRFIOE9AE,Service_beiakkdem1vi3j5fejm0,1000,2,0.1800230846,0
1537355040,Prod-EcsStagingCluster-EcsCluster-1AAGQRFIOE9AE,Service_beiakkdem1vi3j5fejm0,1000,2,0.0568200631,0
1537422960,Prod-EcsStagingCluster-EcsCluster-1AAGQRFIOE9AE,Service_beiakkdem1vi3j5fejm0,1000,2,0.4485982355,0
1537403820,Prod-EcsStagingCluster-EcsCluster-1AAGQRFIOE9AE,Service_beiakkdem1vi3j5fejm0,1000,2,0.2703261569,0
1537401720,Prod-EcsStagingCluster-EcsCluster-1AAGQRFIOE9AE,Service_beiakkdem1vi3j5fejm0,1000,2,0.1483690052,0
1537384680,Prod-EcsStagingCluster-EcsCluster-1AAGQRFIOE9AE,Service_beiakkdem1vi3j5fejm0,1000,2,0.0657090844,4
1537352820,Prod-EcsStagingCluster-EcsCluster-1AAGQRFIOE9AE,Service_beiakkdem1vi3j5fejm0,1000,2,0.0674160207,0
1537420740,Prod-EcsStagingCluster-EcsCluster-1AAGQRFIOE9AE,Service_beiakkdem1vi3j5fejm0,1000,2,0.0743821945,0
1537412220,Prod-EcsStagingCluster-EcsCluster-1AAGQRFIOE9AE,Service_beiakkdem1vi3j5fejm0,1000,2,0.0488725074,0
1537369740,Prod-EcsStagingCluster-EcsCluster-1AAGQRFIOE9AE,Service_beiakkdem1vi3j5fejm0,1000,2,0.0690338526,0
1537350600,Prod-EcsStagingCluster-EcsCluster-1AAGQRFIOE9AE,Service_beiakkdem1vi3j5fejm0,1000,2,0.4609157810,3
1537418520,Prod-EcsStagingCluster-EcsCluster-1AAGQRFIOE9AE,Service_beiakkdem1vi3j5fejm0,1000,2,0.1269186737,0
1537422720,Prod-EcsStagingCluster-EcsCluster-1AAGQRFIOE9AE,Service_beiakkdem1vi3j5fejm0,1000,2,0.0598355575,0
1537354800,Prod-EcsStagingCluster-EcsCluster-1AAGQRFIOE9AE,Service_beiakkdem1vi3j5fejm0,1000,2,0.0638874830,0
1537378140,Prod-EcsStagingCluster-EcsCluster-1AAGQRFIOE9AE,Service_beiakkdem1vi3j5fejm0,1000,2,0.0762102743,0
1537420500,Prod-EcsStagingCluster-EcsCluster-1AAGQRFIOE9AE,Service_beiakkdem1vi3j5fejm0,1000,2,0.0962120230,0
1537352580,Prod-EcsStagingCluster-EcsCluster-1AAGQRFIOE9AE,Service_beiakkdem1vi3j5fejm0,1000,2,0.0826597311,0
1537388640,Prod-EcsStagingCluster-EcsCluster-1AAGQRFIOE9AE,Service_beiakkdem1vi3j5fejm0,1000,2,0.0602351378,0
1537350420,Prod-EcsStagingCluster-EcsCluster-1AAGQRFIOE9AE,Service_beiakkdem1vi3j5fejm0,1000,2,0.0630111893,0
1537353600,Prod-EcsStagingCluster-EcsCluster-1AAGQRFIOE9AE,Service_beiakkdem1vi3j5fejm0,1000,2,0.0594897170,0
1537416060,Prod-EcsStagingCluster-EcsCluster-1AAGQRFIOE9AE,Service_beiakkdem1vi3j5fejm0,1000,2,0.2222485665,0
1537351320,Prod-EcsStagingCluster-EcsCluster-1AAGQRFIOE9AE,Service_beiakkdem1vi3j5fejm0,1000,2,0.1416677049,0
1537354500,Prod-EcsStagingCluster-EcsCluster-1AAGQRFIOE9AE,Service_beiakkdem1vi3j5fejm0,1000,2,0.0536620697,0
1537403340,Prod-EcsStagingCluster-EcsCluster-1AAGQRFIOE9AE,Service_beiakkdem1vi3j5fejm0,1000,2,0.0451626333,0
1537357680,Prod-EcsStagingCluster-EcsCluster-1AAGQRFIOE9AE,Service_beiakkdem1vi3j5fejm0,1000,2,0.0653920486,0
1537414920,Prod-EcsStagingCluster-EcsCluster-1AAGQRFIOE9AE,Service_beiakkdem1vi3j5fejm0,1000,2,0.1908331097,0
1537369260,Prod-EcsStagingCluster-EcsCluster-1AAGQRFIOE9AE,Service_beiakkdem1vi3j5fejm0,1000,2,0.0660198944,0
1537418100,Prod-EcsStagingCluster-EcsCluster-1AAGQRFIOE9AE,Service_beiakkdem1vi3j5fejm0,1000,2,0.1027831609,2
1537421280,Prod-EcsStagingCluster-EcsCluster-1AAGQRFIOE9AE,Service_beiakkdem1vi3j5fejm0,1000,2,0.0711521744,1
1537381980,Prod-EcsStagingCluster-EcsCluster-1AAGQRFIOE9AE,Service_beiakkdem1vi3j5fejm0,1000,2,0.0692580516,0
1537374480,Prod-EcsStagingCluster-EcsCluster-1AAGQRFIOE9AE,Service_beiakkdem1vi3j5fejm0,1000,2,0.0751858361,0
1537380840,Prod-EcsStagingCluster-EcsCluster-1AAGQRFIOE9AE,Service_beiakkdem1vi3j5fejm0,1000,2,0.0662673034,0
1537384020,Prod-EcsStagingCluster-EcsCluster-1AAGQRFIOE9AE,Service_beiakkdem1vi3j5fejm0,1000,2,0.0839732993,0
1537387200,Prod-EcsStagingCluster-EcsCluster-1AAGQRFIOE9AE,Service_beiakkdem1vi3j5fejm0,1000,2,0.0575606602,0
1537368120,Prod-EcsStagingCluster-EcsCluster-1AAGQRFIOE9AE,Service_beiakkdem1vi3j5fejm0,1000,2,0.0661588132,0
1537371300,Prod-EcsStagingCluster-EcsCluster-1AAGQRFIOE9AE,Service_beiakkdem1vi3j5fejm0,1000,2,0.0764406598,0
1537347900,Prod-EcsStagingCluster-EcsCluster-1AAGQRFIOE9AE,Service_beiakkdem1vi3j5fejm0,1000,2,0.0538168348,0
1537353120,Prod-EcsStagingCluster-EcsCluster-1AAGQRFIOE9AE,Service_beiakkdem1vi3j5fejm0,1000,2,0.0574476384,0
1537346760,Prod-EcsStagingCluster-EcsCluster-1AAGQRFIOE9AE,Service_beiakkdem1vi3j5fejm0,1000,2,0.0672042319,0
1537349940,Prod-EcsStagingCluster-EcsCluster-1AAGQRFIOE9AE,Service_beiakkdem1vi3j5fejm0,1000,2,0.3522658579,0
1537391280,Prod-EcsStagingCluster-EcsCluster-1AAGQRFIOE9AE,Service_beiakkdem1vi3j5fejm0,1000,2,0.0427067934,0
1537384920,Prod-EcsStagingCluster-EcsCluster-1AAGQRFIOE9AE,Service_beiakkdem1vi3j5fejm0,1000,2,0.0671886121,0
1537388100,Prod-EcsStagingCluster-EcsCluster-1AAGQRFIOE9AE,Service_beiakkdem1vi3j5fejm0,1000,2,0.0605264927,0
1537354080,Prod-EcsStagingCluster-EcsCluster-1AAGQRFIOE9AE,Service_beiakkdem1vi3j5fejm0,1000,2,0.0543981588,0
1537347720,Prod-EcsStagingCluster-EcsCluster-1AAGQRFIOE9AE,Service_beiakkdem1vi3j5fejm0,1000,2,0.0545391462,0
1537392240,Prod-EcsStagingCluster-EcsCluster-1AAGQRFIOE9AE,Service_beiakkdem1vi3j5fejm0,1000,2,0.0639488226,0
1537402860,Prod-EcsStagingCluster-EcsCluster-1AAGQRFIOE9AE,Service_beiakkdem1vi3j5fejm0,1000,2,0.2076267532,0
1537415580,Prod-EcsStagingCluster-EcsCluster-1AAGQRFIOE9AE,Service_beiakkdem1vi3j5fejm0,1000,2,0.0633178343,0
1537385880,Prod-EcsStagingCluster-EcsCluster-1AAGQRFIOE9AE,Service_beiakkdem1vi3j5fejm0,1000,2,0.0728975969,0
1537417620,Prod-EcsStagingCluster-EcsCluster-1AAGQRFIOE9AE,Service_beiakkdem1vi3j5fejm0,1000,2,0.0718153315,0
1537404900,Prod-EcsStagingCluster-EcsCluster-1AAGQRFIOE9AE,Service_beiakkdem1vi3j5fejm0,1000,2,0.1367330040,0
1537381500,Prod-EcsStagingCluster-EcsCluster-1AAGQRFIOE9AE,Service_beiakkdem1vi3j5fejm0,1000,2,0.0574023552,0
1537368780,Prod-EcsStagingCluster-EcsCluster-1AAGQRFIOE9AE,Service_beiakkdem1vi3j5fejm0,1000,2,0.0661189926,0
1537415400,Prod-EcsStagingCluster-EcsCluster-1AAGQRFIOE9AE,Service_beiakkdem1vi3j5fejm0,1000,2,0.0642486450,0
1537421760,Prod-EcsStagingCluster-EcsCluster-1AAGQRFIOE9AE,Service_beiakkdem1vi3j5fejm0,1000,2,0.0627962581,5
1537409040,Prod-EcsStagingCluster-EcsCluster-1AAGQRFIOE9AE,Service_beiakkdem1vi3j5fejm0,1000,2,0.1524784624,4
1537402680,Prod-EcsStagingCluster-EcsCluster-1AAGQRFIOE9AE,Service_beiakkdem1vi3j5fejm0,1000,2,0.0559581348,2
1537383540,Prod-EcsStagingCluster-EcsCluster-1AAGQRFIOE9AE,Service_beiakkdem1vi3j5fejm0,1000,2,0.0749049674,0
1537421700,Prod-EcsStagingCluster-EcsCluster-1AAGQRFIOE9AE,Service_beiakkdem1vi3j5fejm0,1000,2,0.1358703093,0
1537347420,Prod-EcsStagingCluster-EcsCluster-1AAGQRFIOE9AE,Service_beiakkdem1vi3j5fejm0,1000,2,0.0638538919,0
1537381320,Prod-EcsStagingCluster-EcsCluster-1AAGQRFIOE9AE,Service_beiakkdem1vi3j5fejm0,1000,2,0.0557855395,0
1537387680,Prod-EcsStagingCluster-EcsCluster-1AAGQRFIOE9AE,Service_beiakkdem1vi3j5fejm0,1000,2,0.0562689153,0
1537425840,Prod-EcsStagingCluster-EcsCluster-1AAGQRFIOE9AE,Service_beiakkdem1vi3j5fejm0,1000,2,0.1452746620,0
1537419480,Prod-EcsStagingCluster-EcsCluster-1AAGQRFIOE9AE,Service_beiakkdem1vi3j5fejm0,1000,2,0.1481856521,0
1537349460,Prod-EcsStagingCluster-EcsCluster-1AAGQRFIOE9AE,Service_beiakkdem1vi3j5fejm0,1000,2,0.0633097402,0
1537347240,Prod-EcsStagingCluster-EcsCluster-1AAGQRFIOE9AE,Service_beiakkdem1vi3j5fejm0,1000,2,0.1376451489,0
1537423620,Prod-EcsStagingCluster-EcsCluster-1AAGQRFIOE9AE,Service_beiakkdem1vi3j5fejm0,1000,2,0.6252840715,0
1537420440,Prod-EcsStagingCluster-EcsCluster-1AAGQRFIOE9AE,Service_beiakkdem1vi3j5fejm0,1000,2,0.0940898964,0
1537415100,Prod-EcsStagingCluster-EcsCluster-1AAGQRFIOE9AE,Service_beiakkdem1vi3j5fejm0,1000,2,0.0628498248,0
1537356720,Prod-EcsStagingCluster-EcsCluster-1AAGQRFIOE9AE,Service_beiakkdem1vi3j5fejm0,1000,2,0.0747252480,0
1537402380,Prod-EcsStagingCluster-EcsCluster-1AAGQRFIOE9AE,Service_beiakkdem1vi3j5fejm0,1000,2,0.0645136206,0
1537348200,Prod-EcsStagingCluster-EcsCluster-1AAGQRFIOE9AE,Service_beiakkdem1vi3j5fejm0,1000,2,0.0542353723,1
1537351380,Prod-EcsStagingCluster-EcsCluster-1AAGQRFIOE9AE,Service_beiakkdem1vi3j5fejm0,1000,2,0.1738427957,1
1537368300,Prod-EcsStagingCluster-EcsCluster-1AAGQRFIOE9AE,Service_beiakkdem1vi3j5fejm0,1000,2,0.0585578099,1
1537420320,Prod-EcsStagingCluster-EcsCluster-1AAGQRFIOE9AE,Service_beiakkdem1vi3j5fejm0,1000,2,0.0917094236,0
1537381020,Prod-EcsStagingCluster-EcsCluster-1AAGQRFIOE9AE,Service_beiakkdem1vi3j5fejm0,1000,2,0.0669268789,0
1537352280,Prod-EcsStagingCluster-EcsCluster-1AAGQRFIOE9AE,Service_beiakkdem1vi3j5fejm0,1000,2,0.1585528364,0
1537355460,Prod-EcsStagingCluster-EcsCluster-1AAGQRFIOE9AE,Service_beiakkdem1vi3j5fejm0,1000,2,0.0551695525,0
1537386240,Prod-EcsStagingCluster-EcsCluster-1AAGQRFIOE9AE,Service_beiakkdem1vi3j5fejm0,1000,2,0.0663712387,0
1537373520,Prod-EcsStagingCluster-EcsCluster-1AAGQRFIOE9AE,Service_beiakkdem1vi3j5fejm0,1000,2,0.0648715689,0
1537346940,Prod-EcsStagingCluster-EcsCluster-1AAGQRFIOE9AE,Service_beiakkdem1vi3j5fejm0,1000,2,0.0646150717,0
1537415880,Prod-EcsStagingCluster-EcsCluster-1AAGQRFIOE9AE,Service_beiakkdem1vi3j5fejm0,1000,2,0.1946418822,4
1537419060,Prod-EcsStagingCluster-EcsCluster-1AAGQRFIOE9AE,Service_beiakkdem1vi3j5fejm0,1000,2,0.1127481791,0
1537352160,Prod-EcsStagingCluster-EcsCluster-1AAGQRFIOE9AE,Service_beiakkdem1vi3j5fejm0,1000,2,0.0837257272,0
1537390320,Prod-EcsStagingCluster-EcsCluster-1AAGQRFIOE9AE,Service_beiakkdem1vi3j5fejm0,1000,2,0.0548289229,0
1537381800,Prod-EcsStagingCluster-EcsCluster-1AAGQRFIOE9AE,Service_beiakkdem1vi3j5fejm0,1000,2,0.0629699517,0
1537384980,Prod-EcsStagingCluster-EcsCluster-1AAGQRFIOE9AE,Service_beiakkdem1vi3j5fejm0,1000,2,0.1890334302,0
1537369080,Prod-EcsStagingCluster-EcsCluster-1AAGQRFIOE9AE,Service_beiakkdem1vi3j5fejm0,1000,2,0.0602272193,0
1537372260,Prod-EcsStagingCluster-EcsCluster-1AAGQRFIOE9AE,Service_beiakkdem1vi3j5fejm0,1000,2,0.0734769965,2
1537401900,Prod-EcsStagingCluster-EcsCluster-1AAGQRFIOE9AE,Service_beiakkdem1vi3j5fejm0,1000,2,0.2785064077,0
1537414620,Prod-EcsStagingCluster-EcsCluster-1AAGQRFIOE9AE,Service_beiakkdem1vi3j5fejm0,1000,2,0.0585664466,0
1537382760,Prod-EcsStagingCluster-EcsCluster-1AAGQRFIOE9AE,Service_beiakkdem1vi3j5fejm0,1000,2,0.0673503486,0
1537370040,Prod-EcsStagingCluster-EcsCluster-1AAGQRFIOE9AE,Service_beiakkdem1vi3j5fejm0,1000,2,0.0656756413,1
1537350900,Prod-EcsStagingCluster-EcsCluster-1AAGQRFIOE9AE,Service_beiakkdem1vi3j5fejm0,1000,2,0.1336175341,0
1537389060,Prod-EcsStagingCluster-EcsCluster-1AAGQRFIOE9AE,Service_beiakkdem1vi3j5fejm0,1000,2,0.0556213618,0
1537380540,Prod-EcsStagingCluster-EcsCluster-1AAGQRFIOE9AE,Service_beiakkdem1vi3j5fejm0,1000,2,0.0561573202,0
1537367820,Prod-EcsStagingCluster-EcsCluster-1AAGQRFIOE9AE,Service_beiakkdem1vi3j5fejm0,1000,2,0.0657922192,0
1537348680,Prod-EcsStagingCluster-EcsCluster-1AAGQRFIOE9AE,Service_beiakkdem1vi3j5fejm0,1000,2,0.0548284478,0
1537420800,Prod-EcsStagingCluster-EcsCluster-1AAGQRFIOE9AE,Service_beiakkdem1vi3j5fejm0,1000,2,0.0724651212,5
1537386840,Prod-EcsStagingCluster-EcsCluster-1AAGQRFIOE9AE,Service_beiakkdem1vi3j5fejm0,1000,2,0.0609907158,2
1537408080,Prod-EcsStagingCluster-EcsCluster-1AAGQRFIOE9AE,Service_beiakkdem1vi3j5fejm0,1000,2,0.0712941177,0
1537346460,Prod-EcsStagingCluster-EcsCluster-1AAGQRFIOE9AE,Service_beiakkdem1vi3j5fejm0,1000,2,0.0826297584,1
1537418580,Prod-EcsStagingCluster-EcsCluster-1AAGQRFIOE9AE,Service_beiakkdem1vi3j5fejm0,1000,2,0.1197423452,0
1537405860,Prod-EcsStagingCluster-EcsCluster-1AAGQRFIOE9AE,Service_beiakkdem1vi3j5fejm0,1000,2,0.2771706805,2
1537386720,Prod-EcsStagingCluster-EcsCluster-1AAGQRFIOE9AE,Service_beiakkdem1vi3j5fejm0,1000,2,0.0664446809,0
1537424880,Prod-EcsStagingCluster-EcsCluster-1AAGQRFIOE9AE,Service_beiakkdem1vi3j5fejm0,1000,2,0.2226178315,0
1537416360,Prod-EcsStagingCluster-EcsCluster-1AAGQRFIOE9AE,Service_beiakkdem1vi3j5fejm0,1000,2,0.0605086284,0
1537403640,Prod-EcsStagingCluster-EcsCluster-1AAGQRFIOE9AE,Service_beiakkdem1vi3j5fejm0,1000,2,0.1233566930,2
1537384500,Prod-EcsStagingCluster-EcsCluster-1AAGQRFIOE9AE,Service_beiakkdem1vi3j5fejm0,1000,2,0.0767348294,0
1537422660,Prod-EcsStagingCluster-EcsCluster-1AAGQRFIOE9AE,Service_beiakkdem1vi3j5fejm0,1000,2,0.0580473122,0
1537352640,Prod-EcsStagingCluster-EcsCluster-1AAGQRFIOE9AE,Service_beiakkdem1vi3j5fejm0,1000,2,0.0713682461,0
1537414140,Prod-EcsStagingCluster-EcsCluster-1AAGQRFIOE9AE,Service_beiakkdem1vi3j5fejm0,1000,2,0.0587562623,0
1537401420,Prod-EcsStagingCluster-EcsCluster-1AAGQRFIOE9AE,Service_beiakkdem1vi3j5fejm0,1000,2,0.1505352678,0
1537382280,Prod-EcsStagingCluster-EcsCluster-1AAGQRFIOE9AE,Service_beiakkdem1vi3j5fejm0,1000,2,0.0699768432,1
1537409820,Prod-EcsStagingCluster-EcsCluster-1AAGQRFIOE9AE,Service_beiakkdem1vi3j5fejm0,1000,2,0.1269528664,0
1537416180,Prod-EcsStagingCluster-EcsCluster-1AAGQRFIOE9AE,Service_beiakkdem1vi3j5fejm0,1000,2,0.1362248801,0
1537393920,Prod-EcsStagingCluster-EcsCluster-1AAGQRFIOE9AE,Service_beiakkdem1vi3j5fejm0,1000,2,0.1032309043,0
1537387560,Prod-EcsStagingCluster-EcsCluster-1AAGQRFIOE9AE,Service_beiakkdem1vi3j5fejm0,1000,2,0.0575646071,0
1537373700,Prod-EcsStagingCluster-EcsCluster-1AAGQRFIOE9AE,Service_beiakkdem1vi3j5fejm0,1000,2,0.0666126738,0
1537348260,Prod-EcsStagingCluster-EcsCluster-1AAGQRFIOE9AE,Service_beiakkdem1vi3j5fejm0,1000,2,0.0557367654,0
1537392780,Prod-EcsStagingCluster-EcsCluster-1AAGQRFIOE9AE,Service_beiakkdem1vi3j5fejm0,1000,2,0.0674666479,0
1537399140,Prod-EcsStagingCluster-EcsCluster-1AAGQRFIOE9AE,Service_beiakkdem1vi3j5fejm0,1000,2,0.0606304566,0
1537424580,Prod-EcsStagingCluster-EcsCluster-1AAGQRFIOE9AE,Service_beiakkdem1vi3j5fejm0,1000,2,0.4926314438,2
1537351200,Prod-EcsStagingCluster-EcsCluster-1AAGQRFIOE9AE,Service_beiakkdem1vi3j5fejm0,1000,2,0.0719587181,0
1537395720,Prod-EcsStagingCluster-EcsCluster-1AAGQRFIOE9AE,Service_beiakkdem1vi3j5fejm0,1000,2,0.0465446947,0
1537367100,Prod-EcsStagingCluster-EcsCluster-1AAGQRFIOE9AE,Service_beiakkdem1vi3j5fejm0,1000,2,0.0668893586,0
1537373460,Prod-EcsStagingCluster-EcsCluster-1AAGQRFIOE9AE,Service_beiakkdem1vi3j5fejm0,1000,2,0.0778906689,0
1537417980,Prod-EcsStagingCluster-EcsCluster-1AAGQRFIOE9AE,Service_beiakkdem1vi3j5fejm0,1000,2,0.1018518778,0
1537424340,Prod-EcsStagingCluster-EcsCluster-1AAGQRFIOE9AE,Service_beiakkdem1vi3j5fejm0,1000,2,0.2144937108,2
1537350060,Prod-EcsStagingCluster-EcsCluster-1AAGQRFIOE9AE,Service_beiakkdem1vi3j5fejm0,1000,2,0.0650100233,0
1537353240,Prod-EcsStagingCluster-EcsCluster-1AAGQRFIOE9AE,Service_beiakkdem1vi3j5fejm0,1000,2,0.0551055685,0
1537402080,Prod-EcsStagingCluster-EcsCluster-1AAGQRFIOE9AE,Service_beiakkdem1vi3j5fejm0,1000,2,0.1362809770,0
1537378680,Prod-EcsStagingCluster-EcsCluster-1AAGQRFIOE9AE,Service_beiakkdem1vi3j5fejm0,1000,2,0.0569717723,0
1537359600,Prod-EcsStagingCluster-EcsCluster-1AAGQRFIOE9AE,Service_beiakkdem1vi3j5fejm0,1000,2,0.0696115442,0
1537404120,Prod-EcsStagingCluster-EcsCluster-1AAGQRFIOE9AE,Service_beiakkdem1vi3j5fejm0,1000,2,0.1802332166,0
1537410480,Prod-EcsStagingCluster-EcsCluster-1AAGQRFIOE9AE,Service_beiakkdem1vi3j5fejm0,1000,2,0.0600194641,0
1537400940,Prod-EcsStagingCluster-EcsCluster-1AAGQRFIOE9AE,Service_beiakkdem1vi3j5fejm0,1000,2,0.0798965588,0
1537385040,Prod-EcsStagingCluster-EcsCluster-1AAGQRFIOE9AE,Service_beiakkdem1vi3j5fejm0,1000,2,0.0558318900,0
1537429560,Prod-EcsStagingCluster-EcsCluster-1AAGQRFIOE9AE,Service_beiakkdem1vi3j5fejm0,1000,2,0.0721788806,0
1537375260,Prod-EcsStagingCluster-EcsCluster-1AAGQRFIOE9AE,Service_beiakkdem1vi3j5fejm0,1000,2,0.0639589444,0
1537381620,Prod-EcsStagingCluster-EcsCluster-1AAGQRFIOE9AE,Service_beiakkdem1vi3j5fejm0,1000,2,0.0585912739,1
1537426140,Prod-EcsStagingCluster-EcsCluster-1AAGQRFIOE9AE,Service_beiakkdem1vi3j5fejm0,1000,2,0.3026695850,0
1537358220,Prod-EcsStagingCluster-EcsCluster-1AAGQRFIOE9AE,Service_beiakkdem1vi3j5fejm0,1000,2,0.0612593523,0
1537390020,Prod-EcsStagingCluster-EcsCluster-1AAGQRFIOE9AE,Service_beiakkdem1vi3j5fejm0,1000,2,0.0582867996,0
1537364580,Prod-EcsStagingCluster-EcsCluster-1AAGQRFIOE9AE,Service_beiakkdem1vi3j5fejm0,1000,2,0.0782612879,2
1537409100,Prod-EcsStagingCluster-EcsCluster-1AAGQRFIOE9AE,Service_beiakkdem1vi3j5fejm0,1000,2,0.0674820884,1
1537415460,Prod-EcsStagingCluster-EcsCluster-1AAGQRFIOE9AE,Service_beiakkdem1vi3j5fejm0,1000,2,0.2425589665,0
1537379400,Prod-EcsStagingCluster-EcsCluster-1AAGQRFIOE9AE,Service_beiakkdem1vi3j5fejm0,1000,2,0.0583116962,1
1537385760,Prod-EcsStagingCluster-EcsCluster-1AAGQRFIOE9AE,Service_beiakkdem1vi3j5fejm0,1000,2,0.0667019552,0
1537430280,Prod-EcsStagingCluster-EcsCluster-1AAGQRFIOE9AE,Service_beiakkdem1vi3j5fejm0,1000,2,0.0758404909,1
1537362360,Prod-EcsStagingCluster-EcsCluster-1AAGQRFIOE9AE,Service_beiakkdem1vi3j5fejm0,1000,2,0.0640140024,0
1537394160,Prod-EcsStagingCluster-EcsCluster-1AAGQRFIOE9AE,Service_beiakkdem1vi3j5fejm0,1000,2,0.0717550087,0
1537387800,Prod-EcsStagingCluster-EcsCluster-1AAGQRFIOE9AE,Service_beiakkdem1vi3j5fejm0,1000,2,0.0586109068,1
1537368720,Prod-EcsStagingCluster-EcsCluster-1AAGQRFIOE9AE,Service_beiakkdem1vi3j5fejm0,1000,2,0.0658654762,0
1537413240,Prod-EcsStagingCluster-EcsCluster-1AAGQRFIOE9AE,Service_beiakkdem1vi3j5fejm0,1000,2,0.0679211146,1
1537419600,Prod-EcsStagingCluster-EcsCluster-1AAGQRFIOE9AE,Service_beiakkdem1vi3j5fejm0,1000,2,0.0877638829,0
1537383420,Prod-EcsStagingCluster-EcsCluster-1AAGQRFIOE9AE,Service_beiakkdem1vi3j5fejm0,1000,2,0.0866091839,0
1537389780,Prod-EcsStagingCluster-EcsCluster-1AAGQRFIOE9AE,Service_beiakkdem1vi3j5fejm0,1000,2,0.0534666130,0
1537366380,Prod-EcsStagingCluster-EcsCluster-1AAGQRFIOE9AE,Service_beiakkdem1vi3j5fejm0,1000,2,0.0748327021,0
1537426800,Prod-EcsStagingCluster-EcsCluster-1AAGQRFIOE9AE,Service_beiakkdem1vi3j5fejm0,1000,2,0.6409783306,0
1537417260,Prod-EcsStagingCluster-EcsCluster-1AAGQRFIOE9AE,Service_beiakkdem1vi3j5fejm0,1000,2,0.0914754913,0
1537363080,Prod-EcsStagingCluster-EcsCluster-1AAGQRFIOE9AE,Service_beiakkdem1vi3j5fejm0,1000,2,0.0839474796,0
1537413960,Prod-EcsStagingCluster-EcsCluster-1AAGQRFIOE9AE,Service_beiakkdem1vi3j5fejm0,1000,2,0.0502092599,1
1537391700,Prod-EcsStagingCluster-EcsCluster-1AAGQRFIOE9AE,Service_beiakkdem1vi3j5fejm0,1000,2,0.0726379108,0
1537371480,Prod-EcsStagingCluster-EcsCluster-1AAGQRFIOE9AE,Service_beiakkdem1vi3j5fejm0,1000,2,0.0753111882,2
1537346040,Prod-EcsStagingCluster-EcsCluster-1AAGQRFIOE9AE,Service_beiakkdem1vi3j5fejm0,1000,2,0.0686884136,0
1537396920,Prod-EcsStagingCluster-EcsCluster-1AAGQRFIOE9AE,Service_beiakkdem1vi3j5fejm0,1000,2,0.0602130696,0
1537422360,Prod-EcsStagingCluster-EcsCluster-1AAGQRFIOE9AE,Service_beiakkdem1vi3j5fejm0,1000,2,0.2562880259,2
1537391580,Prod-EcsStagingCluster-EcsCluster-1AAGQRFIOE9AE,Service_beiakkdem1vi3j5fejm0,1000,2,0.0562844341,0
1537375680,Prod-EcsStagingCluster-EcsCluster-1AAGQRFIOE9AE,Service_beiakkdem1vi3j5fejm0,1000,2,0.0894836122,3
1537374540,Prod-EcsStagingCluster-EcsCluster-1AAGQRFIOE9AE,Service_beiakkdem1vi3j5fejm0,1000,2,0.1034838475,0
1537426560,Prod-EcsStagingCluster-EcsCluster-1AAGQRFIOE9AE,Service_beiakkdem1vi3j5fejm0,1000,2,0.4549635500,0
1537425420,Prod-EcsStagingCluster-EcsCluster-1AAGQRFIOE9AE,Service_beiakkdem1vi3j5fejm0,1000,2,0.0679522400,0
1537348980,Prod-EcsStagingCluster-EcsCluster-1AAGQRFIOE9AE,Service_beiakkdem1vi3j5fejm0,1000,2,0.0543516412,0
1537371240,Prod-EcsStagingCluster-EcsCluster-1AAGQRFIOE9AE,Service_beiakkdem1vi3j5fejm0,1000,2,0.0862479136,0
1537422120,Prod-EcsStagingCluster-EcsCluster-1AAGQRFIOE9AE,Service_beiakkdem1vi3j5fejm0,1000,2,0.2067073511,0
1537399860,Prod-EcsStagingCluster-EcsCluster-1AAGQRFIOE9AE,Service_beiakkdem1vi3j5fejm0,1000,2,0.0426905555,0
1537357380,Prod-EcsStagingCluster-EcsCluster-1AAGQRFIOE9AE,Service_beiakkdem1vi3j5fejm0,1000,2,0.0749211504,0
1537408260,Prod-EcsStagingCluster-EcsCluster-1AAGQRFIOE9AE,Service_beiakkdem1vi3j5fejm0,1000,2,0.1302070751,0
1537348860,Prod-EcsStagingCluster-EcsCluster-1AAGQRFIOE9AE,Service_beiakkdem1vi3j5fejm0,1000,2,0.0557895593,0
1537382820,Prod-EcsStagingCluster-EcsCluster-1AAGQRFIOE9AE,Service_beiakkdem1vi3j5fejm0,1000,2,0.0666872007,2
1537399740,Prod-EcsStagingCluster-EcsCluster-1AAGQRFIOE9AE,Service_beiakkdem1vi3j5fejm0,1000,2,0.0582297771,1
1537355160,Prod-EcsStagingCluster-EcsCluster-1AAGQRFIOE9AE,Service_beiakkdem1vi3j5fejm0,1000,2,0.0550239786,0
1537380600,Prod-EcsStagingCluster-EcsCluster-1AAGQRFIOE9AE,Service_beiakkdem1vi3j5fejm0,1000,2,0.0571859133,2
1537406040,Prod-EcsStagingCluster-EcsCluster-1AAGQRFIOE9AE,Service_beiakkdem1vi3j5fejm0,1000,2,0.0548584498,0
1537359360,Prod-EcsStagingCluster-EcsCluster-1AAGQRFIOE9AE,Service_beiakkdem1vi3j5fejm0,1000,2,0.0673612459,0
1537382700,Prod-EcsStagingCluster-EcsCluster-1AAGQRFIOE9AE,Service_beiakkdem1vi3j5fejm0,1000,2,0.0678553748,3
1537431480,Prod-EcsStagingCluster-EcsCluster-1AAGQRFIOE9AE,Service_beiakkdem1vi3j5fejm0,1000,2,0.0567084242,0
1537410240,Prod-EcsStagingCluster-EcsCluster-1AAGQRFIOE9AE,Service_beiakkdem1vi3j5fejm0,1000,2,0.2921788226,0
1537357140,Prod-EcsStagingCluster-EcsCluster-1AAGQRFIOE9AE,Service_beiakkdem1vi3j5fejm0,1000,2,0.0729495231,0
1537408020,Prod-EcsStagingCluster-EcsCluster-1AAGQRFIOE9AE,Service_beiakkdem1vi3j5fejm0,1000,2,0.0720529172,0
1537357020,Prod-EcsStagingCluster-EcsCluster-1AAGQRFIOE9AE,Service_beiakkdem1vi3j5fejm0,1000,2,0.0753782010,0
1537354920,Prod-EcsStagingCluster-EcsCluster-1AAGQRFIOE9AE,Service_beiakkdem1vi3j5fejm0,1000,2,0.0595394510,4
1537407900,Prod-EcsStagingCluster-EcsCluster-1AAGQRFIOE9AE,Service_beiakkdem1vi3j5fejm0,1000,2,0.1417727474,0
1537405800,Prod-EcsStagingCluster-EcsCluster-1AAGQRFIOE9AE,Service_beiakkdem1vi3j5fejm0,1000,2,0.1871017313,0
1537390860,Prod-EcsStagingCluster-EcsCluster-1AAGQRFIOE9AE,Service_beiakkdem1vi3j5fejm0,1000,2,0.0502663107,0
1537367520,Prod-EcsStagingCluster-EcsCluster-1AAGQRFIOE9AE,Service_beiakkdem1vi3j5fejm0,1000,2,0.0584442871,1
1537418400,Prod-EcsStagingCluster-EcsCluster-1AAGQRFIOE9AE,Service_beiakkdem1vi3j5fejm0,1000,2,0.1695316173,0
1537375920,Prod-EcsStagingCluster-EcsCluster-1AAGQRFIOE9AE,Service_beiakkdem1vi3j5fejm0,1000,2,0.0637635202,11
1537350480,Prod-EcsStagingCluster-EcsCluster-1AAGQRFIOE9AE,Service_beiakkdem1vi3j5fejm0,1000,2,0.2118493181,0
1537401360,Prod-EcsStagingCluster-EcsCluster-1AAGQRFIOE9AE,Service_beiakkdem1vi3j5fejm0,1000,2,0.0752699406,0
1537365300,Prod-EcsStagingCluster-EcsCluster-1AAGQRFIOE9AE,Service_beiakkdem1vi3j5fejm0,1000,2,0.0458838506,0
1537421520,Prod-EcsStagingCluster-EcsCluster-1AAGQRFIOE9AE,Service_beiakkdem1vi3j5fejm0,1000,2,0.2794622916,0
1537349280,Prod-EcsStagingCluster-EcsCluster-1AAGQRFIOE9AE,Service_beiakkdem1vi3j5fejm0,1000,2,0.0665686227,0
1537393800,Prod-EcsStagingCluster-EcsCluster-1AAGQRFIOE9AE,Service_beiakkdem1vi3j5fejm0,1000,2,0.0809267774,0
1537371540,Prod-EcsStagingCluster-EcsCluster-1AAGQRFIOE9AE,Service_beiakkdem1vi3j5fejm0,1000,2,0.0746204899,0
1537422420,Prod-EcsStagingCluster-EcsCluster-1AAGQRFIOE9AE,Service_beiakkdem1vi3j5fejm0,1000,2,0.0618563022,0
1537348140,Prod-EcsStagingCluster-EcsCluster-1AAGQRFIOE9AE,Service_beiakkdem1vi3j5fejm0,1000,2,0.0558933404,0
1537400160,Prod-EcsStagingCluster-EcsCluster-1AAGQRFIOE9AE,Service_beiakkdem1vi3j5fejm0,1000,2,0.0561145376,0
1537360860,Prod-EcsStagingCluster-EcsCluster-1AAGQRFIOE9AE,Service_beiakkdem1vi3j5fejm0,1000,2,0.0525226287,0
1537411740,Prod-EcsStagingCluster-EcsCluster-1AAGQRFIOE9AE,Service_beiakkdem1vi3j5fejm0,1000,2,0.0899112644,2
1537399020,Prod-EcsStagingCluster-EcsCluster-1AAGQRFIOE9AE,Service_beiakkdem1vi3j5fejm0,1000,2,0.0482450762,0
1537350180,Prod-EcsStagingCluster-EcsCluster-1AAGQRFIOE9AE,Service_beiakkdem1vi3j5fejm0,1000,2,0.0721166447,2
1537401060,Prod-EcsStagingCluster-EcsCluster-1AAGQRFIOE9AE,Service_beiakkdem1vi3j5fejm0,1000,2,0.1405418818,6
1537375620,Prod-EcsStagingCluster-EcsCluster-1AAGQRFIOE9AE,Service_beiakkdem1vi3j5fejm0,1000,2,0.0733738986,1
1537426500,Prod-EcsStagingCluster-EcsCluster-1AAGQRFIOE9AE,Service_beiakkdem1vi3j5fejm0,1000,2,0.3584964094,0
1537379700,Prod-EcsStagingCluster-EcsCluster-1AAGQRFIOE9AE,Service_beiakkdem1vi3j5fejm0,1000,2,0.0632992970,0
1537351080,Prod-EcsStagingCluster-EcsCluster-1AAGQRFIOE9AE,Service_beiakkdem1vi3j5fejm0,1000,2,0.0729165924,0
1537357440,Prod-EcsStagingCluster-EcsCluster-1AAGQRFIOE9AE,Service_beiakkdem1vi3j5fejm0,1000,2,0.0752120387,0
1537401960,Prod-EcsStagingCluster-EcsCluster-1AAGQRFIOE9AE,Service_beiakkdem1vi3j5fejm0,1000,2,0.0553572626,0
1537430580,Prod-EcsStagingCluster-EcsCluster-1AAGQRFIOE9AE,Service_beiakkdem1vi3j5fejm0,1000,2,0.0573309256,2
1537356300,Prod-EcsStagingCluster-EcsCluster-1AAGQRFIOE9AE,Service_beiakkdem1vi3j5fejm0,1000,2,0.0516071966,0
1537408320,Prod-EcsStagingCluster-EcsCluster-1AAGQRFIOE9AE,Service_beiakkdem1vi3j5fejm0,1000,2,0.1783251008,0
1537369020,Prod-EcsStagingCluster-EcsCluster-1AAGQRFIOE9AE,Service_beiakkdem1vi3j5fejm0,1000,2,0.0648104974,0
1537419900,Prod-EcsStagingCluster-EcsCluster-1AAGQRFIOE9AE,Service_beiakkdem1vi3j5fejm0,1000,2,0.0861535053,3
1537407180,Prod-EcsStagingCluster-EcsCluster-1AAGQRFIOE9AE,Service_beiakkdem1vi3j5fejm0,1000,2,0.0581085945,0
1537383840,Prod-EcsStagingCluster-EcsCluster-1AAGQRFIOE9AE,Service_beiakkdem1vi3j5fejm0,1000,2,0.0775687835,0
1537428360,Prod-EcsStagingCluster-EcsCluster-1AAGQRFIOE9AE,Service_beiakkdem1vi3j5fejm0,1000,2,0.0653342357,0
1537387860,Prod-EcsStagingCluster-EcsCluster-1AAGQRFIOE9AE,Service_beiakkdem1vi3j5fejm0,1000,2,0.0617654953,1
1537364460,Prod-EcsStagingCluster-EcsCluster-1AAGQRFIOE9AE,Service_beiakkdem1vi3j5fejm0,1000,2,0.0771854305,0
1537377180,Prod-EcsStagingCluster-EcsCluster-1AAGQRFIOE9AE,Service_beiakkdem1vi3j5fejm0,1000,2,0.0667788179,0
1537385640,Prod-EcsStagingCluster-EcsCluster-1AAGQRFIOE9AE,Service_beiakkdem1vi3j5fejm0,1000,2,0.0661910598,0
1537428060,Prod-EcsStagingCluster-EcsCluster-1AAGQRFIOE9AE,Service_beiakkdem1vi3j5fejm0,1000,2,0.1983059729,0
1537392000,Prod-EcsStagingCluster-EcsCluster-1AAGQRFIOE9AE,Service_beiakkdem1vi3j5fejm0,1000,2,0.0652001785,0
1537415340,Prod-EcsStagingCluster-EcsCluster-1AAGQRFIOE9AE,Service_beiakkdem1vi3j5fejm0,1000,2,0.2823432019,2
1537391940,Prod-EcsStagingCluster-EcsCluster-1AAGQRFIOE9AE,Service_beiakkdem1vi3j5fejm0,1000,2,0.0572978235,0
1537366500,Prod-EcsStagingCluster-EcsCluster-1AAGQRFIOE9AE,Service_beiakkdem1vi3j5fejm0,1000,2,0.0844684506,1
1537417380,Prod-EcsStagingCluster-EcsCluster-1AAGQRFIOE9AE,Service_beiakkdem1vi3j5fejm0,1000,2,0.0923341035,0
1537389720,Prod-EcsStagingCluster-EcsCluster-1AAGQRFIOE9AE,Service_beiakkdem1vi3j5fejm0,1000,2,0.0550995595,0
1537364280,Prod-EcsStagingCluster-EcsCluster-1AAGQRFIOE9AE,Service_beiakkdem1vi3j5fejm0,1000,2,0.0793495493,0
1537370640,Prod-EcsStagingCluster-EcsCluster-1AAGQRFIOE9AE,Service_beiakkdem1vi3j5fejm0,1000,2,0.0551052121,2
1537415160,Prod-EcsStagingCluster-EcsCluster-1AAGQRFIOE9AE,Service_beiakkdem1vi3j5fejm0,1000,2,0.2054541424,0
1537396080,Prod-EcsStagingCluster-EcsCluster-1AAGQRFIOE9AE,Service_beiakkdem1vi3j5fejm0,1000,2,0.0467058434,0
1537373760,Prod-EcsStagingCluster-EcsCluster-1AAGQRFIOE9AE,Service_beiakkdem1vi3j5fejm0,1000,2,0.0659784482,0
1537424640,Prod-EcsStagingCluster-EcsCluster-1AAGQRFIOE9AE,Service_beiakkdem1vi3j5fejm0,1000,2,0.0725643870,0
1537393860,Prod-EcsStagingCluster-EcsCluster-1AAGQRFIOE9AE,Service_beiakkdem1vi3j5fejm0,1000,2,0.0754972710,1
1537368420,Prod-EcsStagingCluster-EcsCluster-1AAGQRFIOE9AE,Service_beiakkdem1vi3j5fejm0,1000,2,0.0614219718,0
1537419300,Prod-EcsStagingCluster-EcsCluster-1AAGQRFIOE9AE,Service_beiakkdem1vi3j5fejm0,1000,2,0.0966365835,0
1537372620,Prod-EcsStagingCluster-EcsCluster-1AAGQRFIOE9AE,Service_beiakkdem1vi3j5fejm0,1000,2,0.0746561155,0
1537385340,Prod-EcsStagingCluster-EcsCluster-1AAGQRFIOE9AE,Service_beiakkdem1vi3j5fejm0,1000,2,0.0787824115,2
1537423500,Prod-EcsStagingCluster-EcsCluster-1AAGQRFIOE9AE,Service_beiakkdem1vi3j5fejm0,1000,2,0.4406656540,0
1537352400,Prod-EcsStagingCluster-EcsCluster-1AAGQRFIOE9AE,Service_beiakkdem1vi3j5fejm0,1000,2,0.0751207213,0
1537347060,Prod-EcsStagingCluster-EcsCluster-1AAGQRFIOE9AE,Service_beiakkdem1vi3j5fejm0,1000,2,0.0612314531,0
1537377840,Prod-EcsStagingCluster-EcsCluster-1AAGQRFIOE9AE,Service_beiakkdem1vi3j5fejm0,1000,2,0.0683116168,1
1537397940,Prod-EcsStagingCluster-EcsCluster-1AAGQRFIOE9AE,Service_beiakkdem1vi3j5fejm0,1000,2,0.0549611277,0
1537428720,Prod-EcsStagingCluster-EcsCluster-1AAGQRFIOE9AE,Service_beiakkdem1vi3j5fejm0,1000,2,0.0671623314,0
1537403280,Prod-EcsStagingCluster-EcsCluster-1AAGQRFIOE9AE,Service_beiakkdem1vi3j5fejm0,1000,2,0.2762344889,0
1537369320,Prod-EcsStagingCluster-EcsCluster-1AAGQRFIOE9AE,Service_beiakkdem1vi3j5fejm0,1000,2,0.0666000992,0
1537420200,Prod-EcsStagingCluster-EcsCluster-1AAGQRFIOE9AE,Service_beiakkdem1vi3j5fejm0,1000,2,0.0881227128,0
1537373400,Prod-EcsStagingCluster-EcsCluster-1AAGQRFIOE9AE,Service_beiakkdem1vi3j5fejm0,1000,2,0.0676866730,3
1537347960,Prod-EcsStagingCluster-EcsCluster-1AAGQRFIOE9AE,Service_beiakkdem1vi3j5fejm0,1000,2,0.0617381907,0
1537381920,Prod-EcsStagingCluster-EcsCluster-1AAGQRFIOE9AE,Service_beiakkdem1vi3j5fejm0,1000,2,0.0691696240,0
1537398840,Prod-EcsStagingCluster-EcsCluster-1AAGQRFIOE9AE,Service_beiakkdem1vi3j5fejm0,1000,2,0.0592730364,1
1537424280,Prod-EcsStagingCluster-EcsCluster-1AAGQRFIOE9AE,Service_beiakkdem1vi3j5fejm0,1000,2,0.2962169505,0
1537393500,Prod-EcsStagingCluster-EcsCluster-1AAGQRFIOE9AE,Service_beiakkdem1vi3j5fejm0,1000,2,0.0661268948,0
1537380780,Prod-EcsStagingCluster-EcsCluster-1AAGQRFIOE9AE,Service_beiakkdem1vi3j5fejm0,1000,2,0.0693500191,1
1537431660,Prod-EcsStagingCluster-EcsCluster-1AAGQRFIOE9AE,Service_beiakkdem1vi3j5fejm0,1000,2,0.0577658211,2
1537377480,Prod-EcsStagingCluster-EcsCluster-1AAGQRFIOE9AE,Service_beiakkdem1vi3j5fejm0,1000,2,0.0705446793,0
1537355220,Prod-EcsStagingCluster-EcsCluster-1AAGQRFIOE9AE,Service_beiakkdem1vi3j5fejm0,1000,2,0.0552780235,0
1537406100,Prod-EcsStagingCluster-EcsCluster-1AAGQRFIOE9AE,Service_beiakkdem1vi3j5fejm0,1000,2,0.1219391832,0
1537361520,Prod-EcsStagingCluster-EcsCluster-1AAGQRFIOE9AE,Service_beiakkdem1vi3j5fejm0,1000,2,0.0628916806,0
1537412400,Prod-EcsStagingCluster-EcsCluster-1AAGQRFIOE9AE,Service_beiakkdem1vi3j5fejm0,1000,2,0.0680635585,0
1537353000,Prod-EcsStagingCluster-EcsCluster-1AAGQRFIOE9AE,Service_beiakkdem1vi3j5fejm0,1000,2,0.0550247314,1
1537386960,Prod-EcsStagingCluster-EcsCluster-1AAGQRFIOE9AE,Service_beiakkdem1vi3j5fejm0,1000,2,0.0582382652,0
1537403880,Prod-EcsStagingCluster-EcsCluster-1AAGQRFIOE9AE,Service_beiakkdem1vi3j5fejm0,1000,2,0.2038879712,0
1537359300,Prod-EcsStagingCluster-EcsCluster-1AAGQRFIOE9AE,Service_beiakkdem1vi3j5fejm0,1000,2,0.0650535482,0
1537410180,Prod-EcsStagingCluster-EcsCluster-1AAGQRFIOE9AE,Service_beiakkdem1vi3j5fejm0,1000,2,0.2712163104,0
1537350780,Prod-EcsStagingCluster-EcsCluster-1AAGQRFIOE9AE,Service_beiakkdem1vi3j5fejm0,1000,2,0.0544216781,0
1537384740,Prod-EcsStagingCluster-EcsCluster-1AAGQRFIOE9AE,Service_beiakkdem1vi3j5fejm0,1000,2,0.0657270131,4
1537401660,Prod-EcsStagingCluster-EcsCluster-1AAGQRFIOE9AE,Service_beiakkdem1vi3j5fejm0,1000,2,0.2951014713,0
1537388940,Prod-EcsStagingCluster-EcsCluster-1AAGQRFIOE9AE,Service_beiakkdem1vi3j5fejm0,1000,2,0.0559973928,3
1537365600,Prod-EcsStagingCluster-EcsCluster-1AAGQRFIOE9AE,Service_beiakkdem1vi3j5fejm0,1000,2,0.0545178427,0
1537416480,Prod-EcsStagingCluster-EcsCluster-1AAGQRFIOE9AE,Service_beiakkdem1vi3j5fejm0,1000,2,0.4421520521,0
1537357080,Prod-EcsStagingCluster-EcsCluster-1AAGQRFIOE9AE,Service_beiakkdem1vi3j5fejm0,1000,2,0.0763079985,0
1537407960,Prod-EcsStagingCluster-EcsCluster-1AAGQRFIOE9AE,Service_beiakkdem1vi3j5fejm0,1000,2,0.7267114631,1
1537382520,Prod-EcsStagingCluster-EcsCluster-1AAGQRFIOE9AE,Service_beiakkdem1vi3j5fejm0,1000,2,0.0652050330,0
1537363380,Prod-EcsStagingCluster-EcsCluster-1AAGQRFIOE9AE,Service_beiakkdem1vi3j5fejm0,1000,2,0.0730427833,0
1537414260,Prod-EcsStagingCluster-EcsCluster-1AAGQRFIOE9AE,Service_beiakkdem1vi3j5fejm0,1000,2,0.2250817762,0
1537361160,Prod-EcsStagingCluster-EcsCluster-1AAGQRFIOE9AE,Service_beiakkdem1vi3j5fejm0,1000,2,0.0662073506,0
1537412040,Prod-EcsStagingCluster-EcsCluster-1AAGQRFIOE9AE,Service_beiakkdem1vi3j5fejm0,1000,2,0.0680302395,0
1537346220,Prod-EcsStagingCluster-EcsCluster-1AAGQRFIOE9AE,Service_beiakkdem1vi3j5fejm0,1000,2,0.1286905356,0
1537358940,Prod-EcsStagingCluster-EcsCluster-1AAGQRFIOE9AE,Service_beiakkdem1vi3j5fejm0,1000,2,0.0647974602,0
1537397100,Prod-EcsStagingCluster-EcsCluster-1AAGQRFIOE9AE,Service_beiakkdem1vi3j5fejm0,1000,2,0.0483734348,0
1537360980,Prod-EcsStagingCluster-EcsCluster-1AAGQRFIOE9AE,Service_beiakkdem1vi3j5fejm0,1000,2,0.0644452623,2
1537425720,Prod-EcsStagingCluster-EcsCluster-1AAGQRFIOE9AE,Service_beiakkdem1vi3j5fejm0,1000,2,0.0624842006,0
1537354620,Prod-EcsStagingCluster-EcsCluster-1AAGQRFIOE9AE,Service_beiakkdem1vi3j5fejm0,1000,2,0.0529233923,0
1537411860,Prod-EcsStagingCluster-EcsCluster-1AAGQRFIOE9AE,Service_beiakkdem1vi3j5fejm0,1000,2,0.0694549992,1
1537405500,Prod-EcsStagingCluster-EcsCluster-1AAGQRFIOE9AE,Service_beiakkdem1vi3j5fejm0,1000,2,0.2150811293,0
1537347120,Prod-EcsStagingCluster-EcsCluster-1AAGQRFIOE9AE,Service_beiakkdem1vi3j5fejm0,1000,2,0.0624640180,0
1537391640,Prod-EcsStagingCluster-EcsCluster-1AAGQRFIOE9AE,Service_beiakkdem1vi3j5fejm0,1000,2,0.0544938865,0
1537398000,Prod-EcsStagingCluster-EcsCluster-1AAGQRFIOE9AE,Service_beiakkdem1vi3j5fejm0,1000,2,0.0547165461,0
1537371420,Prod-EcsStagingCluster-EcsCluster-1AAGQRFIOE9AE,Service_beiakkdem1vi3j5fejm0,1000,2,0.0776159607,0
1537377780,Prod-EcsStagingCluster-EcsCluster-1AAGQRFIOE9AE,Service_beiakkdem1vi3j5fejm0,1000,2,0.0670716420,0
1537428660,Prod-EcsStagingCluster-EcsCluster-1AAGQRFIOE9AE,Service_beiakkdem1vi3j5fejm0,1000,2,0.0676223280,0
1537360740,Prod-EcsStagingCluster-EcsCluster-1AAGQRFIOE9AE,Service_beiakkdem1vi3j5fejm0,1000,2,0.0547383640,1
1537422300,Prod-EcsStagingCluster-EcsCluster-1AAGQRFIOE9AE,Service_beiakkdem1vi3j5fejm0,1000,2,1.6444076200,0
1537411620,Prod-EcsStagingCluster-EcsCluster-1AAGQRFIOE9AE,Service_beiakkdem1vi3j5fejm0,1000,2,0.2159692603,0
1537346880,Prod-EcsStagingCluster-EcsCluster-1AAGQRFIOE9AE,Service_beiakkdem1vi3j5fejm0,1000,2,0.2418446139,0
1537397760,Prod-EcsStagingCluster-EcsCluster-1AAGQRFIOE9AE,Service_beiakkdem1vi3j5fejm0,1000,2,0.0547072869,0
1537391400,Prod-EcsStagingCluster-EcsCluster-1AAGQRFIOE9AE,Service_beiakkdem1vi3j5fejm0,1000,2,0.0536705236,0
1537345740,Prod-EcsStagingCluster-EcsCluster-1AAGQRFIOE9AE,Service_beiakkdem1vi3j5fejm0,1000,2,0.2131098262,2
1537396620,Prod-EcsStagingCluster-EcsCluster-1AAGQRFIOE9AE,Service_beiakkdem1vi3j5fejm0,1000,2,0.0588213917,0
1537377540,Prod-EcsStagingCluster-EcsCluster-1AAGQRFIOE9AE,Service_beiakkdem1vi3j5fejm0,1000,2,0.0760800803,0
1537428420,Prod-EcsStagingCluster-EcsCluster-1AAGQRFIOE9AE,Service_beiakkdem1vi3j5fejm0,1000,2,0.0669642739,0
1537357320,Prod-EcsStagingCluster-EcsCluster-1AAGQRFIOE9AE,Service_beiakkdem1vi3j5fejm0,1000,2,0.0757430634,0
1537375320,Prod-EcsStagingCluster-EcsCluster-1AAGQRFIOE9AE,Service_beiakkdem1vi3j5fejm0,1000,2,0.0645512791,0
1537381680,Prod-EcsStagingCluster-EcsCluster-1AAGQRFIOE9AE,Service_beiakkdem1vi3j5fejm0,1000,2,0.0609253867,0
1537426200,Prod-EcsStagingCluster-EcsCluster-1AAGQRFIOE9AE,Service_beiakkdem1vi3j5fejm0,1000,2,0.1584482952,1
1537362540,Prod-EcsStagingCluster-EcsCluster-1AAGQRFIOE9AE,Service_beiakkdem1vi3j5fejm0,1000,2,0.0643056620,0
1537413420,Prod-EcsStagingCluster-EcsCluster-1AAGQRFIOE9AE,Service_beiakkdem1vi3j5fejm0,1000,2,0.0669146177,0
1537370940,Prod-EcsStagingCluster-EcsCluster-1AAGQRFIOE9AE,Service_beiakkdem1vi3j5fejm0,1000,2,0.0738687661,0
1537377300,Prod-EcsStagingCluster-EcsCluster-1AAGQRFIOE9AE,Service_beiakkdem1vi3j5fejm0,1000,2,0.0683884193,0
1537421820,Prod-EcsStagingCluster-EcsCluster-1AAGQRFIOE9AE,Service_beiakkdem1vi3j5fejm0,1000,2,0.0620813820,0
1537428180,Prod-EcsStagingCluster-EcsCluster-1AAGQRFIOE9AE,Service_beiakkdem1vi3j5fejm0,1000,2,0.1231959085,3
1537381440,Prod-EcsStagingCluster-EcsCluster-1AAGQRFIOE9AE,Service_beiakkdem1vi3j5fejm0,1000,2,0.0546867067,0
1537375080,Prod-EcsStagingCluster-EcsCluster-1AAGQRFIOE9AE,Service_beiakkdem1vi3j5fejm0,1000,2,0.0637976995,0
1537394100,Prod-EcsStagingCluster-EcsCluster-1AAGQRFIOE9AE,Service_beiakkdem1vi3j5fejm0,1000,2,0.0727146909,0
1537387740,Prod-EcsStagingCluster-EcsCluster-1AAGQRFIOE9AE,Service_beiakkdem1vi3j5fejm0,1000,2,0.0452364953,1
1537425960,Prod-EcsStagingCluster-EcsCluster-1AAGQRFIOE9AE,Service_beiakkdem1vi3j5fejm0,1000,2,0.0708198402,0
1537377060,Prod-EcsStagingCluster-EcsCluster-1AAGQRFIOE9AE,Service_beiakkdem1vi3j5fejm0,1000,2,0.0654991979,2
1537347360,Prod-EcsStagingCluster-EcsCluster-1AAGQRFIOE9AE,Service_beiakkdem1vi3j5fejm0,1000,2,0.0615526937,0
1537391880,Prod-EcsStagingCluster-EcsCluster-1AAGQRFIOE9AE,Service_beiakkdem1vi3j5fejm0,1000,2,0.0655799859,1
1537398240,Prod-EcsStagingCluster-EcsCluster-1AAGQRFIOE9AE,Service_beiakkdem1vi3j5fejm0,1000,2,0.0553274756,0
1537427940,Prod-EcsStagingCluster-EcsCluster-1AAGQRFIOE9AE,Service_beiakkdem1vi3j5fejm0,1000,2,0.0561333449,1
1537374840,Prod-EcsStagingCluster-EcsCluster-1AAGQRFIOE9AE,Service_beiakkdem1vi3j5fejm0,1000,2,0.0735736456,0
1537381200,Prod-EcsStagingCluster-EcsCluster-1AAGQRFIOE9AE,Service_beiakkdem1vi3j5fejm0,1000,2,0.0676191939,0
1537396020,Prod-EcsStagingCluster-EcsCluster-1AAGQRFIOE9AE,Service_beiakkdem1vi3j5fejm0,1000,2,0.0582039121,0
1537414080,Prod-EcsStagingCluster-EcsCluster-1AAGQRFIOE9AE,Service_beiakkdem1vi3j5fejm0,1000,2,0.0580760685,0
1537362060,Prod-EcsStagingCluster-EcsCluster-1AAGQRFIOE9AE,Service_beiakkdem1vi3j5fejm0,1000,2,0.0554133813,0
1537412940,Prod-EcsStagingCluster-EcsCluster-1AAGQRFIOE9AE,Service_beiakkdem1vi3j5fejm0,1000,2,0.0673579197,0
1537378980,Prod-EcsStagingCluster-EcsCluster-1AAGQRFIOE9AE,Service_beiakkdem1vi3j5fejm0,1000,2,0.0560093788,0
1537380000,Prod-EcsStagingCluster-EcsCluster-1AAGQRFIOE9AE,Service_beiakkdem1vi3j5fejm0,1000,2,0.0559570188,0
1537429860,Prod-EcsStagingCluster-EcsCluster-1AAGQRFIOE9AE,Service_beiakkdem1vi3j5fejm0,1000,2,0.1369965077,3
1537358760,Prod-EcsStagingCluster-EcsCluster-1AAGQRFIOE9AE,Service_beiakkdem1vi3j5fejm0,1000,2,0.0645593119,0
1537430880,Prod-EcsStagingCluster-EcsCluster-1AAGQRFIOE9AE,Service_beiakkdem1vi3j5fejm0,1000,2,0.0587963558,0
1537362960,Prod-EcsStagingCluster-EcsCluster-1AAGQRFIOE9AE,Service_beiakkdem1vi3j5fejm0,1000,2,0.0667177574,0
1537409640,Prod-EcsStagingCluster-EcsCluster-1AAGQRFIOE9AE,Service_beiakkdem1vi3j5fejm0,1000,2,0.3614264708,0
1537378860,Prod-EcsStagingCluster-EcsCluster-1AAGQRFIOE9AE,Service_beiakkdem1vi3j5fejm0,1000,2,0.0608121619,0
1537429740,Prod-EcsStagingCluster-EcsCluster-1AAGQRFIOE9AE,Service_beiakkdem1vi3j5fejm0,1000,2,0.0620677178,0
1537413840,Prod-EcsStagingCluster-EcsCluster-1AAGQRFIOE9AE,Service_beiakkdem1vi3j5fejm0,1000,2,0.1982768685,0
1537395780,Prod-EcsStagingCluster-EcsCluster-1AAGQRFIOE9AE,Service_beiakkdem1vi3j5fejm0,1000,2,0.0562955514,1
1537375560,Prod-EcsStagingCluster-EcsCluster-1AAGQRFIOE9AE,Service_beiakkdem1vi3j5fejm0,1000,2,0.0740576968,0
1537387260,Prod-EcsStagingCluster-EcsCluster-1AAGQRFIOE9AE,Service_beiakkdem1vi3j5fejm0,1000,2,0.0574442623,0
1537426440,Prod-EcsStagingCluster-EcsCluster-1AAGQRFIOE9AE,Service_beiakkdem1vi3j5fejm0,1000,2,0.0672292721,2
1537358520,Prod-EcsStagingCluster-EcsCluster-1AAGQRFIOE9AE,Service_beiakkdem1vi3j5fejm0,1000,2,0.0658444464,0
1537379760,Prod-EcsStagingCluster-EcsCluster-1AAGQRFIOE9AE,Service_beiakkdem1vi3j5fejm0,1000,2,0.0550559334,0
1537430640,Prod-EcsStagingCluster-EcsCluster-1AAGQRFIOE9AE,Service_beiakkdem1vi3j5fejm0,1000,2,0.1563624506,0
1537353180,Prod-EcsStagingCluster-EcsCluster-1AAGQRFIOE9AE,Service_beiakkdem1vi3j5fejm0,1000,2,0.0555066109,0
1537409400,Prod-EcsStagingCluster-EcsCluster-1AAGQRFIOE9AE,Service_beiakkdem1vi3j5fejm0,1000,2,0.1415898734,0
1537404060,Prod-EcsStagingCluster-EcsCluster-1AAGQRFIOE9AE,Service_beiakkdem1vi3j5fejm0,1000,2,0.3547183569,8
1537395540,Prod-EcsStagingCluster-EcsCluster-1AAGQRFIOE9AE,Service_beiakkdem1vi3j5fejm0,1000,2,0.0587074439,4
1537363680,Prod-EcsStagingCluster-EcsCluster-1AAGQRFIOE9AE,Service_beiakkdem1vi3j5fejm0,1000,2,0.0775839623,0
1537414560,Prod-EcsStagingCluster-EcsCluster-1AAGQRFIOE9AE,Service_beiakkdem1vi3j5fejm0,1000,2,0.0477842156,0
1537393320,Prod-EcsStagingCluster-EcsCluster-1AAGQRFIOE9AE,Service_beiakkdem1vi3j5fejm0,1000,2,0.0666670594,0
1537346640,Prod-EcsStagingCluster-EcsCluster-1AAGQRFIOE9AE,Service_beiakkdem1vi3j5fejm0,1000,2,0.1330246612,0
1537397520,Prod-EcsStagingCluster-EcsCluster-1AAGQRFIOE9AE,Service_beiakkdem1vi3j5fejm0,1000,2,0.0540492645,0
1537361460,Prod-EcsStagingCluster-EcsCluster-1AAGQRFIOE9AE,Service_beiakkdem1vi3j5fejm0,1000,2,0.0672557391,0
1537412340,Prod-EcsStagingCluster-EcsCluster-1AAGQRFIOE9AE,Service_beiakkdem1vi3j5fejm0,1000,2,0.0683631602,0
1537378380,Prod-EcsStagingCluster-EcsCluster-1AAGQRFIOE9AE,Service_beiakkdem1vi3j5fejm0,1000,2,0.0571326256,0
1537359240,Prod-EcsStagingCluster-EcsCluster-1AAGQRFIOE9AE,Service_beiakkdem1vi3j5fejm0,1000,2,0.0647102885,0
1537395300,Prod-EcsStagingCluster-EcsCluster-1AAGQRFIOE9AE,Service_beiakkdem1vi3j5fejm0,1000,2,0.0585521517,0
1537429260,Prod-EcsStagingCluster-EcsCluster-1AAGQRFIOE9AE,Service_beiakkdem1vi3j5fejm0,1000,2,0.0634787234,0
1537410120,Prod-EcsStagingCluster-EcsCluster-1AAGQRFIOE9AE,Service_beiakkdem1vi3j5fejm0,1000,2,0.0589112962,0
1537363440,Prod-EcsStagingCluster-EcsCluster-1AAGQRFIOE9AE,Service_beiakkdem1vi3j5fejm0,1000,2,0.0746405695,0
1537393080,Prod-EcsStagingCluster-EcsCluster-1AAGQRFIOE9AE,Service_beiakkdem1vi3j5fejm0,1000,2,0.0658663721,2
1537414320,Prod-EcsStagingCluster-EcsCluster-1AAGQRFIOE9AE,Service_beiakkdem1vi3j5fejm0,1000,2,0.0602302690,0
1537395180,Prod-EcsStagingCluster-EcsCluster-1AAGQRFIOE9AE,Service_beiakkdem1vi3j5fejm0,1000,2,0.0683483588,0
1537361220,Prod-EcsStagingCluster-EcsCluster-1AAGQRFIOE9AE,Service_beiakkdem1vi3j5fejm0,1000,2,0.0674308471,0
1537412100,Prod-EcsStagingCluster-EcsCluster-1AAGQRFIOE9AE,Service_beiakkdem1vi3j5fejm0,1000,2,0.0720419677,4
1537352700,Prod-EcsStagingCluster-EcsCluster-1AAGQRFIOE9AE,Service_beiakkdem1vi3j5fejm0,1000,2,0.0708462575,0
1537403580,Prod-EcsStagingCluster-EcsCluster-1AAGQRFIOE9AE,Service_beiakkdem1vi3j5fejm0,1000,2,0.1343672282,0
1537359000,Prod-EcsStagingCluster-EcsCluster-1AAGQRFIOE9AE,Service_beiakkdem1vi3j5fejm0,1000,2,0.0658848056,2
1537409880,Prod-EcsStagingCluster-EcsCluster-1AAGQRFIOE9AE,Service_beiakkdem1vi3j5fejm0,1000,2,0.0594924493,0
1537363200,Prod-EcsStagingCluster-EcsCluster-1AAGQRFIOE9AE,Service_beiakkdem1vi3j5fejm0,1000,2,0.0771653446,7
1537375860,Prod-EcsStagingCluster-EcsCluster-1AAGQRFIOE9AE,Service_beiakkdem1vi3j5fejm0,1000,2,0.0744296073,0
1537363140,Prod-EcsStagingCluster-EcsCluster-1AAGQRFIOE9AE,Service_beiakkdem1vi3j5fejm0,1000,2,0.0829693135,0
1537414020,Prod-EcsStagingCluster-EcsCluster-1AAGQRFIOE9AE,Service_beiakkdem1vi3j5fejm0,1000,2,0.0580630260,0
1537426740,Prod-EcsStagingCluster-EcsCluster-1AAGQRFIOE9AE,Service_beiakkdem1vi3j5fejm0,1000,2,0.1344059229,2
1537376760,Prod-EcsStagingCluster-EcsCluster-1AAGQRFIOE9AE,Service_beiakkdem1vi3j5fejm0,1000,2,0.0655027257,0
1537383120,Prod-EcsStagingCluster-EcsCluster-1AAGQRFIOE9AE,Service_beiakkdem1vi3j5fejm0,1000,2,0.0638694973,0
1537389480,Prod-EcsStagingCluster-EcsCluster-1AAGQRFIOE9AE,Service_beiakkdem1vi3j5fejm0,1000,2,0.0864795615,0
1537395840,Prod-EcsStagingCluster-EcsCluster-1AAGQRFIOE9AE,Service_beiakkdem1vi3j5fejm0,1000,2,0.0589182921,0
1537427640,Prod-EcsStagingCluster-EcsCluster-1AAGQRFIOE9AE,Service_beiakkdem1vi3j5fejm0,1000,2,0.0673281010,3
1537356540,Prod-EcsStagingCluster-EcsCluster-1AAGQRFIOE9AE,Service_beiakkdem1vi3j5fejm0,1000,2,0.0740039655,0
1537394700,Prod-EcsStagingCluster-EcsCluster-1AAGQRFIOE9AE,Service_beiakkdem1vi3j5fejm0,1000,2,0.0636061763,3
1537349040,Prod-EcsStagingCluster-EcsCluster-1AAGQRFIOE9AE,Service_beiakkdem1vi3j5fejm0,1000,2,0.0863201594,0
1537355400,Prod-EcsStagingCluster-EcsCluster-1AAGQRFIOE9AE,Service_beiakkdem1vi3j5fejm0,1000,2,0.0544306349,0
1537361760,Prod-EcsStagingCluster-EcsCluster-1AAGQRFIOE9AE,Service_beiakkdem1vi3j5fejm0,1000,2,0.0623612978,0
1537407420,Prod-EcsStagingCluster-EcsCluster-1AAGQRFIOE9AE,Service_beiakkdem1vi3j5fejm0,1000,2,0.1457302584,0
1537412640,Prod-EcsStagingCluster-EcsCluster-1AAGQRFIOE9AE,Service_beiakkdem1vi3j5fejm0,1000,2,0.0768434977,1
1537393560,Prod-EcsStagingCluster-EcsCluster-1AAGQRFIOE9AE,Service_beiakkdem1vi3j5fejm0,1000,2,0.0631020634,0
1537399920,Prod-EcsStagingCluster-EcsCluster-1AAGQRFIOE9AE,Service_beiakkdem1vi3j5fejm0,1000,2,0.1336859330,0
1537406280,Prod-EcsStagingCluster-EcsCluster-1AAGQRFIOE9AE,Service_beiakkdem1vi3j5fejm0,1000,2,0.0556944074,0
1537373340,Prod-EcsStagingCluster-EcsCluster-1AAGQRFIOE9AE,Service_beiakkdem1vi3j5fejm0,1000,2,0.0670469708,0
1537360620,Prod-EcsStagingCluster-EcsCluster-1AAGQRFIOE9AE,Service_beiakkdem1vi3j5fejm0,1000,2,0.0644858993,0
1537362660,Prod-EcsStagingCluster-EcsCluster-1AAGQRFIOE9AE,Service_beiakkdem1vi3j5fejm0,1000,2,0.0654734012,0
1537411500,Prod-EcsStagingCluster-EcsCluster-1AAGQRFIOE9AE,Service_beiakkdem1vi3j5fejm0,1000,2,0.0720375241,2
1537424220,Prod-EcsStagingCluster-EcsCluster-1AAGQRFIOE9AE,Service_beiakkdem1vi3j5fejm0,1000,2,0.2706917667,0
1537375380,Prod-EcsStagingCluster-EcsCluster-1AAGQRFIOE9AE,Service_beiakkdem1vi3j5fejm0,1000,2,0.0636035360,0
1537413540,Prod-EcsStagingCluster-EcsCluster-1AAGQRFIOE9AE,Service_beiakkdem1vi3j5fejm0,1000,2,0.0676190240,0
1537360440,Prod-EcsStagingCluster-EcsCluster-1AAGQRFIOE9AE,Service_beiakkdem1vi3j5fejm0,1000,2,0.0668985738,0
1537426260,Prod-EcsStagingCluster-EcsCluster-1AAGQRFIOE9AE,Service_beiakkdem1vi3j5fejm0,1000,2,0.1503860279,1
1537379520,Prod-EcsStagingCluster-EcsCluster-1AAGQRFIOE9AE,Service_beiakkdem1vi3j5fejm0,1000,2,0.0591640928,2
1537366800,Prod-EcsStagingCluster-EcsCluster-1AAGQRFIOE9AE,Service_beiakkdem1vi3j5fejm0,1000,2,0.0951756623,0
1537373160,Prod-EcsStagingCluster-EcsCluster-1AAGQRFIOE9AE,Service_beiakkdem1vi3j5fejm0,1000,2,0.0675006188,0
1537417680,Prod-EcsStagingCluster-EcsCluster-1AAGQRFIOE9AE,Service_beiakkdem1vi3j5fejm0,1000,2,0.0799303648,1
1537411320,Prod-EcsStagingCluster-EcsCluster-1AAGQRFIOE9AE,Service_beiakkdem1vi3j5fejm0,1000,2,0.2289560670,0
1537392180,Prod-EcsStagingCluster-EcsCluster-1AAGQRFIOE9AE,Service_beiakkdem1vi3j5fejm0,1000,2,0.0643142502,0
1537424040,Prod-EcsStagingCluster-EcsCluster-1AAGQRFIOE9AE,Service_beiakkdem1vi3j5fejm0,1000,2,0.4951618654,0
1537430400,Prod-EcsStagingCluster-EcsCluster-1AAGQRFIOE9AE,Service_beiakkdem1vi3j5fejm0,1000,2,0.0691331780,0
1537379460,Prod-EcsStagingCluster-EcsCluster-1AAGQRFIOE9AE,Service_beiakkdem1vi3j5fejm0,1000,2,0.0584978480,3
1537430340,Prod-EcsStagingCluster-EcsCluster-1AAGQRFIOE9AE,Service_beiakkdem1vi3j5fejm0,1000,2,0.0674674852,0
1537345440,Prod-EcsStagingCluster-EcsCluster-1AAGQRFIOE9AE,Service_beiakkdem1vi3j5fejm0,1000,2,0.0552779781,0
1537396320,Prod-EcsStagingCluster-EcsCluster-1AAGQRFIOE9AE,Service_beiakkdem1vi3j5fejm0,1000,2,0.0578103429,0
1537389960,Prod-EcsStagingCluster-EcsCluster-1AAGQRFIOE9AE,Service_beiakkdem1vi3j5fejm0,1000,2,0.0545067742,0
1537377240,Prod-EcsStagingCluster-EcsCluster-1AAGQRFIOE9AE,Service_beiakkdem1vi3j5fejm0,1000,2,0.0668444847,0
1537383600,Prod-EcsStagingCluster-EcsCluster-1AAGQRFIOE9AE,Service_beiakkdem1vi3j5fejm0,1000,2,0.0726843832,0
1537428120,Prod-EcsStagingCluster-EcsCluster-1AAGQRFIOE9AE,Service_beiakkdem1vi3j5fejm0,1000,2,0.2242981471,1
1537360140,Prod-EcsStagingCluster-EcsCluster-1AAGQRFIOE9AE,Service_beiakkdem1vi3j5fejm0,1000,2,0.0640383468,0
1537372860,Prod-EcsStagingCluster-EcsCluster-1AAGQRFIOE9AE,Service_beiakkdem1vi3j5fejm0,1000,2,0.0739302293,0
1537411020,Prod-EcsStagingCluster-EcsCluster-1AAGQRFIOE9AE,Service_beiakkdem1vi3j5fejm0,1000,2,0.3288873610,2
1537423740,Prod-EcsStagingCluster-EcsCluster-1AAGQRFIOE9AE,Service_beiakkdem1vi3j5fejm0,1000,2,0.1278476639,1
1537389660,Prod-EcsStagingCluster-EcsCluster-1AAGQRFIOE9AE,Service_beiakkdem1vi3j5fejm0,1000,2,0.1251151297,0
1537407720,Prod-EcsStagingCluster-EcsCluster-1AAGQRFIOE9AE,Service_beiakkdem1vi3j5fejm0,1000,2,0.1394576507,0
1537376940,Prod-EcsStagingCluster-EcsCluster-1AAGQRFIOE9AE,Service_beiakkdem1vi3j5fejm0,1000,2,0.0678275193,0
1537427820,Prod-EcsStagingCluster-EcsCluster-1AAGQRFIOE9AE,Service_beiakkdem1vi3j5fejm0,1000,2,0.0580100480,0
1537373640,Prod-EcsStagingCluster-EcsCluster-1AAGQRFIOE9AE,Service_beiakkdem1vi3j5fejm0,1000,2,0.0809058301,0
1537360920,Prod-EcsStagingCluster-EcsCluster-1AAGQRFIOE9AE,Service_beiakkdem1vi3j5fejm0,1000,2,0.0591270499,0
1537411800,Prod-EcsStagingCluster-EcsCluster-1AAGQRFIOE9AE,Service_beiakkdem1vi3j5fejm0,1000,2,0.6981911069,0
1537424520,Prod-EcsStagingCluster-EcsCluster-1AAGQRFIOE9AE,Service_beiakkdem1vi3j5fejm0,1000,2,0.0752739310,0
1537380900,Prod-EcsStagingCluster-EcsCluster-1AAGQRFIOE9AE,Service_beiakkdem1vi3j5fejm0,1000,2,0.0658347472,0
1537393620,Prod-EcsStagingCluster-EcsCluster-1AAGQRFIOE9AE,Service_beiakkdem1vi3j5fejm0,1000,2,0.0637749679,0
1537346820,Prod-EcsStagingCluster-EcsCluster-1AAGQRFIOE9AE,Service_beiakkdem1vi3j5fejm0,1000,2,0.0638319598,0
1537359540,Prod-EcsStagingCluster-EcsCluster-1AAGQRFIOE9AE,Service_beiakkdem1vi3j5fejm0,1000,2,0.0669625493,0
1537364880,Prod-EcsStagingCluster-EcsCluster-1AAGQRFIOE9AE,Service_beiakkdem1vi3j5fejm0,1000,2,0.0767044243,4
1537377600,Prod-EcsStagingCluster-EcsCluster-1AAGQRFIOE9AE,Service_beiakkdem1vi3j5fejm0,1000,2,0.0688065498,0
1537415760,Prod-EcsStagingCluster-EcsCluster-1AAGQRFIOE9AE,Service_beiakkdem1vi3j5fejm0,1000,2,0.1226766077,0
1537410420,Prod-EcsStagingCluster-EcsCluster-1AAGQRFIOE9AE,Service_beiakkdem1vi3j5fejm0,1000,2,0.0589790337,0
1537376460,Prod-EcsStagingCluster-EcsCluster-1AAGQRFIOE9AE,Service_beiakkdem1vi3j5fejm0,1000,2,0.0655552318,0
1537397700,Prod-EcsStagingCluster-EcsCluster-1AAGQRFIOE9AE,Service_beiakkdem1vi3j5fejm0,1000,2,0.0435196474,0
1537428480,Prod-EcsStagingCluster-EcsCluster-1AAGQRFIOE9AE,Service_beiakkdem1vi3j5fejm0,1000,2,0.0539576559,0
1537389180,Prod-EcsStagingCluster-EcsCluster-1AAGQRFIOE9AE,Service_beiakkdem1vi3j5fejm0,1000,2,0.0610355305,0
1537427340,Prod-EcsStagingCluster-EcsCluster-1AAGQRFIOE9AE,Service_beiakkdem1vi3j5fejm0,1000,2,0.0609299802,0
1537408200,Prod-EcsStagingCluster-EcsCluster-1AAGQRFIOE9AE,Service_beiakkdem1vi3j5fejm0,1000,2,0.0678094919,0
1537395480,Prod-EcsStagingCluster-EcsCluster-1AAGQRFIOE9AE,Service_beiakkdem1vi3j5fejm0,1000,2,0.0483137851,0
1537355100,Prod-EcsStagingCluster-EcsCluster-1AAGQRFIOE9AE,Service_beiakkdem1vi3j5fejm0,1000,2,0.0550201101,2
1537405980,Prod-EcsStagingCluster-EcsCluster-1AAGQRFIOE9AE,Service_beiakkdem1vi3j5fejm0,1000,2,0.2283387807,0
1537393260,Prod-EcsStagingCluster-EcsCluster-1AAGQRFIOE9AE,Service_beiakkdem1vi3j5fejm0,1000,2,0.0646748878,0
1537361280,Prod-EcsStagingCluster-EcsCluster-1AAGQRFIOE9AE,Service_beiakkdem1vi3j5fejm0,1000,2,0.0678965611,0
1537348560,Prod-EcsStagingCluster-EcsCluster-1AAGQRFIOE9AE,Service_beiakkdem1vi3j5fejm0,1000,2,0.0562533541,0
1537399440,Prod-EcsStagingCluster-EcsCluster-1AAGQRFIOE9AE,Service_beiakkdem1vi3j5fejm0,1000,2,0.0597609811,0
1537412160,Prod-EcsStagingCluster-EcsCluster-1AAGQRFIOE9AE,Service_beiakkdem1vi3j5fejm0,1000,2,0.2175655092,0
1537359060,Prod-EcsStagingCluster-EcsCluster-1AAGQRFIOE9AE,Service_beiakkdem1vi3j5fejm0,1000,2,0.0660615454,0
1537346340,Prod-EcsStagingCluster-EcsCluster-1AAGQRFIOE9AE,Service_beiakkdem1vi3j5fejm0,1000,2,0.1926351811,0
1537397220,Prod-EcsStagingCluster-EcsCluster-1AAGQRFIOE9AE,Service_beiakkdem1vi3j5fejm0,1000,2,0.1452539002,0
1537378080,Prod-EcsStagingCluster-EcsCluster-1AAGQRFIOE9AE,Service_beiakkdem1vi3j5fejm0,1000,2,0.0734788240,0
1537409940,Prod-EcsStagingCluster-EcsCluster-1AAGQRFIOE9AE,Service_beiakkdem1vi3j5fejm0,1000,2,0.1449477668,0
1537365360,Prod-EcsStagingCluster-EcsCluster-1AAGQRFIOE9AE,Service_beiakkdem1vi3j5fejm0,1000,2,0.0601895024,0
1537356840,Prod-EcsStagingCluster-EcsCluster-1AAGQRFIOE9AE,Service_beiakkdem1vi3j5fejm0,1000,2,0.0738952084,0
1537395000,Prod-EcsStagingCluster-EcsCluster-1AAGQRFIOE9AE,Service_beiakkdem1vi3j5fejm0,1000,2,0.0665542529,1
1537428960,Prod-EcsStagingCluster-EcsCluster-1AAGQRFIOE9AE,Service_beiakkdem1vi3j5fejm0,1000,2,0.0650125798,0
1537416240,Prod-EcsStagingCluster-EcsCluster-1AAGQRFIOE9AE,Service_beiakkdem1vi3j5fejm0,1000,2,0.1367579816,0
1537410720,Prod-EcsStagingCluster-EcsCluster-1AAGQRFIOE9AE,Service_beiakkdem1vi3j5fejm0,1000,2,0.0663064386,0
1537401180,Prod-EcsStagingCluster-EcsCluster-1AAGQRFIOE9AE,Service_beiakkdem1vi3j5fejm0,1000,2,0.0753830271,0
1537404360,Prod-EcsStagingCluster-EcsCluster-1AAGQRFIOE9AE,Service_beiakkdem1vi3j5fejm0,1000,2,0.1314265353,0
1537407540,Prod-EcsStagingCluster-EcsCluster-1AAGQRFIOE9AE,Service_beiakkdem1vi3j5fejm0,1000,2,0.0707991765,0
1537368240,Prod-EcsStagingCluster-EcsCluster-1AAGQRFIOE9AE,Service_beiakkdem1vi3j5fejm0,1000,2,0.0466334979,0
1537426620,Prod-EcsStagingCluster-EcsCluster-1AAGQRFIOE9AE,Service_beiakkdem1vi3j5fejm0,1000,2,0.0686340351,0
1537429800,Prod-EcsStagingCluster-EcsCluster-1AAGQRFIOE9AE,Service_beiakkdem1vi3j5fejm0,1000,2,0.0634712478,1
1537358700,Prod-EcsStagingCluster-EcsCluster-1AAGQRFIOE9AE,Service_beiakkdem1vi3j5fejm0,1000,2,0.0633593181,0
1537361880,Prod-EcsStagingCluster-EcsCluster-1AAGQRFIOE9AE,Service_beiakkdem1vi3j5fejm0,1000,2,0.0563794788,1
1537365060,Prod-EcsStagingCluster-EcsCluster-1AAGQRFIOE9AE,Service_beiakkdem1vi3j5fejm0,1000,2,0.0752444177,0
1537393680,Prod-EcsStagingCluster-EcsCluster-1AAGQRFIOE9AE,Service_beiakkdem1vi3j5fejm0,1000,2,0.0662187231,0
1537390500,Prod-EcsStagingCluster-EcsCluster-1AAGQRFIOE9AE,Service_beiakkdem1vi3j5fejm0,1000,2,0.0554954065,0
1537384140,Prod-EcsStagingCluster-EcsCluster-1AAGQRFIOE9AE,Service_beiakkdem1vi3j5fejm0,1000,2,0.0753158055,1
1537387320,Prod-EcsStagingCluster-EcsCluster-1AAGQRFIOE9AE,Service_beiakkdem1vi3j5fejm0,1000,2,0.0606250919,2
1537358460,Prod-EcsStagingCluster-EcsCluster-1AAGQRFIOE9AE,Service_beiakkdem1vi3j5fejm0,1000,2,0.0667516851,0
1537361640,Prod-EcsStagingCluster-EcsCluster-1AAGQRFIOE9AE,Service_beiakkdem1vi3j5fejm0,1000,2,0.0687072466,0
1537364820,Prod-EcsStagingCluster-EcsCluster-1AAGQRFIOE9AE,Service_beiakkdem1vi3j5fejm0,1000,2,0.0776652038,0
1537368000,Prod-EcsStagingCluster-EcsCluster-1AAGQRFIOE9AE,Service_beiakkdem1vi3j5fejm0,1000,2,0.0652504520,0
1537362600,Prod-EcsStagingCluster-EcsCluster-1AAGQRFIOE9AE,Service_beiakkdem1vi3j5fejm0,1000,2,0.0718863570,0
1537368960,Prod-EcsStagingCluster-EcsCluster-1AAGQRFIOE9AE,Service_beiakkdem1vi3j5fejm0,1000,2,0.0659064102,0
1537417740,Prod-EcsStagingCluster-EcsCluster-1AAGQRFIOE9AE,Service_beiakkdem1vi3j5fejm0,1000,2,0.0823772425,0
1537392300,Prod-EcsStagingCluster-EcsCluster-1AAGQRFIOE9AE,Service_beiakkdem1vi3j5fejm0,1000,2,0.0644730060,0
1537398660,Prod-EcsStagingCluster-EcsCluster-1AAGQRFIOE9AE,Service_beiakkdem1vi3j5fejm0,1000,2,0.0537780399,0
1537424100,Prod-EcsStagingCluster-EcsCluster-1AAGQRFIOE9AE,Service_beiakkdem1vi3j5fejm0,1000,2,0.6404617111,0
1537402800,Prod-EcsStagingCluster-EcsCluster-1AAGQRFIOE9AE,Service_beiakkdem1vi3j5fejm0,1000,2,0.0737855129,1
1537396440,Prod-EcsStagingCluster-EcsCluster-1AAGQRFIOE9AE,Service_beiakkdem1vi3j5fejm0,1000,2,0.0577211400,0
1537421880,Prod-EcsStagingCluster-EcsCluster-1AAGQRFIOE9AE,Service_beiakkdem1vi3j5fejm0,1000,2,0.1266114150,0
1537428240,Prod-EcsStagingCluster-EcsCluster-1AAGQRFIOE9AE,Service_beiakkdem1vi3j5fejm0,1000,2,0.0653863224,0
1537372980,Prod-EcsStagingCluster-EcsCluster-1AAGQRFIOE9AE,Service_beiakkdem1vi3j5fejm0,1000,2,0.0770160342,0
1537366620,Prod-EcsStagingCluster-EcsCluster-1AAGQRFIOE9AE,Service_beiakkdem1vi3j5fejm0,1000,2,0.0776757720,0
1537398420,Prod-EcsStagingCluster-EcsCluster-1AAGQRFIOE9AE,Service_beiakkdem1vi3j5fejm0,1000,2,0.1808367575,0
1537392060,Prod-EcsStagingCluster-EcsCluster-1AAGQRFIOE9AE,Service_beiakkdem1vi3j5fejm0,1000,2,0.0658005184,1
1537355940,Prod-EcsStagingCluster-EcsCluster-1AAGQRFIOE9AE,Service_beiakkdem1vi3j5fejm0,1000,2,0.0577518367,0
1537349580,Prod-EcsStagingCluster-EcsCluster-1AAGQRFIOE9AE,Service_beiakkdem1vi3j5fejm0,1000,2,0.0656422442,0
1537370760,Prod-EcsStagingCluster-EcsCluster-1AAGQRFIOE9AE,Service_beiakkdem1vi3j5fejm0,1000,2,0.0646236694,0
1537377120,Prod-EcsStagingCluster-EcsCluster-1AAGQRFIOE9AE,Service_beiakkdem1vi3j5fejm0,1000,2,0.0673883691,0
1537396200,Prod-EcsStagingCluster-EcsCluster-1AAGQRFIOE9AE,Service_beiakkdem1vi3j5fejm0,1000,2,0.0561684882,4
1537402560,Prod-EcsStagingCluster-EcsCluster-1AAGQRFIOE9AE,Service_beiakkdem1vi3j5fejm0,1000,2,0.0710044690,0
1537425900,Prod-EcsStagingCluster-EcsCluster-1AAGQRFIOE9AE,Service_beiakkdem1vi3j5fejm0,1000,2,0.0683932411,0
1537353720,Prod-EcsStagingCluster-EcsCluster-1AAGQRFIOE9AE,Service_beiakkdem1vi3j5fejm0,1000,2,0.0542871778,0
1537360080,Prod-EcsStagingCluster-EcsCluster-1AAGQRFIOE9AE,Service_beiakkdem1vi3j5fejm0,1000,2,0.0650987681,0
1537430040,Prod-EcsStagingCluster-EcsCluster-1AAGQRFIOE9AE,Service_beiakkdem1vi3j5fejm0,1000,2,0.0633621536,0
1537409760,Prod-EcsStagingCluster-EcsCluster-1AAGQRFIOE9AE,Service_beiakkdem1vi3j5fejm0,1000,2,0.1972278724,0
1537400220,Prod-EcsStagingCluster-EcsCluster-1AAGQRFIOE9AE,Service_beiakkdem1vi3j5fejm0,1000,2,0.1270122393,0
1537431000,Prod-EcsStagingCluster-EcsCluster-1AAGQRFIOE9AE,Service_beiakkdem1vi3j5fejm0,1000,2,0.0567924531,0
1537367280,Prod-EcsStagingCluster-EcsCluster-1AAGQRFIOE9AE,Service_beiakkdem1vi3j5fejm0,1000,2,0.0671128235,0
1537425660,Prod-EcsStagingCluster-EcsCluster-1AAGQRFIOE9AE,Service_beiakkdem1vi3j5fejm0,1000,2,0.2075740670,0
1537357740,Prod-EcsStagingCluster-EcsCluster-1AAGQRFIOE9AE,Service_beiakkdem1vi3j5fejm0,1000,2,0.0722647187,0
1537392720,Prod-EcsStagingCluster-EcsCluster-1AAGQRFIOE9AE,Service_beiakkdem1vi3j5fejm0,1000,2,0.0637121887,0
1537383180,Prod-EcsStagingCluster-EcsCluster-1AAGQRFIOE9AE,Service_beiakkdem1vi3j5fejm0,1000,2,0.0631523911,0
1537408500,Prod-EcsStagingCluster-EcsCluster-1AAGQRFIOE9AE,Service_beiakkdem1vi3j5fejm0,1000,2,0.0850749048,0
1537405320,Prod-EcsStagingCluster-EcsCluster-1AAGQRFIOE9AE,Service_beiakkdem1vi3j5fejm0,1000,2,0.0548521839,0
1537366020,Prod-EcsStagingCluster-EcsCluster-1AAGQRFIOE9AE,Service_beiakkdem1vi3j5fejm0,1000,2,0.0732842010,2
1537430760,Prod-EcsStagingCluster-EcsCluster-1AAGQRFIOE9AE,Service_beiakkdem1vi3j5fejm0,1000,2,0.0654396094,0
1537362840,Prod-EcsStagingCluster-EcsCluster-1AAGQRFIOE9AE,Service_beiakkdem1vi3j5fejm0,1000,2,0.0676303430,0
1537357500,Prod-EcsStagingCluster-EcsCluster-1AAGQRFIOE9AE,Service_beiakkdem1vi3j5fejm0,1000,2,0.0726457625,0
1537367040,Prod-EcsStagingCluster-EcsCluster-1AAGQRFIOE9AE,Service_beiakkdem1vi3j5fejm0,1000,2,0.0671791009,0
1537391460,Prod-EcsStagingCluster-EcsCluster-1AAGQRFIOE9AE,Service_beiakkdem1vi3j5fejm0,1000,2,0.0557344463,0
1537388280,Prod-EcsStagingCluster-EcsCluster-1AAGQRFIOE9AE,Service_beiakkdem1vi3j5fejm0,1000,2,0.0606360151,2
1537391340,Prod-EcsStagingCluster-EcsCluster-1AAGQRFIOE9AE,Service_beiakkdem1vi3j5fejm0,1000,2,0.0430209343,0
1537416780,Prod-EcsStagingCluster-EcsCluster-1AAGQRFIOE9AE,Service_beiakkdem1vi3j5fejm0,1000,2,0.0587497004,2
1537400880,Prod-EcsStagingCluster-EcsCluster-1AAGQRFIOE9AE,Service_beiakkdem1vi3j5fejm0,1000,2,0.1413685898,1
1537426320,Prod-EcsStagingCluster-EcsCluster-1AAGQRFIOE9AE,Service_beiakkdem1vi3j5fejm0,1000,2,0.1250793416,0
1537365780,Prod-EcsStagingCluster-EcsCluster-1AAGQRFIOE9AE,Service_beiakkdem1vi3j5fejm0,1000,2,0.0547275794,0
1537401840,Prod-EcsStagingCluster-EcsCluster-1AAGQRFIOE9AE,Service_beiakkdem1vi3j5fejm0,1000,2,0.3579264366,0
1537427280,Prod-EcsStagingCluster-EcsCluster-1AAGQRFIOE9AE,Service_beiakkdem1vi3j5fejm0,1000,2,0.0604936717,0
1537363560,Prod-EcsStagingCluster-EcsCluster-1AAGQRFIOE9AE,Service_beiakkdem1vi3j5fejm0,1000,2,0.0744671789,0
1537399620,Prod-EcsStagingCluster-EcsCluster-1AAGQRFIOE9AE,Service_beiakkdem1vi3j5fejm0,1000,2,0.0540560428,0
1537365660,Prod-EcsStagingCluster-EcsCluster-1AAGQRFIOE9AE,Service_beiakkdem1vi3j5fejm0,1000,2,0.0567171728,4
1537391100,Prod-EcsStagingCluster-EcsCluster-1AAGQRFIOE9AE,Service_beiakkdem1vi3j5fejm0,1000,2,0.0463021305,0
1537425060,Prod-EcsStagingCluster-EcsCluster-1AAGQRFIOE9AE,Service_beiakkdem1vi3j5fejm0,1000,2,0.1479949243,0
1537348620,Prod-EcsStagingCluster-EcsCluster-1AAGQRFIOE9AE,Service_beiakkdem1vi3j5fejm0,1000,2,0.0545312389,0
1537376160,Prod-EcsStagingCluster-EcsCluster-1AAGQRFIOE9AE,Service_beiakkdem1vi3j5fejm0,1000,2,0.0653305822,0
1537397400,Prod-EcsStagingCluster-EcsCluster-1AAGQRFIOE9AE,Service_beiakkdem1vi3j5fejm0,1000,2,0.0428194985,1
1537401600,Prod-EcsStagingCluster-EcsCluster-1AAGQRFIOE9AE,Service_beiakkdem1vi3j5fejm0,1000,2,0.0892191835,0
1537424940,Prod-EcsStagingCluster-EcsCluster-1AAGQRFIOE9AE,Service_beiakkdem1vi3j5fejm0,1000,2,0.0687601785,0
1537422840,Prod-EcsStagingCluster-EcsCluster-1AAGQRFIOE9AE,Service_beiakkdem1vi3j5fejm0,1000,2,0.0573784660,2
1537359120,Prod-EcsStagingCluster-EcsCluster-1AAGQRFIOE9AE,Service_beiakkdem1vi3j5fejm0,1000,2,0.0649312872,0
1537373940,Prod-EcsStagingCluster-EcsCluster-1AAGQRFIOE9AE,Service_beiakkdem1vi3j5fejm0,1000,2,0.0691042601,1
1537399380,Prod-EcsStagingCluster-EcsCluster-1AAGQRFIOE9AE,Service_beiakkdem1vi3j5fejm0,1000,2,0.0633138772,0
1537356900,Prod-EcsStagingCluster-EcsCluster-1AAGQRFIOE9AE,Service_beiakkdem1vi3j5fejm0,1000,2,0.0749155185,2
1537371720,Prod-EcsStagingCluster-EcsCluster-1AAGQRFIOE9AE,Service_beiakkdem1vi3j5fejm0,1000,2,0.0752859949,1
1537397160,Prod-EcsStagingCluster-EcsCluster-1AAGQRFIOE9AE,Service_beiakkdem1vi3j5fejm0,1000,2,0.0558612576,0
1537354680,Prod-EcsStagingCluster-EcsCluster-1AAGQRFIOE9AE,Service_beiakkdem1vi3j5fejm0,1000,2,0.0592331893,0
1537399260,Prod-EcsStagingCluster-EcsCluster-1AAGQRFIOE9AE,Service_beiakkdem1vi3j5fejm0,1000,2,0.0555763678,0
1537369500,Prod-EcsStagingCluster-EcsCluster-1AAGQRFIOE9AE,Service_beiakkdem1vi3j5fejm0,1000,2,0.0684735828,0
1537427880,Prod-EcsStagingCluster-EcsCluster-1AAGQRFIOE9AE,Service_beiakkdem1vi3j5fejm0,1000,2,0.2122253263,0
1537431060,Prod-EcsStagingCluster-EcsCluster-1AAGQRFIOE9AE,Service_beiakkdem1vi3j5fejm0,1000,2,0.0555233353,0
1537356780,Prod-EcsStagingCluster-EcsCluster-1AAGQRFIOE9AE,Service_beiakkdem1vi3j5fejm0,1000,2,0.0721237356,1
1537394940,Prod-EcsStagingCluster-EcsCluster-1AAGQRFIOE9AE,Service_beiakkdem1vi3j5fejm0,1000,2,0.0676601516,4
1537382220,Prod-EcsStagingCluster-EcsCluster-1AAGQRFIOE9AE,Service_beiakkdem1vi3j5fejm0,1000,2,0.0694522389,1
1537355640,Prod-EcsStagingCluster-EcsCluster-1AAGQRFIOE9AE,Service_beiakkdem1vi3j5fejm0,1000,2,0.0563394225,0
1537358820,Prod-EcsStagingCluster-EcsCluster-1AAGQRFIOE9AE,Service_beiakkdem1vi3j5fejm0,1000,2,0.0665027897,0
1537362000,Prod-EcsStagingCluster-EcsCluster-1AAGQRFIOE9AE,Service_beiakkdem1vi3j5fejm0,1000,2,0.0547093354,0
1537359720,Prod-EcsStagingCluster-EcsCluster-1AAGQRFIOE9AE,Service_beiakkdem1vi3j5fejm0,1000,2,0.0751078876,0
1537362900,Prod-EcsStagingCluster-EcsCluster-1AAGQRFIOE9AE,Service_beiakkdem1vi3j5fejm0,1000,2,0.0540434418,0
1537366080,Prod-EcsStagingCluster-EcsCluster-1AAGQRFIOE9AE,Service_beiakkdem1vi3j5fejm0,1000,2,0.0695646201,0
1537390380,Prod-EcsStagingCluster-EcsCluster-1AAGQRFIOE9AE,Service_beiakkdem1vi3j5fejm0,1000,2,0.0544806865,1
1537415820,Prod-EcsStagingCluster-EcsCluster-1AAGQRFIOE9AE,Service_beiakkdem1vi3j5fejm0,1000,2,0.2868010711,0
1537403100,Prod-EcsStagingCluster-EcsCluster-1AAGQRFIOE9AE,Service_beiakkdem1vi3j5fejm0,1000,2,0.2822760953,2
1537366980,Prod-EcsStagingCluster-EcsCluster-1AAGQRFIOE9AE,Service_beiakkdem1vi3j5fejm0,1000,2,0.0691427848,0
1537370160,Prod-EcsStagingCluster-EcsCluster-1AAGQRFIOE9AE,Service_beiakkdem1vi3j5fejm0,1000,2,0.0681925466,0
1537428540,Prod-EcsStagingCluster-EcsCluster-1AAGQRFIOE9AE,Service_beiakkdem1vi3j5fejm0,1000,2,0.0648349134,0
1537363800,Prod-EcsStagingCluster-EcsCluster-1AAGQRFIOE9AE,Service_beiakkdem1vi3j5fejm0,1000,2,0.0784052182,0
1537392420,Prod-EcsStagingCluster-EcsCluster-1AAGQRFIOE9AE,Service_beiakkdem1vi3j5fejm0,1000,2,0.0706565453,0
1537395600,Prod-EcsStagingCluster-EcsCluster-1AAGQRFIOE9AE,Service_beiakkdem1vi3j5fejm0,1000,2,0.1334726117,2
1537389240,Prod-EcsStagingCluster-EcsCluster-1AAGQRFIOE9AE,Service_beiakkdem1vi3j5fejm0,1000,2,0.0595688657,1
1537396560,Prod-EcsStagingCluster-EcsCluster-1AAGQRFIOE9AE,Service_beiakkdem1vi3j5fejm0,1000,2,0.0580428742,3
1537390200,Prod-EcsStagingCluster-EcsCluster-1AAGQRFIOE9AE,Service_beiakkdem1vi3j5fejm0,1000,2,0.0591562605,0
1537371060,Prod-EcsStagingCluster-EcsCluster-1AAGQRFIOE9AE,Service_beiakkdem1vi3j5fejm0,1000,2,0.0756512910,0
1537396500,Prod-EcsStagingCluster-EcsCluster-1AAGQRFIOE9AE,Service_beiakkdem1vi3j5fejm0,1000,2,0.0471935792,0
1537360380,Prod-EcsStagingCluster-EcsCluster-1AAGQRFIOE9AE,Service_beiakkdem1vi3j5fejm0,1000,2,0.0642578962,0
1537347660,Prod-EcsStagingCluster-EcsCluster-1AAGQRFIOE9AE,Service_beiakkdem1vi3j5fejm0,1000,2,0.0482956284,3
1537375200,Prod-EcsStagingCluster-EcsCluster-1AAGQRFIOE9AE,Service_beiakkdem1vi3j5fejm0,1000,2,0.0661222689,0
1537368840,Prod-EcsStagingCluster-EcsCluster-1AAGQRFIOE9AE,Service_beiakkdem1vi3j5fejm0,1000,2,0.0534005970,0
1537400640,Prod-EcsStagingCluster-EcsCluster-1AAGQRFIOE9AE,Service_beiakkdem1vi3j5fejm0,1000,2,0.1162154266,1
1537423980,Prod-EcsStagingCluster-EcsCluster-1AAGQRFIOE9AE,Service_beiakkdem1vi3j5fejm0,1000,2,0.6160629606,0
1537394280,Prod-EcsStagingCluster-EcsCluster-1AAGQRFIOE9AE,Service_beiakkdem1vi3j5fejm0,1000,2,0.0615167417,0
1537400580,Prod-EcsStagingCluster-EcsCluster-1AAGQRFIOE9AE,Service_beiakkdem1vi3j5fejm0,1000,2,0.2576959508,1
1537426020,Prod-EcsStagingCluster-EcsCluster-1AAGQRFIOE9AE,Service_beiakkdem1vi3j5fejm0,1000,2,0.0639097599,1
1537404720,Prod-EcsStagingCluster-EcsCluster-1AAGQRFIOE9AE,Service_beiakkdem1vi3j5fejm0,1000,2,0.0625201026,0
1537398360,Prod-EcsStagingCluster-EcsCluster-1AAGQRFIOE9AE,Service_beiakkdem1vi3j5fejm0,1000,2,0.0541702046,0
1537423800,Prod-EcsStagingCluster-EcsCluster-1AAGQRFIOE9AE,Service_beiakkdem1vi3j5fejm0,1000,2,0.4651886166,1
1537430160,Prod-EcsStagingCluster-EcsCluster-1AAGQRFIOE9AE,Service_beiakkdem1vi3j5fejm0,1000,2,0.2006129111,0
1537404660,Prod-EcsStagingCluster-EcsCluster-1AAGQRFIOE9AE,Service_beiakkdem1vi3j5fejm0,1000,2,0.1494546262,0
1537430100,Prod-EcsStagingCluster-EcsCluster-1AAGQRFIOE9AE,Service_beiakkdem1vi3j5fejm0,1000,2,0.0652495922,0
1537355820,Prod-EcsStagingCluster-EcsCluster-1AAGQRFIOE9AE,Service_beiakkdem1vi3j5fejm0,1000,2,0.0559980177,0
1537368540,Prod-EcsStagingCluster-EcsCluster-1AAGQRFIOE9AE,Service_beiakkdem1vi3j5fejm0,1000,2,0.0649682734,0
1537393980,Prod-EcsStagingCluster-EcsCluster-1AAGQRFIOE9AE,Service_beiakkdem1vi3j5fejm0,1000,2,0.0707995220,0
1537381260,Prod-EcsStagingCluster-EcsCluster-1AAGQRFIOE9AE,Service_beiakkdem1vi3j5fejm0,1000,2,0.0432575965,1
1537357860,Prod-EcsStagingCluster-EcsCluster-1AAGQRFIOE9AE,Service_beiakkdem1vi3j5fejm0,1000,2,0.0545875397,0
1537408800,Prod-EcsStagingCluster-EcsCluster-1AAGQRFIOE9AE,Service_beiakkdem1vi3j5fejm0,1000,2,0.1988629076,0
1537402440,Prod-EcsStagingCluster-EcsCluster-1AAGQRFIOE9AE,Service_beiakkdem1vi3j5fejm0,1000,2,0.0637062557,4
1537403400,Prod-EcsStagingCluster-EcsCluster-1AAGQRFIOE9AE,Service_beiakkdem1vi3j5fejm0,1000,2,0.2026338245,0
1537406580,Prod-EcsStagingCluster-EcsCluster-1AAGQRFIOE9AE,Service_beiakkdem1vi3j5fejm0,1000,2,0.1265185362,0
1537428840,Prod-EcsStagingCluster-EcsCluster-1AAGQRFIOE9AE,Service_beiakkdem1vi3j5fejm0,1000,2,0.0746002734,0
1537365120,Prod-EcsStagingCluster-EcsCluster-1AAGQRFIOE9AE,Service_beiakkdem1vi3j5fejm0,1000,2,0.0766678001,0
1537356600,Prod-EcsStagingCluster-EcsCluster-1AAGQRFIOE9AE,Service_beiakkdem1vi3j5fejm0,1000,2,0.0696586230,0
1537359780,Prod-EcsStagingCluster-EcsCluster-1AAGQRFIOE9AE,Service_beiakkdem1vi3j5fejm0,1000,2,0.0665883717,0
1537389420,Prod-EcsStagingCluster-EcsCluster-1AAGQRFIOE9AE,Service_beiakkdem1vi3j5fejm0,1000,2,0.0576134520,0
1537414860,Prod-EcsStagingCluster-EcsCluster-1AAGQRFIOE9AE,Service_beiakkdem1vi3j5fejm0,1000,2,0.0575528005,0
1537402140,Prod-EcsStagingCluster-EcsCluster-1AAGQRFIOE9AE,Service_beiakkdem1vi3j5fejm0,1000,2,0.2840980815,0
1537369200,Prod-EcsStagingCluster-EcsCluster-1AAGQRFIOE9AE,Service_beiakkdem1vi3j5fejm0,1000,2,0.0654198595,3
1537427580,Prod-EcsStagingCluster-EcsCluster-1AAGQRFIOE9AE,Service_beiakkdem1vi3j5fejm0,1000,2,0.0688393062,1
1537394640,Prod-EcsStagingCluster-EcsCluster-1AAGQRFIOE9AE,Service_beiakkdem1vi3j5fejm0,1000,2,0.0651816062,0
1537360680,Prod-EcsStagingCluster-EcsCluster-1AAGQRFIOE9AE,Service_beiakkdem1vi3j5fejm0,1000,2,0.0554729507,0
1537363860,Prod-EcsStagingCluster-EcsCluster-1AAGQRFIOE9AE,Service_beiakkdem1vi3j5fejm0,1000,2,0.0780144637,0
1537373280,Prod-EcsStagingCluster-EcsCluster-1AAGQRFIOE9AE,Service_beiakkdem1vi3j5fejm0,1000,2,0.0657125626,0
1537398720,Prod-EcsStagingCluster-EcsCluster-1AAGQRFIOE9AE,Service_beiakkdem1vi3j5fejm0,1000,2,0.1285529960,1
1537367940,Prod-EcsStagingCluster-EcsCluster-1AAGQRFIOE9AE,Service_beiakkdem1vi3j5fejm0,1000,2,0.0654766379,0
1537364760,Prod-EcsStagingCluster-EcsCluster-1AAGQRFIOE9AE,Service_beiakkdem1vi3j5fejm0,1000,2,0.0875082425,0
1537393380,Prod-EcsStagingCluster-EcsCluster-1AAGQRFIOE9AE,Service_beiakkdem1vi3j5fejm0,1000,2,0.0650421957,0
1537359420,Prod-EcsStagingCluster-EcsCluster-1AAGQRFIOE9AE,Service_beiakkdem1vi3j5fejm0,1000,2,0.0668205645,0
1537346700,Prod-EcsStagingCluster-EcsCluster-1AAGQRFIOE9AE,Service_beiakkdem1vi3j5fejm0,1000,2,0.0639824973,0
1537374240,Prod-EcsStagingCluster-EcsCluster-1AAGQRFIOE9AE,Service_beiakkdem1vi3j5fejm0,1000,2,0.0811403593,0
1537399680,Prod-EcsStagingCluster-EcsCluster-1AAGQRFIOE9AE,Service_beiakkdem1vi3j5fejm0,1000,2,0.0665148572,0
1537423020,Prod-EcsStagingCluster-EcsCluster-1AAGQRFIOE9AE,Service_beiakkdem1vi3j5fejm0,1000,2,0.0585879078,0
1537365720,Prod-EcsStagingCluster-EcsCluster-1AAGQRFIOE9AE,Service_beiakkdem1vi3j5fejm0,1000,2,0.0551883400,2
1537391160,Prod-EcsStagingCluster-EcsCluster-1AAGQRFIOE9AE,Service_beiakkdem1vi3j5fejm0,1000,2,0.0445184428,0
1537372020,Prod-EcsStagingCluster-EcsCluster-1AAGQRFIOE9AE,Service_beiakkdem1vi3j5fejm0,1000,2,0.0833310707,1
1537397460,Prod-EcsStagingCluster-EcsCluster-1AAGQRFIOE9AE,Service_beiakkdem1vi3j5fejm0,1000,2,0.0547190704,1
1537369800,Prod-EcsStagingCluster-EcsCluster-1AAGQRFIOE9AE,Service_beiakkdem1vi3j5fejm0,1000,2,0.0623735829,1
1537403760,Prod-EcsStagingCluster-EcsCluster-1AAGQRFIOE9AE,Service_beiakkdem1vi3j5fejm0,1000,2,0.1409718645,0
1537395240,Prod-EcsStagingCluster-EcsCluster-1AAGQRFIOE9AE,Service_beiakkdem1vi3j5fejm0,1000,2,0.0678786342,0
1537429200,Prod-EcsStagingCluster-EcsCluster-1AAGQRFIOE9AE,Service_beiakkdem1vi3j5fejm0,1000,2,0.0535103096,0
1537380300,Prod-EcsStagingCluster-EcsCluster-1AAGQRFIOE9AE,Service_beiakkdem1vi3j5fejm0,1000,2,0.0589276473,3
1537401540,Prod-EcsStagingCluster-EcsCluster-1AAGQRFIOE9AE,Service_beiakkdem1vi3j5fejm0,1000,2,0.0716322932,0
1537354860,Prod-EcsStagingCluster-EcsCluster-1AAGQRFIOE9AE,Service_beiakkdem1vi3j5fejm0,1000,2,0.0558818021,0
1537367580,Prod-EcsStagingCluster-EcsCluster-1AAGQRFIOE9AE,Service_beiakkdem1vi3j5fejm0,1000,2,0.0648670776,0
1537393020,Prod-EcsStagingCluster-EcsCluster-1AAGQRFIOE9AE,Service_beiakkdem1vi3j5fejm0,1000,2,0.0651080831,0
1537426980,Prod-EcsStagingCluster-EcsCluster-1AAGQRFIOE9AE,Service_beiakkdem1vi3j5fejm0,1000,2,0.0616793509,0
1537407840,Prod-EcsStagingCluster-EcsCluster-1AAGQRFIOE9AE,Service_beiakkdem1vi3j5fejm0,1000,2,0.2956216759,0
1537399320,Prod-EcsStagingCluster-EcsCluster-1AAGQRFIOE9AE,Service_beiakkdem1vi3j5fejm0,1000,2,0.0582109689,0
1537424760,Prod-EcsStagingCluster-EcsCluster-1AAGQRFIOE9AE,Service_beiakkdem1vi3j5fejm0,1000,2,0.1290937601,0
1537361040,Prod-EcsStagingCluster-EcsCluster-1AAGQRFIOE9AE,Service_beiakkdem1vi3j5fejm0,1000,2,0.0665320100,0
1537405620,Prod-EcsStagingCluster-EcsCluster-1AAGQRFIOE9AE,Service_beiakkdem1vi3j5fejm0,1000,2,0.1922182467,3
1537406640,Prod-EcsStagingCluster-EcsCluster-1AAGQRFIOE9AE,Service_beiakkdem1vi3j5fejm0,1000,2,0.0588247715,2
1537400280,Prod-EcsStagingCluster-EcsCluster-1AAGQRFIOE9AE,Service_beiakkdem1vi3j5fejm0,1000,2,0.0576943845,0
1537403460,Prod-EcsStagingCluster-EcsCluster-1AAGQRFIOE9AE,Service_beiakkdem1vi3j5fejm0,1000,2,0.1348712290,0
1537422540,Prod-EcsStagingCluster-EcsCluster-1AAGQRFIOE9AE,Service_beiakkdem1vi3j5fejm0,1000,2,0.0606927768,0
1537430940,Prod-EcsStagingCluster-EcsCluster-1AAGQRFIOE9AE,Service_beiakkdem1vi3j5fejm0,1000,2,0.0562973634,0
1537388460,Prod-EcsStagingCluster-EcsCluster-1AAGQRFIOE9AE,Service_beiakkdem1vi3j5fejm0,1000,2,0.0601442087,0
1537417080,Prod-EcsStagingCluster-EcsCluster-1AAGQRFIOE9AE,Service_beiakkdem1vi3j5fejm0,1000,2,0.0949915097,0
1537420260,Prod-EcsStagingCluster-EcsCluster-1AAGQRFIOE9AE,Service_beiakkdem1vi3j5fejm0,1000,2,0.0920056313,0
1537423440,Prod-EcsStagingCluster-EcsCluster-1AAGQRFIOE9AE,Service_beiakkdem1vi3j5fejm0,1000,2,0.0591463954,0
1537396860,Prod-EcsStagingCluster-EcsCluster-1AAGQRFIOE9AE,Service_beiakkdem1vi3j5fejm0,1000,2,0.0587610230,0
1537400040,Prod-EcsStagingCluster-EcsCluster-1AAGQRFIOE9AE,Service_beiakkdem1vi3j5fejm0,1000,2,0.1499454689,0
1537403220,Prod-EcsStagingCluster-EcsCluster-1AAGQRFIOE9AE,Service_beiakkdem1vi3j5fejm0,1000,2,0.2760608577,0
1537406400,Prod-EcsStagingCluster-EcsCluster-1AAGQRFIOE9AE,Service_beiakkdem1vi3j5fejm0,1000,2,0.0442665085,0
1537354380,Prod-EcsStagingCluster-EcsCluster-1AAGQRFIOE9AE,Service_beiakkdem1vi3j5fejm0,1000,2,0.1491716130,0
1537372320,Prod-EcsStagingCluster-EcsCluster-1AAGQRFIOE9AE,Service_beiakkdem1vi3j5fejm0,1000,2,0.0726736230,0
1537362780,Prod-EcsStagingCluster-EcsCluster-1AAGQRFIOE9AE,Service_beiakkdem1vi3j5fejm0,1000,2,0.0643883037,0
1537365960,Prod-EcsStagingCluster-EcsCluster-1AAGQRFIOE9AE,Service_beiakkdem1vi3j5fejm0,1000,2,0.0744430957,0
1537369140,Prod-EcsStagingCluster-EcsCluster-1AAGQRFIOE9AE,Service_beiakkdem1vi3j5fejm0,1000,2,0.0655103008,0
1537355280,Prod-EcsStagingCluster-EcsCluster-1AAGQRFIOE9AE,Service_beiakkdem1vi3j5fejm0,1000,2,0.0541006918,1
1537348920,Prod-EcsStagingCluster-EcsCluster-1AAGQRFIOE9AE,Service_beiakkdem1vi3j5fejm0,1000,2,0.0564694062,0
1537352100,Prod-EcsStagingCluster-EcsCluster-1AAGQRFIOE9AE,Service_beiakkdem1vi3j5fejm0,1000,2,0.2055109777,3
1537422060,Prod-EcsStagingCluster-EcsCluster-1AAGQRFIOE9AE,Service_beiakkdem1vi3j5fejm0,1000,2,1.2402150018,0
1537356240,Prod-EcsStagingCluster-EcsCluster-1AAGQRFIOE9AE,Service_beiakkdem1vi3j5fejm0,1000,2,0.0734439531,0
1537349880,Prod-EcsStagingCluster-EcsCluster-1AAGQRFIOE9AE,Service_beiakkdem1vi3j5fejm0,1000,2,0.0730878792,1
1537368900,Prod-EcsStagingCluster-EcsCluster-1AAGQRFIOE9AE,Service_beiakkdem1vi3j5fejm0,1000,2,0.0663545467,4
1537430460,Prod-EcsStagingCluster-EcsCluster-1AAGQRFIOE9AE,Service_beiakkdem1vi3j5fejm0,1000,2,0.0670716899,0
1537387980,Prod-EcsStagingCluster-EcsCluster-1AAGQRFIOE9AE,Service_beiakkdem1vi3j5fejm0,1000,2,0.0602342104,0
1537396380,Prod-EcsStagingCluster-EcsCluster-1AAGQRFIOE9AE,Service_beiakkdem1vi3j5fejm0,1000,2,0.0600126426,0
1537366680,Prod-EcsStagingCluster-EcsCluster-1AAGQRFIOE9AE,Service_beiakkdem1vi3j5fejm0,1000,2,0.0757984625,1
1537373040,Prod-EcsStagingCluster-EcsCluster-1AAGQRFIOE9AE,Service_beiakkdem1vi3j5fejm0,1000,2,0.0674810117,0
1537353900,Prod-EcsStagingCluster-EcsCluster-1AAGQRFIOE9AE,Service_beiakkdem1vi3j5fejm0,1000,2,0.0639957618,3
1537402740,Prod-EcsStagingCluster-EcsCluster-1AAGQRFIOE9AE,Service_beiakkdem1vi3j5fejm0,1000,2,0.2232348231,0
1537385700,Prod-EcsStagingCluster-EcsCluster-1AAGQRFIOE9AE,Service_beiakkdem1vi3j5fejm0,1000,2,0.0663913129,0
1537362300,Prod-EcsStagingCluster-EcsCluster-1AAGQRFIOE9AE,Service_beiakkdem1vi3j5fejm0,1000,2,0.0587788546,0
1537400520,Prod-EcsStagingCluster-EcsCluster-1AAGQRFIOE9AE,Service_beiakkdem1vi3j5fejm0,1000,2,0.0568139338,1
1537406880,Prod-EcsStagingCluster-EcsCluster-1AAGQRFIOE9AE,Service_beiakkdem1vi3j5fejm0,1000,2,0.0590189686,4
1537368660,Prod-EcsStagingCluster-EcsCluster-1AAGQRFIOE9AE,Service_beiakkdem1vi3j5fejm0,1000,2,0.0641929458,0
1537389840,Prod-EcsStagingCluster-EcsCluster-1AAGQRFIOE9AE,Service_beiakkdem1vi3j5fejm0,1000,2,0.0606795096,0
1537383480,Prod-EcsStagingCluster-EcsCluster-1AAGQRFIOE9AE,Service_beiakkdem1vi3j5fejm0,1000,2,0.0769549942,0
1537366440,Prod-EcsStagingCluster-EcsCluster-1AAGQRFIOE9AE,Service_beiakkdem1vi3j5fejm0,1000,2,0.0651488256,0
1537402500,Prod-EcsStagingCluster-EcsCluster-1AAGQRFIOE9AE,Service_beiakkdem1vi3j5fejm0,1000,2,0.0638902357,0
1537372800,Prod-EcsStagingCluster-EcsCluster-1AAGQRFIOE9AE,Service_beiakkdem1vi3j5fejm0,1000,2,0.0759031177,0
1537421580,Prod-EcsStagingCluster-EcsCluster-1AAGQRFIOE9AE,Service_beiakkdem1vi3j5fejm0,1000,2,0.0626508330,2
1537429980,Prod-EcsStagingCluster-EcsCluster-1AAGQRFIOE9AE,Service_beiakkdem1vi3j5fejm0,1000,2,0.0545527809,0
1537367400,Prod-EcsStagingCluster-EcsCluster-1AAGQRFIOE9AE,Service_beiakkdem1vi3j5fejm0,1000,2,0.0670993856,0
1537370580,Prod-EcsStagingCluster-EcsCluster-1AAGQRFIOE9AE,Service_beiakkdem1vi3j5fejm0,1000,2,0.0565098224,0
1537387500,Prod-EcsStagingCluster-EcsCluster-1AAGQRFIOE9AE,Service_beiakkdem1vi3j5fejm0,1000,2,0.0562757911,0
1537404420,Prod-EcsStagingCluster-EcsCluster-1AAGQRFIOE9AE,Service_beiakkdem1vi3j5fejm0,1000,2,0.0540159302,0
1537401240,Prod-EcsStagingCluster-EcsCluster-1AAGQRFIOE9AE,Service_beiakkdem1vi3j5fejm0,1000,2,0.0538625567,0
1537422480,Prod-EcsStagingCluster-EcsCluster-1AAGQRFIOE9AE,Service_beiakkdem1vi3j5fejm0,1000,2,0.0600102084,0
1537395900,Prod-EcsStagingCluster-EcsCluster-1AAGQRFIOE9AE,Service_beiakkdem1vi3j5fejm0,1000,2,0.0571907450,0
1537405440,Prod-EcsStagingCluster-EcsCluster-1AAGQRFIOE9AE,Service_beiakkdem1vi3j5fejm0,1000,2,0.0555815462,0
1537353420,Prod-EcsStagingCluster-EcsCluster-1AAGQRFIOE9AE,Service_beiakkdem1vi3j5fejm0,1000,2,0.0541341346,0
1537418040,Prod-EcsStagingCluster-EcsCluster-1AAGQRFIOE9AE,Service_beiakkdem1vi3j5fejm0,1000,2,0.1015688367,1
1537371360,Prod-EcsStagingCluster-EcsCluster-1AAGQRFIOE9AE,Service_beiakkdem1vi3j5fejm0,1000,2,0.0743401089,0
1537361820,Prod-EcsStagingCluster-EcsCluster-1AAGQRFIOE9AE,Service_beiakkdem1vi3j5fejm0,1000,2,0.0570212691,0
1537421220,Prod-EcsStagingCluster-EcsCluster-1AAGQRFIOE9AE,Service_beiakkdem1vi3j5fejm0,1000,2,0.0717482754,0
1537401000,Prod-EcsStagingCluster-EcsCluster-1AAGQRFIOE9AE,Service_beiakkdem1vi3j5fejm0,1000,2,0.2657470783,0
1537404180,Prod-EcsStagingCluster-EcsCluster-1AAGQRFIOE9AE,Service_beiakkdem1vi3j5fejm0,1000,2,0.0574117278,0
1537354320,Prod-EcsStagingCluster-EcsCluster-1AAGQRFIOE9AE,Service_beiakkdem1vi3j5fejm0,1000,2,0.0548833528,0
1537421100,Prod-EcsStagingCluster-EcsCluster-1AAGQRFIOE9AE,Service_beiakkdem1vi3j5fejm0,1000,2,0.1552188650,0
1537366920,Prod-EcsStagingCluster-EcsCluster-1AAGQRFIOE9AE,Service_beiakkdem1vi3j5fejm0,1000,2,0.0667551240,3
1537370100,Prod-EcsStagingCluster-EcsCluster-1AAGQRFIOE9AE,Service_beiakkdem1vi3j5fejm0,1000,2,0.0691142291,0
1537371120,Prod-EcsStagingCluster-EcsCluster-1AAGQRFIOE9AE,Service_beiakkdem1vi3j5fejm0,1000,2,0.0542496272,0
1537429500,Prod-EcsStagingCluster-EcsCluster-1AAGQRFIOE9AE,Service_beiakkdem1vi3j5fejm0,1000,2,0.2149687337,0
1537353060,Prod-EcsStagingCluster-EcsCluster-1AAGQRFIOE9AE,Service_beiakkdem1vi3j5fejm0,1000,2,0.0560140195,0
1537387020,Prod-EcsStagingCluster-EcsCluster-1AAGQRFIOE9AE,Service_beiakkdem1vi3j5fejm0,1000,2,0.0565139199,0
1537367880,Prod-EcsStagingCluster-EcsCluster-1AAGQRFIOE9AE,Service_beiakkdem1vi3j5fejm0,1000,2,0.0645627511,3
1537395420,Prod-EcsStagingCluster-EcsCluster-1AAGQRFIOE9AE,Service_beiakkdem1vi3j5fejm0,1000,2,0.0574478483,0
1537372080,Prod-EcsStagingCluster-EcsCluster-1AAGQRFIOE9AE,Service_beiakkdem1vi3j5fejm0,1000,2,0.0732076322,0
1537352940,Prod-EcsStagingCluster-EcsCluster-1AAGQRFIOE9AE,Service_beiakkdem1vi3j5fejm0,1000,2,0.1729248393,0
1537350840,Prod-EcsStagingCluster-EcsCluster-1AAGQRFIOE9AE,Service_beiakkdem1vi3j5fejm0,1000,2,0.2269978064,0
1537369860,Prod-EcsStagingCluster-EcsCluster-1AAGQRFIOE9AE,Service_beiakkdem1vi3j5fejm0,1000,2,0.2071879671,2
1537361340,Prod-EcsStagingCluster-EcsCluster-1AAGQRFIOE9AE,Service_beiakkdem1vi3j5fejm0,1000,2,0.0671776331,0
1537405920,Prod-EcsStagingCluster-EcsCluster-1AAGQRFIOE9AE,Service_beiakkdem1vi3j5fejm0,1000,2,0.0562930281,1
1537367640,Prod-EcsStagingCluster-EcsCluster-1AAGQRFIOE9AE,Service_beiakkdem1vi3j5fejm0,1000,2,0.0713280828,0
1537388880,Prod-EcsStagingCluster-EcsCluster-1AAGQRFIOE9AE,Service_beiakkdem1vi3j5fejm0,1000,2,0.0622193028,2
1537403700,Prod-EcsStagingCluster-EcsCluster-1AAGQRFIOE9AE,Service_beiakkdem1vi3j5fejm0,1000,2,0.1231645858,0
1537371840,Prod-EcsStagingCluster-EcsCluster-1AAGQRFIOE9AE,Service_beiakkdem1vi3j5fejm0,1000,2,0.0736326908,3
1537420620,Prod-EcsStagingCluster-EcsCluster-1AAGQRFIOE9AE,Service_beiakkdem1vi3j5fejm0,1000,2,0.0952478652,0
1537386660,Prod-EcsStagingCluster-EcsCluster-1AAGQRFIOE9AE,Service_beiakkdem1vi3j5fejm0,1000,2,0.0587777152,0
1537401480,Prod-EcsStagingCluster-EcsCluster-1AAGQRFIOE9AE,Service_beiakkdem1vi3j5fejm0,1000,2,0.1668375837,0
1537405680,Prod-EcsStagingCluster-EcsCluster-1AAGQRFIOE9AE,Service_beiakkdem1vi3j5fejm0,1000,2,0.1929026802,0
1537429020,Prod-EcsStagingCluster-EcsCluster-1AAGQRFIOE9AE,Service_beiakkdem1vi3j5fejm0,1000,2,0.0643417059,0
1537369620,Prod-EcsStagingCluster-EcsCluster-1AAGQRFIOE9AE,Service_beiakkdem1vi3j5fejm0,1000,2,0.0672227923,0
1537386540,Prod-EcsStagingCluster-EcsCluster-1AAGQRFIOE9AE,Service_beiakkdem1vi3j5fejm0,1000,2,0.0682837575,0
1537384440,Prod-EcsStagingCluster-EcsCluster-1AAGQRFIOE9AE,Service_beiakkdem1vi3j5fejm0,1000,2,0.0794390649,0
1537404480,Prod-EcsStagingCluster-EcsCluster-1AAGQRFIOE9AE,Service_beiakkdem1vi3j5fejm0,1000,2,0.1215159874,0
1537401300,Prod-EcsStagingCluster-EcsCluster-1AAGQRFIOE9AE,Service_beiakkdem1vi3j5fejm0,1000,2,0.3181622744,0
1537398120,Prod-EcsStagingCluster-EcsCluster-1AAGQRFIOE9AE,Service_beiakkdem1vi3j5fejm0,1000,2,0.0546448895,1
1537388580,Prod-EcsStagingCluster-EcsCluster-1AAGQRFIOE9AE,Service_beiakkdem1vi3j5fejm0,1000,2,0.0615125792,0
1537391760,Prod-EcsStagingCluster-EcsCluster-1AAGQRFIOE9AE,Service_beiakkdem1vi3j5fejm0,1000,2,0.0655722300,0
1537385400,Prod-EcsStagingCluster-EcsCluster-1AAGQRFIOE9AE,Service_beiakkdem1vi3j5fejm0,1000,2,0.0699638949,0
1537352460,Prod-EcsStagingCluster-EcsCluster-1AAGQRFIOE9AE,Service_beiakkdem1vi3j5fejm0,1000,2,0.0734262550,0
1537365180,Prod-EcsStagingCluster-EcsCluster-1AAGQRFIOE9AE,Service_beiakkdem1vi3j5fejm0,1000,2,0.0786524368,0
1537364040,Prod-EcsStagingCluster-EcsCluster-1AAGQRFIOE9AE,Service_beiakkdem1vi3j5fejm0,1000,2,0.0754596233,0
1537367220,Prod-EcsStagingCluster-EcsCluster-1AAGQRFIOE9AE,Service_beiakkdem1vi3j5fejm0,1000,2,0.0667198632,0
1537370400,Prod-EcsStagingCluster-EcsCluster-1AAGQRFIOE9AE,Service_beiakkdem1vi3j5fejm0,1000,2,0.0551376000,0
1537408560,Prod-EcsStagingCluster-EcsCluster-1AAGQRFIOE9AE,Service_beiakkdem1vi3j5fejm0,1000,2,0.0852107145,0
1537405380,Prod-EcsStagingCluster-EcsCluster-1AAGQRFIOE9AE,Service_beiakkdem1vi3j5fejm0,1000,2,0.2001892091,2
1537402200,Prod-EcsStagingCluster-EcsCluster-1AAGQRFIOE9AE,Service_beiakkdem1vi3j5fejm0,1000,2,0.3424453917,0
1537420140,Prod-EcsStagingCluster-EcsCluster-1AAGQRFIOE9AE,Service_beiakkdem1vi3j5fejm0,1000,2,0.0940197525,0
1537419000,Prod-EcsStagingCluster-EcsCluster-1AAGQRFIOE9AE,Service_beiakkdem1vi3j5fejm0,1000,2,0.1049913913,2
1537425360,Prod-EcsStagingCluster-EcsCluster-1AAGQRFIOE9AE,Service_beiakkdem1vi3j5fejm0,1000,2,0.0724051751,0
1537422180,Prod-EcsStagingCluster-EcsCluster-1AAGQRFIOE9AE,Service_beiakkdem1vi3j5fejm0,1000,2,0.3859718473,0
1537398780,Prod-EcsStagingCluster-EcsCluster-1AAGQRFIOE9AE,Service_beiakkdem1vi3j5fejm0,1000,2,0.1622588677,0
1537386060,Prod-EcsStagingCluster-EcsCluster-1AAGQRFIOE9AE,Service_beiakkdem1vi3j5fejm0,1000,2,0.0766843617,0
1537397640,Prod-EcsStagingCluster-EcsCluster-1AAGQRFIOE9AE,Service_beiakkdem1vi3j5fejm0,1000,2,0.0544110812,0
1537351980,Prod-EcsStagingCluster-EcsCluster-1AAGQRFIOE9AE,Service_beiakkdem1vi3j5fejm0,1000,2,0.0733520224,0
1537400820,Prod-EcsStagingCluster-EcsCluster-1AAGQRFIOE9AE,Service_beiakkdem1vi3j5fejm0,1000,2,0.3538252972,1
1537364700,Prod-EcsStagingCluster-EcsCluster-1AAGQRFIOE9AE,Service_beiakkdem1vi3j5fejm0,1000,2,0.0767824339,0
1537354020,Prod-EcsStagingCluster-EcsCluster-1AAGQRFIOE9AE,Service_beiakkdem1vi3j5fejm0,1000,2,0.0601249000,0
1537366740,Prod-EcsStagingCluster-EcsCluster-1AAGQRFIOE9AE,Service_beiakkdem1vi3j5fejm0,1000,2,0.0769663740,2
1537398600,Prod-EcsStagingCluster-EcsCluster-1AAGQRFIOE9AE,Service_beiakkdem1vi3j5fejm0,1000,2,0.0544681603,4
1537404960,Prod-EcsStagingCluster-EcsCluster-1AAGQRFIOE9AE,Service_beiakkdem1vi3j5fejm0,1000,2,0.1402057870,0
1537358160,Prod-EcsStagingCluster-EcsCluster-1AAGQRFIOE9AE,Service_beiakkdem1vi3j5fejm0,1000,2,0.0576908607,0
1537364520,Prod-EcsStagingCluster-EcsCluster-1AAGQRFIOE9AE,Service_beiakkdem1vi3j5fejm0,1000,2,0.0753637484,0
1537351800,Prod-EcsStagingCluster-EcsCluster-1AAGQRFIOE9AE,Service_beiakkdem1vi3j5fejm0,1000,2,0.0704172813,0
1537370880,Prod-EcsStagingCluster-EcsCluster-1AAGQRFIOE9AE,Service_beiakkdem1vi3j5fejm0,1000,2,0.0758596586,0
1537370820,Prod-EcsStagingCluster-EcsCluster-1AAGQRFIOE9AE,Service_beiakkdem1vi3j5fejm0,1000,2,0.0760444103,0
1537419660,Prod-EcsStagingCluster-EcsCluster-1AAGQRFIOE9AE,Service_beiakkdem1vi3j5fejm0,1000,2,0.0832579894,0
1537368600,Prod-EcsStagingCluster-EcsCluster-1AAGQRFIOE9AE,Service_beiakkdem1vi3j5fejm0,1000,2,0.0649324281,0
1537374960,Prod-EcsStagingCluster-EcsCluster-1AAGQRFIOE9AE,Service_beiakkdem1vi3j5fejm0,1000,2,0.0637953024,0
1537385580,Prod-EcsStagingCluster-EcsCluster-1AAGQRFIOE9AE,Service_beiakkdem1vi3j5fejm0,1000,2,0.0699717612,0
1537398300,Prod-EcsStagingCluster-EcsCluster-1AAGQRFIOE9AE,Service_beiakkdem1vi3j5fejm0,1000,2,0.0560763791,0
1537400340,Prod-EcsStagingCluster-EcsCluster-1AAGQRFIOE9AE,Service_beiakkdem1vi3j5fejm0,1000,2,0.1931861527,0
1537387620,Prod-EcsStagingCluster-EcsCluster-1AAGQRFIOE9AE,Service_beiakkdem1vi3j5fejm0,1000,2,0.0564180598,2
1537364220,Prod-EcsStagingCluster-EcsCluster-1AAGQRFIOE9AE,Service_beiakkdem1vi3j5fejm0,1000,2,0.0741569805,0
1537351500,Prod-EcsStagingCluster-EcsCluster-1AAGQRFIOE9AE,Service_beiakkdem1vi3j5fejm0,1000,2,0.3622832629,0
1537369440,Prod-EcsStagingCluster-EcsCluster-1AAGQRFIOE9AE,Service_beiakkdem1vi3j5fejm0,1000,2,0.0691741320,0
1537407600,Prod-EcsStagingCluster-EcsCluster-1AAGQRFIOE9AE,Service_beiakkdem1vi3j5fejm0,1000,2,0.3146119694,0
1537399080,Prod-EcsStagingCluster-EcsCluster-1AAGQRFIOE9AE,Service_beiakkdem1vi3j5fejm0,1000,2,0.0589407149,0
1537402260,Prod-EcsStagingCluster-EcsCluster-1AAGQRFIOE9AE,Service_beiakkdem1vi3j5fejm0,1000,2,0.2825605389,0
1537389540,Prod-EcsStagingCluster-EcsCluster-1AAGQRFIOE9AE,Service_beiakkdem1vi3j5fejm0,1000,2,0.0600051398,0
1537386360,Prod-EcsStagingCluster-EcsCluster-1AAGQRFIOE9AE,Service_beiakkdem1vi3j5fejm0,1000,2,0.0680344702,0
1537419180,Prod-EcsStagingCluster-EcsCluster-1AAGQRFIOE9AE,Service_beiakkdem1vi3j5fejm0,1000,2,0.0948966968,0
1537365000,Prod-EcsStagingCluster-EcsCluster-1AAGQRFIOE9AE,Service_beiakkdem1vi3j5fejm0,1000,2,0.0769422474,1
1537368180,Prod-EcsStagingCluster-EcsCluster-1AAGQRFIOE9AE,Service_beiakkdem1vi3j5fejm0,1000,2,0.0575523167,2
1537406340,Prod-EcsStagingCluster-EcsCluster-1AAGQRFIOE9AE,Service_beiakkdem1vi3j5fejm0,1000,2,0.1360387617,0
1537403160,Prod-EcsStagingCluster-EcsCluster-1AAGQRFIOE9AE,Service_beiakkdem1vi3j5fejm0,1000,2,0.0632230377,0
1537424400,Prod-EcsStagingCluster-EcsCluster-1AAGQRFIOE9AE,Service_beiakkdem1vi3j5fejm0,1000,2,0.0701695853,2
1537397820,Prod-EcsStagingCluster-EcsCluster-1AAGQRFIOE9AE,Service_beiakkdem1vi3j5fejm0,1000,2,0.0557614670,2
1537385100,Prod-EcsStagingCluster-EcsCluster-1AAGQRFIOE9AE,Service_beiakkdem1vi3j5fejm0,1000,2,0.0678192958,3
1537351020,Prod-EcsStagingCluster-EcsCluster-1AAGQRFIOE9AE,Service_beiakkdem1vi3j5fejm0,1000,2,0.1349309714,0
1537403040,Prod-EcsStagingCluster-EcsCluster-1AAGQRFIOE9AE,Service_beiakkdem1vi3j5fejm0,1000,2,0.0573787102,0
1537363740,Prod-EcsStagingCluster-EcsCluster-1AAGQRFIOE9AE,Service_beiakkdem1vi3j5fejm0,1000,2,0.0566045699,0
1537419960,Prod-EcsStagingCluster-EcsCluster-1AAGQRFIOE9AE,Service_beiakkdem1vi3j5fejm0,1000,2,0.0863905307,0
1537423140,Prod-EcsStagingCluster-EcsCluster-1AAGQRFIOE9AE,Service_beiakkdem1vi3j5fejm0,1000,2,0.5113472238,0
1537404000,Prod-EcsStagingCluster-EcsCluster-1AAGQRFIOE9AE,Service_beiakkdem1vi3j5fejm0,1000,2,0.4985943304,0
1537420920,Prod-EcsStagingCluster-EcsCluster-1AAGQRFIOE9AE,Service_beiakkdem1vi3j5fejm0,1000,2,0.0623727568,0
1537357200,Prod-EcsStagingCluster-EcsCluster-1AAGQRFIOE9AE,Service_beiakkdem1vi3j5fejm0,1000,2,0.0745457898,0
1537401780,Prod-EcsStagingCluster-EcsCluster-1AAGQRFIOE9AE,Service_beiakkdem1vi3j5fejm0,1000,2,0.0706411183,4
1537369920,Prod-EcsStagingCluster-EcsCluster-1AAGQRFIOE9AE,Service_beiakkdem1vi3j5fejm0,1000,2,0.0675890500,0
1537418700,Prod-EcsStagingCluster-EcsCluster-1AAGQRFIOE9AE,Service_beiakkdem1vi3j5fejm0,1000,2,0.2496427592,0
1537431420,Prod-EcsStagingCluster-EcsCluster-1AAGQRFIOE9AE,Service_beiakkdem1vi3j5fejm0,1000,2,0.0630811187,0
1537354980,Prod-EcsStagingCluster-EcsCluster-1AAGQRFIOE9AE,Service_beiakkdem1vi3j5fejm0,1000,2,0.0567827926,5
1537367700,Prod-EcsStagingCluster-EcsCluster-1AAGQRFIOE9AE,Service_beiakkdem1vi3j5fejm0,1000,2,0.0661477691,1
1537399560,Prod-EcsStagingCluster-EcsCluster-1AAGQRFIOE9AE,Service_beiakkdem1vi3j5fejm0,1000,2,0.0538235288,0
1537374000,Prod-EcsStagingCluster-EcsCluster-1AAGQRFIOE9AE,Service_beiakkdem1vi3j5fejm0,1000,2,0.0640344702,0
1537384620,Prod-EcsStagingCluster-EcsCluster-1AAGQRFIOE9AE,Service_beiakkdem1vi3j5fejm0,1000,2,0.0890174482,0
1537365480,Prod-EcsStagingCluster-EcsCluster-1AAGQRFIOE9AE,Service_beiakkdem1vi3j5fejm0,1000,2,0.0566564707,0
1537397340,Prod-EcsStagingCluster-EcsCluster-1AAGQRFIOE9AE,Service_beiakkdem1vi3j5fejm0,1000,2,0.0544273758,0
1537352760,Prod-EcsStagingCluster-EcsCluster-1AAGQRFIOE9AE,Service_beiakkdem1vi3j5fejm0,1000,2,0.0712816722,3
1537371780,Prod-EcsStagingCluster-EcsCluster-1AAGQRFIOE9AE,Service_beiakkdem1vi3j5fejm0,1000,2,0.0742527533,0
1537363260,Prod-EcsStagingCluster-EcsCluster-1AAGQRFIOE9AE,Service_beiakkdem1vi3j5fejm0,1000,2,0.0766473359,0
1537350540,Prod-EcsStagingCluster-EcsCluster-1AAGQRFIOE9AE,Service_beiakkdem1vi3j5fejm0,1000,2,0.2384177128,0
1537403520,Prod-EcsStagingCluster-EcsCluster-1AAGQRFIOE9AE,Service_beiakkdem1vi3j5fejm0,1000,2,0.2768471756,0
1537369560,Prod-EcsStagingCluster-EcsCluster-1AAGQRFIOE9AE,Service_beiakkdem1vi3j5fejm0,1000,2,0.0590447304,0
1537390800,Prod-EcsStagingCluster-EcsCluster-1AAGQRFIOE9AE,Service_beiakkdem1vi3j5fejm0,1000,2,0.0544768092,0
1537413000,Prod-EcsStagingCluster-EcsCluster-1AAGQRFIOE9AE,Service_beiakkdem1vi3j5fejm0,1000,2,0.1907353889,0
1537390740,Prod-EcsStagingCluster-EcsCluster-1AAGQRFIOE9AE,Service_beiakkdem1vi3j5fejm0,1000,2,0.0544144554,12
1537367340,Prod-EcsStagingCluster-EcsCluster-1AAGQRFIOE9AE,Service_beiakkdem1vi3j5fejm0,1000,2,0.0677736167,0
1537370520,Prod-EcsStagingCluster-EcsCluster-1AAGQRFIOE9AE,Service_beiakkdem1vi3j5fejm0,1000,2,0.0607337093,0
1537419360,Prod-EcsStagingCluster-EcsCluster-1AAGQRFIOE9AE,Service_beiakkdem1vi3j5fejm0,1000,2,0.1769879246,2
1537351440,Prod-EcsStagingCluster-EcsCluster-1AAGQRFIOE9AE,Service_beiakkdem1vi3j5fejm0,1000,2,0.1319630474,0
1537395960,Prod-EcsStagingCluster-EcsCluster-1AAGQRFIOE9AE,Service_beiakkdem1vi3j5fejm0,1000,2,0.0567459068,2
1537376880,Prod-EcsStagingCluster-EcsCluster-1AAGQRFIOE9AE,Service_beiakkdem1vi3j5fejm0,1000,2,0.0751260922,0
1537427760,Prod-EcsStagingCluster-EcsCluster-1AAGQRFIOE9AE,Service_beiakkdem1vi3j5fejm0,1000,2,0.1542699868,0
1537402320,Prod-EcsStagingCluster-EcsCluster-1AAGQRFIOE9AE,Service_beiakkdem1vi3j5fejm0,1000,2,0.0593953850,0
1537418220,Prod-EcsStagingCluster-EcsCluster-1AAGQRFIOE9AE,Service_beiakkdem1vi3j5fejm0,1000,2,0.0999979433,0
1537421400,Prod-EcsStagingCluster-EcsCluster-1AAGQRFIOE9AE,Service_beiakkdem1vi3j5fejm0,1000,2,0.0707947735,0
1537348020,Prod-EcsStagingCluster-EcsCluster-1AAGQRFIOE9AE,Service_beiakkdem1vi3j5fejm0,1000,2,0.0579495817,0
1537392540,Prod-EcsStagingCluster-EcsCluster-1AAGQRFIOE9AE,Service_beiakkdem1vi3j5fejm0,1000,2,0.0657513706,0
1537370280,Prod-EcsStagingCluster-EcsCluster-1AAGQRFIOE9AE,Service_beiakkdem1vi3j5fejm0,1000,2,0.0428574045,0
1537376640,Prod-EcsStagingCluster-EcsCluster-1AAGQRFIOE9AE,Service_beiakkdem1vi3j5fejm0,1000,2,0.0665278950,0
1537421160,Prod-EcsStagingCluster-EcsCluster-1AAGQRFIOE9AE,Service_beiakkdem1vi3j5fejm0,1000,2,0.0723317065,0
1537398900,Prod-EcsStagingCluster-EcsCluster-1AAGQRFIOE9AE,Service_beiakkdem1vi3j5fejm0,1000,2,0.0584512526,0
1537375500,Prod-EcsStagingCluster-EcsCluster-1AAGQRFIOE9AE,Service_beiakkdem1vi3j5fejm0,1000,2,0.0745060409,2
1537381860,Prod-EcsStagingCluster-EcsCluster-1AAGQRFIOE9AE,Service_beiakkdem1vi3j5fejm0,1000,2,0.0589946140,0
1537427520,Prod-EcsStagingCluster-EcsCluster-1AAGQRFIOE9AE,Service_beiakkdem1vi3j5fejm0,1000,2,0.0698552502,2
1537356420,Prod-EcsStagingCluster-EcsCluster-1AAGQRFIOE9AE,Service_beiakkdem1vi3j5fejm0,1000,2,0.0742288342,0
1537407300,Prod-EcsStagingCluster-EcsCluster-1AAGQRFIOE9AE,Service_beiakkdem1vi3j5fejm0,1000,2,0.1573172161,0
1537426380,Prod-EcsStagingCluster-EcsCluster-1AAGQRFIOE9AE,Service_beiakkdem1vi3j5fejm0,1000,2,0.1493120413,0
1537430520,Prod-EcsStagingCluster-EcsCluster-1AAGQRFIOE9AE,Service_beiakkdem1vi3j5fejm0,1000,2,0.0671751324,2
1537349820,Prod-EcsStagingCluster-EcsCluster-1AAGQRFIOE9AE,Service_beiakkdem1vi3j5fejm0,1000,2,0.0715735385,0
1537356180,Prod-EcsStagingCluster-EcsCluster-1AAGQRFIOE9AE,Service_beiakkdem1vi3j5fejm0,1000,2,0.0632760238,0
1537400700,Prod-EcsStagingCluster-EcsCluster-1AAGQRFIOE9AE,Service_beiakkdem1vi3j5fejm0,1000,2,0.0665193754,0
1537407060,Prod-EcsStagingCluster-EcsCluster-1AAGQRFIOE9AE,Service_beiakkdem1vi3j5fejm0,1000,2,0.2040013185,0
1537360320,Prod-EcsStagingCluster-EcsCluster-1AAGQRFIOE9AE,Service_beiakkdem1vi3j5fejm0,1000,2,0.0669057745,0
1537383660,Prod-EcsStagingCluster-EcsCluster-1AAGQRFIOE9AE,Service_beiakkdem1vi3j5fejm0,1000,2,0.0850939488,0
1537353960,Prod-EcsStagingCluster-EcsCluster-1AAGQRFIOE9AE,Service_beiakkdem1vi3j5fejm0,1000,2,0.0574446686,1
1537404840,Prod-EcsStagingCluster-EcsCluster-1AAGQRFIOE9AE,Service_beiakkdem1vi3j5fejm0,1000,2,0.1381436951,1
1537411200,Prod-EcsStagingCluster-EcsCluster-1AAGQRFIOE9AE,Service_beiakkdem1vi3j5fejm0,1000,2,0.3485486102,0
1537357980,Prod-EcsStagingCluster-EcsCluster-1AAGQRFIOE9AE,Service_beiakkdem1vi3j5fejm0,1000,2,0.0655897968,0
1537364340,Prod-EcsStagingCluster-EcsCluster-1AAGQRFIOE9AE,Service_beiakkdem1vi3j5fejm0,1000,2,0.0766888698,0
1537408860,Prod-EcsStagingCluster-EcsCluster-1AAGQRFIOE9AE,Service_beiakkdem1vi3j5fejm0,1000,2,0.0691370651,0
1537415220,Prod-EcsStagingCluster-EcsCluster-1AAGQRFIOE9AE,Service_beiakkdem1vi3j5fejm0,1000,2,0.0624520738,0
1537372740,Prod-EcsStagingCluster-EcsCluster-1AAGQRFIOE9AE,Service_beiakkdem1vi3j5fejm0,1000,2,0.0845001261,0
1537347300,Prod-EcsStagingCluster-EcsCluster-1AAGQRFIOE9AE,Service_beiakkdem1vi3j5fejm0,1000,2,0.0632152532,0
1537391820,Prod-EcsStagingCluster-EcsCluster-1AAGQRFIOE9AE,Service_beiakkdem1vi3j5fejm0,1000,2,0.0646361266,1
1537398180,Prod-EcsStagingCluster-EcsCluster-1AAGQRFIOE9AE,Service_beiakkdem1vi3j5fejm0,1000,2,0.0447466776,0
1537362120,Prod-EcsStagingCluster-EcsCluster-1AAGQRFIOE9AE,Service_beiakkdem1vi3j5fejm0,1000,2,0.0561669108,0
1537368480,Prod-EcsStagingCluster-EcsCluster-1AAGQRFIOE9AE,Service_beiakkdem1vi3j5fejm0,1000,2,0.0556240897,0
1537366260,Prod-EcsStagingCluster-EcsCluster-1AAGQRFIOE9AE,Service_beiakkdem1vi3j5fejm0,1000,2,0.0762040835,0
1537417140,Prod-EcsStagingCluster-EcsCluster-1AAGQRFIOE9AE,Service_beiakkdem1vi3j5fejm0,1000,2,0.0973022777,0
1537388520,Prod-EcsStagingCluster-EcsCluster-1AAGQRFIOE9AE,Service_beiakkdem1vi3j5fejm0,1000,2,0.0483553280,1
1537374660,Prod-EcsStagingCluster-EcsCluster-1AAGQRFIOE9AE,Service_beiakkdem1vi3j5fejm0,1000,2,0.0721859340,0
1537349220,Prod-EcsStagingCluster-EcsCluster-1AAGQRFIOE9AE,Service_beiakkdem1vi3j5fejm0,1000,2,0.0542889860,2
1537400100,Prod-EcsStagingCluster-EcsCluster-1AAGQRFIOE9AE,Service_beiakkdem1vi3j5fejm0,1000,2,0.0634527450,0
1537366140,Prod-EcsStagingCluster-EcsCluster-1AAGQRFIOE9AE,Service_beiakkdem1vi3j5fejm0,1000,2,0.0811420661,0
1537350240,Prod-EcsStagingCluster-EcsCluster-1AAGQRFIOE9AE,Service_beiakkdem1vi3j5fejm0,1000,2,0.1343900030,0
1537425540,Prod-EcsStagingCluster-EcsCluster-1AAGQRFIOE9AE,Service_beiakkdem1vi3j5fejm0,1000,2,0.1325909176,0
1537417020,Prod-EcsStagingCluster-EcsCluster-1AAGQRFIOE9AE,Service_beiakkdem1vi3j5fejm0,1000,2,0.0967194970,0
1537349100,Prod-EcsStagingCluster-EcsCluster-1AAGQRFIOE9AE,Service_beiakkdem1vi3j5fejm0,1000,2,0.0641346792,0
1537401120,Prod-EcsStagingCluster-EcsCluster-1AAGQRFIOE9AE,Service_beiakkdem1vi3j5fejm0,1000,2,0.0819979545,0
1537358640,Prod-EcsStagingCluster-EcsCluster-1AAGQRFIOE9AE,Service_beiakkdem1vi3j5fejm0,1000,2,0.0574148833,0
1537409520,Prod-EcsStagingCluster-EcsCluster-1AAGQRFIOE9AE,Service_beiakkdem1vi3j5fejm0,1000,2,0.1226046230,0
1537399980,Prod-EcsStagingCluster-EcsCluster-1AAGQRFIOE9AE,Service_beiakkdem1vi3j5fejm0,1000,2,0.0572474139,0
1537384080,Prod-EcsStagingCluster-EcsCluster-1AAGQRFIOE9AE,Service_beiakkdem1vi3j5fejm0,1000,2,0.0741249529,0
1537345800,Prod-EcsStagingCluster-EcsCluster-1AAGQRFIOE9AE,Service_beiakkdem1vi3j5fejm0,1000,2,0.1356134028,0
1537396680,Prod-EcsStagingCluster-EcsCluster-1AAGQRFIOE9AE,Service_beiakkdem1vi3j5fejm0,1000,2,0.0613553359,0
1537374420,Prod-EcsStagingCluster-EcsCluster-1AAGQRFIOE9AE,Service_beiakkdem1vi3j5fejm0,1000,2,0.0734244582,0
1537354200,Prod-EcsStagingCluster-EcsCluster-1AAGQRFIOE9AE,Service_beiakkdem1vi3j5fejm0,1000,2,0.0554114169,0
1537379640,Prod-EcsStagingCluster-EcsCluster-1AAGQRFIOE9AE,Service_beiakkdem1vi3j5fejm0,1000,2,0.0574487591,1
1537425300,Prod-EcsStagingCluster-EcsCluster-1AAGQRFIOE9AE,Service_beiakkdem1vi3j5fejm0,1000,2,0.0503265055,0
1537405080,Prod-EcsStagingCluster-EcsCluster-1AAGQRFIOE9AE,Service_beiakkdem1vi3j5fejm0,1000,2,0.0552988366,0
1537374300,Prod-EcsStagingCluster-EcsCluster-1AAGQRFIOE9AE,Service_beiakkdem1vi3j5fejm0,1000,2,0.0727883311,0
1537358400,Prod-EcsStagingCluster-EcsCluster-1AAGQRFIOE9AE,Service_beiakkdem1vi3j5fejm0,1000,2,0.0669764377,0
1537423080,Prod-EcsStagingCluster-EcsCluster-1AAGQRFIOE9AE,Service_beiakkdem1vi3j5fejm0,1000,2,0.0655265823,0
1537357260,Prod-EcsStagingCluster-EcsCluster-1AAGQRFIOE9AE,Service_beiakkdem1vi3j5fejm0,1000,2,0.0773105874,0
1537425180,Prod-EcsStagingCluster-EcsCluster-1AAGQRFIOE9AE,Service_beiakkdem1vi3j5fejm0,1000,2,0.1470706108,0
1537408140,Prod-EcsStagingCluster-EcsCluster-1AAGQRFIOE9AE,Service_beiakkdem1vi3j5fejm0,1000,2,0.0703327060,0
1537384800,Prod-EcsStagingCluster-EcsCluster-1AAGQRFIOE9AE,Service_beiakkdem1vi3j5fejm0,1000,2,0.0678959762,0
1537393200,Prod-EcsStagingCluster-EcsCluster-1AAGQRFIOE9AE,Service_beiakkdem1vi3j5fejm0,1000,2,0.0645707480,0
1537367760,Prod-EcsStagingCluster-EcsCluster-1AAGQRFIOE9AE,Service_beiakkdem1vi3j5fejm0,1000,2,0.0634194486,0
1537418640,Prod-EcsStagingCluster-EcsCluster-1AAGQRFIOE9AE,Service_beiakkdem1vi3j5fejm0,1000,2,0.1777784868,0
1537382580,Prod-EcsStagingCluster-EcsCluster-1AAGQRFIOE9AE,Service_beiakkdem1vi3j5fejm0,1000,2,0.0715251539,0
1537390980,Prod-EcsStagingCluster-EcsCluster-1AAGQRFIOE9AE,Service_beiakkdem1vi3j5fejm0,1000,2,0.0499739780,0
1537365540,Prod-EcsStagingCluster-EcsCluster-1AAGQRFIOE9AE,Service_beiakkdem1vi3j5fejm0,1000,2,0.0548714211,0
1537416420,Prod-EcsStagingCluster-EcsCluster-1AAGQRFIOE9AE,Service_beiakkdem1vi3j5fejm0,1000,2,0.2716918687,0
1537382460,Prod-EcsStagingCluster-EcsCluster-1AAGQRFIOE9AE,Service_beiakkdem1vi3j5fejm0,1000,2,0.0661319850,0
1537380360,Prod-EcsStagingCluster-EcsCluster-1AAGQRFIOE9AE,Service_beiakkdem1vi3j5fejm0,1000,2,0.0556198848,2
1537431240,Prod-EcsStagingCluster-EcsCluster-1AAGQRFIOE9AE,Service_beiakkdem1vi3j5fejm0,1000,2,0.0571787841,0
1537388760,Prod-EcsStagingCluster-EcsCluster-1AAGQRFIOE9AE,Service_beiakkdem1vi3j5fejm0,1000,2,0.0603143309,0
1537365420,Prod-EcsStagingCluster-EcsCluster-1AAGQRFIOE9AE,Service_beiakkdem1vi3j5fejm0,1000,2,0.0549787645,0
1537363320,Prod-EcsStagingCluster-EcsCluster-1AAGQRFIOE9AE,Service_beiakkdem1vi3j5fejm0,1000,2,0.0764961390,0
1537414200,Prod-EcsStagingCluster-EcsCluster-1AAGQRFIOE9AE,Service_beiakkdem1vi3j5fejm0,1000,2,0.0590814460,0
1537392960,Prod-EcsStagingCluster-EcsCluster-1AAGQRFIOE9AE,Service_beiakkdem1vi3j5fejm0,1000,2,0.0714267004,0
1537416300,Prod-EcsStagingCluster-EcsCluster-1AAGQRFIOE9AE,Service_beiakkdem1vi3j5fejm0,1000,2,0.0587777046,1
1537346100,Prod-EcsStagingCluster-EcsCluster-1AAGQRFIOE9AE,Service_beiakkdem1vi3j5fejm0,1000,2,0.1530003307,1
1537396980,Prod-EcsStagingCluster-EcsCluster-1AAGQRFIOE9AE,Service_beiakkdem1vi3j5fejm0,1000,2,0.0580288156,6
1537368360,Prod-EcsStagingCluster-EcsCluster-1AAGQRFIOE9AE,Service_beiakkdem1vi3j5fejm0,1000,2,0.0570272170,0
1537374720,Prod-EcsStagingCluster-EcsCluster-1AAGQRFIOE9AE,Service_beiakkdem1vi3j5fejm0,1000,2,0.0778683765,0
1537425600,Prod-EcsStagingCluster-EcsCluster-1AAGQRFIOE9AE,Service_beiakkdem1vi3j5fejm0,1000,2,0.5020298486,0
1537419240,Prod-EcsStagingCluster-EcsCluster-1AAGQRFIOE9AE,Service_beiakkdem1vi3j5fejm0,1000,2,0.0930459725,1
1537373580,Prod-EcsStagingCluster-EcsCluster-1AAGQRFIOE9AE,Service_beiakkdem1vi3j5fejm0,1000,2,0.0735152704,0
1537386300,Prod-EcsStagingCluster-EcsCluster-1AAGQRFIOE9AE,Service_beiakkdem1vi3j5fejm0,1000,2,0.0667708821,0
1537372440,Prod-EcsStagingCluster-EcsCluster-1AAGQRFIOE9AE,Service_beiakkdem1vi3j5fejm0,1000,2,0.0747695430,0
1537424460,Prod-EcsStagingCluster-EcsCluster-1AAGQRFIOE9AE,Service_beiakkdem1vi3j5fejm0,1000,2,0.4397537543,0
1537347000,Prod-EcsStagingCluster-EcsCluster-1AAGQRFIOE9AE,Service_beiakkdem1vi3j5fejm0,1000,2,0.0614155571,0
1537353360,Prod-EcsStagingCluster-EcsCluster-1AAGQRFIOE9AE,Service_beiakkdem1vi3j5fejm0,1000,2,0.0580910986,2
1537397880,Prod-EcsStagingCluster-EcsCluster-1AAGQRFIOE9AE,Service_beiakkdem1vi3j5fejm0,1000,2,0.0543340425,2
1537378800,Prod-EcsStagingCluster-EcsCluster-1AAGQRFIOE9AE,Service_beiakkdem1vi3j5fejm0,1000,2,0.0557495812,0
1537423320,Prod-EcsStagingCluster-EcsCluster-1AAGQRFIOE9AE,Service_beiakkdem1vi3j5fejm0,1000,2,0.2788835770,0
1537429680,Prod-EcsStagingCluster-EcsCluster-1AAGQRFIOE9AE,Service_beiakkdem1vi3j5fejm0,1000,2,0.0635556835,0
1537404240,Prod-EcsStagingCluster-EcsCluster-1AAGQRFIOE9AE,Service_beiakkdem1vi3j5fejm0,1000,2,0.1305889904,0
1537376520,Prod-EcsStagingCluster-EcsCluster-1AAGQRFIOE9AE,Service_beiakkdem1vi3j5fejm0,1000,2,0.0649216696,1
1537354260,Prod-EcsStagingCluster-EcsCluster-1AAGQRFIOE9AE,Service_beiakkdem1vi3j5fejm0,1000,2,0.0597410618,0
1537405140,Prod-EcsStagingCluster-EcsCluster-1AAGQRFIOE9AE,Service_beiakkdem1vi3j5fejm0,1000,2,0.3713599200,0
1537382880,Prod-EcsStagingCluster-EcsCluster-1AAGQRFIOE9AE,Service_beiakkdem1vi3j5fejm0,1000,2,0.0693488555,0
1537427400,Prod-EcsStagingCluster-EcsCluster-1AAGQRFIOE9AE,Service_beiakkdem1vi3j5fejm0,1000,2,0.2629505873,0
1537394460,Prod-EcsStagingCluster-EcsCluster-1AAGQRFIOE9AE,Service_beiakkdem1vi3j5fejm0,1000,2,0.0683512233,0
1537381740,Prod-EcsStagingCluster-EcsCluster-1AAGQRFIOE9AE,Service_beiakkdem1vi3j5fejm0,1000,2,0.0604838979,0
1537402920,Prod-EcsStagingCluster-EcsCluster-1AAGQRFIOE9AE,Service_beiakkdem1vi3j5fejm0,1000,2,0.1441752997,0
1537409280,Prod-EcsStagingCluster-EcsCluster-1AAGQRFIOE9AE,Service_beiakkdem1vi3j5fejm0,1000,2,0.0640829472,1
1537358340,Prod-EcsStagingCluster-EcsCluster-1AAGQRFIOE9AE,Service_beiakkdem1vi3j5fejm0,1000,2,0.0663416066,0
1537409220,Prod-EcsStagingCluster-EcsCluster-1AAGQRFIOE9AE,Service_beiakkdem1vi3j5fejm0,1000,2,0.0610583270,1
1537383780,Prod-EcsStagingCluster-EcsCluster-1AAGQRFIOE9AE,Service_beiakkdem1vi3j5fejm0,1000,2,0.0793386350,0
1537356120,Prod-EcsStagingCluster-EcsCluster-1AAGQRFIOE9AE,Service_beiakkdem1vi3j5fejm0,1000,2,0.0630983035,0
1537362480,Prod-EcsStagingCluster-EcsCluster-1AAGQRFIOE9AE,Service_beiakkdem1vi3j5fejm0,1000,2,0.0651997912,0
1537407000,Prod-EcsStagingCluster-EcsCluster-1AAGQRFIOE9AE,Service_beiakkdem1vi3j5fejm0,1000,2,0.0663440319,0
1537413360,Prod-EcsStagingCluster-EcsCluster-1AAGQRFIOE9AE,Service_beiakkdem1vi3j5fejm0,1000,2,0.0665597261,0
1537381560,Prod-EcsStagingCluster-EcsCluster-1AAGQRFIOE9AE,Service_beiakkdem1vi3j5fejm0,1000,2,0.0587953372,0
1537387920,Prod-EcsStagingCluster-EcsCluster-1AAGQRFIOE9AE,Service_beiakkdem1vi3j5fejm0,1000,2,0.0618168327,0
1537362420,Prod-EcsStagingCluster-EcsCluster-1AAGQRFIOE9AE,Service_beiakkdem1vi3j5fejm0,1000,2,0.0629110581,0
1537413300,Prod-EcsStagingCluster-EcsCluster-1AAGQRFIOE9AE,Service_beiakkdem1vi3j5fejm0,1000,2,0.0666602544,0
1537351740,Prod-EcsStagingCluster-EcsCluster-1AAGQRFIOE9AE,Service_beiakkdem1vi3j5fejm0,1000,2,0.0752811042,0
1537402620,Prod-EcsStagingCluster-EcsCluster-1AAGQRFIOE9AE,Service_beiakkdem1vi3j5fejm0,1000,2,0.0705201126,0
1537389900,Prod-EcsStagingCluster-EcsCluster-1AAGQRFIOE9AE,Service_beiakkdem1vi3j5fejm0,1000,2,0.0556573734,1
1537360200,Prod-EcsStagingCluster-EcsCluster-1AAGQRFIOE9AE,Service_beiakkdem1vi3j5fejm0,1000,2,0.0584468951,0
1537366560,Prod-EcsStagingCluster-EcsCluster-1AAGQRFIOE9AE,Service_beiakkdem1vi3j5fejm0,1000,2,0.0756126045,0
1537417440,Prod-EcsStagingCluster-EcsCluster-1AAGQRFIOE9AE,Service_beiakkdem1vi3j5fejm0,1000,2,0.0761696369,0
1537411080,Prod-EcsStagingCluster-EcsCluster-1AAGQRFIOE9AE,Service_beiakkdem1vi3j5fejm0,1000,2,0.0627336583,0
1537399200,Prod-EcsStagingCluster-EcsCluster-1AAGQRFIOE9AE,Service_beiakkdem1vi3j5fejm0,1000,2,0.0570185112,0
1537390680,Prod-EcsStagingCluster-EcsCluster-1AAGQRFIOE9AE,Service_beiakkdem1vi3j5fejm0,1000,2,0.0560555166,1
1537347180,Prod-EcsStagingCluster-EcsCluster-1AAGQRFIOE9AE,Service_beiakkdem1vi3j5fejm0,1000,2,0.0622925295,2
1537365240,Prod-EcsStagingCluster-EcsCluster-1AAGQRFIOE9AE,Service_beiakkdem1vi3j5fejm0,1000,2,0.0662549344,2
1537416120,Prod-EcsStagingCluster-EcsCluster-1AAGQRFIOE9AE,Service_beiakkdem1vi3j5fejm0,1000,2,0.3511045218,0
1537359900,Prod-EcsStagingCluster-EcsCluster-1AAGQRFIOE9AE,Service_beiakkdem1vi3j5fejm0,1000,2,0.0641594305,0
1537410780,Prod-EcsStagingCluster-EcsCluster-1AAGQRFIOE9AE,Service_beiakkdem1vi3j5fejm0,1000,2,0.2483795522,0
1537398060,Prod-EcsStagingCluster-EcsCluster-1AAGQRFIOE9AE,Service_beiakkdem1vi3j5fejm0,1000,2,0.0526043622,0
1537394760,Prod-EcsStagingCluster-EcsCluster-1AAGQRFIOE9AE,Service_beiakkdem1vi3j5fejm0,1000,2,0.0633906690,0
1537372500,Prod-EcsStagingCluster-EcsCluster-1AAGQRFIOE9AE,Service_beiakkdem1vi3j5fejm0,1000,2,0.0528735503,0
1537423380,Prod-EcsStagingCluster-EcsCluster-1AAGQRFIOE9AE,Service_beiakkdem1vi3j5fejm0,1000,2,0.2112136572,0
1537356480,Prod-EcsStagingCluster-EcsCluster-1AAGQRFIOE9AE,Service_beiakkdem1vi3j5fejm0,1000,2,0.0734661169,1
1537351140,Prod-EcsStagingCluster-EcsCluster-1AAGQRFIOE9AE,Service_beiakkdem1vi3j5fejm0,1000,2,0.3908843720,0
1537355340,Prod-EcsStagingCluster-EcsCluster-1AAGQRFIOE9AE,Service_beiakkdem1vi3j5fejm0,1000,2,0.0559844163,0
1537407360,Prod-EcsStagingCluster-EcsCluster-1AAGQRFIOE9AE,Service_beiakkdem1vi3j5fejm0,1000,2,0.0706204417,0
1537376580,Prod-EcsStagingCluster-EcsCluster-1AAGQRFIOE9AE,Service_beiakkdem1vi3j5fejm0,1000,2,0.0665999002,0
1537427460,Prod-EcsStagingCluster-EcsCluster-1AAGQRFIOE9AE,Service_beiakkdem1vi3j5fejm0,1000,2,0.2079083590,0
1537402020,Prod-EcsStagingCluster-EcsCluster-1AAGQRFIOE9AE,Service_beiakkdem1vi3j5fejm0,1000,2,0.3673695268,0
1537368060,Prod-EcsStagingCluster-EcsCluster-1AAGQRFIOE9AE,Service_beiakkdem1vi3j5fejm0,1000,2,0.0641420619,0
1537418940,Prod-EcsStagingCluster-EcsCluster-1AAGQRFIOE9AE,Service_beiakkdem1vi3j5fejm0,1000,2,0.1047392011,0
1537406220,Prod-EcsStagingCluster-EcsCluster-1AAGQRFIOE9AE,Service_beiakkdem1vi3j5fejm0,1000,2,0.6285411348,1
1537360560,Prod-EcsStagingCluster-EcsCluster-1AAGQRFIOE9AE,Service_beiakkdem1vi3j5fejm0,1000,2,0.0638786726,0
1537411440,Prod-EcsStagingCluster-EcsCluster-1AAGQRFIOE9AE,Service_beiakkdem1vi3j5fejm0,1000,2,0.0698902521,2
1537352040,Prod-EcsStagingCluster-EcsCluster-1AAGQRFIOE9AE,Service_beiakkdem1vi3j5fejm0,1000,2,0.0768223520,0
1537386000,Prod-EcsStagingCluster-EcsCluster-1AAGQRFIOE9AE,Service_beiakkdem1vi3j5fejm0,1000,2,0.0692069186,0
1537380660,Prod-EcsStagingCluster-EcsCluster-1AAGQRFIOE9AE,Service_beiakkdem1vi3j5fejm0,1000,2,0.0570234577,0
1537431540,Prod-EcsStagingCluster-EcsCluster-1AAGQRFIOE9AE,Service_beiakkdem1vi3j5fejm0,1000,2,0.0559073917,0
1537378440,Prod-EcsStagingCluster-EcsCluster-1AAGQRFIOE9AE,Service_beiakkdem1vi3j5fejm0,1000,2,0.0571605678,0
1537429320,Prod-EcsStagingCluster-EcsCluster-1AAGQRFIOE9AE,Service_beiakkdem1vi3j5fejm0,1000,2,0.1380029956,0
1537376220,Prod-EcsStagingCluster-EcsCluster-1AAGQRFIOE9AE,Service_beiakkdem1vi3j5fejm0,1000,2,0.0655181648,0
1537363500,Prod-EcsStagingCluster-EcsCluster-1AAGQRFIOE9AE,Service_beiakkdem1vi3j5fejm0,1000,2,0.0753028231,2
1537427100,Prod-EcsStagingCluster-EcsCluster-1AAGQRFIOE9AE,Service_beiakkdem1vi3j5fejm0,1000,2,0.2043515144,0
1537391040,Prod-EcsStagingCluster-EcsCluster-1AAGQRFIOE9AE,Service_beiakkdem1vi3j5fejm0,1000,2,0.0519396407,0
1537414380,Prod-EcsStagingCluster-EcsCluster-1AAGQRFIOE9AE,Service_beiakkdem1vi3j5fejm0,1000,2,0.0608409660,0
1537388820,Prod-EcsStagingCluster-EcsCluster-1AAGQRFIOE9AE,Service_beiakkdem1vi3j5fejm0,1000,2,0.0635402718,0
1537369680,Prod-EcsStagingCluster-EcsCluster-1AAGQRFIOE9AE,Service_beiakkdem1vi3j5fejm0,1000,2,0.0679196381,0
1537420560,Prod-EcsStagingCluster-EcsCluster-1AAGQRFIOE9AE,Service_beiakkdem1vi3j5fejm0,1000,2,0.0935904319,0
1537395120,Prod-EcsStagingCluster-EcsCluster-1AAGQRFIOE9AE,Service_beiakkdem1vi3j5fejm0,1000,2,0.0481191279,0
1537386600,Prod-EcsStagingCluster-EcsCluster-1AAGQRFIOE9AE,Service_beiakkdem1vi3j5fejm0,1000,2,0.0712768774,1
1537392900,Prod-EcsStagingCluster-EcsCluster-1AAGQRFIOE9AE,Service_beiakkdem1vi3j5fejm0,1000,2,0.0640192970,0
1537367460,Prod-EcsStagingCluster-EcsCluster-1AAGQRFIOE9AE,Service_beiakkdem1vi3j5fejm0,1000,2,0.0668525261,0
1537418340,Prod-EcsStagingCluster-EcsCluster-1AAGQRFIOE9AE,Service_beiakkdem1vi3j5fejm0,1000,2,0.2332226508,0
1537371660,Prod-EcsStagingCluster-EcsCluster-1AAGQRFIOE9AE,Service_beiakkdem1vi3j5fejm0,1000,2,0.0746445444,1
1537384380,Prod-EcsStagingCluster-EcsCluster-1AAGQRFIOE9AE,Service_beiakkdem1vi3j5fejm0,1000,2,0.0683176654,3
1537348320,Prod-EcsStagingCluster-EcsCluster-1AAGQRFIOE9AE,Service_beiakkdem1vi3j5fejm0,1000,2,0.0563284541,0
1537357800,Prod-EcsStagingCluster-EcsCluster-1AAGQRFIOE9AE,Service_beiakkdem1vi3j5fejm0,1000,2,0.0637401375,0
1537364160,Prod-EcsStagingCluster-EcsCluster-1AAGQRFIOE9AE,Service_beiakkdem1vi3j5fejm0,1000,2,0.0835464647,0
1537428900,Prod-EcsStagingCluster-EcsCluster-1AAGQRFIOE9AE,Service_beiakkdem1vi3j5fejm0,1000,2,0.0662319526,0
1537415040,Prod-EcsStagingCluster-EcsCluster-1AAGQRFIOE9AE,Service_beiakkdem1vi3j5fejm0,1000,2,0.1373484633,1
1537408680,Prod-EcsStagingCluster-EcsCluster-1AAGQRFIOE9AE,Service_beiakkdem1vi3j5fejm0,1000,2,0.0630710327,0
1537363020,Prod-EcsStagingCluster-EcsCluster-1AAGQRFIOE9AE,Service_beiakkdem1vi3j5fejm0,1000,2,0.0753028162,0
1537413900,Prod-EcsStagingCluster-EcsCluster-1AAGQRFIOE9AE,Service_beiakkdem1vi3j5fejm0,1000,2,0.3378955325,0
1537394820,Prod-EcsStagingCluster-EcsCluster-1AAGQRFIOE9AE,Service_beiakkdem1vi3j5fejm0,1000,2,0.0552393949,5
1537374600,Prod-EcsStagingCluster-EcsCluster-1AAGQRFIOE9AE,Service_beiakkdem1vi3j5fejm0,1000,2,0.0745349372,0
1537380960,Prod-EcsStagingCluster-EcsCluster-1AAGQRFIOE9AE,Service_beiakkdem1vi3j5fejm0,1000,2,0.0639115195,0
1537357560,Prod-EcsStagingCluster-EcsCluster-1AAGQRFIOE9AE,Service_beiakkdem1vi3j5fejm0,1000,2,0.0728556203,0
1537363920,Prod-EcsStagingCluster-EcsCluster-1AAGQRFIOE9AE,Service_beiakkdem1vi3j5fejm0,1000,2,0.0854151350,1
1537425480,Prod-EcsStagingCluster-EcsCluster-1AAGQRFIOE9AE,Service_beiakkdem1vi3j5fejm0,1000,2,0.0603128094,0
1537379820,Prod-EcsStagingCluster-EcsCluster-1AAGQRFIOE9AE,Service_beiakkdem1vi3j5fejm0,1000,2,0.0572756820,0
1537414800,Prod-EcsStagingCluster-EcsCluster-1AAGQRFIOE9AE,Service_beiakkdem1vi3j5fejm0,1000,2,0.0590734033,0
1537408440,Prod-EcsStagingCluster-EcsCluster-1AAGQRFIOE9AE,Service_beiakkdem1vi3j5fejm0,1000,2,0.3491887907,0
1537430700,Prod-EcsStagingCluster-EcsCluster-1AAGQRFIOE9AE,Service_beiakkdem1vi3j5fejm0,1000,2,0.2433256023,0
1537394580,Prod-EcsStagingCluster-EcsCluster-1AAGQRFIOE9AE,Service_beiakkdem1vi3j5fejm0,1000,2,0.0658293765,1
1537388220,Prod-EcsStagingCluster-EcsCluster-1AAGQRFIOE9AE,Service_beiakkdem1vi3j5fejm0,1000,2,0.0615247926,1
1537374360,Prod-EcsStagingCluster-EcsCluster-1AAGQRFIOE9AE,Service_beiakkdem1vi3j5fejm0,1000,2,0.0795246237,1
1537380720,Prod-EcsStagingCluster-EcsCluster-1AAGQRFIOE9AE,Service_beiakkdem1vi3j5fejm0,1000,2,0.0652446490,0
1537425240,Prod-EcsStagingCluster-EcsCluster-1AAGQRFIOE9AE,Service_beiakkdem1vi3j5fejm0,1000,2,0.4245359031,3
1537431600,Prod-EcsStagingCluster-EcsCluster-1AAGQRFIOE9AE,Service_beiakkdem1vi3j5fejm0,1000,2,0.0571711567,0
1537354140,Prod-EcsStagingCluster-EcsCluster-1AAGQRFIOE9AE,Service_beiakkdem1vi3j5fejm0,1000,2,0.0601035075,3
1537360500,Prod-EcsStagingCluster-EcsCluster-1AAGQRFIOE9AE,Service_beiakkdem1vi3j5fejm0,1000,2,0.0672268448,0
1537411380,Prod-EcsStagingCluster-EcsCluster-1AAGQRFIOE9AE,Service_beiakkdem1vi3j5fejm0,1000,2,0.0649972450,0
1537405020,Prod-EcsStagingCluster-EcsCluster-1AAGQRFIOE9AE,Service_beiakkdem1vi3j5fejm0,1000,2,0.0557166317,0
1537358280,Prod-EcsStagingCluster-EcsCluster-1AAGQRFIOE9AE,Service_beiakkdem1vi3j5fejm0,1000,2,0.0552745564,0
1537394340,Prod-EcsStagingCluster-EcsCluster-1AAGQRFIOE9AE,Service_beiakkdem1vi3j5fejm0,1000,2,0.0410789827,0
1537364640,Prod-EcsStagingCluster-EcsCluster-1AAGQRFIOE9AE,Service_beiakkdem1vi3j5fejm0,1000,2,0.0777824167,0
1537409160,Prod-EcsStagingCluster-EcsCluster-1AAGQRFIOE9AE,Service_beiakkdem1vi3j5fejm0,1000,2,0.0614111173,0
1537415520,Prod-EcsStagingCluster-EcsCluster-1AAGQRFIOE9AE,Service_beiakkdem1vi3j5fejm0,1000,2,0.1446680789,0
1537347600,Prod-EcsStagingCluster-EcsCluster-1AAGQRFIOE9AE,Service_beiakkdem1vi3j5fejm0,1000,2,0.0650323102,0
1537398480,Prod-EcsStagingCluster-EcsCluster-1AAGQRFIOE9AE,Service_beiakkdem1vi3j5fejm0,1000,2,0.0536717253,0
1537392120,Prod-EcsStagingCluster-EcsCluster-1AAGQRFIOE9AE,Service_beiakkdem1vi3j5fejm0,1000,2,0.0653871190,0
1537379340,Prod-EcsStagingCluster-EcsCluster-1AAGQRFIOE9AE,Service_beiakkdem1vi3j5fejm0,1000,2,0.0552604929,1
1537360260,Prod-EcsStagingCluster-EcsCluster-1AAGQRFIOE9AE,Service_beiakkdem1vi3j5fejm0,1000,2,0.0681554456,1
1537411140,Prod-EcsStagingCluster-EcsCluster-1AAGQRFIOE9AE,Service_beiakkdem1vi3j5fejm0,1000,2,0.0632632182,0
1537430220,Prod-EcsStagingCluster-EcsCluster-1AAGQRFIOE9AE,Service_beiakkdem1vi3j5fejm0,1000,2,0.1889423690,0
1537358040,Prod-EcsStagingCluster-EcsCluster-1AAGQRFIOE9AE,Service_beiakkdem1vi3j5fejm0,1000,2,0.0675381909,0
1537364400,Prod-EcsStagingCluster-EcsCluster-1AAGQRFIOE9AE,Service_beiakkdem1vi3j5fejm0,1000,2,0.0758020388,0
1537408920,Prod-EcsStagingCluster-EcsCluster-1AAGQRFIOE9AE,Service_beiakkdem1vi3j5fejm0,1000,2,0.0662905173,0
1537415280,Prod-EcsStagingCluster-EcsCluster-1AAGQRFIOE9AE,Service_beiakkdem1vi3j5fejm0,1000,2,0.2675857035,0
1537396140,Prod-EcsStagingCluster-EcsCluster-1AAGQRFIOE9AE,Service_beiakkdem1vi3j5fejm0,1000,2,0.0570541731,0
1537360020,Prod-EcsStagingCluster-EcsCluster-1AAGQRFIOE9AE,Service_beiakkdem1vi3j5fejm0,1000,2,0.0656406076,0
1537353660,Prod-EcsStagingCluster-EcsCluster-1AAGQRFIOE9AE,Service_beiakkdem1vi3j5fejm0,1000,2,0.0551937085,0
1537392840,Prod-EcsStagingCluster-EcsCluster-1AAGQRFIOE9AE,Service_beiakkdem1vi3j5fejm0,1000,2,0.0666659939,0
1537404540,Prod-EcsStagingCluster-EcsCluster-1AAGQRFIOE9AE,Service_beiakkdem1vi3j5fejm0,1000,2,0.3466857109,0
1537346160,Prod-EcsStagingCluster-EcsCluster-1AAGQRFIOE9AE,Service_beiakkdem1vi3j5fejm0,1000,2,0.1416070528,0
1537375800,Prod-EcsStagingCluster-EcsCluster-1AAGQRFIOE9AE,Service_beiakkdem1vi3j5fejm0,1000,2,0.0744508175,0
1537397040,Prod-EcsStagingCluster-EcsCluster-1AAGQRFIOE9AE,Service_beiakkdem1vi3j5fejm0,1000,2,0.0650693018,0
1537370460,Prod-EcsStagingCluster-EcsCluster-1AAGQRFIOE9AE,Service_beiakkdem1vi3j5fejm0,1000,2,0.0536855688,0
1537361940,Prod-EcsStagingCluster-EcsCluster-1AAGQRFIOE9AE,Service_beiakkdem1vi3j5fejm0,1000,2,0.0561167547,0
1537426680,Prod-EcsStagingCluster-EcsCluster-1AAGQRFIOE9AE,Service_beiakkdem1vi3j5fejm0,1000,2,0.1496266142,0
1537421340,Prod-EcsStagingCluster-EcsCluster-1AAGQRFIOE9AE,Service_beiakkdem1vi3j5fejm0,1000,2,0.0797474742,0
1537412820,Prod-EcsStagingCluster-EcsCluster-1AAGQRFIOE9AE,Service_beiakkdem1vi3j5fejm0,1000,2,0.0864107162,0
1537392600,Prod-EcsStagingCluster-EcsCluster-1AAGQRFIOE9AE,Service_beiakkdem1vi3j5fejm0,1000,2,0.0677850745,1
1537345920,Prod-EcsStagingCluster-EcsCluster-1AAGQRFIOE9AE,Service_beiakkdem1vi3j5fejm0,1000,2,0.0656332178,0
1537378740,Prod-EcsStagingCluster-EcsCluster-1AAGQRFIOE9AE,Service_beiakkdem1vi3j5fejm0,1000,2,0.0553023786,0
1537396800,Prod-EcsStagingCluster-EcsCluster-1AAGQRFIOE9AE,Service_beiakkdem1vi3j5fejm0,1000,2,0.0580630946,0
1537395660,Prod-EcsStagingCluster-EcsCluster-1AAGQRFIOE9AE,Service_beiakkdem1vi3j5fejm0,1000,2,0.0570952412,0
1537429620,Prod-EcsStagingCluster-EcsCluster-1AAGQRFIOE9AE,Service_beiakkdem1vi3j5fejm0,1000,2,0.0640423029,1
1537361700,Prod-EcsStagingCluster-EcsCluster-1AAGQRFIOE9AE,Service_beiakkdem1vi3j5fejm0,1000,2,0.0679532697,0
1537412580,Prod-EcsStagingCluster-EcsCluster-1AAGQRFIOE9AE,Service_beiakkdem1vi3j5fejm0,1000,2,0.0641928744,0
1537362720,Prod-EcsStagingCluster-EcsCluster-1AAGQRFIOE9AE,Service_beiakkdem1vi3j5fejm0,1000,2,0.0653877404,0
1537413600,Prod-EcsStagingCluster-EcsCluster-1AAGQRFIOE9AE,Service_beiakkdem1vi3j5fejm0,1000,2,0.2725392374,0
1537392360,Prod-EcsStagingCluster-EcsCluster-1AAGQRFIOE9AE,Service_beiakkdem1vi3j5fejm0,1000,2,0.0711040749,0
1537345680,Prod-EcsStagingCluster-EcsCluster-1AAGQRFIOE9AE,Service_beiakkdem1vi3j5fejm0,1000,2,0.0565885068,1
1537361580,Prod-EcsStagingCluster-EcsCluster-1AAGQRFIOE9AE,Service_beiakkdem1vi3j5fejm0,1000,2,0.0547748796,1
1537410360,Prod-EcsStagingCluster-EcsCluster-1AAGQRFIOE9AE,Service_beiakkdem1vi3j5fejm0,1000,2,0.0614772150,0
1537412460,Prod-EcsStagingCluster-EcsCluster-1AAGQRFIOE9AE,Service_beiakkdem1vi3j5fejm0,1000,2,0.0516306390,0
1537378500,Prod-EcsStagingCluster-EcsCluster-1AAGQRFIOE9AE,Service_beiakkdem1vi3j5fejm0,1000,2,0.0464426621,0
1537429380,Prod-EcsStagingCluster-EcsCluster-1AAGQRFIOE9AE,Service_beiakkdem1vi3j5fejm0,1000,2,0.3326405691,0
1537369980,Prod-EcsStagingCluster-EcsCluster-1AAGQRFIOE9AE,Service_beiakkdem1vi3j5fejm0,1000,2,0.0655633508,0
1537420860,Prod-EcsStagingCluster-EcsCluster-1AAGQRFIOE9AE,Service_beiakkdem1vi3j5fejm0,1000,2,0.0700504061,0
1537376280,Prod-EcsStagingCluster-EcsCluster-1AAGQRFIOE9AE,Service_beiakkdem1vi3j5fejm0,1000,2,0.0741790920,2
1537427160,Prod-EcsStagingCluster-EcsCluster-1AAGQRFIOE9AE,Service_beiakkdem1vi3j5fejm0,1000,2,0.0590506569,0
1537380480,Prod-EcsStagingCluster-EcsCluster-1AAGQRFIOE9AE,Service_beiakkdem1vi3j5fejm0,1000,2,0.0551774260,1
1537431360,Prod-EcsStagingCluster-EcsCluster-1AAGQRFIOE9AE,Service_beiakkdem1vi3j5fejm0,1000,2,0.0467507222,0
1537386780,Prod-EcsStagingCluster-EcsCluster-1AAGQRFIOE9AE,Service_beiakkdem1vi3j5fejm0,1000,2,0.0607751510,0
1537378260,Prod-EcsStagingCluster-EcsCluster-1AAGQRFIOE9AE,Service_beiakkdem1vi3j5fejm0,1000,2,0.0656804728,0
1537346400,Prod-EcsStagingCluster-EcsCluster-1AAGQRFIOE9AE,Service_beiakkdem1vi3j5fejm0,1000,2,0.0670225122,1
1537397280,Prod-EcsStagingCluster-EcsCluster-1AAGQRFIOE9AE,Service_beiakkdem1vi3j5fejm0,1000,2,0.0551083695,1
1537429140,Prod-EcsStagingCluster-EcsCluster-1AAGQRFIOE9AE,Service_beiakkdem1vi3j5fejm0,1000,2,0.0662587669,0
1537376040,Prod-EcsStagingCluster-EcsCluster-1AAGQRFIOE9AE,Service_beiakkdem1vi3j5fejm0,1000,2,0.0648178846,0
1537380240,Prod-EcsStagingCluster-EcsCluster-1AAGQRFIOE9AE,Service_beiakkdem1vi3j5fejm0,1000,2,0.0587339446,0
1537395060,Prod-EcsStagingCluster-EcsCluster-1AAGQRFIOE9AE,Service_beiakkdem1vi3j5fejm0,1000,2,0.0663844753,0
1537361100,Prod-EcsStagingCluster-EcsCluster-1AAGQRFIOE9AE,Service_beiakkdem1vi3j5fejm0,1000,2,0.0645365916,3
1537426920,Prod-EcsStagingCluster-EcsCluster-1AAGQRFIOE9AE,Service_beiakkdem1vi3j5fejm0,1000,2,0.3403476740,0
1537431120,Prod-EcsStagingCluster-EcsCluster-1AAGQRFIOE9AE,Service_beiakkdem1vi3j5fejm0,1000,2,0.0580509510,0
1537411980,Prod-EcsStagingCluster-EcsCluster-1AAGQRFIOE9AE,Service_beiakkdem1vi3j5fejm0,1000,2,0.0681536023,0
1537378020,Prod-EcsStagingCluster-EcsCluster-1AAGQRFIOE9AE,Service_beiakkdem1vi3j5fejm0,1000,2,0.0655329073,0
1537372680,Prod-EcsStagingCluster-EcsCluster-1AAGQRFIOE9AE,Service_beiakkdem1vi3j5fejm0,1000,2,0.0722327129,0
1537379040,Prod-EcsStagingCluster-EcsCluster-1AAGQRFIOE9AE,Service_beiakkdem1vi3j5fejm0,1000,2,0.0560768436,0
1537424700,Prod-EcsStagingCluster-EcsCluster-1AAGQRFIOE9AE,Service_beiakkdem1vi3j5fejm0,1000,2,0.4702652353,0
1537359960,Prod-EcsStagingCluster-EcsCluster-1AAGQRFIOE9AE,Service_beiakkdem1vi3j5fejm0,1000,2,0.0645165811,0
1537366320,Prod-EcsStagingCluster-EcsCluster-1AAGQRFIOE9AE,Service_beiakkdem1vi3j5fejm0,1000,2,0.0733038533,0
1537410840,Prod-EcsStagingCluster-EcsCluster-1AAGQRFIOE9AE,Service_beiakkdem1vi3j5fejm0,1000,2,0.3942902137,0
1537429920,Prod-EcsStagingCluster-EcsCluster-1AAGQRFIOE9AE,Service_beiakkdem1vi3j5fejm0,1000,2,0.1505989387,0
1537423560,Prod-EcsStagingCluster-EcsCluster-1AAGQRFIOE9AE,Service_beiakkdem1vi3j5fejm0,1000,2,0.0605361566,0
1537417200,Prod-EcsStagingCluster-EcsCluster-1AAGQRFIOE9AE,Service_beiakkdem1vi3j5fejm0,1000,2,0.1011094112,0
1537390620,Prod-EcsStagingCluster-EcsCluster-1AAGQRFIOE9AE,Service_beiakkdem1vi3j5fejm0,1000,2,0.0546353820,0
1537377900,Prod-EcsStagingCluster-EcsCluster-1AAGQRFIOE9AE,Service_beiakkdem1vi3j5fejm0,1000,2,0.0678311720,0
1537428780,Prod-EcsStagingCluster-EcsCluster-1AAGQRFIOE9AE,Service_beiakkdem1vi3j5fejm0,1000,2,0.0639584947,0
1537379940,Prod-EcsStagingCluster-EcsCluster-1AAGQRFIOE9AE,Service_beiakkdem1vi3j5fejm0,1000,2,0.0636563626,2
1537392660,Prod-EcsStagingCluster-EcsCluster-1AAGQRFIOE9AE,Service_beiakkdem1vi3j5fejm0,1000,2,0.1961962875,0
1537430820,Prod-EcsStagingCluster-EcsCluster-1AAGQRFIOE9AE,Service_beiakkdem1vi3j5fejm0,1000,2,0.0610874304,2
1537358580,Prod-EcsStagingCluster-EcsCluster-1AAGQRFIOE9AE,Service_beiakkdem1vi3j5fejm0,1000,2,0.0904322342,0
1537345860,Prod-EcsStagingCluster-EcsCluster-1AAGQRFIOE9AE,Service_beiakkdem1vi3j5fejm0,1000,2,0.0656579415,0
1537409460,Prod-EcsStagingCluster-EcsCluster-1AAGQRFIOE9AE,Service_beiakkdem1vi3j5fejm0,1000,2,0.1708795692,0
1537396740,Prod-EcsStagingCluster-EcsCluster-1AAGQRFIOE9AE,Service_beiakkdem1vi3j5fejm0,1000,2,0.0596353563,0
1537359480,Prod-EcsStagingCluster-EcsCluster-1AAGQRFIOE9AE,Service_beiakkdem1vi3j5fejm0,1000,2,0.0786595889,2
1537378560,Prod-EcsStagingCluster-EcsCluster-1AAGQRFIOE9AE,Service_beiakkdem1vi3j5fejm0,1000,2,0.0588600100,0
1537365840,Prod-EcsStagingCluster-EcsCluster-1AAGQRFIOE9AE,Service_beiakkdem1vi3j5fejm0,1000,2,0.0555371989,0
1537372200,Prod-EcsStagingCluster-EcsCluster-1AAGQRFIOE9AE,Service_beiakkdem1vi3j5fejm0,1000,2,0.0747426035,0
1537377420,Prod-EcsStagingCluster-EcsCluster-1AAGQRFIOE9AE,Service_beiakkdem1vi3j5fejm0,1000,2,0.0671079604,0
1537390140,Prod-EcsStagingCluster-EcsCluster-1AAGQRFIOE9AE,Service_beiakkdem1vi3j5fejm0,1000,2,0.0580174358,0
1537428300,Prod-EcsStagingCluster-EcsCluster-1AAGQRFIOE9AE,Service_beiakkdem1vi3j5fejm0,1000,2,0.1952823277,0
1537356060,Prod-EcsStagingCluster-EcsCluster-1AAGQRFIOE9AE,Service_beiakkdem1vi3j5fejm0,1000,2,0.2017722243,0
1537406940,Prod-EcsStagingCluster-EcsCluster-1AAGQRFIOE9AE,Service_beiakkdem1vi3j5fejm0,1000,2,0.2785713528,0
1537394220,Prod-EcsStagingCluster-EcsCluster-1AAGQRFIOE9AE,Service_beiakkdem1vi3j5fejm0,1000,2,0.0624445294,0
1537345380,Prod-EcsStagingCluster-EcsCluster-1AAGQRFIOE9AE,Service_beiakkdem1vi3j5fejm0,1000,2,0.0560595448,0
1537358100,Prod-EcsStagingCluster-EcsCluster-1AAGQRFIOE9AE,Service_beiakkdem1vi3j5fejm0,1000,2,0.0673713068,0
1537396260,Prod-EcsStagingCluster-EcsCluster-1AAGQRFIOE9AE,Service_beiakkdem1vi3j5fejm0,1000,2,0.0565070442,0
1537408980,Prod-EcsStagingCluster-EcsCluster-1AAGQRFIOE9AE,Service_beiakkdem1vi3j5fejm0,1000,2,0.0717527223,4
1537362240,Prod-EcsStagingCluster-EcsCluster-1AAGQRFIOE9AE,Service_beiakkdem1vi3j5fejm0,1000,2,0.0545781518,0
1537349520,Prod-EcsStagingCluster-EcsCluster-1AAGQRFIOE9AE,Service_beiakkdem1vi3j5fejm0,1000,2,0.0691131939,0
1537355880,Prod-EcsStagingCluster-EcsCluster-1AAGQRFIOE9AE,Service_beiakkdem1vi3j5fejm0,1000,2,0.0592589693,0
1537400400,Prod-EcsStagingCluster-EcsCluster-1AAGQRFIOE9AE,Service_beiakkdem1vi3j5fejm0,1000,2,0.1484384502,0
1537394040,Prod-EcsStagingCluster-EcsCluster-1AAGQRFIOE9AE,Service_beiakkdem1vi3j5fejm0,1000,2,0.0696945386,0
1537374900,Prod-EcsStagingCluster-EcsCluster-1AAGQRFIOE9AE,Service_beiakkdem1vi3j5fejm0,1000,2,0.0648103904,0
1537413120,Prod-EcsStagingCluster-EcsCluster-1AAGQRFIOE9AE,Service_beiakkdem1vi3j5fejm0,1000,2,0.1318881963,0
1537406760,Prod-EcsStagingCluster-EcsCluster-1AAGQRFIOE9AE,Service_beiakkdem1vi3j5fejm0,1000,2,0.2819985706,1
1537362180,Prod-EcsStagingCluster-EcsCluster-1AAGQRFIOE9AE,Service_beiakkdem1vi3j5fejm0,1000,2,0.0439552604,0
1537413060,Prod-EcsStagingCluster-EcsCluster-1AAGQRFIOE9AE,Service_beiakkdem1vi3j5fejm0,1000,2,0.0663509935,0
1537425780,Prod-EcsStagingCluster-EcsCluster-1AAGQRFIOE9AE,Service_beiakkdem1vi3j5fejm0,1000,2,0.0629219800,0
1537410900,Prod-EcsStagingCluster-EcsCluster-1AAGQRFIOE9AE,Service_beiakkdem1vi3j5fejm0,1000,2,0.2110920298,0
1537382160,Prod-EcsStagingCluster-EcsCluster-1AAGQRFIOE9AE,Service_beiakkdem1vi3j5fejm0,1000,2,0.0659478263,0
1537376820,Prod-EcsStagingCluster-EcsCluster-1AAGQRFIOE9AE,Service_beiakkdem1vi3j5fejm0,1000,2,0.0757823022,0
1537394880,Prod-EcsStagingCluster-EcsCluster-1AAGQRFIOE9AE,Service_beiakkdem1vi3j5fejm0,1000,2,0.0695361885,0
1537364100,Prod-EcsStagingCluster-EcsCluster-1AAGQRFIOE9AE,Service_beiakkdem1vi3j5fejm0,1000,2,0.0752968192,0
1537355580,Prod-EcsStagingCluster-EcsCluster-1AAGQRFIOE9AE,Service_beiakkdem1vi3j5fejm0,1000,2,0.0545716687,2
1537393740,Prod-EcsStagingCluster-EcsCluster-1AAGQRFIOE9AE,Service_beiakkdem1vi3j5fejm0,1000,2,0.0758781562,2
1537427700,Prod-EcsStagingCluster-EcsCluster-1AAGQRFIOE9AE,Service_beiakkdem1vi3j5fejm0,1000,2,0.0696226703,0
1537414980,Prod-EcsStagingCluster-EcsCluster-1AAGQRFIOE9AE,Service_beiakkdem1vi3j5fejm0,1000,2,0.1281646439,2
1537348080,Prod-EcsStagingCluster-EcsCluster-1AAGQRFIOE9AE,Service_beiakkdem1vi3j5fejm0,1000,2,0.0563628730,0
1537360800,Prod-EcsStagingCluster-EcsCluster-1AAGQRFIOE9AE,Service_beiakkdem1vi3j5fejm0,1000,2,0.0640854361,0
1537406460,Prod-EcsStagingCluster-EcsCluster-1AAGQRFIOE9AE,Service_beiakkdem1vi3j5fejm0,1000,2,0.2145392239,0
1537411680,Prod-EcsStagingCluster-EcsCluster-1AAGQRFIOE9AE,Service_beiakkdem1vi3j5fejm0,1000,2,0.3604928450,0
1537377720,Prod-EcsStagingCluster-EcsCluster-1AAGQRFIOE9AE,Service_beiakkdem1vi3j5fejm0,1000,2,0.0676439443,2
1537398960,Prod-EcsStagingCluster-EcsCluster-1AAGQRFIOE9AE,Service_beiakkdem1vi3j5fejm0,1000,2,0.0564764277,0
1537372380,Prod-EcsStagingCluster-EcsCluster-1AAGQRFIOE9AE,Service_beiakkdem1vi3j5fejm0,1000,2,0.0738694822,1
1537390440,Prod-EcsStagingCluster-EcsCluster-1AAGQRFIOE9AE,Service_beiakkdem1vi3j5fejm0,1000,2,0.0606413573,2
1537359660,Prod-EcsStagingCluster-EcsCluster-1AAGQRFIOE9AE,Service_beiakkdem1vi3j5fejm0,1000,2,0.0695987490,0
1537410540,Prod-EcsStagingCluster-EcsCluster-1AAGQRFIOE9AE,Service_beiakkdem1vi3j5fejm0,1000,2,0.0599861484,0
1537428600,Prod-EcsStagingCluster-EcsCluster-1AAGQRFIOE9AE,Service_beiakkdem1vi3j5fejm0,1000,2,0.0656061025,0
1537423260,Prod-EcsStagingCluster-EcsCluster-1AAGQRFIOE9AE,Service_beiakkdem1vi3j5fejm0,1000,2,0.0585211751,0
1537356360,Prod-EcsStagingCluster-EcsCluster-1AAGQRFIOE9AE,Service_beiakkdem1vi3j5fejm0,1000,2,0.0728813013,0
1537407240,Prod-EcsStagingCluster-EcsCluster-1AAGQRFIOE9AE,Service_beiakkdem1vi3j5fejm0,1000,2,0.0694762033,0
1537394520,Prod-EcsStagingCluster-EcsCluster-1AAGQRFIOE9AE,Service_beiakkdem1vi3j5fejm0,1000,2,0.0661552711,0
1537416720,Prod-EcsStagingCluster-EcsCluster-1AAGQRFIOE9AE,Service_beiakkdem1vi3j5fejm0,1000,2,0.0533663507,3
1537429440,Prod-EcsStagingCluster-EcsCluster-1AAGQRFIOE9AE,Service_beiakkdem1vi3j5fejm0,1000,2,0.0636744651,0
1537363620,Prod-EcsStagingCluster-EcsCluster-1AAGQRFIOE9AE,Service_beiakkdem1vi3j5fejm0,1000,2,0.0759573370,0
1537376340,Prod-EcsStagingCluster-EcsCluster-1AAGQRFIOE9AE,Service_beiakkdem1vi3j5fejm0,1000,2,0.0642011302,1
1537414500,Prod-EcsStagingCluster-EcsCluster-1AAGQRFIOE9AE,Service_beiakkdem1vi3j5fejm0,1000,2,0.0582890620,0
1537395360,Prod-EcsStagingCluster-EcsCluster-1AAGQRFIOE9AE,Service_beiakkdem1vi3j5fejm0,1000,2,0.0579270992,0
1537361400,Prod-EcsStagingCluster-EcsCluster-1AAGQRFIOE9AE,Service_beiakkdem1vi3j5fejm0,1000,2,0.0676905002,0
1537427220,Prod-EcsStagingCluster-EcsCluster-1AAGQRFIOE9AE,Service_beiakkdem1vi3j5fejm0,1000,2,0.5101824903,0
1537382640,Prod-EcsStagingCluster-EcsCluster-1AAGQRFIOE9AE,Service_beiakkdem1vi3j5fejm0,1000,2,0.0680446019,1
1537374120,Prod-EcsStagingCluster-EcsCluster-1AAGQRFIOE9AE,Service_beiakkdem1vi3j5fejm0,1000,2,0.0918240151,0
1537412280,Prod-EcsStagingCluster-EcsCluster-1AAGQRFIOE9AE,Service_beiakkdem1vi3j5fejm0,1000,2,0.0690260889,0
1537393140,Prod-EcsStagingCluster-EcsCluster-1AAGQRFIOE9AE,Service_beiakkdem1vi3j5fejm0,1000,2,0.0651767280,0
1537359180,Prod-EcsStagingCluster-EcsCluster-1AAGQRFIOE9AE,Service_beiakkdem1vi3j5fejm0,1000,2,0.0657062227,3
1537425000,Prod-EcsStagingCluster-EcsCluster-1AAGQRFIOE9AE,Service_beiakkdem1vi3j5fejm0,1000,2,0.2198199909,0
1537380420,Prod-EcsStagingCluster-EcsCluster-1AAGQRFIOE9AE,Service_beiakkdem1vi3j5fejm0,1000,2,0.0642365008,0
1537431300,Prod-EcsStagingCluster-EcsCluster-1AAGQRFIOE9AE,Service_beiakkdem1vi3j5fejm0,1000,2,0.0565311046,1
1537371900,Prod-EcsStagingCluster-EcsCluster-1AAGQRFIOE9AE,Service_beiakkdem1vi3j5fejm0,1000,2,0.0510854330,0
1537410060,Prod-EcsStagingCluster-EcsCluster-1AAGQRFIOE9AE,Service_beiakkdem1vi3j5fejm0,1000,2,0.0615794626,0
1537422780,Prod-EcsStagingCluster-EcsCluster-1AAGQRFIOE9AE,Service_beiakkdem1vi3j5fejm0,1000,2,0.1533959103,0
1537390920,Prod-EcsStagingCluster-EcsCluster-1AAGQRFIOE9AE,Service_beiakkdem1vi3j5fejm0,1000,2,0.0454219488,0
1537378200,Prod-EcsStagingCluster-EcsCluster-1AAGQRFIOE9AE,Service_beiakkdem1vi3j5fejm0,1000,2,0.0724995976,0
1537429080,Prod-EcsStagingCluster-EcsCluster-1AAGQRFIOE9AE,Service_beiakkdem1vi3j5fejm0,1000,2,0.0653596961,0
1537388700,Prod-EcsStagingCluster-EcsCluster-1AAGQRFIOE9AE,Service_beiakkdem1vi3j5fejm0,1000,2,0.0613930945,2
1537375980,Prod-EcsStagingCluster-EcsCluster-1AAGQRFIOE9AE,Service_beiakkdem1vi3j5fejm0,1000,2,0.0531856155,2
1537350300,Prod-EcsStagingCluster-EcsCluster-1AAGQRFIOE9AE,Service_beiakkdem1vi3j5fejmg,500,1,0.0363881321,0
1537353480,Prod-EcsStagingCluster-EcsCluster-1AAGQRFIOE9AE,Service_beiakkdem1vi3j5fejmg,500,1,0.0354262519,0
1537356660,Prod-EcsStagingCluster-EcsCluster-1AAGQRFIOE9AE,Service_beiakkdem1vi3j5fejmg,500,1,0.0353761185,0
1537359840,Prod-EcsStagingCluster-EcsCluster-1AAGQRFIOE9AE,Service_beiakkdem1vi3j5fejmg,500,1,0.0346491147,0
1537378920,Prod-EcsStagingCluster-EcsCluster-1AAGQRFIOE9AE,Service_beiakkdem1vi3j5fejmg,500,1,0.0353009932,0
1537382100,Prod-EcsStagingCluster-EcsCluster-1AAGQRFIOE9AE,Service_beiakkdem1vi3j5fejmg,500,1,0.0360665079,0
1537385280,Prod-EcsStagingCluster-EcsCluster-1AAGQRFIOE9AE,Service_beiakkdem1vi3j5fejmg,500,1,0.0352859160,0
1537375740,Prod-EcsStagingCluster-EcsCluster-1AAGQRFIOE9AE,Service_beiakkdem1vi3j5fejmg,500,1,0.0362484442,0
1537409580,Prod-EcsStagingCluster-EcsCluster-1AAGQRFIOE9AE,Service_beiakkdem1vi3j5fejmg,500,1,0.0384468516,0
1537412760,Prod-EcsStagingCluster-EcsCluster-1AAGQRFIOE9AE,Service_beiakkdem1vi3j5fejmg,500,1,0.0382828890,0
1537415940,Prod-EcsStagingCluster-EcsCluster-1AAGQRFIOE9AE,Service_beiakkdem1vi3j5fejmg,500,1,0.0412192591,0
1537419120,Prod-EcsStagingCluster-EcsCluster-1AAGQRFIOE9AE,Service_beiakkdem1vi3j5fejmg,500,1,0.0387504527,0
1537393440,Prod-EcsStagingCluster-EcsCluster-1AAGQRFIOE9AE,Service_beiakkdem1vi3j5fejmg,500,1,0.0350121666,0
1537390260,Prod-EcsStagingCluster-EcsCluster-1AAGQRFIOE9AE,Service_beiakkdem1vi3j5fejmg,500,1,0.0368550106,0
1537383900,Prod-EcsStagingCluster-EcsCluster-1AAGQRFIOE9AE,Service_beiakkdem1vi3j5fejmg,500,1,0.0347779592,0
1537387080,Prod-EcsStagingCluster-EcsCluster-1AAGQRFIOE9AE,Service_beiakkdem1vi3j5fejmg,500,1,0.0355663105,0
1537415700,Prod-EcsStagingCluster-EcsCluster-1AAGQRFIOE9AE,Service_beiakkdem1vi3j5fejmg,500,1,0.0413144100,0
1537418880,Prod-EcsStagingCluster-EcsCluster-1AAGQRFIOE9AE,Service_beiakkdem1vi3j5fejmg,500,1,0.0379891089,0
1537347780,Prod-EcsStagingCluster-EcsCluster-1AAGQRFIOE9AE,Service_beiakkdem1vi3j5fejmg,500,1,0.0337505795,0
1537350960,Prod-EcsStagingCluster-EcsCluster-1AAGQRFIOE9AE,Service_beiakkdem1vi3j5fejmg,500,1,0.0360616195,0
1537409340,Prod-EcsStagingCluster-EcsCluster-1AAGQRFIOE9AE,Service_beiakkdem1vi3j5fejmg,500,1,0.9133739207,0
1537412520,Prod-EcsStagingCluster-EcsCluster-1AAGQRFIOE9AE,Service_beiakkdem1vi3j5fejmg,500,1,0.0357724198,0
1537373220,Prod-EcsStagingCluster-EcsCluster-1AAGQRFIOE9AE,Service_beiakkdem1vi3j5fejmg,500,1,0.0330467195,0
1537366860,Prod-EcsStagingCluster-EcsCluster-1AAGQRFIOE9AE,Service_beiakkdem1vi3j5fejmg,500,1,0.0393880835,0
1537394400,Prod-EcsStagingCluster-EcsCluster-1AAGQRFIOE9AE,Service_beiakkdem1vi3j5fejmg,500,1,0.0362805141,0
1537388040,Prod-EcsStagingCluster-EcsCluster-1AAGQRFIOE9AE,Service_beiakkdem1vi3j5fejmg,500,1,0.0335850687,0
1537419840,Prod-EcsStagingCluster-EcsCluster-1AAGQRFIOE9AE,Service_beiakkdem1vi3j5fejmg,500,1,0.0405858801,0
1537351920,Prod-EcsStagingCluster-EcsCluster-1AAGQRFIOE9AE,Service_beiakkdem1vi3j5fejmg,500,1,0.0348151812,0
1537413480,Prod-EcsStagingCluster-EcsCluster-1AAGQRFIOE9AE,Service_beiakkdem1vi3j5fejmg,500,1,0.0397165727,0
1537345560,Prod-EcsStagingCluster-EcsCluster-1AAGQRFIOE9AE,Service_beiakkdem1vi3j5fejmg,500,1,0.0364039242,0
1537377360,Prod-EcsStagingCluster-EcsCluster-1AAGQRFIOE9AE,Service_beiakkdem1vi3j5fejmg,500,1,0.0357771675,0
1537371000,Prod-EcsStagingCluster-EcsCluster-1AAGQRFIOE9AE,Service_beiakkdem1vi3j5fejmg,500,1,0.0356494873,0
1537347540,Prod-EcsStagingCluster-EcsCluster-1AAGQRFIOE9AE,Service_beiakkdem1vi3j5fejmg,500,1,0.0347863760,0
1537345320,Prod-EcsStagingCluster-EcsCluster-1AAGQRFIOE9AE,Service_beiakkdem1vi3j5fejmg,500,1,0.0356374525,0
1537417500,Prod-EcsStagingCluster-EcsCluster-1AAGQRFIOE9AE,Service_beiakkdem1vi3j5fejmg,500,1,0.0428516604,0
1537423860,Prod-EcsStagingCluster-EcsCluster-1AAGQRFIOE9AE,Service_beiakkdem1vi3j5fejmg,500,1,0.0402106040,0
1537351680,Prod-EcsStagingCluster-EcsCluster-1AAGQRFIOE9AE,Service_beiakkdem1vi3j5fejmg,500,1,0.0348016607,0
1537375020,Prod-EcsStagingCluster-EcsCluster-1AAGQRFIOE9AE,Service_beiakkdem1vi3j5fejmg,500,1,0.0354055115,0
1537381380,Prod-EcsStagingCluster-EcsCluster-1AAGQRFIOE9AE,Service_beiakkdem1vi3j5fejmg,500,1,0.0368646239,0
1537400460,Prod-EcsStagingCluster-EcsCluster-1AAGQRFIOE9AE,Service_beiakkdem1vi3j5fejmg,500,1,0.0361241602,0
1537406820,Prod-EcsStagingCluster-EcsCluster-1AAGQRFIOE9AE,Service_beiakkdem1vi3j5fejmg,500,1,0.0374957652,0
1537428000,Prod-EcsStagingCluster-EcsCluster-1AAGQRFIOE9AE,Service_beiakkdem1vi3j5fejmg,500,1,0.0370837254,0
1537421640,Prod-EcsStagingCluster-EcsCluster-1AAGQRFIOE9AE,Service_beiakkdem1vi3j5fejmg,500,1,0.0408117834,0
1537385520,Prod-EcsStagingCluster-EcsCluster-1AAGQRFIOE9AE,Service_beiakkdem1vi3j5fejmg,500,1,0.0348775791,0
1537379160,Prod-EcsStagingCluster-EcsCluster-1AAGQRFIOE9AE,Service_beiakkdem1vi3j5fejmg,500,1,0.0344785402,0
1537404600,Prod-EcsStagingCluster-EcsCluster-1AAGQRFIOE9AE,Service_beiakkdem1vi3j5fejmg,500,1,0.0362725535,0
1537410960,Prod-EcsStagingCluster-EcsCluster-1AAGQRFIOE9AE,Service_beiakkdem1vi3j5fejmg,500,1,0.0382943861,0
1537358880,Prod-EcsStagingCluster-EcsCluster-1AAGQRFIOE9AE,Service_beiakkdem1vi3j5fejmg,500,1,0.0367009572,0
1537349340,Prod-EcsStagingCluster-EcsCluster-1AAGQRFIOE9AE,Service_beiakkdem1vi3j5fejmg,500,1,0.0352522092,0
1537380120,Prod-EcsStagingCluster-EcsCluster-1AAGQRFIOE9AE,Service_beiakkdem1vi3j5fejmg,500,1,0.0359367073,0
1537383300,Prod-EcsStagingCluster-EcsCluster-1AAGQRFIOE9AE,Service_beiakkdem1vi3j5fejmg,500,1,0.0371626998,0
1537384320,Prod-EcsStagingCluster-EcsCluster-1AAGQRFIOE9AE,Service_beiakkdem1vi3j5fejmg,500,1,0.0338469200,0
1537405560,Prod-EcsStagingCluster-EcsCluster-1AAGQRFIOE9AE,Service_beiakkdem1vi3j5fejmg,500,1,0.0370822730,0
1537408740,Prod-EcsStagingCluster-EcsCluster-1AAGQRFIOE9AE,Service_beiakkdem1vi3j5fejmg,500,1,0.0394808232,0
1537374780,Prod-EcsStagingCluster-EcsCluster-1AAGQRFIOE9AE,Service_beiakkdem1vi3j5fejmg,500,1,0.0364324819,0
1537408620,Prod-EcsStagingCluster-EcsCluster-1AAGQRFIOE9AE,Service_beiakkdem1vi3j5fejmg,500,1,0.0394863736,0
1537418160,Prod-EcsStagingCluster-EcsCluster-1AAGQRFIOE9AE,Service_beiakkdem1vi3j5fejmg,500,1,0.0394844298,0
1537354440,Prod-EcsStagingCluster-EcsCluster-1AAGQRFIOE9AE,Service_beiakkdem1vi3j5fejmg,500,1,0.0359436085,0
1537357620,Prod-EcsStagingCluster-EcsCluster-1AAGQRFIOE9AE,Service_beiakkdem1vi3j5fejmg,500,1,0.0352970184,0
1537379880,Prod-EcsStagingCluster-EcsCluster-1AAGQRFIOE9AE,Service_beiakkdem1vi3j5fejmg,500,1,0.0349442967,0
1537383060,Prod-EcsStagingCluster-EcsCluster-1AAGQRFIOE9AE,Service_beiakkdem1vi3j5fejmg,500,1,0.0359199659,0
1537392480,Prod-EcsStagingCluster-EcsCluster-1AAGQRFIOE9AE,Service_beiakkdem1vi3j5fejmg,500,1,0.0375366817,0
1537413720,Prod-EcsStagingCluster-EcsCluster-1AAGQRFIOE9AE,Service_beiakkdem1vi3j5fejmg,500,1,0.0373444058,0
1537416900,Prod-EcsStagingCluster-EcsCluster-1AAGQRFIOE9AE,Service_beiakkdem1vi3j5fejmg,500,1,0.0395939190,0
1537382940,Prod-EcsStagingCluster-EcsCluster-1AAGQRFIOE9AE,Service_beiakkdem1vi3j5fejmg,500,1,0.0357228165,0
1537417920,Prod-EcsStagingCluster-EcsCluster-1AAGQRFIOE9AE,Service_beiakkdem1vi3j5fejmg,500,1,0.0401621805,0
1537350000,Prod-EcsStagingCluster-EcsCluster-1AAGQRFIOE9AE,Service_beiakkdem1vi3j5fejmg,500,1,0.0309787011,0
1537408380,Prod-EcsStagingCluster-EcsCluster-1AAGQRFIOE9AE,Service_beiakkdem1vi3j5fejmg,500,1,0.0413767532,0
1537375440,Prod-EcsStagingCluster-EcsCluster-1AAGQRFIOE9AE,Service_beiakkdem1vi3j5fejmg,500,1,0.0357381950,0
1537365900,Prod-EcsStagingCluster-EcsCluster-1AAGQRFIOE9AE,Service_beiakkdem1vi3j5fejmg,500,1,0.0356933906,0
1537376400,Prod-EcsStagingCluster-EcsCluster-1AAGQRFIOE9AE,Service_beiakkdem1vi3j5fejmg,500,1,0.0350755308,0
1537391220,Prod-EcsStagingCluster-EcsCluster-1AAGQRFIOE9AE,Service_beiakkdem1vi3j5fejmg,500,1,0.0342307418,0
1537416660,Prod-EcsStagingCluster-EcsCluster-1AAGQRFIOE9AE,Service_beiakkdem1vi3j5fejmg,500,1,0.0393139822,0
1537348740,Prod-EcsStagingCluster-EcsCluster-1AAGQRFIOE9AE,Service_beiakkdem1vi3j5fejmg,500,1,0.0349330919,0
1537374180,Prod-EcsStagingCluster-EcsCluster-1AAGQRFIOE9AE,Service_beiakkdem1vi3j5fejmg,500,1,0.0357688382,0
1537389000,Prod-EcsStagingCluster-EcsCluster-1AAGQRFIOE9AE,Service_beiakkdem1vi3j5fejmg,500,1,0.0353168245,0
1537346520,Prod-EcsStagingCluster-EcsCluster-1AAGQRFIOE9AE,Service_beiakkdem1vi3j5fejmg,500,1,0.0337599072,0
1537414440,Prod-EcsStagingCluster-EcsCluster-1AAGQRFIOE9AE,Service_beiakkdem1vi3j5fejmg,500,1,0.0388295579,0
1537371960,Prod-EcsStagingCluster-EcsCluster-1AAGQRFIOE9AE,Service_beiakkdem1vi3j5fejmg,500,1,0.0349791239,0
1537416540,Prod-EcsStagingCluster-EcsCluster-1AAGQRFIOE9AE,Service_beiakkdem1vi3j5fejmg,500,1,0.9354449755,0
1537350720,Prod-EcsStagingCluster-EcsCluster-1AAGQRFIOE9AE,Service_beiakkdem1vi3j5fejmg,500,1,0.0377172680,0
1537374060,Prod-EcsStagingCluster-EcsCluster-1AAGQRFIOE9AE,Service_beiakkdem1vi3j5fejmg,500,1,0.0354803879,0
1537399500,Prod-EcsStagingCluster-EcsCluster-1AAGQRFIOE9AE,Service_beiakkdem1vi3j5fejmg,500,1,0.0362852423,0
1537348500,Prod-EcsStagingCluster-EcsCluster-1AAGQRFIOE9AE,Service_beiakkdem1vi3j5fejmg,500,1,0.0348313062,0
1537427040,Prod-EcsStagingCluster-EcsCluster-1AAGQRFIOE9AE,Service_beiakkdem1vi3j5fejmg,500,1,0.0401191464,0
1537384560,Prod-EcsStagingCluster-EcsCluster-1AAGQRFIOE9AE,Service_beiakkdem1vi3j5fejmg,500,1,0.0349133237,0
1537410000,Prod-EcsStagingCluster-EcsCluster-1AAGQRFIOE9AE,Service_beiakkdem1vi3j5fejmg,500,1,0.0391104355,0
1537346280,Prod-EcsStagingCluster-EcsCluster-1AAGQRFIOE9AE,Service_beiakkdem1vi3j5fejmg,500,1,0.0359352822,0
1537424820,Prod-EcsStagingCluster-EcsCluster-1AAGQRFIOE9AE,Service_beiakkdem1vi3j5fejmg,500,1,0.0404368364,0
1537348380,Prod-EcsStagingCluster-EcsCluster-1AAGQRFIOE9AE,Service_beiakkdem1vi3j5fejmg,500,1,0.0341500833,0
1537382340,Prod-EcsStagingCluster-EcsCluster-1AAGQRFIOE9AE,Service_beiakkdem1vi3j5fejmg,500,1,0.9099636325,0
1537407780,Prod-EcsStagingCluster-EcsCluster-1AAGQRFIOE9AE,Service_beiakkdem1vi3j5fejmg,500,1,0.0386136201,0
1537373820,Prod-EcsStagingCluster-EcsCluster-1AAGQRFIOE9AE,Service_beiakkdem1vi3j5fejmg,500,1,0.0360006990,0
1537422600,Prod-EcsStagingCluster-EcsCluster-1AAGQRFIOE9AE,Service_beiakkdem1vi3j5fejmg,500,1,0.0400893645,0
1537407660,Prod-EcsStagingCluster-EcsCluster-1AAGQRFIOE9AE,Service_beiakkdem1vi3j5fejmg,500,1,0.0375592797,0
1537420380,Prod-EcsStagingCluster-EcsCluster-1AAGQRFIOE9AE,Service_beiakkdem1vi3j5fejmg,500,1,0.0396236669,0
1537387440,Prod-EcsStagingCluster-EcsCluster-1AAGQRFIOE9AE,Service_beiakkdem1vi3j5fejmg,500,1,0.0347580438,0
1537381080,Prod-EcsStagingCluster-EcsCluster-1AAGQRFIOE9AE,Service_beiakkdem1vi3j5fejmg,500,1,0.0366708537,0
1537384260,Prod-EcsStagingCluster-EcsCluster-1AAGQRFIOE9AE,Service_beiakkdem1vi3j5fejmg,500,1,0.0362314685,0
1537412880,Prod-EcsStagingCluster-EcsCluster-1AAGQRFIOE9AE,Service_beiakkdem1vi3j5fejmg,500,1,0.0405975577,0
1537406520,Prod-EcsStagingCluster-EcsCluster-1AAGQRFIOE9AE,Service_beiakkdem1vi3j5fejmg,500,1,0.0416262670,0
1537409700,Prod-EcsStagingCluster-EcsCluster-1AAGQRFIOE9AE,Service_beiakkdem1vi3j5fejmg,500,1,0.0397274696,0
1537391520,Prod-EcsStagingCluster-EcsCluster-1AAGQRFIOE9AE,Service_beiakkdem1vi3j5fejmg,500,1,0.0361582586,0
1537385160,Prod-EcsStagingCluster-EcsCluster-1AAGQRFIOE9AE,Service_beiakkdem1vi3j5fejmg,500,1,0.0354918887,0
1537388340,Prod-EcsStagingCluster-EcsCluster-1AAGQRFIOE9AE,Service_beiakkdem1vi3j5fejmg,500,1,0.0350784623,0
1537416960,Prod-EcsStagingCluster-EcsCluster-1AAGQRFIOE9AE,Service_beiakkdem1vi3j5fejmg,500,1,0.0398051551,0
1537352220,Prod-EcsStagingCluster-EcsCluster-1AAGQRFIOE9AE,Service_beiakkdem1vi3j5fejmg,500,1,0.0471007965,0
1537410600,Prod-EcsStagingCluster-EcsCluster-1AAGQRFIOE9AE,Service_beiakkdem1vi3j5fejmg,500,1,0.0377207055,0
1537413780,Prod-EcsStagingCluster-EcsCluster-1AAGQRFIOE9AE,Service_beiakkdem1vi3j5fejmg,500,1,0.0379394968,0
1537377660,Prod-EcsStagingCluster-EcsCluster-1AAGQRFIOE9AE,Service_beiakkdem1vi3j5fejmg,500,1,0.0360158573,0
1537364940,Prod-EcsStagingCluster-EcsCluster-1AAGQRFIOE9AE,Service_beiakkdem1vi3j5fejmg,500,1,0.0363869588,0
1537414680,Prod-EcsStagingCluster-EcsCluster-1AAGQRFIOE9AE,Service_beiakkdem1vi3j5fejmg,500,1,0.0378252702,0
1537417860,Prod-EcsStagingCluster-EcsCluster-1AAGQRFIOE9AE,Service_beiakkdem1vi3j5fejmg,500,1,0.0413023104,0
1537421040,Prod-EcsStagingCluster-EcsCluster-1AAGQRFIOE9AE,Service_beiakkdem1vi3j5fejmg,500,1,0.0391646424,0
1537345620,Prod-EcsStagingCluster-EcsCluster-1AAGQRFIOE9AE,Service_beiakkdem1vi3j5fejmg,500,1,0.0368665942,0
1537415640,Prod-EcsStagingCluster-EcsCluster-1AAGQRFIOE9AE,Service_beiakkdem1vi3j5fejmg,500,1,0.0393563528,0
1537422000,Prod-EcsStagingCluster-EcsCluster-1AAGQRFIOE9AE,Service_beiakkdem1vi3j5fejmg,500,1,0.0425186765,0
1537349760,Prod-EcsStagingCluster-EcsCluster-1AAGQRFIOE9AE,Service_beiakkdem1vi3j5fejmg,500,1,0.0352819310,0
1537373100,Prod-EcsStagingCluster-EcsCluster-1AAGQRFIOE9AE,Service_beiakkdem1vi3j5fejmg,500,1,0.0341110314,0
1537421940,Prod-EcsStagingCluster-EcsCluster-1AAGQRFIOE9AE,Service_beiakkdem1vi3j5fejmg,500,1,0.9714506539,0
1537398540,Prod-EcsStagingCluster-EcsCluster-1AAGQRFIOE9AE,Service_beiakkdem1vi3j5fejmg,500,1,0.9514316491,0
1537385820,Prod-EcsStagingCluster-EcsCluster-1AAGQRFIOE9AE,Service_beiakkdem1vi3j5fejmg,500,1,0.0347289894,0
1537349700,Prod-EcsStagingCluster-EcsCluster-1AAGQRFIOE9AE,Service_beiakkdem1vi3j5fejmg,500,1,0.0355244128,0
1537411260,Prod-EcsStagingCluster-EcsCluster-1AAGQRFIOE9AE,Service_beiakkdem1vi3j5fejmg,500,1,0.0434999408,0
1537375140,Prod-EcsStagingCluster-EcsCluster-1AAGQRFIOE9AE,Service_beiakkdem1vi3j5fejmg,500,1,0.0362817362,0
1537419720,Prod-EcsStagingCluster-EcsCluster-1AAGQRFIOE9AE,Service_beiakkdem1vi3j5fejmg,500,1,0.0380935571,0
1537426080,Prod-EcsStagingCluster-EcsCluster-1AAGQRFIOE9AE,Service_beiakkdem1vi3j5fejmg,500,1,0.0400129443,0
1537347480,Prod-EcsStagingCluster-EcsCluster-1AAGQRFIOE9AE,Service_beiakkdem1vi3j5fejmg,500,1,0.0335024039,0
1537353840,Prod-EcsStagingCluster-EcsCluster-1AAGQRFIOE9AE,Service_beiakkdem1vi3j5fejmg,500,1,0.0364874831,0
1537372920,Prod-EcsStagingCluster-EcsCluster-1AAGQRFIOE9AE,Service_beiakkdem1vi3j5fejmg,500,1,0.0364331314,0
1537379280,Prod-EcsStagingCluster-EcsCluster-1AAGQRFIOE9AE,Service_beiakkdem1vi3j5fejmg,500,1,0.0342591465,0
1537353780,Prod-EcsStagingCluster-EcsCluster-1AAGQRFIOE9AE,Service_beiakkdem1vi3j5fejmg,500,1,0.0353573606,0
1537379220,Prod-EcsStagingCluster-EcsCluster-1AAGQRFIOE9AE,Service_beiakkdem1vi3j5fejmg,500,1,0.0348694875,0
1537351560,Prod-EcsStagingCluster-EcsCluster-1AAGQRFIOE9AE,Service_beiakkdem1vi3j5fejmg,500,1,0.0364295719,0
1537357920,Prod-EcsStagingCluster-EcsCluster-1AAGQRFIOE9AE,Service_beiakkdem1vi3j5fejmg,500,1,0.0344916536,0
1537406700,Prod-EcsStagingCluster-EcsCluster-1AAGQRFIOE9AE,Service_beiakkdem1vi3j5fejmg,500,1,0.0377197766,0
1537377000,Prod-EcsStagingCluster-EcsCluster-1AAGQRFIOE9AE,Service_beiakkdem1vi3j5fejmg,500,1,0.0364543141,0
1537383360,Prod-EcsStagingCluster-EcsCluster-1AAGQRFIOE9AE,Service_beiakkdem1vi3j5fejmg,500,1,0.0359130078,0
1537419420,Prod-EcsStagingCluster-EcsCluster-1AAGQRFIOE9AE,Service_beiakkdem1vi3j5fejmg,500,1,0.0391273885,0
1537352520,Prod-EcsStagingCluster-EcsCluster-1AAGQRFIOE9AE,Service_beiakkdem1vi3j5fejmg,500,1,0.0367527510,0
1537355700,Prod-EcsStagingCluster-EcsCluster-1AAGQRFIOE9AE,Service_beiakkdem1vi3j5fejmg,500,1,0.0356077870,0
1537386480,Prod-EcsStagingCluster-EcsCluster-1AAGQRFIOE9AE,Service_beiakkdem1vi3j5fejmg,500,1,0.0340852862,0
1537411920,Prod-EcsStagingCluster-EcsCluster-1AAGQRFIOE9AE,Service_beiakkdem1vi3j5fejmg,500,1,0.0401639370,0
1537377960,Prod-EcsStagingCluster-EcsCluster-1AAGQRFIOE9AE,Service_beiakkdem1vi3j5fejmg,500,1,0.0356552678,0
1537381140,Prod-EcsStagingCluster-EcsCluster-1AAGQRFIOE9AE,Service_beiakkdem1vi3j5fejmg,500,1,0.0347569981,0
1537390560,Prod-EcsStagingCluster-EcsCluster-1AAGQRFIOE9AE,Service_beiakkdem1vi3j5fejmg,500,1,0.0350083326,0
1537351260,Prod-EcsStagingCluster-EcsCluster-1AAGQRFIOE9AE,Service_beiakkdem1vi3j5fejmg,500,1,0.0349726629,0
1537385220,Prod-EcsStagingCluster-EcsCluster-1AAGQRFIOE9AE,Service_beiakkdem1vi3j5fejmg,500,1,0.0353603751,0
1537416000,Prod-EcsStagingCluster-EcsCluster-1AAGQRFIOE9AE,Service_beiakkdem1vi3j5fejmg,500,1,0.0391052590,0
1537382040,Prod-EcsStagingCluster-EcsCluster-1AAGQRFIOE9AE,Service_beiakkdem1vi3j5fejmg,500,1,0.0363379731,0
1537410660,Prod-EcsStagingCluster-EcsCluster-1AAGQRFIOE9AE,Service_beiakkdem1vi3j5fejmg,500,1,0.0381486345,0
1537376700,Prod-EcsStagingCluster-EcsCluster-1AAGQRFIOE9AE,Service_beiakkdem1vi3j5fejmg,500,1,0.0354916508,0
1537407480,Prod-EcsStagingCluster-EcsCluster-1AAGQRFIOE9AE,Service_beiakkdem1vi3j5fejmg,500,1,0.0396771963,0
1537363980,Prod-EcsStagingCluster-EcsCluster-1AAGQRFIOE9AE,Service_beiakkdem1vi3j5fejmg,500,1,0.0360188814,0
1537389300,Prod-EcsStagingCluster-EcsCluster-1AAGQRFIOE9AE,Service_beiakkdem1vi3j5fejmg,500,1,0.0337718046,0
1537420080,Prod-EcsStagingCluster-EcsCluster-1AAGQRFIOE9AE,Service_beiakkdem1vi3j5fejmg,500,1,0.0381176430,0
1537386120,Prod-EcsStagingCluster-EcsCluster-1AAGQRFIOE9AE,Service_beiakkdem1vi3j5fejmg,500,1,0.0347564699,0
1537411560,Prod-EcsStagingCluster-EcsCluster-1AAGQRFIOE9AE,Service_beiakkdem1vi3j5fejmg,500,1,0.0408777360,0
1537414740,Prod-EcsStagingCluster-EcsCluster-1AAGQRFIOE9AE,Service_beiakkdem1vi3j5fejmg,500,1,0.9058338791,0
1537347840,Prod-EcsStagingCluster-EcsCluster-1AAGQRFIOE9AE,Service_beiakkdem1vi3j5fejmg,500,1,0.0324199026,0
1537348800,Prod-EcsStagingCluster-EcsCluster-1AAGQRFIOE9AE,Service_beiakkdem1vi3j5fejmg,500,1,0.0340827793,0
1537372140,Prod-EcsStagingCluster-EcsCluster-1AAGQRFIOE9AE,Service_beiakkdem1vi3j5fejmg,500,1,0.0347493757,0
1537397580,Prod-EcsStagingCluster-EcsCluster-1AAGQRFIOE9AE,Service_beiakkdem1vi3j5fejmg,500,1,0.0350027079,0
1537418820,Prod-EcsStagingCluster-EcsCluster-1AAGQRFIOE9AE,Service_beiakkdem1vi3j5fejmg,500,1,0.0397093394,0
1537384860,Prod-EcsStagingCluster-EcsCluster-1AAGQRFIOE9AE,Service_beiakkdem1vi3j5fejmg,500,1,0.0357561256,0
1537410300,Prod-EcsStagingCluster-EcsCluster-1AAGQRFIOE9AE,Service_beiakkdem1vi3j5fejmg,500,1,0.0381598062,0
1537346580,Prod-EcsStagingCluster-EcsCluster-1AAGQRFIOE9AE,Service_beiakkdem1vi3j5fejmg,500,1,0.0331047659,0
1537425120,Prod-EcsStagingCluster-EcsCluster-1AAGQRFIOE9AE,Service_beiakkdem1vi3j5fejmg,500,1,0.0408223926,0
1537416600,Prod-EcsStagingCluster-EcsCluster-1AAGQRFIOE9AE,Service_beiakkdem1vi3j5fejmg,500,1,0.0390838650,0
1537352880,Prod-EcsStagingCluster-EcsCluster-1AAGQRFIOE9AE,Service_beiakkdem1vi3j5fejmg,500,1,0.0358202873,0
1537378320,Prod-EcsStagingCluster-EcsCluster-1AAGQRFIOE9AE,Service_beiakkdem1vi3j5fejmg,500,1,0.0361533206,0
1537422900,Prod-EcsStagingCluster-EcsCluster-1AAGQRFIOE9AE,Service_beiakkdem1vi3j5fejmg,500,1,0.0400495018,0
1537350660,Prod-EcsStagingCluster-EcsCluster-1AAGQRFIOE9AE,Service_beiakkdem1vi3j5fejmg,500,1,0.0367851675,0
1537376100,Prod-EcsStagingCluster-EcsCluster-1AAGQRFIOE9AE,Service_beiakkdem1vi3j5fejmg,500,1,0.0354074774,0
1537420680,Prod-EcsStagingCluster-EcsCluster-1AAGQRFIOE9AE,Service_beiakkdem1vi3j5fejmg,500,1,0.0400677981,0
1537356960,Prod-EcsStagingCluster-EcsCluster-1AAGQRFIOE9AE,Service_beiakkdem1vi3j5fejmg,500,1,0.0355144998,0
1537405740,Prod-EcsStagingCluster-EcsCluster-1AAGQRFIOE9AE,Service_beiakkdem1vi3j5fejmg,500,1,0.9335507671,0
1537348440,Prod-EcsStagingCluster-EcsCluster-1AAGQRFIOE9AE,Service_beiakkdem1vi3j5fejmg,500,1,0.0342466111,0
1537382400,Prod-EcsStagingCluster-EcsCluster-1AAGQRFIOE9AE,Service_beiakkdem1vi3j5fejmg,500,1,0.0360122919,0
1537431180,Prod-EcsStagingCluster-EcsCluster-1AAGQRFIOE9AE,Service_beiakkdem1vi3j5fejmg,500,1,0.0360166880,0
1537373880,Prod-EcsStagingCluster-EcsCluster-1AAGQRFIOE9AE,Service_beiakkdem1vi3j5fejmg,500,1,0.0368277963,0
1537418460,Prod-EcsStagingCluster-EcsCluster-1AAGQRFIOE9AE,Service_beiakkdem1vi3j5fejmg,500,1,0.0401804690,0
1537354740,Prod-EcsStagingCluster-EcsCluster-1AAGQRFIOE9AE,Service_beiakkdem1vi3j5fejmg,500,1,0.0361813361,0
1537380180,Prod-EcsStagingCluster-EcsCluster-1AAGQRFIOE9AE,Service_beiakkdem1vi3j5fejmg,500,1,0.0343633352,0
1537389600,Prod-EcsStagingCluster-EcsCluster-1AAGQRFIOE9AE,Service_beiakkdem1vi3j5fejmg,500,1,0.0337768782,0
1537380060,Prod-EcsStagingCluster-EcsCluster-1AAGQRFIOE9AE,Service_beiakkdem1vi3j5fejmg,500,1,0.0338944092,0
1537383240,Prod-EcsStagingCluster-EcsCluster-1AAGQRFIOE9AE,Service_beiakkdem1vi3j5fejmg,500,1,0.0357458895,0
1537386420,Prod-EcsStagingCluster-EcsCluster-1AAGQRFIOE9AE,Service_beiakkdem1vi3j5fejmg,500,1,0.0346126980,0
1537366200,Prod-EcsStagingCluster-EcsCluster-1AAGQRFIOE9AE,Service_beiakkdem1vi3j5fejmg,500,1,0.0347399977,0
1537369380,Prod-EcsStagingCluster-EcsCluster-1AAGQRFIOE9AE,Service_beiakkdem1vi3j5fejmg,500,1,0.0355730765,0
1537372560,Prod-EcsStagingCluster-EcsCluster-1AAGQRFIOE9AE,Service_beiakkdem1vi3j5fejmg,500,1,0.0366457784,0
1537345980,Prod-EcsStagingCluster-EcsCluster-1AAGQRFIOE9AE,Service_beiakkdem1vi3j5fejmg,500,1,0.0357880227,0
1537349160,Prod-EcsStagingCluster-EcsCluster-1AAGQRFIOE9AE,Service_beiakkdem1vi3j5fejmg,500,1,0.0345274572,0
1537352340,Prod-EcsStagingCluster-EcsCluster-1AAGQRFIOE9AE,Service_beiakkdem1vi3j5fejmg,500,1,0.0358970974,0
1537355520,Prod-EcsStagingCluster-EcsCluster-1AAGQRFIOE9AE,Service_beiakkdem1vi3j5fejmg,500,1,0.0364083147,0
1537389360,Prod-EcsStagingCluster-EcsCluster-1AAGQRFIOE9AE,Service_beiakkdem1vi3j5fejmg,500,1,0.0346076171,0
1537386180,Prod-EcsStagingCluster-EcsCluster-1AAGQRFIOE9AE,Service_beiakkdem1vi3j5fejmg,500,1,0.0360852585,0
1537383000,Prod-EcsStagingCluster-EcsCluster-1AAGQRFIOE9AE,Service_beiakkdem1vi3j5fejmg,500,1,0.0356028668,0
1537405260,Prod-EcsStagingCluster-EcsCluster-1AAGQRFIOE9AE,Service_beiakkdem1vi3j5fejmg,500,1,0.0359271618,0
1537413660,Prod-EcsStagingCluster-EcsCluster-1AAGQRFIOE9AE,Service_beiakkdem1vi3j5fejmg,500,1,0.0375894397,0
1537371180,Prod-EcsStagingCluster-EcsCluster-1AAGQRFIOE9AE,Service_beiakkdem1vi3j5fejmg,500,1,0.0355919233,0
1537416840,Prod-EcsStagingCluster-EcsCluster-1AAGQRFIOE9AE,Service_beiakkdem1vi3j5fejmg,500,1,0.0382797331,0
1537420020,Prod-EcsStagingCluster-EcsCluster-1AAGQRFIOE9AE,Service_beiakkdem1vi3j5fejmg,500,1,0.0395254018,0
1537423200,Prod-EcsStagingCluster-EcsCluster-1AAGQRFIOE9AE,Service_beiakkdem1vi3j5fejmg,500,1,0.0403716755,0
1537399800,Prod-EcsStagingCluster-EcsCluster-1AAGQRFIOE9AE,Service_beiakkdem1vi3j5fejmg,500,1,0.0357355525,0
1537402980,Prod-EcsStagingCluster-EcsCluster-1AAGQRFIOE9AE,Service_beiakkdem1vi3j5fejmg,500,1,0.0337240730,0
1537406160,Prod-EcsStagingCluster-EcsCluster-1AAGQRFIOE9AE,Service_beiakkdem1vi3j5fejmg,500,1,0.0342156211,0
1537379580,Prod-EcsStagingCluster-EcsCluster-1AAGQRFIOE9AE,Service_beiakkdem1vi3j5fejmg,500,1,0.0360943972,0
1537385940,Prod-EcsStagingCluster-EcsCluster-1AAGQRFIOE9AE,Service_beiakkdem1vi3j5fejmg,500,1,0.9629389800,0
1537417800,Prod-EcsStagingCluster-EcsCluster-1AAGQRFIOE9AE,Service_beiakkdem1vi3j5fejmg,500,1,0.0398402989,0
1537424160,Prod-EcsStagingCluster-EcsCluster-1AAGQRFIOE9AE,Service_beiakkdem1vi3j5fejmg,500,1,0.0397203812,0
1537407120,Prod-EcsStagingCluster-EcsCluster-1AAGQRFIOE9AE,Service_beiakkdem1vi3j5fejmg,500,1,0.0384713019,0
1537400760,Prod-EcsStagingCluster-EcsCluster-1AAGQRFIOE9AE,Service_beiakkdem1vi3j5fejmg,500,1,0.0348457032,0
1537383720,Prod-EcsStagingCluster-EcsCluster-1AAGQRFIOE9AE,Service_beiakkdem1vi3j5fejmg,500,1,0.0360155163,0
1537351860,Prod-EcsStagingCluster-EcsCluster-1AAGQRFIOE9AE,Service_beiakkdem1vi3j5fejmg,500,1,0.0354972806,0
1537390080,Prod-EcsStagingCluster-EcsCluster-1AAGQRFIOE9AE,Service_beiakkdem1vi3j5fejmg,500,1,0.0363441105,0
1537419780,Prod-EcsStagingCluster-EcsCluster-1AAGQRFIOE9AE,Service_beiakkdem1vi3j5fejmg,500,1,0.0386027458,0
1537345500,Prod-EcsStagingCluster-EcsCluster-1AAGQRFIOE9AE,Service_beiakkdem1vi3j5fejmg,500,1,0.0352819436,0
1537423920,Prod-EcsStagingCluster-EcsCluster-1AAGQRFIOE9AE,Service_beiakkdem1vi3j5fejmg,500,1,0.0410771205,0
1537356000,Prod-EcsStagingCluster-EcsCluster-1AAGQRFIOE9AE,Service_beiakkdem1vi3j5fejmg,500,1,0.0364501623,0
1537417560,Prod-EcsStagingCluster-EcsCluster-1AAGQRFIOE9AE,Service_beiakkdem1vi3j5fejmg,500,1,0.0398356204,0
1537349640,Prod-EcsStagingCluster-EcsCluster-1AAGQRFIOE9AE,Service_beiakkdem1vi3j5fejmg,500,1,0.0357327605,0
1537404780,Prod-EcsStagingCluster-EcsCluster-1AAGQRFIOE9AE,Service_beiakkdem1vi3j5fejmg,500,1,0.0330171047,0
1537419540,Prod-EcsStagingCluster-EcsCluster-1AAGQRFIOE9AE,Service_beiakkdem1vi3j5fejmg,500,1,0.0392996658,0
1537351620,Prod-EcsStagingCluster-EcsCluster-1AAGQRFIOE9AE,Service_beiakkdem1vi3j5fejmg,500,1,0.0359393502,0
1537413180,Prod-EcsStagingCluster-EcsCluster-1AAGQRFIOE9AE,Service_beiakkdem1vi3j5fejmg,500,1,0.0376883503,0
1537370700,Prod-EcsStagingCluster-EcsCluster-1AAGQRFIOE9AE,Service_beiakkdem1vi3j5fejmg,500,1,0.0337320735,0
1537417320,Prod-EcsStagingCluster-EcsCluster-1AAGQRFIOE9AE,Service_beiakkdem1vi3j5fejmg,500,1,0.0428745221,0
1537423680,Prod-EcsStagingCluster-EcsCluster-1AAGQRFIOE9AE,Service_beiakkdem1vi3j5fejmg,500,1,0.0415819446,0
1537349400,Prod-EcsStagingCluster-EcsCluster-1AAGQRFIOE9AE,Service_beiakkdem1vi3j5fejmg,500,1,0.0346777142,0
1537355760,Prod-EcsStagingCluster-EcsCluster-1AAGQRFIOE9AE,Service_beiakkdem1vi3j5fejmg,500,1,0.0373103570,0
1537379100,Prod-EcsStagingCluster-EcsCluster-1AAGQRFIOE9AE,Service_beiakkdem1vi3j5fejmg,500,1,0.0358270137,0
1537385460,Prod-EcsStagingCluster-EcsCluster-1AAGQRFIOE9AE,Service_beiakkdem1vi3j5fejmg,500,1,0.0341079132,0
1537418280,Prod-EcsStagingCluster-EcsCluster-1AAGQRFIOE9AE,Service_beiakkdem1vi3j5fejmg,500,1,0.0391992187,0
1537421460,Prod-EcsStagingCluster-EcsCluster-1AAGQRFIOE9AE,Service_beiakkdem1vi3j5fejmg,500,1,0.0413347139,0
1537350360,Prod-EcsStagingCluster-EcsCluster-1AAGQRFIOE9AE,Service_beiakkdem1vi3j5fejmg,500,1,0.0366449562,0
1537353540,Prod-EcsStagingCluster-EcsCluster-1AAGQRFIOE9AE,Service_beiakkdem1vi3j5fejmg,500,1,0.9574057330,0
1537371600,Prod-EcsStagingCluster-EcsCluster-1AAGQRFIOE9AE,Service_beiakkdem1vi3j5fejmg,500,1,0.0365337177,0
1537354560,Prod-EcsStagingCluster-EcsCluster-1AAGQRFIOE9AE,Service_beiakkdem1vi3j5fejmg,500,1,0.0337570927,0
1537384200,Prod-EcsStagingCluster-EcsCluster-1AAGQRFIOE9AE,Service_beiakkdem1vi3j5fejmg,500,1,0.0350149357,0
1537387380,Prod-EcsStagingCluster-EcsCluster-1AAGQRFIOE9AE,Service_beiakkdem1vi3j5fejmg,500,1,0.0346935001,0
1537388400,Prod-EcsStagingCluster-EcsCluster-1AAGQRFIOE9AE,Service_beiakkdem1vi3j5fejmg,500,1,0.0351885701,0
1537404300,Prod-EcsStagingCluster-EcsCluster-1AAGQRFIOE9AE,Service_beiakkdem1vi3j5fejmg,500,1,0.0348377108,0
1537367160,Prod-EcsStagingCluster-EcsCluster-1AAGQRFIOE9AE,Service_beiakkdem1vi3j5fejmg,500,1,0.0350113573,0
1537370340,Prod-EcsStagingCluster-EcsCluster-1AAGQRFIOE9AE,Service_beiakkdem1vi3j5fejmg,500,1,0.0365288392,0
1537412700,Prod-EcsStagingCluster-EcsCluster-1AAGQRFIOE9AE,Service_beiakkdem1vi3j5fejmg,500,1,0.0365764481,0
1537350120,Prod-EcsStagingCluster-EcsCluster-1AAGQRFIOE9AE,Service_beiakkdem1vi3j5fejmg,500,1,0.0337485325,0
1537353300,Prod-EcsStagingCluster-EcsCluster-1AAGQRFIOE9AE,Service_beiakkdem1vi3j5fejmg,500,1,0.0356445281,0
1537370220,Prod-EcsStagingCluster-EcsCluster-1AAGQRFIOE9AE,Service_beiakkdem1vi3j5fejmg,500,1,0.0479871764,0
1537422240,Prod-EcsStagingCluster-EcsCluster-1AAGQRFIOE9AE,Service_beiakkdem1vi3j5fejmg,500,1,0.0411941152,0
1537383960,Prod-EcsStagingCluster-EcsCluster-1AAGQRFIOE9AE,Service_beiakkdem1vi3j5fejmg,500,1,0.0345534356,0
1537387140,Prod-EcsStagingCluster-EcsCluster-1AAGQRFIOE9AE,Service_beiakkdem1vi3j5fejmg,500,1,0.0378174068,0
1537405200,Prod-EcsStagingCluster-EcsCluster-1AAGQRFIOE9AE,Service_beiakkdem1vi3j5fejmg,500,1,0.0355839519,0
1537378620,Prod-EcsStagingCluster-EcsCluster-1AAGQRFIOE9AE,Service_beiakkdem1vi3j5fejmg,500,1,0.0352684326,0
1537388160,Prod-EcsStagingCluster-EcsCluster-1AAGQRFIOE9AE,Service_beiakkdem1vi3j5fejmg,500,1,0.0360099735,0
1537420980,Prod-EcsStagingCluster-EcsCluster-1AAGQRFIOE9AE,Service_beiakkdem1vi3j5fejmg,500,1,0.0397626270,0
1537389120,Prod-EcsStagingCluster-EcsCluster-1AAGQRFIOE9AE,Service_beiakkdem1vi3j5fejmg,500,1,0.0346078247,0
1537403940,Prod-EcsStagingCluster-EcsCluster-1AAGQRFIOE9AE,Service_beiakkdem1vi3j5fejmg,500,1,1.3803569065,0
1537386900,Prod-EcsStagingCluster-EcsCluster-1AAGQRFIOE9AE,Service_beiakkdem1vi3j5fejmg,500,1,0.0364510026,0
1537418760,Prod-EcsStagingCluster-EcsCluster-1AAGQRFIOE9AE,Service_beiakkdem1vi3j5fejmg,500,1,0.0419830190,0
1537355040,Prod-EcsStagingCluster-EcsCluster-1AAGQRFIOE9AE,Service_beiakkdem1vi3j5fejmg,500,1,0.0353405599,0
1537422960,Prod-EcsStagingCluster-EcsCluster-1AAGQRFIOE9AE,Service_beiakkdem1vi3j5fejmg,500,1,0.0402773039,0
1537403820,Prod-EcsStagingCluster-EcsCluster-1AAGQRFIOE9AE,Service_beiakkdem1vi3j5fejmg,500,1,0.0345331304,0
1537401720,Prod-EcsStagingCluster-EcsCluster-1AAGQRFIOE9AE,Service_beiakkdem1vi3j5fejmg,500,1,0.0349070571,0
1537384680,Prod-EcsStagingCluster-EcsCluster-1AAGQRFIOE9AE,Service_beiakkdem1vi3j5fejmg,500,1,0.0346493038,0
1537352820,Prod-EcsStagingCluster-EcsCluster-1AAGQRFIOE9AE,Service_beiakkdem1vi3j5fejmg,500,1,0.0351779441,0
1537420740,Prod-EcsStagingCluster-EcsCluster-1AAGQRFIOE9AE,Service_beiakkdem1vi3j5fejmg,500,1,0.0400684323,0
1537412220,Prod-EcsStagingCluster-EcsCluster-1AAGQRFIOE9AE,Service_beiakkdem1vi3j5fejmg,500,1,0.0403019133,0
1537369740,Prod-EcsStagingCluster-EcsCluster-1AAGQRFIOE9AE,Service_beiakkdem1vi3j5fejmg,500,1,0.9337080540,0
1537350600,Prod-EcsStagingCluster-EcsCluster-1AAGQRFIOE9AE,Service_beiakkdem1vi3j5fejmg,500,1,0.0372793690,0
1537418520,Prod-EcsStagingCluster-EcsCluster-1AAGQRFIOE9AE,Service_beiakkdem1vi3j5fejmg,500,1,0.0411219134,0
1537422720,Prod-EcsStagingCluster-EcsCluster-1AAGQRFIOE9AE,Service_beiakkdem1vi3j5fejmg,500,1,0.0404727663,0
1537354800,Prod-EcsStagingCluster-EcsCluster-1AAGQRFIOE9AE,Service_beiakkdem1vi3j5fejmg,500,1,0.0363797575,0
1537378140,Prod-EcsStagingCluster-EcsCluster-1AAGQRFIOE9AE,Service_beiakkdem1vi3j5fejmg,500,1,0.0373310202,0
1537420500,Prod-EcsStagingCluster-EcsCluster-1AAGQRFIOE9AE,Service_beiakkdem1vi3j5fejmg,500,1,0.0383024472,0
1537352580,Prod-EcsStagingCluster-EcsCluster-1AAGQRFIOE9AE,Service_beiakkdem1vi3j5fejmg,500,1,0.0357724611,0
1537388640,Prod-EcsStagingCluster-EcsCluster-1AAGQRFIOE9AE,Service_beiakkdem1vi3j5fejmg,500,1,0.0337711151,0
1537350420,Prod-EcsStagingCluster-EcsCluster-1AAGQRFIOE9AE,Service_beiakkdem1vi3j5fejmg,500,1,0.0356327268,0
1537353600,Prod-EcsStagingCluster-EcsCluster-1AAGQRFIOE9AE,Service_beiakkdem1vi3j5fejmg,500,1,0.0358888601,0
1537416060,Prod-EcsStagingCluster-EcsCluster-1AAGQRFIOE9AE,Service_beiakkdem1vi3j5fejmg,500,1,0.0387725136,0
1537351320,Prod-EcsStagingCluster-EcsCluster-1AAGQRFIOE9AE,Service_beiakkdem1vi3j5fejmg,500,1,0.0352159039,0
1537354500,Prod-EcsStagingCluster-EcsCluster-1AAGQRFIOE9AE,Service_beiakkdem1vi3j5fejmg,500,1,0.0351401371,0
1537403340,Prod-EcsStagingCluster-EcsCluster-1AAGQRFIOE9AE,Service_beiakkdem1vi3j5fejmg,500,1,0.0333606579,0
1537357680,Prod-EcsStagingCluster-EcsCluster-1AAGQRFIOE9AE,Service_beiakkdem1vi3j5fejmg,500,1,0.0359725410,0
1537414920,Prod-EcsStagingCluster-EcsCluster-1AAGQRFIOE9AE,Service_beiakkdem1vi3j5fejmg,500,1,0.0403480560,0
1537369260,Prod-EcsStagingCluster-EcsCluster-1AAGQRFIOE9AE,Service_beiakkdem1vi3j5fejmg,500,1,0.0364687644,0
1537418100,Prod-EcsStagingCluster-EcsCluster-1AAGQRFIOE9AE,Service_beiakkdem1vi3j5fejmg,500,1,0.0392438774,0
1537421280,Prod-EcsStagingCluster-EcsCluster-1AAGQRFIOE9AE,Service_beiakkdem1vi3j5fejmg,500,1,0.0383544811,0
1537381980,Prod-EcsStagingCluster-EcsCluster-1AAGQRFIOE9AE,Service_beiakkdem1vi3j5fejmg,500,1,0.0364851924,0
1537374480,Prod-EcsStagingCluster-EcsCluster-1AAGQRFIOE9AE,Service_beiakkdem1vi3j5fejmg,500,1,0.0350684074,0
1537380840,Prod-EcsStagingCluster-EcsCluster-1AAGQRFIOE9AE,Service_beiakkdem1vi3j5fejmg,500,1,0.0345292382,0
1537384020,Prod-EcsStagingCluster-EcsCluster-1AAGQRFIOE9AE,Service_beiakkdem1vi3j5fejmg,500,1,0.0349216372,0
1537387200,Prod-EcsStagingCluster-EcsCluster-1AAGQRFIOE9AE,Service_beiakkdem1vi3j5fejmg,500,1,0.0371143155,0
1537368120,Prod-EcsStagingCluster-EcsCluster-1AAGQRFIOE9AE,Service_beiakkdem1vi3j5fejmg,500,1,0.0351120127,0
1537371300,Prod-EcsStagingCluster-EcsCluster-1AAGQRFIOE9AE,Service_beiakkdem1vi3j5fejmg,500,1,0.0352457671,0
1537347900,Prod-EcsStagingCluster-EcsCluster-1AAGQRFIOE9AE,Service_beiakkdem1vi3j5fejmg,500,1,0.0329511532,0
1537353120,Prod-EcsStagingCluster-EcsCluster-1AAGQRFIOE9AE,Service_beiakkdem1vi3j5fejmg,500,1,0.0351026121,0
1537346760,Prod-EcsStagingCluster-EcsCluster-1AAGQRFIOE9AE,Service_beiakkdem1vi3j5fejmg,500,1,0.0346267587,0
1537349940,Prod-EcsStagingCluster-EcsCluster-1AAGQRFIOE9AE,Service_beiakkdem1vi3j5fejmg,500,1,0.9130690143,0
1537391280,Prod-EcsStagingCluster-EcsCluster-1AAGQRFIOE9AE,Service_beiakkdem1vi3j5fejmg,500,1,0.0331833473,0
1537384920,Prod-EcsStagingCluster-EcsCluster-1AAGQRFIOE9AE,Service_beiakkdem1vi3j5fejmg,500,1,0.0345396874,0
1537388100,Prod-EcsStagingCluster-EcsCluster-1AAGQRFIOE9AE,Service_beiakkdem1vi3j5fejmg,500,1,0.0358089613,0
1537354080,Prod-EcsStagingCluster-EcsCluster-1AAGQRFIOE9AE,Service_beiakkdem1vi3j5fejmg,500,1,0.0351729840,0
1537347720,Prod-EcsStagingCluster-EcsCluster-1AAGQRFIOE9AE,Service_beiakkdem1vi3j5fejmg,500,1,0.0338658991,0
1537392240,Prod-EcsStagingCluster-EcsCluster-1AAGQRFIOE9AE,Service_beiakkdem1vi3j5fejmg,500,1,0.0368662336,0
1537402860,Prod-EcsStagingCluster-EcsCluster-1AAGQRFIOE9AE,Service_beiakkdem1vi3j5fejmg,500,1,0.0344356830,0
1537415580,Prod-EcsStagingCluster-EcsCluster-1AAGQRFIOE9AE,Service_beiakkdem1vi3j5fejmg,500,1,0.0401947784,0
1537385880,Prod-EcsStagingCluster-EcsCluster-1AAGQRFIOE9AE,Service_beiakkdem1vi3j5fejmg,500,1,0.0346260928,0
1537417620,Prod-EcsStagingCluster-EcsCluster-1AAGQRFIOE9AE,Service_beiakkdem1vi3j5fejmg,500,1,0.0399524177,0
1537404900,Prod-EcsStagingCluster-EcsCluster-1AAGQRFIOE9AE,Service_beiakkdem1vi3j5fejmg,500,1,0.0354155843,0
1537381500,Prod-EcsStagingCluster-EcsCluster-1AAGQRFIOE9AE,Service_beiakkdem1vi3j5fejmg,500,1,0.0357490466,0
1537368780,Prod-EcsStagingCluster-EcsCluster-1AAGQRFIOE9AE,Service_beiakkdem1vi3j5fejmg,500,1,0.0357066793,0
1537415400,Prod-EcsStagingCluster-EcsCluster-1AAGQRFIOE9AE,Service_beiakkdem1vi3j5fejmg,500,1,0.0420186653,0
1537421760,Prod-EcsStagingCluster-EcsCluster-1AAGQRFIOE9AE,Service_beiakkdem1vi3j5fejmg,500,1,0.0412723263,0
1537409040,Prod-EcsStagingCluster-EcsCluster-1AAGQRFIOE9AE,Service_beiakkdem1vi3j5fejmg,500,1,0.0393947046,0
1537402680,Prod-EcsStagingCluster-EcsCluster-1AAGQRFIOE9AE,Service_beiakkdem1vi3j5fejmg,500,1,0.0340775202,0
1537383540,Prod-EcsStagingCluster-EcsCluster-1AAGQRFIOE9AE,Service_beiakkdem1vi3j5fejmg,500,1,0.0366576874,0
1537421700,Prod-EcsStagingCluster-EcsCluster-1AAGQRFIOE9AE,Service_beiakkdem1vi3j5fejmg,500,1,0.0408297744,0
1537347420,Prod-EcsStagingCluster-EcsCluster-1AAGQRFIOE9AE,Service_beiakkdem1vi3j5fejmg,500,1,0.0332439369,0
1537381320,Prod-EcsStagingCluster-EcsCluster-1AAGQRFIOE9AE,Service_beiakkdem1vi3j5fejmg,500,1,0.0361584182,0
1537387680,Prod-EcsStagingCluster-EcsCluster-1AAGQRFIOE9AE,Service_beiakkdem1vi3j5fejmg,500,1,0.0354112873,0
1537425840,Prod-EcsStagingCluster-EcsCluster-1AAGQRFIOE9AE,Service_beiakkdem1vi3j5fejmg,500,1,0.0398529376,0
1537419480,Prod-EcsStagingCluster-EcsCluster-1AAGQRFIOE9AE,Service_beiakkdem1vi3j5fejmg,500,1,0.0375156570,0
1537349460,Prod-EcsStagingCluster-EcsCluster-1AAGQRFIOE9AE,Service_beiakkdem1vi3j5fejmg,500,1,0.0357293705,0
1537347240,Prod-EcsStagingCluster-EcsCluster-1AAGQRFIOE9AE,Service_beiakkdem1vi3j5fejmg,500,1,0.0342922976,0
1537423620,Prod-EcsStagingCluster-EcsCluster-1AAGQRFIOE9AE,Service_beiakkdem1vi3j5fejmg,500,1,0.0404899378,0
1537420440,Prod-EcsStagingCluster-EcsCluster-1AAGQRFIOE9AE,Service_beiakkdem1vi3j5fejmg,500,1,0.0378947419,0
1537415100,Prod-EcsStagingCluster-EcsCluster-1AAGQRFIOE9AE,Service_beiakkdem1vi3j5fejmg,500,1,0.0379096854,0
1537356720,Prod-EcsStagingCluster-EcsCluster-1AAGQRFIOE9AE,Service_beiakkdem1vi3j5fejmg,500,1,0.0359642094,0
1537402380,Prod-EcsStagingCluster-EcsCluster-1AAGQRFIOE9AE,Service_beiakkdem1vi3j5fejmg,500,1,0.0355841421,0
1537348200,Prod-EcsStagingCluster-EcsCluster-1AAGQRFIOE9AE,Service_beiakkdem1vi3j5fejmg,500,1,0.0334661385,0
1537351380,Prod-EcsStagingCluster-EcsCluster-1AAGQRFIOE9AE,Service_beiakkdem1vi3j5fejmg,500,1,0.0324806495,0
1537368300,Prod-EcsStagingCluster-EcsCluster-1AAGQRFIOE9AE,Service_beiakkdem1vi3j5fejmg,500,1,0.0362681373,0
1537420320,Prod-EcsStagingCluster-EcsCluster-1AAGQRFIOE9AE,Service_beiakkdem1vi3j5fejmg,500,1,0.0388583132,0
1537381020,Prod-EcsStagingCluster-EcsCluster-1AAGQRFIOE9AE,Service_beiakkdem1vi3j5fejmg,500,1,0.0483368056,0
1537352280,Prod-EcsStagingCluster-EcsCluster-1AAGQRFIOE9AE,Service_beiakkdem1vi3j5fejmg,500,1,0.0361990700,0
1537355460,Prod-EcsStagingCluster-EcsCluster-1AAGQRFIOE9AE,Service_beiakkdem1vi3j5fejmg,500,1,0.0377537600,0
1537386240,Prod-EcsStagingCluster-EcsCluster-1AAGQRFIOE9AE,Service_beiakkdem1vi3j5fejmg,500,1,0.0360902923,0
1537373520,Prod-EcsStagingCluster-EcsCluster-1AAGQRFIOE9AE,Service_beiakkdem1vi3j5fejmg,500,1,0.0339721884,0
1537346940,Prod-EcsStagingCluster-EcsCluster-1AAGQRFIOE9AE,Service_beiakkdem1vi3j5fejmg,500,1,0.0350841113,0
1537415880,Prod-EcsStagingCluster-EcsCluster-1AAGQRFIOE9AE,Service_beiakkdem1vi3j5fejmg,500,1,0.0408112856,0
1537419060,Prod-EcsStagingCluster-EcsCluster-1AAGQRFIOE9AE,Service_beiakkdem1vi3j5fejmg,500,1,0.0391368173,0
1537352160,Prod-EcsStagingCluster-EcsCluster-1AAGQRFIOE9AE,Service_beiakkdem1vi3j5fejmg,500,1,0.0356420531,0
1537390320,Prod-EcsStagingCluster-EcsCluster-1AAGQRFIOE9AE,Service_beiakkdem1vi3j5fejmg,500,1,0.0360262766,0
1537381800,Prod-EcsStagingCluster-EcsCluster-1AAGQRFIOE9AE,Service_beiakkdem1vi3j5fejmg,500,1,0.0354280416,0
1537384980,Prod-EcsStagingCluster-EcsCluster-1AAGQRFIOE9AE,Service_beiakkdem1vi3j5fejmg,500,1,0.0357610738,0
1537369080,Prod-EcsStagingCluster-EcsCluster-1AAGQRFIOE9AE,Service_beiakkdem1vi3j5fejmg,500,1,0.0373761740,0
1537372260,Prod-EcsStagingCluster-EcsCluster-1AAGQRFIOE9AE,Service_beiakkdem1vi3j5fejmg,500,1,0.0344076875,0
1537401900,Prod-EcsStagingCluster-EcsCluster-1AAGQRFIOE9AE,Service_beiakkdem1vi3j5fejmg,500,1,0.0355720218,0
1537414620,Prod-EcsStagingCluster-EcsCluster-1AAGQRFIOE9AE,Service_beiakkdem1vi3j5fejmg,500,1,0.0399175500,0
1537382760,Prod-EcsStagingCluster-EcsCluster-1AAGQRFIOE9AE,Service_beiakkdem1vi3j5fejmg,500,1,0.0363048349,0
1537370040,Prod-EcsStagingCluster-EcsCluster-1AAGQRFIOE9AE,Service_beiakkdem1vi3j5fejmg,500,1,0.0363332856,0
1537350900,Prod-EcsStagingCluster-EcsCluster-1AAGQRFIOE9AE,Service_beiakkdem1vi3j5fejmg,500,1,0.0350805609,0
1537389060,Prod-EcsStagingCluster-EcsCluster-1AAGQRFIOE9AE,Service_beiakkdem1vi3j5fejmg,500,1,0.0355094378,0
1537380540,Prod-EcsStagingCluster-EcsCluster-1AAGQRFIOE9AE,Service_beiakkdem1vi3j5fejmg,500,1,0.9372705935,0
1537367820,Prod-EcsStagingCluster-EcsCluster-1AAGQRFIOE9AE,Service_beiakkdem1vi3j5fejmg,500,1,0.0350435671,0
1537348680,Prod-EcsStagingCluster-EcsCluster-1AAGQRFIOE9AE,Service_beiakkdem1vi3j5fejmg,500,1,0.0355165686,0
1537420800,Prod-EcsStagingCluster-EcsCluster-1AAGQRFIOE9AE,Service_beiakkdem1vi3j5fejmg,500,1,0.0397633800,0
1537386840,Prod-EcsStagingCluster-EcsCluster-1AAGQRFIOE9AE,Service_beiakkdem1vi3j5fejmg,500,1,0.0359890719,0
1537408080,Prod-EcsStagingCluster-EcsCluster-1AAGQRFIOE9AE,Service_beiakkdem1vi3j5fejmg,500,1,0.0394171659,0
1537346460,Prod-EcsStagingCluster-EcsCluster-1AAGQRFIOE9AE,Service_beiakkdem1vi3j5fejmg,500,1,0.0355271075,0
1537418580,Prod-EcsStagingCluster-EcsCluster-1AAGQRFIOE9AE,Service_beiakkdem1vi3j5fejmg,500,1,0.0402871748,0
1537405860,Prod-EcsStagingCluster-EcsCluster-1AAGQRFIOE9AE,Service_beiakkdem1vi3j5fejmg,500,1,0.0344471053,0
1537386720,Prod-EcsStagingCluster-EcsCluster-1AAGQRFIOE9AE,Service_beiakkdem1vi3j5fejmg,500,1,0.0346375405,0
1537424880,Prod-EcsStagingCluster-EcsCluster-1AAGQRFIOE9AE,Service_beiakkdem1vi3j5fejmg,500,1,0.0402113027,0
1537416360,Prod-EcsStagingCluster-EcsCluster-1AAGQRFIOE9AE,Service_beiakkdem1vi3j5fejmg,500,1,0.0387840010,0
1537403640,Prod-EcsStagingCluster-EcsCluster-1AAGQRFIOE9AE,Service_beiakkdem1vi3j5fejmg,500,1,0.0348216143,0
1537384500,Prod-EcsStagingCluster-EcsCluster-1AAGQRFIOE9AE,Service_beiakkdem1vi3j5fejmg,500,1,0.0349881192,0
1537422660,Prod-EcsStagingCluster-EcsCluster-1AAGQRFIOE9AE,Service_beiakkdem1vi3j5fejmg,500,1,0.0401479148,0
1537352640,Prod-EcsStagingCluster-EcsCluster-1AAGQRFIOE9AE,Service_beiakkdem1vi3j5fejmg,500,1,0.0354717369,0
1537414140,Prod-EcsStagingCluster-EcsCluster-1AAGQRFIOE9AE,Service_beiakkdem1vi3j5fejmg,500,1,0.0384393432,0
1537401420,Prod-EcsStagingCluster-EcsCluster-1AAGQRFIOE9AE,Service_beiakkdem1vi3j5fejmg,500,1,0.0369834424,0
1537382280,Prod-EcsStagingCluster-EcsCluster-1AAGQRFIOE9AE,Service_beiakkdem1vi3j5fejmg,500,1,0.0348051088,0
1537409820,Prod-EcsStagingCluster-EcsCluster-1AAGQRFIOE9AE,Service_beiakkdem1vi3j5fejmg,500,1,0.0508092012,0
1537416180,Prod-EcsStagingCluster-EcsCluster-1AAGQRFIOE9AE,Service_beiakkdem1vi3j5fejmg,500,1,0.0398545513,0
1537393920,Prod-EcsStagingCluster-EcsCluster-1AAGQRFIOE9AE,Service_beiakkdem1vi3j5fejmg,500,1,0.0374833224,0
1537387560,Prod-EcsStagingCluster-EcsCluster-1AAGQRFIOE9AE,Service_beiakkdem1vi3j5fejmg,500,1,0.0348609754,0
1537373700,Prod-EcsStagingCluster-EcsCluster-1AAGQRFIOE9AE,Service_beiakkdem1vi3j5fejmg,500,1,0.0372680476,0
1537348260,Prod-EcsStagingCluster-EcsCluster-1AAGQRFIOE9AE,Service_beiakkdem1vi3j5fejmg,500,1,0.0335647662,0
1537392780,Prod-EcsStagingCluster-EcsCluster-1AAGQRFIOE9AE,Service_beiakkdem1vi3j5fejmg,500,1,0.0366518384,0
1537399140,Prod-EcsStagingCluster-EcsCluster-1AAGQRFIOE9AE,Service_beiakkdem1vi3j5fejmg,500,1,0.0372931209,0
1537424580,Prod-EcsStagingCluster-EcsCluster-1AAGQRFIOE9AE,Service_beiakkdem1vi3j5fejmg,500,1,0.0405458492,0
1537351200,Prod-EcsStagingCluster-EcsCluster-1AAGQRFIOE9AE,Service_beiakkdem1vi3j5fejmg,500,1,0.0361533345,0
1537395720,Prod-EcsStagingCluster-EcsCluster-1AAGQRFIOE9AE,Service_beiakkdem1vi3j5fejmg,500,1,0.0333498923,0
1537367100,Prod-EcsStagingCluster-EcsCluster-1AAGQRFIOE9AE,Service_beiakkdem1vi3j5fejmg,500,1,0.0347205380,0
1537373460,Prod-EcsStagingCluster-EcsCluster-1AAGQRFIOE9AE,Service_beiakkdem1vi3j5fejmg,500,1,0.0330315488,0
1537417980,Prod-EcsStagingCluster-EcsCluster-1AAGQRFIOE9AE,Service_beiakkdem1vi3j5fejmg,500,1,0.0413625462,0
1537424340,Prod-EcsStagingCluster-EcsCluster-1AAGQRFIOE9AE,Service_beiakkdem1vi3j5fejmg,500,1,0.0412357383,0
1537350060,Prod-EcsStagingCluster-EcsCluster-1AAGQRFIOE9AE,Service_beiakkdem1vi3j5fejmg,500,1,0.0330823157,0
1537353240,Prod-EcsStagingCluster-EcsCluster-1AAGQRFIOE9AE,Service_beiakkdem1vi3j5fejmg,500,1,0.0346090263,0
1537402080,Prod-EcsStagingCluster-EcsCluster-1AAGQRFIOE9AE,Service_beiakkdem1vi3j5fejmg,500,1,0.0361886112,0
1537378680,Prod-EcsStagingCluster-EcsCluster-1AAGQRFIOE9AE,Service_beiakkdem1vi3j5fejmg,500,1,0.0354159119,0
1537359600,Prod-EcsStagingCluster-EcsCluster-1AAGQRFIOE9AE,Service_beiakkdem1vi3j5fejmg,500,1,0.0369734658,0
1537404120,Prod-EcsStagingCluster-EcsCluster-1AAGQRFIOE9AE,Service_beiakkdem1vi3j5fejmg,500,1,0.0351228238,0
1537410480,Prod-EcsStagingCluster-EcsCluster-1AAGQRFIOE9AE,Service_beiakkdem1vi3j5fejmg,500,1,0.0389596809,0
1537400940,Prod-EcsStagingCluster-EcsCluster-1AAGQRFIOE9AE,Service_beiakkdem1vi3j5fejmg,500,1,0.0358457197,0
1537385040,Prod-EcsStagingCluster-EcsCluster-1AAGQRFIOE9AE,Service_beiakkdem1vi3j5fejmg,500,1,0.0353520644,0
1537429560,Prod-EcsStagingCluster-EcsCluster-1AAGQRFIOE9AE,Service_beiakkdem1vi3j5fejmg,500,1,0.0373600985,0
1537375260,Prod-EcsStagingCluster-EcsCluster-1AAGQRFIOE9AE,Service_beiakkdem1vi3j5fejmg,500,1,0.0358642446,0
1537381620,Prod-EcsStagingCluster-EcsCluster-1AAGQRFIOE9AE,Service_beiakkdem1vi3j5fejmg,500,1,0.0354656457,0
1537426140,Prod-EcsStagingCluster-EcsCluster-1AAGQRFIOE9AE,Service_beiakkdem1vi3j5fejmg,500,1,0.0397680663,0
1537358220,Prod-EcsStagingCluster-EcsCluster-1AAGQRFIOE9AE,Service_beiakkdem1vi3j5fejmg,500,1,0.0363828495,0
1537390020,Prod-EcsStagingCluster-EcsCluster-1AAGQRFIOE9AE,Service_beiakkdem1vi3j5fejmg,500,1,0.0366815226,0
1537364580,Prod-EcsStagingCluster-EcsCluster-1AAGQRFIOE9AE,Service_beiakkdem1vi3j5fejmg,500,1,0.0357597214,0
1537409100,Prod-EcsStagingCluster-EcsCluster-1AAGQRFIOE9AE,Service_beiakkdem1vi3j5fejmg,500,1,0.0392697195,0
1537415460,Prod-EcsStagingCluster-EcsCluster-1AAGQRFIOE9AE,Service_beiakkdem1vi3j5fejmg,500,1,0.0407424644,0
1537379400,Prod-EcsStagingCluster-EcsCluster-1AAGQRFIOE9AE,Service_beiakkdem1vi3j5fejmg,500,1,0.0368434473,0
1537385760,Prod-EcsStagingCluster-EcsCluster-1AAGQRFIOE9AE,Service_beiakkdem1vi3j5fejmg,500,1,0.0356805873,0
1537430280,Prod-EcsStagingCluster-EcsCluster-1AAGQRFIOE9AE,Service_beiakkdem1vi3j5fejmg,500,1,0.0364894034,0
1537362360,Prod-EcsStagingCluster-EcsCluster-1AAGQRFIOE9AE,Service_beiakkdem1vi3j5fejmg,500,1,0.0343151657,0
1537394160,Prod-EcsStagingCluster-EcsCluster-1AAGQRFIOE9AE,Service_beiakkdem1vi3j5fejmg,500,1,0.0354645478,0
1537387800,Prod-EcsStagingCluster-EcsCluster-1AAGQRFIOE9AE,Service_beiakkdem1vi3j5fejmg,500,1,0.0366392226,0
1537368720,Prod-EcsStagingCluster-EcsCluster-1AAGQRFIOE9AE,Service_beiakkdem1vi3j5fejmg,500,1,0.0351530674,0
1537413240,Prod-EcsStagingCluster-EcsCluster-1AAGQRFIOE9AE,Service_beiakkdem1vi3j5fejmg,500,1,0.0378295555,0
1537419600,Prod-EcsStagingCluster-EcsCluster-1AAGQRFIOE9AE,Service_beiakkdem1vi3j5fejmg,500,1,0.0398374381,0
1537383420,Prod-EcsStagingCluster-EcsCluster-1AAGQRFIOE9AE,Service_beiakkdem1vi3j5fejmg,500,1,0.0366873177,0
1537389780,Prod-EcsStagingCluster-EcsCluster-1AAGQRFIOE9AE,Service_beiakkdem1vi3j5fejmg,500,1,0.0353740695,0
1537366380,Prod-EcsStagingCluster-EcsCluster-1AAGQRFIOE9AE,Service_beiakkdem1vi3j5fejmg,500,1,0.0364650983,0
1537426800,Prod-EcsStagingCluster-EcsCluster-1AAGQRFIOE9AE,Service_beiakkdem1vi3j5fejmg,500,1,0.0402508449,0
1537417260,Prod-EcsStagingCluster-EcsCluster-1AAGQRFIOE9AE,Service_beiakkdem1vi3j5fejmg,500,1,0.0410454712,0
1537363080,Prod-EcsStagingCluster-EcsCluster-1AAGQRFIOE9AE,Service_beiakkdem1vi3j5fejmg,500,1,0.0400080013,0
1537413960,Prod-EcsStagingCluster-EcsCluster-1AAGQRFIOE9AE,Service_beiakkdem1vi3j5fejmg,500,1,0.0367949404,0
1537391700,Prod-EcsStagingCluster-EcsCluster-1AAGQRFIOE9AE,Service_beiakkdem1vi3j5fejmg,500,1,0.0356285272,0
1537371480,Prod-EcsStagingCluster-EcsCluster-1AAGQRFIOE9AE,Service_beiakkdem1vi3j5fejmg,500,1,0.0354342621,0
1537346040,Prod-EcsStagingCluster-EcsCluster-1AAGQRFIOE9AE,Service_beiakkdem1vi3j5fejmg,500,1,0.0364063389,0
1537396920,Prod-EcsStagingCluster-EcsCluster-1AAGQRFIOE9AE,Service_beiakkdem1vi3j5fejmg,500,1,0.0362170443,0
1537422360,Prod-EcsStagingCluster-EcsCluster-1AAGQRFIOE9AE,Service_beiakkdem1vi3j5fejmg,500,1,0.0404949119,0
1537391580,Prod-EcsStagingCluster-EcsCluster-1AAGQRFIOE9AE,Service_beiakkdem1vi3j5fejmg,500,1,0.0359648310,0
1537375680,Prod-EcsStagingCluster-EcsCluster-1AAGQRFIOE9AE,Service_beiakkdem1vi3j5fejmg,500,1,0.0367557580,0
1537374540,Prod-EcsStagingCluster-EcsCluster-1AAGQRFIOE9AE,Service_beiakkdem1vi3j5fejmg,500,1,0.0350637347,0
1537426560,Prod-EcsStagingCluster-EcsCluster-1AAGQRFIOE9AE,Service_beiakkdem1vi3j5fejmg,500,1,0.0404835134,0
1537425420,Prod-EcsStagingCluster-EcsCluster-1AAGQRFIOE9AE,Service_beiakkdem1vi3j5fejmg,500,1,0.0401415155,0
1537348980,Prod-EcsStagingCluster-EcsCluster-1AAGQRFIOE9AE,Service_beiakkdem1vi3j5fejmg,500,1,0.0352248798,0
1537371240,Prod-EcsStagingCluster-EcsCluster-1AAGQRFIOE9AE,Service_beiakkdem1vi3j5fejmg,500,1,0.0373759540,0
1537422120,Prod-EcsStagingCluster-EcsCluster-1AAGQRFIOE9AE,Service_beiakkdem1vi3j5fejmg,500,1,0.0406624178,0
1537399860,Prod-EcsStagingCluster-EcsCluster-1AAGQRFIOE9AE,Service_beiakkdem1vi3j5fejmg,500,1,0.0342873778,0
1537357380,Prod-EcsStagingCluster-EcsCluster-1AAGQRFIOE9AE,Service_beiakkdem1vi3j5fejmg,500,1,0.0347175773,0
1537408260,Prod-EcsStagingCluster-EcsCluster-1AAGQRFIOE9AE,Service_beiakkdem1vi3j5fejmg,500,1,0.0389526147,0
1537348860,Prod-EcsStagingCluster-EcsCluster-1AAGQRFIOE9AE,Service_beiakkdem1vi3j5fejmg,500,1,0.0345982569,0
1537382820,Prod-EcsStagingCluster-EcsCluster-1AAGQRFIOE9AE,Service_beiakkdem1vi3j5fejmg,500,1,0.0362069293,0
1537399740,Prod-EcsStagingCluster-EcsCluster-1AAGQRFIOE9AE,Service_beiakkdem1vi3j5fejmg,500,1,0.0392302071,0
1537355160,Prod-EcsStagingCluster-EcsCluster-1AAGQRFIOE9AE,Service_beiakkdem1vi3j5fejmg,500,1,0.0350066857,0
1537380600,Prod-EcsStagingCluster-EcsCluster-1AAGQRFIOE9AE,Service_beiakkdem1vi3j5fejmg,500,1,0.0351363632,0
1537406040,Prod-EcsStagingCluster-EcsCluster-1AAGQRFIOE9AE,Service_beiakkdem1vi3j5fejmg,500,1,0.0339753009,0
1537359360,Prod-EcsStagingCluster-EcsCluster-1AAGQRFIOE9AE,Service_beiakkdem1vi3j5fejmg,500,1,0.0354077468,0
1537382700,Prod-EcsStagingCluster-EcsCluster-1AAGQRFIOE9AE,Service_beiakkdem1vi3j5fejmg,500,1,0.0353573465,0
1537431480,Prod-EcsStagingCluster-EcsCluster-1AAGQRFIOE9AE,Service_beiakkdem1vi3j5fejmg,500,1,0.0363399743,0
1537410240,Prod-EcsStagingCluster-EcsCluster-1AAGQRFIOE9AE,Service_beiakkdem1vi3j5fejmg,500,1,0.0402129080,0
1537357140,Prod-EcsStagingCluster-EcsCluster-1AAGQRFIOE9AE,Service_beiakkdem1vi3j5fejmg,500,1,0.0358619461,0
1537408020,Prod-EcsStagingCluster-EcsCluster-1AAGQRFIOE9AE,Service_beiakkdem1vi3j5fejmg,500,1,0.0383765178,0
1537357020,Prod-EcsStagingCluster-EcsCluster-1AAGQRFIOE9AE,Service_beiakkdem1vi3j5fejmg,500,1,0.0351236714,0
1537354920,Prod-EcsStagingCluster-EcsCluster-1AAGQRFIOE9AE,Service_beiakkdem1vi3j5fejmg,500,1,0.0372451090,0
1537407900,Prod-EcsStagingCluster-EcsCluster-1AAGQRFIOE9AE,Service_beiakkdem1vi3j5fejmg,500,1,0.0402626090,0
1537405800,Prod-EcsStagingCluster-EcsCluster-1AAGQRFIOE9AE,Service_beiakkdem1vi3j5fejmg,500,1,0.0345624051,0
1537390860,Prod-EcsStagingCluster-EcsCluster-1AAGQRFIOE9AE,Service_beiakkdem1vi3j5fejmg,500,1,0.0358640208,0
1537367520,Prod-EcsStagingCluster-EcsCluster-1AAGQRFIOE9AE,Service_beiakkdem1vi3j5fejmg,500,1,0.0355284875,0
1537418400,Prod-EcsStagingCluster-EcsCluster-1AAGQRFIOE9AE,Service_beiakkdem1vi3j5fejmg,500,1,0.0424087019,0
1537375920,Prod-EcsStagingCluster-EcsCluster-1AAGQRFIOE9AE,Service_beiakkdem1vi3j5fejmg,500,1,0.0365548156,0
1537350480,Prod-EcsStagingCluster-EcsCluster-1AAGQRFIOE9AE,Service_beiakkdem1vi3j5fejmg,500,1,0.0363776993,0
1537401360,Prod-EcsStagingCluster-EcsCluster-1AAGQRFIOE9AE,Service_beiakkdem1vi3j5fejmg,500,1,0.0368000239,0
1537365300,Prod-EcsStagingCluster-EcsCluster-1AAGQRFIOE9AE,Service_beiakkdem1vi3j5fejmg,500,1,0.0363613171,0
1537421520,Prod-EcsStagingCluster-EcsCluster-1AAGQRFIOE9AE,Service_beiakkdem1vi3j5fejmg,500,1,0.0403851322,0
1537349280,Prod-EcsStagingCluster-EcsCluster-1AAGQRFIOE9AE,Service_beiakkdem1vi3j5fejmg,500,1,0.0358320535,0
1537393800,Prod-EcsStagingCluster-EcsCluster-1AAGQRFIOE9AE,Service_beiakkdem1vi3j5fejmg,500,1,0.0343756096,0
1537371540,Prod-EcsStagingCluster-EcsCluster-1AAGQRFIOE9AE,Service_beiakkdem1vi3j5fejmg,500,1,0.9023619043,0
1537422420,Prod-EcsStagingCluster-EcsCluster-1AAGQRFIOE9AE,Service_beiakkdem1vi3j5fejmg,500,1,0.0408292373,0
1537348140,Prod-EcsStagingCluster-EcsCluster-1AAGQRFIOE9AE,Service_beiakkdem1vi3j5fejmg,500,1,0.9011384981,0
1537400160,Prod-EcsStagingCluster-EcsCluster-1AAGQRFIOE9AE,Service_beiakkdem1vi3j5fejmg,500,1,0.0361921949,0
1537360860,Prod-EcsStagingCluster-EcsCluster-1AAGQRFIOE9AE,Service_beiakkdem1vi3j5fejmg,500,1,0.0354458397,0
1537411740,Prod-EcsStagingCluster-EcsCluster-1AAGQRFIOE9AE,Service_beiakkdem1vi3j5fejmg,500,1,0.0409373839,0
1537399020,Prod-EcsStagingCluster-EcsCluster-1AAGQRFIOE9AE,Service_beiakkdem1vi3j5fejmg,500,1,0.0539308870,0
1537350180,Prod-EcsStagingCluster-EcsCluster-1AAGQRFIOE9AE,Service_beiakkdem1vi3j5fejmg,500,1,0.0343379715,0
1537401060,Prod-EcsStagingCluster-EcsCluster-1AAGQRFIOE9AE,Service_beiakkdem1vi3j5fejmg,500,1,0.0355552369,0
1537375620,Prod-EcsStagingCluster-EcsCluster-1AAGQRFIOE9AE,Service_beiakkdem1vi3j5fejmg,500,1,0.0384786340,0
1537426500,Prod-EcsStagingCluster-EcsCluster-1AAGQRFIOE9AE,Service_beiakkdem1vi3j5fejmg,500,1,0.0400974242,0
1537379700,Prod-EcsStagingCluster-EcsCluster-1AAGQRFIOE9AE,Service_beiakkdem1vi3j5fejmg,500,1,0.0359781914,0
1537351080,Prod-EcsStagingCluster-EcsCluster-1AAGQRFIOE9AE,Service_beiakkdem1vi3j5fejmg,500,1,0.0349388231,0
1537357440,Prod-EcsStagingCluster-EcsCluster-1AAGQRFIOE9AE,Service_beiakkdem1vi3j5fejmg,500,1,0.0363360759,0
1537401960,Prod-EcsStagingCluster-EcsCluster-1AAGQRFIOE9AE,Service_beiakkdem1vi3j5fejmg,500,1,0.0348742096,0
1537430580,Prod-EcsStagingCluster-EcsCluster-1AAGQRFIOE9AE,Service_beiakkdem1vi3j5fejmg,500,1,0.0355414505,0
1537356300,Prod-EcsStagingCluster-EcsCluster-1AAGQRFIOE9AE,Service_beiakkdem1vi3j5fejmg,500,1,0.0360391689,0
1537408320,Prod-EcsStagingCluster-EcsCluster-1AAGQRFIOE9AE,Service_beiakkdem1vi3j5fejmg,500,1,0.0399955854,0
1537369020,Prod-EcsStagingCluster-EcsCluster-1AAGQRFIOE9AE,Service_beiakkdem1vi3j5fejmg,500,1,0.0348544271,0
1537419900,Prod-EcsStagingCluster-EcsCluster-1AAGQRFIOE9AE,Service_beiakkdem1vi3j5fejmg,500,1,0.0391848236,0
1537407180,Prod-EcsStagingCluster-EcsCluster-1AAGQRFIOE9AE,Service_beiakkdem1vi3j5fejmg,500,1,0.0382324772,0
1537383840,Prod-EcsStagingCluster-EcsCluster-1AAGQRFIOE9AE,Service_beiakkdem1vi3j5fejmg,500,1,0.0346879033,0
1537428360,Prod-EcsStagingCluster-EcsCluster-1AAGQRFIOE9AE,Service_beiakkdem1vi3j5fejmg,500,1,0.0377490334,0
1537387860,Prod-EcsStagingCluster-EcsCluster-1AAGQRFIOE9AE,Service_beiakkdem1vi3j5fejmg,500,1,0.0353128353,0
1537364460,Prod-EcsStagingCluster-EcsCluster-1AAGQRFIOE9AE,Service_beiakkdem1vi3j5fejmg,500,1,0.0356110360,0
1537377180,Prod-EcsStagingCluster-EcsCluster-1AAGQRFIOE9AE,Service_beiakkdem1vi3j5fejmg,500,1,0.0351016201,0
1537385640,Prod-EcsStagingCluster-EcsCluster-1AAGQRFIOE9AE,Service_beiakkdem1vi3j5fejmg,500,1,0.0342414586,0
1537428060,Prod-EcsStagingCluster-EcsCluster-1AAGQRFIOE9AE,Service_beiakkdem1vi3j5fejmg,500,1,0.0373702854,0
1537392000,Prod-EcsStagingCluster-EcsCluster-1AAGQRFIOE9AE,Service_beiakkdem1vi3j5fejmg,500,1,0.0377841009,0
1537415340,Prod-EcsStagingCluster-EcsCluster-1AAGQRFIOE9AE,Service_beiakkdem1vi3j5fejmg,500,1,0.0415379441,0
1537391940,Prod-EcsStagingCluster-EcsCluster-1AAGQRFIOE9AE,Service_beiakkdem1vi3j5fejmg,500,1,0.0376102430,0
1537366500,Prod-EcsStagingCluster-EcsCluster-1AAGQRFIOE9AE,Service_beiakkdem1vi3j5fejmg,500,1,0.0364996649,0
1537417380,Prod-EcsStagingCluster-EcsCluster-1AAGQRFIOE9AE,Service_beiakkdem1vi3j5fejmg,500,1,0.0427844230,0
1537389720,Prod-EcsStagingCluster-EcsCluster-1AAGQRFIOE9AE,Service_beiakkdem1vi3j5fejmg,500,1,0.0337349667,0
1537364280,Prod-EcsStagingCluster-EcsCluster-1AAGQRFIOE9AE,Service_beiakkdem1vi3j5fejmg,500,1,0.0356704018,0
1537370640,Prod-EcsStagingCluster-EcsCluster-1AAGQRFIOE9AE,Service_beiakkdem1vi3j5fejmg,500,1,0.0339389476,0
1537415160,Prod-EcsStagingCluster-EcsCluster-1AAGQRFIOE9AE,Service_beiakkdem1vi3j5fejmg,500,1,0.0367915640,0
1537396080,Prod-EcsStagingCluster-EcsCluster-1AAGQRFIOE9AE,Service_beiakkdem1vi3j5fejmg,500,1,0.0371086107,0
1537373760,Prod-EcsStagingCluster-EcsCluster-1AAGQRFIOE9AE,Service_beiakkdem1vi3j5fejmg,500,1,0.0362812800,0
1537424640,Prod-EcsStagingCluster-EcsCluster-1AAGQRFIOE9AE,Service_beiakkdem1vi3j5fejmg,500,1,0.0425788331,0
1537393860,Prod-EcsStagingCluster-EcsCluster-1AAGQRFIOE9AE,Service_beiakkdem1vi3j5fejmg,500,1,0.0342403022,0
1537368420,Prod-EcsStagingCluster-EcsCluster-1AAGQRFIOE9AE,Service_beiakkdem1vi3j5fejmg,500,1,0.0374707005,0
1537419300,Prod-EcsStagingCluster-EcsCluster-1AAGQRFIOE9AE,Service_beiakkdem1vi3j5fejmg,500,1,0.0398670605,0
1537372620,Prod-EcsStagingCluster-EcsCluster-1AAGQRFIOE9AE,Service_beiakkdem1vi3j5fejmg,500,1,0.0367934820,0
1537385340,Prod-EcsStagingCluster-EcsCluster-1AAGQRFIOE9AE,Service_beiakkdem1vi3j5fejmg,500,1,0.0360033480,0
1537423500,Prod-EcsStagingCluster-EcsCluster-1AAGQRFIOE9AE,Service_beiakkdem1vi3j5fejmg,500,1,0.0409098702,0
1537352400,Prod-EcsStagingCluster-EcsCluster-1AAGQRFIOE9AE,Service_beiakkdem1vi3j5fejmg,500,1,0.0353521812,0
1537347060,Prod-EcsStagingCluster-EcsCluster-1AAGQRFIOE9AE,Service_beiakkdem1vi3j5fejmg,500,1,0.0342440325,0
1537377840,Prod-EcsStagingCluster-EcsCluster-1AAGQRFIOE9AE,Service_beiakkdem1vi3j5fejmg,500,1,0.0354321705,0
1537397940,Prod-EcsStagingCluster-EcsCluster-1AAGQRFIOE9AE,Service_beiakkdem1vi3j5fejmg,500,1,0.0377604915,0
1537428720,Prod-EcsStagingCluster-EcsCluster-1AAGQRFIOE9AE,Service_beiakkdem1vi3j5fejmg,500,1,0.0372254471,0
1537403280,Prod-EcsStagingCluster-EcsCluster-1AAGQRFIOE9AE,Service_beiakkdem1vi3j5fejmg,500,1,0.0352753418,0
1537369320,Prod-EcsStagingCluster-EcsCluster-1AAGQRFIOE9AE,Service_beiakkdem1vi3j5fejmg,500,1,0.0353990969,0
1537420200,Prod-EcsStagingCluster-EcsCluster-1AAGQRFIOE9AE,Service_beiakkdem1vi3j5fejmg,500,1,0.0397354573,0
1537373400,Prod-EcsStagingCluster-EcsCluster-1AAGQRFIOE9AE,Service_beiakkdem1vi3j5fejmg,500,1,0.0346087013,0
1537347960,Prod-EcsStagingCluster-EcsCluster-1AAGQRFIOE9AE,Service_beiakkdem1vi3j5fejmg,500,1,0.0350137191,0
1537381920,Prod-EcsStagingCluster-EcsCluster-1AAGQRFIOE9AE,Service_beiakkdem1vi3j5fejmg,500,1,0.0346328582,0
1537398840,Prod-EcsStagingCluster-EcsCluster-1AAGQRFIOE9AE,Service_beiakkdem1vi3j5fejmg,500,1,0.0362612765,0
1537424280,Prod-EcsStagingCluster-EcsCluster-1AAGQRFIOE9AE,Service_beiakkdem1vi3j5fejmg,500,1,0.0404019418,0
1537393500,Prod-EcsStagingCluster-EcsCluster-1AAGQRFIOE9AE,Service_beiakkdem1vi3j5fejmg,500,1,0.0357114507,0
1537380780,Prod-EcsStagingCluster-EcsCluster-1AAGQRFIOE9AE,Service_beiakkdem1vi3j5fejmg,500,1,0.0345894077,0
1537431660,Prod-EcsStagingCluster-EcsCluster-1AAGQRFIOE9AE,Service_beiakkdem1vi3j5fejmg,500,1,0.0358405405,0
1537377480,Prod-EcsStagingCluster-EcsCluster-1AAGQRFIOE9AE,Service_beiakkdem1vi3j5fejmg,500,1,0.0363053693,0
1537355220,Prod-EcsStagingCluster-EcsCluster-1AAGQRFIOE9AE,Service_beiakkdem1vi3j5fejmg,500,1,0.0368388393,0
1537406100,Prod-EcsStagingCluster-EcsCluster-1AAGQRFIOE9AE,Service_beiakkdem1vi3j5fejmg,500,1,0.0335570598,0
1537361520,Prod-EcsStagingCluster-EcsCluster-1AAGQRFIOE9AE,Service_beiakkdem1vi3j5fejmg,500,1,0.0364948814,0
1537412400,Prod-EcsStagingCluster-EcsCluster-1AAGQRFIOE9AE,Service_beiakkdem1vi3j5fejmg,500,1,0.0381480606,0
1537353000,Prod-EcsStagingCluster-EcsCluster-1AAGQRFIOE9AE,Service_beiakkdem1vi3j5fejmg,500,1,0.0356859912,0
1537386960,Prod-EcsStagingCluster-EcsCluster-1AAGQRFIOE9AE,Service_beiakkdem1vi3j5fejmg,500,1,0.0364865927,0
1537403880,Prod-EcsStagingCluster-EcsCluster-1AAGQRFIOE9AE,Service_beiakkdem1vi3j5fejmg,500,1,0.0358057452,0
1537359300,Prod-EcsStagingCluster-EcsCluster-1AAGQRFIOE9AE,Service_beiakkdem1vi3j5fejmg,500,1,0.0349945755,0
1537410180,Prod-EcsStagingCluster-EcsCluster-1AAGQRFIOE9AE,Service_beiakkdem1vi3j5fejmg,500,1,0.0385295210,0
1537350780,Prod-EcsStagingCluster-EcsCluster-1AAGQRFIOE9AE,Service_beiakkdem1vi3j5fejmg,500,1,0.0329035234,0
1537384740,Prod-EcsStagingCluster-EcsCluster-1AAGQRFIOE9AE,Service_beiakkdem1vi3j5fejmg,500,1,0.0354184854,0
1537401660,Prod-EcsStagingCluster-EcsCluster-1AAGQRFIOE9AE,Service_beiakkdem1vi3j5fejmg,500,1,0.0375724779,0
1537388940,Prod-EcsStagingCluster-EcsCluster-1AAGQRFIOE9AE,Service_beiakkdem1vi3j5fejmg,500,1,0.0340438145,0
1537365600,Prod-EcsStagingCluster-EcsCluster-1AAGQRFIOE9AE,Service_beiakkdem1vi3j5fejmg,500,1,0.0357419313,0
1537416480,Prod-EcsStagingCluster-EcsCluster-1AAGQRFIOE9AE,Service_beiakkdem1vi3j5fejmg,500,1,0.0387135586,0
1537357080,Prod-EcsStagingCluster-EcsCluster-1AAGQRFIOE9AE,Service_beiakkdem1vi3j5fejmg,500,1,0.0357192989,0
1537407960,Prod-EcsStagingCluster-EcsCluster-1AAGQRFIOE9AE,Service_beiakkdem1vi3j5fejmg,500,1,0.0393271767,0
1537382520,Prod-EcsStagingCluster-EcsCluster-1AAGQRFIOE9AE,Service_beiakkdem1vi3j5fejmg,500,1,0.0353946137,0
1537363380,Prod-EcsStagingCluster-EcsCluster-1AAGQRFIOE9AE,Service_beiakkdem1vi3j5fejmg,500,1,0.0348730378,0
1537414260,Prod-EcsStagingCluster-EcsCluster-1AAGQRFIOE9AE,Service_beiakkdem1vi3j5fejmg,500,1,0.0385497289,0
1537361160,Prod-EcsStagingCluster-EcsCluster-1AAGQRFIOE9AE,Service_beiakkdem1vi3j5fejmg,500,1,0.0367504687,0
1537412040,Prod-EcsStagingCluster-EcsCluster-1AAGQRFIOE9AE,Service_beiakkdem1vi3j5fejmg,500,1,0.0385803832,0
1537346220,Prod-EcsStagingCluster-EcsCluster-1AAGQRFIOE9AE,Service_beiakkdem1vi3j5fejmg,500,1,0.0356562866,0
1537358940,Prod-EcsStagingCluster-EcsCluster-1AAGQRFIOE9AE,Service_beiakkdem1vi3j5fejmg,500,1,0.0338386520,0
1537397100,Prod-EcsStagingCluster-EcsCluster-1AAGQRFIOE9AE,Service_beiakkdem1vi3j5fejmg,500,1,0.0356059849,0
1537360980,Prod-EcsStagingCluster-EcsCluster-1AAGQRFIOE9AE,Service_beiakkdem1vi3j5fejmg,500,1,0.0358996797,0
1537425720,Prod-EcsStagingCluster-EcsCluster-1AAGQRFIOE9AE,Service_beiakkdem1vi3j5fejmg,500,1,0.0396392016,0
1537354620,Prod-EcsStagingCluster-EcsCluster-1AAGQRFIOE9AE,Service_beiakkdem1vi3j5fejmg,500,1,0.0350675825,0
1537411860,Prod-EcsStagingCluster-EcsCluster-1AAGQRFIOE9AE,Service_beiakkdem1vi3j5fejmg,500,1,0.0407649910,0
1537405500,Prod-EcsStagingCluster-EcsCluster-1AAGQRFIOE9AE,Service_beiakkdem1vi3j5fejmg,500,1,0.0361542272,0
1537347120,Prod-EcsStagingCluster-EcsCluster-1AAGQRFIOE9AE,Service_beiakkdem1vi3j5fejmg,500,1,0.0354623993,0
1537391640,Prod-EcsStagingCluster-EcsCluster-1AAGQRFIOE9AE,Service_beiakkdem1vi3j5fejmg,500,1,0.0362651702,0
1537398000,Prod-EcsStagingCluster-EcsCluster-1AAGQRFIOE9AE,Service_beiakkdem1vi3j5fejmg,500,1,0.0370730921,0
1537371420,Prod-EcsStagingCluster-EcsCluster-1AAGQRFIOE9AE,Service_beiakkdem1vi3j5fejmg,500,1,0.0357575054,0
1537377780,Prod-EcsStagingCluster-EcsCluster-1AAGQRFIOE9AE,Service_beiakkdem1vi3j5fejmg,500,1,0.0358864773,0
1537428660,Prod-EcsStagingCluster-EcsCluster-1AAGQRFIOE9AE,Service_beiakkdem1vi3j5fejmg,500,1,0.0372877485,0
1537360740,Prod-EcsStagingCluster-EcsCluster-1AAGQRFIOE9AE,Service_beiakkdem1vi3j5fejmg,500,1,0.8403149469,0
1537422300,Prod-EcsStagingCluster-EcsCluster-1AAGQRFIOE9AE,Service_beiakkdem1vi3j5fejmg,500,1,0.0406882396,0
1537411620,Prod-EcsStagingCluster-EcsCluster-1AAGQRFIOE9AE,Service_beiakkdem1vi3j5fejmg,500,1,0.0392488696,0
1537346880,Prod-EcsStagingCluster-EcsCluster-1AAGQRFIOE9AE,Service_beiakkdem1vi3j5fejmg,500,1,0.0337079913,0
1537397760,Prod-EcsStagingCluster-EcsCluster-1AAGQRFIOE9AE,Service_beiakkdem1vi3j5fejmg,500,1,0.0369143721,0
1537391400,Prod-EcsStagingCluster-EcsCluster-1AAGQRFIOE9AE,Service_beiakkdem1vi3j5fejmg,500,1,0.0359794173,0
1537345740,Prod-EcsStagingCluster-EcsCluster-1AAGQRFIOE9AE,Service_beiakkdem1vi3j5fejmg,500,1,0.0375113803,0
1537396620,Prod-EcsStagingCluster-EcsCluster-1AAGQRFIOE9AE,Service_beiakkdem1vi3j5fejmg,500,1,0.0358206885,0
1537377540,Prod-EcsStagingCluster-EcsCluster-1AAGQRFIOE9AE,Service_beiakkdem1vi3j5fejmg,500,1,0.0394620942,0
1537428420,Prod-EcsStagingCluster-EcsCluster-1AAGQRFIOE9AE,Service_beiakkdem1vi3j5fejmg,500,1,0.0382992991,0
1537357320,Prod-EcsStagingCluster-EcsCluster-1AAGQRFIOE9AE,Service_beiakkdem1vi3j5fejmg,500,1,0.0371347250,0
1537375320,Prod-EcsStagingCluster-EcsCluster-1AAGQRFIOE9AE,Service_beiakkdem1vi3j5fejmg,500,1,0.0354641757,0
1537381680,Prod-EcsStagingCluster-EcsCluster-1AAGQRFIOE9AE,Service_beiakkdem1vi3j5fejmg,500,1,0.0350448704,0
1537426200,Prod-EcsStagingCluster-EcsCluster-1AAGQRFIOE9AE,Service_beiakkdem1vi3j5fejmg,500,1,0.0399877353,0
1537362540,Prod-EcsStagingCluster-EcsCluster-1AAGQRFIOE9AE,Service_beiakkdem1vi3j5fejmg,500,1,0.0356120966,0
1537413420,Prod-EcsStagingCluster-EcsCluster-1AAGQRFIOE9AE,Service_beiakkdem1vi3j5fejmg,500,1,0.0480778669,0
1537370940,Prod-EcsStagingCluster-EcsCluster-1AAGQRFIOE9AE,Service_beiakkdem1vi3j5fejmg,500,1,0.0356748670,0
1537377300,Prod-EcsStagingCluster-EcsCluster-1AAGQRFIOE9AE,Service_beiakkdem1vi3j5fejmg,500,1,0.0370543582,0
1537421820,Prod-EcsStagingCluster-EcsCluster-1AAGQRFIOE9AE,Service_beiakkdem1vi3j5fejmg,500,1,0.0407246084,0
1537428180,Prod-EcsStagingCluster-EcsCluster-1AAGQRFIOE9AE,Service_beiakkdem1vi3j5fejmg,500,1,0.0380690889,0
1537381440,Prod-EcsStagingCluster-EcsCluster-1AAGQRFIOE9AE,Service_beiakkdem1vi3j5fejmg,500,1,0.0360878962,0
1537375080,Prod-EcsStagingCluster-EcsCluster-1AAGQRFIOE9AE,Service_beiakkdem1vi3j5fejmg,500,1,0.0351934139,0
1537394100,Prod-EcsStagingCluster-EcsCluster-1AAGQRFIOE9AE,Service_beiakkdem1vi3j5fejmg,500,1,0.0352271991,0
1537387740,Prod-EcsStagingCluster-EcsCluster-1AAGQRFIOE9AE,Service_beiakkdem1vi3j5fejmg,500,1,0.9413889285,0
1537425960,Prod-EcsStagingCluster-EcsCluster-1AAGQRFIOE9AE,Service_beiakkdem1vi3j5fejmg,500,1,0.0399754252,0
1537377060,Prod-EcsStagingCluster-EcsCluster-1AAGQRFIOE9AE,Service_beiakkdem1vi3j5fejmg,500,1,0.0359106420,0
1537347360,Prod-EcsStagingCluster-EcsCluster-1AAGQRFIOE9AE,Service_beiakkdem1vi3j5fejmg,500,1,0.0331555054,0
1537391880,Prod-EcsStagingCluster-EcsCluster-1AAGQRFIOE9AE,Service_beiakkdem1vi3j5fejmg,500,1,0.0355279602,0
1537398240,Prod-EcsStagingCluster-EcsCluster-1AAGQRFIOE9AE,Service_beiakkdem1vi3j5fejmg,500,1,0.0374099657,0
1537427940,Prod-EcsStagingCluster-EcsCluster-1AAGQRFIOE9AE,Service_beiakkdem1vi3j5fejmg,500,1,0.0383396283,0
1537374840,Prod-EcsStagingCluster-EcsCluster-1AAGQRFIOE9AE,Service_beiakkdem1vi3j5fejmg,500,1,0.0362406496,0
1537381200,Prod-EcsStagingCluster-EcsCluster-1AAGQRFIOE9AE,Service_beiakkdem1vi3j5fejmg,500,1,0.0354725825,0
1537396020,Prod-EcsStagingCluster-EcsCluster-1AAGQRFIOE9AE,Service_beiakkdem1vi3j5fejmg,500,1,0.0360044019,0
1537414080,Prod-EcsStagingCluster-EcsCluster-1AAGQRFIOE9AE,Service_beiakkdem1vi3j5fejmg,500,1,0.0395202257,0
1537362060,Prod-EcsStagingCluster-EcsCluster-1AAGQRFIOE9AE,Service_beiakkdem1vi3j5fejmg,500,1,0.0352850930,0
1537412940,Prod-EcsStagingCluster-EcsCluster-1AAGQRFIOE9AE,Service_beiakkdem1vi3j5fejmg,500,1,0.9709933379,0
1537378980,Prod-EcsStagingCluster-EcsCluster-1AAGQRFIOE9AE,Service_beiakkdem1vi3j5fejmg,500,1,0.0352936206,0
1537380000,Prod-EcsStagingCluster-EcsCluster-1AAGQRFIOE9AE,Service_beiakkdem1vi3j5fejmg,500,1,0.0337163647,0
1537429860,Prod-EcsStagingCluster-EcsCluster-1AAGQRFIOE9AE,Service_beiakkdem1vi3j5fejmg,500,1,0.0374031698,0
1537358760,Prod-EcsStagingCluster-EcsCluster-1AAGQRFIOE9AE,Service_beiakkdem1vi3j5fejmg,500,1,0.0362942538,0
1537430880,Prod-EcsStagingCluster-EcsCluster-1AAGQRFIOE9AE,Service_beiakkdem1vi3j5fejmg,500,1,0.0356737395,0
1537362960,Prod-EcsStagingCluster-EcsCluster-1AAGQRFIOE9AE,Service_beiakkdem1vi3j5fejmg,500,1,0.0358333216,0
1537409640,Prod-EcsStagingCluster-EcsCluster-1AAGQRFIOE9AE,Service_beiakkdem1vi3j5fejmg,500,1,0.0399318567,0
1537378860,Prod-EcsStagingCluster-EcsCluster-1AAGQRFIOE9AE,Service_beiakkdem1vi3j5fejmg,500,1,0.0360034074,0
1537429740,Prod-EcsStagingCluster-EcsCluster-1AAGQRFIOE9AE,Service_beiakkdem1vi3j5fejmg,500,1,0.0379999071,0
1537413840,Prod-EcsStagingCluster-EcsCluster-1AAGQRFIOE9AE,Service_beiakkdem1vi3j5fejmg,500,1,0.0372427792,0
1537395780,Prod-EcsStagingCluster-EcsCluster-1AAGQRFIOE9AE,Service_beiakkdem1vi3j5fejmg,500,1,0.0325019673,0
1537375560,Prod-EcsStagingCluster-EcsCluster-1AAGQRFIOE9AE,Service_beiakkdem1vi3j5fejmg,500,1,0.0376291629,0
1537387260,Prod-EcsStagingCluster-EcsCluster-1AAGQRFIOE9AE,Service_beiakkdem1vi3j5fejmg,500,1,0.0360268097,0
1537426440,Prod-EcsStagingCluster-EcsCluster-1AAGQRFIOE9AE,Service_beiakkdem1vi3j5fejmg,500,1,0.0401224331,0
1537358520,Prod-EcsStagingCluster-EcsCluster-1AAGQRFIOE9AE,Service_beiakkdem1vi3j5fejmg,500,1,0.0362644582,0
1537379760,Prod-EcsStagingCluster-EcsCluster-1AAGQRFIOE9AE,Service_beiakkdem1vi3j5fejmg,500,1,0.0355493235,0
1537430640,Prod-EcsStagingCluster-EcsCluster-1AAGQRFIOE9AE,Service_beiakkdem1vi3j5fejmg,500,1,0.0362832437,0
1537353180,Prod-EcsStagingCluster-EcsCluster-1AAGQRFIOE9AE,Service_beiakkdem1vi3j5fejmg,500,1,0.0342620756,0
1537409400,Prod-EcsStagingCluster-EcsCluster-1AAGQRFIOE9AE,Service_beiakkdem1vi3j5fejmg,500,1,0.0380778777,0
1537404060,Prod-EcsStagingCluster-EcsCluster-1AAGQRFIOE9AE,Service_beiakkdem1vi3j5fejmg,500,1,0.0348606702,0
1537395540,Prod-EcsStagingCluster-EcsCluster-1AAGQRFIOE9AE,Service_beiakkdem1vi3j5fejmg,500,1,0.0355553686,0
1537363680,Prod-EcsStagingCluster-EcsCluster-1AAGQRFIOE9AE,Service_beiakkdem1vi3j5fejmg,500,1,0.0373094597,0
1537414560,Prod-EcsStagingCluster-EcsCluster-1AAGQRFIOE9AE,Service_beiakkdem1vi3j5fejmg,500,1,0.0376224829,0
1537393320,Prod-EcsStagingCluster-EcsCluster-1AAGQRFIOE9AE,Service_beiakkdem1vi3j5fejmg,500,1,0.0359584295,0
1537346640,Prod-EcsStagingCluster-EcsCluster-1AAGQRFIOE9AE,Service_beiakkdem1vi3j5fejmg,500,1,0.0346914803,0
1537397520,Prod-EcsStagingCluster-EcsCluster-1AAGQRFIOE9AE,Service_beiakkdem1vi3j5fejmg,500,1,0.0363985432,0
1537361460,Prod-EcsStagingCluster-EcsCluster-1AAGQRFIOE9AE,Service_beiakkdem1vi3j5fejmg,500,1,0.0358789051,0
1537412340,Prod-EcsStagingCluster-EcsCluster-1AAGQRFIOE9AE,Service_beiakkdem1vi3j5fejmg,500,1,0.0389457563,0
1537378380,Prod-EcsStagingCluster-EcsCluster-1AAGQRFIOE9AE,Service_beiakkdem1vi3j5fejmg,500,1,0.0368088226,0
1537359240,Prod-EcsStagingCluster-EcsCluster-1AAGQRFIOE9AE,Service_beiakkdem1vi3j5fejmg,500,1,0.0359276733,0
1537395300,Prod-EcsStagingCluster-EcsCluster-1AAGQRFIOE9AE,Service_beiakkdem1vi3j5fejmg,500,1,0.0358158232,0
1537429260,Prod-EcsStagingCluster-EcsCluster-1AAGQRFIOE9AE,Service_beiakkdem1vi3j5fejmg,500,1,0.0373008237,0
1537410120,Prod-EcsStagingCluster-EcsCluster-1AAGQRFIOE9AE,Service_beiakkdem1vi3j5fejmg,500,1,0.0396215444,0
1537363440,Prod-EcsStagingCluster-EcsCluster-1AAGQRFIOE9AE,Service_beiakkdem1vi3j5fejmg,500,1,0.0350631004,0
1537393080,Prod-EcsStagingCluster-EcsCluster-1AAGQRFIOE9AE,Service_beiakkdem1vi3j5fejmg,500,1,0.0354924516,0
1537414320,Prod-EcsStagingCluster-EcsCluster-1AAGQRFIOE9AE,Service_beiakkdem1vi3j5fejmg,500,1,0.0378650590,0
1537395180,Prod-EcsStagingCluster-EcsCluster-1AAGQRFIOE9AE,Service_beiakkdem1vi3j5fejmg,500,1,0.0360844395,0
1537361220,Prod-EcsStagingCluster-EcsCluster-1AAGQRFIOE9AE,Service_beiakkdem1vi3j5fejmg,500,1,0.0353883940,0
1537412100,Prod-EcsStagingCluster-EcsCluster-1AAGQRFIOE9AE,Service_beiakkdem1vi3j5fejmg,500,1,0.0384976702,0
1537352700,Prod-EcsStagingCluster-EcsCluster-1AAGQRFIOE9AE,Service_beiakkdem1vi3j5fejmg,500,1,0.0347965420,0
1537403580,Prod-EcsStagingCluster-EcsCluster-1AAGQRFIOE9AE,Service_beiakkdem1vi3j5fejmg,500,1,0.0361638942,0
1537359000,Prod-EcsStagingCluster-EcsCluster-1AAGQRFIOE9AE,Service_beiakkdem1vi3j5fejmg,500,1,0.0352330286,0
1537409880,Prod-EcsStagingCluster-EcsCluster-1AAGQRFIOE9AE,Service_beiakkdem1vi3j5fejmg,500,1,0.0386420000,0
1537363200,Prod-EcsStagingCluster-EcsCluster-1AAGQRFIOE9AE,Service_beiakkdem1vi3j5fejmg,500,1,0.0361989384,0
1537375860,Prod-EcsStagingCluster-EcsCluster-1AAGQRFIOE9AE,Service_beiakkdem1vi3j5fejmg,500,1,0.0368036776,0
1537363140,Prod-EcsStagingCluster-EcsCluster-1AAGQRFIOE9AE,Service_beiakkdem1vi3j5fejmg,500,1,0.0371048949,0
1537414020,Prod-EcsStagingCluster-EcsCluster-1AAGQRFIOE9AE,Service_beiakkdem1vi3j5fejmg,500,1,0.0391083986,0
1537426740,Prod-EcsStagingCluster-EcsCluster-1AAGQRFIOE9AE,Service_beiakkdem1vi3j5fejmg,500,1,0.0410862029,0
1537376760,Prod-EcsStagingCluster-EcsCluster-1AAGQRFIOE9AE,Service_beiakkdem1vi3j5fejmg,500,1,0.0353042003,0
1537383120,Prod-EcsStagingCluster-EcsCluster-1AAGQRFIOE9AE,Service_beiakkdem1vi3j5fejmg,500,1,0.0355245181,0
1537389480,Prod-EcsStagingCluster-EcsCluster-1AAGQRFIOE9AE,Service_beiakkdem1vi3j5fejmg,500,1,0.0339783026,0
1537395840,Prod-EcsStagingCluster-EcsCluster-1AAGQRFIOE9AE,Service_beiakkdem1vi3j5fejmg,500,1,0.0359009397,0
1537427640,Prod-EcsStagingCluster-EcsCluster-1AAGQRFIOE9AE,Service_beiakkdem1vi3j5fejmg,500,1,0.0392911173,0
1537356540,Prod-EcsStagingCluster-EcsCluster-1AAGQRFIOE9AE,Service_beiakkdem1vi3j5fejmg,500,1,0.0361671480,0
1537394700,Prod-EcsStagingCluster-EcsCluster-1AAGQRFIOE9AE,Service_beiakkdem1vi3j5fejmg,500,1,0.0351539822,0
1537349040,Prod-EcsStagingCluster-EcsCluster-1AAGQRFIOE9AE,Service_beiakkdem1vi3j5fejmg,500,1,0.0353790894,0
1537355400,Prod-EcsStagingCluster-EcsCluster-1AAGQRFIOE9AE,Service_beiakkdem1vi3j5fejmg,500,1,0.0363831486,0
1537361760,Prod-EcsStagingCluster-EcsCluster-1AAGQRFIOE9AE,Service_beiakkdem1vi3j5fejmg,500,1,0.0355189447,0
1537407420,Prod-EcsStagingCluster-EcsCluster-1AAGQRFIOE9AE,Service_beiakkdem1vi3j5fejmg,500,1,0.0407767806,0
1537412640,Prod-EcsStagingCluster-EcsCluster-1AAGQRFIOE9AE,Service_beiakkdem1vi3j5fejmg,500,1,0.0368256631,0
1537393560,Prod-EcsStagingCluster-EcsCluster-1AAGQRFIOE9AE,Service_beiakkdem1vi3j5fejmg,500,1,0.0352169834,0
1537399920,Prod-EcsStagingCluster-EcsCluster-1AAGQRFIOE9AE,Service_beiakkdem1vi3j5fejmg,500,1,0.0349414752,0
1537406280,Prod-EcsStagingCluster-EcsCluster-1AAGQRFIOE9AE,Service_beiakkdem1vi3j5fejmg,500,1,0.0351127042,0
1537373340,Prod-EcsStagingCluster-EcsCluster-1AAGQRFIOE9AE,Service_beiakkdem1vi3j5fejmg,500,1,0.9270411835,0
1537360620,Prod-EcsStagingCluster-EcsCluster-1AAGQRFIOE9AE,Service_beiakkdem1vi3j5fejmg,500,1,0.0367321851,0
1537362660,Prod-EcsStagingCluster-EcsCluster-1AAGQRFIOE9AE,Service_beiakkdem1vi3j5fejmg,500,1,0.0362441072,0
1537411500,Prod-EcsStagingCluster-EcsCluster-1AAGQRFIOE9AE,Service_beiakkdem1vi3j5fejmg,500,1,0.0384660181,0
1537424220,Prod-EcsStagingCluster-EcsCluster-1AAGQRFIOE9AE,Service_beiakkdem1vi3j5fejmg,500,1,0.0533516725,0
1537375380,Prod-EcsStagingCluster-EcsCluster-1AAGQRFIOE9AE,Service_beiakkdem1vi3j5fejmg,500,1,0.0353313943,0
1537413540,Prod-EcsStagingCluster-EcsCluster-1AAGQRFIOE9AE,Service_beiakkdem1vi3j5fejmg,500,1,0.0391696057,0
1537360440,Prod-EcsStagingCluster-EcsCluster-1AAGQRFIOE9AE,Service_beiakkdem1vi3j5fejmg,500,1,0.0347199833,0
1537426260,Prod-EcsStagingCluster-EcsCluster-1AAGQRFIOE9AE,Service_beiakkdem1vi3j5fejmg,500,1,0.0405485402,0
1537379520,Prod-EcsStagingCluster-EcsCluster-1AAGQRFIOE9AE,Service_beiakkdem1vi3j5fejmg,500,1,0.0350502151,0
1537366800,Prod-EcsStagingCluster-EcsCluster-1AAGQRFIOE9AE,Service_beiakkdem1vi3j5fejmg,500,1,0.0361261742,0
1537373160,Prod-EcsStagingCluster-EcsCluster-1AAGQRFIOE9AE,Service_beiakkdem1vi3j5fejmg,500,1,0.0357988266,0
1537417680,Prod-EcsStagingCluster-EcsCluster-1AAGQRFIOE9AE,Service_beiakkdem1vi3j5fejmg,500,1,0.0397610441,0
1537411320,Prod-EcsStagingCluster-EcsCluster-1AAGQRFIOE9AE,Service_beiakkdem1vi3j5fejmg,500,1,0.0400713617,0
1537392180,Prod-EcsStagingCluster-EcsCluster-1AAGQRFIOE9AE,Service_beiakkdem1vi3j5fejmg,500,1,0.0362075028,0
1537424040,Prod-EcsStagingCluster-EcsCluster-1AAGQRFIOE9AE,Service_beiakkdem1vi3j5fejmg,500,1,0.0422449951,0
1537430400,Prod-EcsStagingCluster-EcsCluster-1AAGQRFIOE9AE,Service_beiakkdem1vi3j5fejmg,500,1,0.0377887736,0
1537379460,Prod-EcsStagingCluster-EcsCluster-1AAGQRFIOE9AE,Service_beiakkdem1vi3j5fejmg,500,1,0.0369119094,0
1537430340,Prod-EcsStagingCluster-EcsCluster-1AAGQRFIOE9AE,Service_beiakkdem1vi3j5fejmg,500,1,0.0369191088,0
1537345440,Prod-EcsStagingCluster-EcsCluster-1AAGQRFIOE9AE,Service_beiakkdem1vi3j5fejmg,500,1,0.0356336012,0
1537396320,Prod-EcsStagingCluster-EcsCluster-1AAGQRFIOE9AE,Service_beiakkdem1vi3j5fejmg,500,1,0.0365392260,0
1537389960,Prod-EcsStagingCluster-EcsCluster-1AAGQRFIOE9AE,Service_beiakkdem1vi3j5fejmg,500,1,0.0355593558,0
1537377240,Prod-EcsStagingCluster-EcsCluster-1AAGQRFIOE9AE,Service_beiakkdem1vi3j5fejmg,500,1,0.0359337481,0
1537383600,Prod-EcsStagingCluster-EcsCluster-1AAGQRFIOE9AE,Service_beiakkdem1vi3j5fejmg,500,1,0.0375360535,0
1537428120,Prod-EcsStagingCluster-EcsCluster-1AAGQRFIOE9AE,Service_beiakkdem1vi3j5fejmg,500,1,0.0377241081,0
1537360140,Prod-EcsStagingCluster-EcsCluster-1AAGQRFIOE9AE,Service_beiakkdem1vi3j5fejmg,500,1,0.0345913374,0
1537372860,Prod-EcsStagingCluster-EcsCluster-1AAGQRFIOE9AE,Service_beiakkdem1vi3j5fejmg,500,1,0.0357496633,0
1537411020,Prod-EcsStagingCluster-EcsCluster-1AAGQRFIOE9AE,Service_beiakkdem1vi3j5fejmg,500,1,0.0391358355,0
1537423740,Prod-EcsStagingCluster-EcsCluster-1AAGQRFIOE9AE,Service_beiakkdem1vi3j5fejmg,500,1,0.9452311169,0
1537389660,Prod-EcsStagingCluster-EcsCluster-1AAGQRFIOE9AE,Service_beiakkdem1vi3j5fejmg,500,1,0.0342140182,0
1537407720,Prod-EcsStagingCluster-EcsCluster-1AAGQRFIOE9AE,Service_beiakkdem1vi3j5fejmg,500,1,0.0381746337,0
1537376940,Prod-EcsStagingCluster-EcsCluster-1AAGQRFIOE9AE,Service_beiakkdem1vi3j5fejmg,500,1,0.9601764730,0
1537427820,Prod-EcsStagingCluster-EcsCluster-1AAGQRFIOE9AE,Service_beiakkdem1vi3j5fejmg,500,1,0.0503597387,0
1537373640,Prod-EcsStagingCluster-EcsCluster-1AAGQRFIOE9AE,Service_beiakkdem1vi3j5fejmg,500,1,0.0348854473,0
1537360920,Prod-EcsStagingCluster-EcsCluster-1AAGQRFIOE9AE,Service_beiakkdem1vi3j5fejmg,500,1,0.0372191171,0
1537411800,Prod-EcsStagingCluster-EcsCluster-1AAGQRFIOE9AE,Service_beiakkdem1vi3j5fejmg,500,1,0.0405412889,0
1537424520,Prod-EcsStagingCluster-EcsCluster-1AAGQRFIOE9AE,Service_beiakkdem1vi3j5fejmg,500,1,0.0402418487,0
1537380900,Prod-EcsStagingCluster-EcsCluster-1AAGQRFIOE9AE,Service_beiakkdem1vi3j5fejmg,500,1,0.0344973205,0
1537393620,Prod-EcsStagingCluster-EcsCluster-1AAGQRFIOE9AE,Service_beiakkdem1vi3j5fejmg,500,1,0.0343447706,0
1537346820,Prod-EcsStagingCluster-EcsCluster-1AAGQRFIOE9AE,Service_beiakkdem1vi3j5fejmg,500,1,0.0348379186,0
1537359540,Prod-EcsStagingCluster-EcsCluster-1AAGQRFIOE9AE,Service_beiakkdem1vi3j5fejmg,500,1,0.0361245098,0
1537364880,Prod-EcsStagingCluster-EcsCluster-1AAGQRFIOE9AE,Service_beiakkdem1vi3j5fejmg,500,1,0.0366117004,0
1537377600,Prod-EcsStagingCluster-EcsCluster-1AAGQRFIOE9AE,Service_beiakkdem1vi3j5fejmg,500,1,0.0363387016,0
1537415760,Prod-EcsStagingCluster-EcsCluster-1AAGQRFIOE9AE,Service_beiakkdem1vi3j5fejmg,500,1,0.0409114167,0
1537410420,Prod-EcsStagingCluster-EcsCluster-1AAGQRFIOE9AE,Service_beiakkdem1vi3j5fejmg,500,1,0.0399530379,0
1537376460,Prod-EcsStagingCluster-EcsCluster-1AAGQRFIOE9AE,Service_beiakkdem1vi3j5fejmg,500,1,0.0353391624,0
1537397700,Prod-EcsStagingCluster-EcsCluster-1AAGQRFIOE9AE,Service_beiakkdem1vi3j5fejmg,500,1,0.0359099186,0
1537428480,Prod-EcsStagingCluster-EcsCluster-1AAGQRFIOE9AE,Service_beiakkdem1vi3j5fejmg,500,1,0.0384973243,0
1537389180,Prod-EcsStagingCluster-EcsCluster-1AAGQRFIOE9AE,Service_beiakkdem1vi3j5fejmg,500,1,0.0343837746,0
1537427340,Prod-EcsStagingCluster-EcsCluster-1AAGQRFIOE9AE,Service_beiakkdem1vi3j5fejmg,500,1,0.9569702968,0
1537408200,Prod-EcsStagingCluster-EcsCluster-1AAGQRFIOE9AE,Service_beiakkdem1vi3j5fejmg,500,1,0.0392624785,0
1537395480,Prod-EcsStagingCluster-EcsCluster-1AAGQRFIOE9AE,Service_beiakkdem1vi3j5fejmg,500,1,0.0360112246,0
1537355100,Prod-EcsStagingCluster-EcsCluster-1AAGQRFIOE9AE,Service_beiakkdem1vi3j5fejmg,500,1,0.0347064042,0
1537405980,Prod-EcsStagingCluster-EcsCluster-1AAGQRFIOE9AE,Service_beiakkdem1vi3j5fejmg,500,1,0.0348301227,0
1537393260,Prod-EcsStagingCluster-EcsCluster-1AAGQRFIOE9AE,Service_beiakkdem1vi3j5fejmg,500,1,0.0356642901,0
1537361280,Prod-EcsStagingCluster-EcsCluster-1AAGQRFIOE9AE,Service_beiakkdem1vi3j5fejmg,500,1,0.0357058202,0
1537348560,Prod-EcsStagingCluster-EcsCluster-1AAGQRFIOE9AE,Service_beiakkdem1vi3j5fejmg,500,1,0.0355724858,0
1537399440,Prod-EcsStagingCluster-EcsCluster-1AAGQRFIOE9AE,Service_beiakkdem1vi3j5fejmg,500,1,0.0362755405,0
1537412160,Prod-EcsStagingCluster-EcsCluster-1AAGQRFIOE9AE,Service_beiakkdem1vi3j5fejmg,500,1,0.0395856427,0
1537359060,Prod-EcsStagingCluster-EcsCluster-1AAGQRFIOE9AE,Service_beiakkdem1vi3j5fejmg,500,1,0.0346341709,0
1537346340,Prod-EcsStagingCluster-EcsCluster-1AAGQRFIOE9AE,Service_beiakkdem1vi3j5fejmg,500,1,1.3371901949,0
1537397220,Prod-EcsStagingCluster-EcsCluster-1AAGQRFIOE9AE,Service_beiakkdem1vi3j5fejmg,500,1,0.0364177911,0
1537378080,Prod-EcsStagingCluster-EcsCluster-1AAGQRFIOE9AE,Service_beiakkdem1vi3j5fejmg,500,1,0.0356086202,0
1537409940,Prod-EcsStagingCluster-EcsCluster-1AAGQRFIOE9AE,Service_beiakkdem1vi3j5fejmg,500,1,0.0396028701,0
1537365360,Prod-EcsStagingCluster-EcsCluster-1AAGQRFIOE9AE,Service_beiakkdem1vi3j5fejmg,500,1,0.0373971563,0
1537356840,Prod-EcsStagingCluster-EcsCluster-1AAGQRFIOE9AE,Service_beiakkdem1vi3j5fejmg,500,1,0.0351418384,0
1537395000,Prod-EcsStagingCluster-EcsCluster-1AAGQRFIOE9AE,Service_beiakkdem1vi3j5fejmg,500,1,0.0336328971,0
1537428960,Prod-EcsStagingCluster-EcsCluster-1AAGQRFIOE9AE,Service_beiakkdem1vi3j5fejmg,500,1,0.0377021063,0
1537416240,Prod-EcsStagingCluster-EcsCluster-1AAGQRFIOE9AE,Service_beiakkdem1vi3j5fejmg,500,1,0.0394815757,0
1537410720,Prod-EcsStagingCluster-EcsCluster-1AAGQRFIOE9AE,Service_beiakkdem1vi3j5fejmg,500,1,0.0380854043,0
1537401180,Prod-EcsStagingCluster-EcsCluster-1AAGQRFIOE9AE,Service_beiakkdem1vi3j5fejmg,500,1,0.0357003174,0
1537404360,Prod-EcsStagingCluster-EcsCluster-1AAGQRFIOE9AE,Service_beiakkdem1vi3j5fejmg,500,1,0.0343729868,0
1537407540,Prod-EcsStagingCluster-EcsCluster-1AAGQRFIOE9AE,Service_beiakkdem1vi3j5fejmg,500,1,0.9664264525,0
1537368240,Prod-EcsStagingCluster-EcsCluster-1AAGQRFIOE9AE,Service_beiakkdem1vi3j5fejmg,500,1,0.0365424130,0
1537426620,Prod-EcsStagingCluster-EcsCluster-1AAGQRFIOE9AE,Service_beiakkdem1vi3j5fejmg,500,1,0.0397562511,0
1537429800,Prod-EcsStagingCluster-EcsCluster-1AAGQRFIOE9AE,Service_beiakkdem1vi3j5fejmg,500,1,0.0372473299,0
1537358700,Prod-EcsStagingCluster-EcsCluster-1AAGQRFIOE9AE,Service_beiakkdem1vi3j5fejmg,500,1,0.0353213348,0
1537361880,Prod-EcsStagingCluster-EcsCluster-1AAGQRFIOE9AE,Service_beiakkdem1vi3j5fejmg,500,1,0.0359349398,0
1537365060,Prod-EcsStagingCluster-EcsCluster-1AAGQRFIOE9AE,Service_beiakkdem1vi3j5fejmg,500,1,0.0357169423,0
1537393680,Prod-EcsStagingCluster-EcsCluster-1AAGQRFIOE9AE,Service_beiakkdem1vi3j5fejmg,500,1,0.0355472075,0
1537390500,Prod-EcsStagingCluster-EcsCluster-1AAGQRFIOE9AE,Service_beiakkdem1vi3j5fejmg,500,1,0.0365504212,0
1537384140,Prod-EcsStagingCluster-EcsCluster-1AAGQRFIOE9AE,Service_beiakkdem1vi3j5fejmg,500,1,0.8987557497,0
1537387320,Prod-EcsStagingCluster-EcsCluster-1AAGQRFIOE9AE,Service_beiakkdem1vi3j5fejmg,500,1,0.0362607055,0
1537358460,Prod-EcsStagingCluster-EcsCluster-1AAGQRFIOE9AE,Service_beiakkdem1vi3j5fejmg,500,1,0.0351550052,0
1537361640,Prod-EcsStagingCluster-EcsCluster-1AAGQRFIOE9AE,Service_beiakkdem1vi3j5fejmg,500,1,0.0355392737,0
1537364820,Prod-EcsStagingCluster-EcsCluster-1AAGQRFIOE9AE,Service_beiakkdem1vi3j5fejmg,500,1,0.0364084371,0
1537368000,Prod-EcsStagingCluster-EcsCluster-1AAGQRFIOE9AE,Service_beiakkdem1vi3j5fejmg,500,1,0.0356535124,0
1537362600,Prod-EcsStagingCluster-EcsCluster-1AAGQRFIOE9AE,Service_beiakkdem1vi3j5fejmg,500,1,0.0356847999,0
1537368960,Prod-EcsStagingCluster-EcsCluster-1AAGQRFIOE9AE,Service_beiakkdem1vi3j5fejmg,500,1,0.0354081515,0
1537417740,Prod-EcsStagingCluster-EcsCluster-1AAGQRFIOE9AE,Service_beiakkdem1vi3j5fejmg,500,1,0.0402277430,0
1537392300,Prod-EcsStagingCluster-EcsCluster-1AAGQRFIOE9AE,Service_beiakkdem1vi3j5fejmg,500,1,0.0365587481,0
1537398660,Prod-EcsStagingCluster-EcsCluster-1AAGQRFIOE9AE,Service_beiakkdem1vi3j5fejmg,500,1,0.0358354607,0
1537424100,Prod-EcsStagingCluster-EcsCluster-1AAGQRFIOE9AE,Service_beiakkdem1vi3j5fejmg,500,1,0.0407216901,0
1537402800,Prod-EcsStagingCluster-EcsCluster-1AAGQRFIOE9AE,Service_beiakkdem1vi3j5fejmg,500,1,0.0356650357,0
1537396440,Prod-EcsStagingCluster-EcsCluster-1AAGQRFIOE9AE,Service_beiakkdem1vi3j5fejmg,500,1,0.0354377796,0
1537421880,Prod-EcsStagingCluster-EcsCluster-1AAGQRFIOE9AE,Service_beiakkdem1vi3j5fejmg,500,1,0.0400554012,0
1537428240,Prod-EcsStagingCluster-EcsCluster-1AAGQRFIOE9AE,Service_beiakkdem1vi3j5fejmg,500,1,0.0377475639,0
1537372980,Prod-EcsStagingCluster-EcsCluster-1AAGQRFIOE9AE,Service_beiakkdem1vi3j5fejmg,500,1,0.0349539177,0
1537366620,Prod-EcsStagingCluster-EcsCluster-1AAGQRFIOE9AE,Service_beiakkdem1vi3j5fejmg,500,1,0.0369704459,0
1537398420,Prod-EcsStagingCluster-EcsCluster-1AAGQRFIOE9AE,Service_beiakkdem1vi3j5fejmg,500,1,0.0348000012,0
1537392060,Prod-EcsStagingCluster-EcsCluster-1AAGQRFIOE9AE,Service_beiakkdem1vi3j5fejmg,500,1,0.0357086482,0
1537355940,Prod-EcsStagingCluster-EcsCluster-1AAGQRFIOE9AE,Service_beiakkdem1vi3j5fejmg,500,1,0.0377166842,0
1537349580,Prod-EcsStagingCluster-EcsCluster-1AAGQRFIOE9AE,Service_beiakkdem1vi3j5fejmg,500,1,0.0371012653,0
1537370760,Prod-EcsStagingCluster-EcsCluster-1AAGQRFIOE9AE,Service_beiakkdem1vi3j5fejmg,500,1,0.0336736396,0
1537377120,Prod-EcsStagingCluster-EcsCluster-1AAGQRFIOE9AE,Service_beiakkdem1vi3j5fejmg,500,1,0.0351056324,0
1537396200,Prod-EcsStagingCluster-EcsCluster-1AAGQRFIOE9AE,Service_beiakkdem1vi3j5fejmg,500,1,0.0353848449,0
1537402560,Prod-EcsStagingCluster-EcsCluster-1AAGQRFIOE9AE,Service_beiakkdem1vi3j5fejmg,500,1,0.0364894718,0
1537425900,Prod-EcsStagingCluster-EcsCluster-1AAGQRFIOE9AE,Service_beiakkdem1vi3j5fejmg,500,1,0.0412445853,0
1537353720,Prod-EcsStagingCluster-EcsCluster-1AAGQRFIOE9AE,Service_beiakkdem1vi3j5fejmg,500,1,0.0333286469,0
1537360080,Prod-EcsStagingCluster-EcsCluster-1AAGQRFIOE9AE,Service_beiakkdem1vi3j5fejmg,500,1,0.0342178283,0
1537430040,Prod-EcsStagingCluster-EcsCluster-1AAGQRFIOE9AE,Service_beiakkdem1vi3j5fejmg,500,1,0.0367661831,0
1537409760,Prod-EcsStagingCluster-EcsCluster-1AAGQRFIOE9AE,Service_beiakkdem1vi3j5fejmg,500,1,0.0386588318,0
1537400220,Prod-EcsStagingCluster-EcsCluster-1AAGQRFIOE9AE,Service_beiakkdem1vi3j5fejmg,500,1,0.0360404781,0
1537431000,Prod-EcsStagingCluster-EcsCluster-1AAGQRFIOE9AE,Service_beiakkdem1vi3j5fejmg,500,1,0.0361973783,0
1537367280,Prod-EcsStagingCluster-EcsCluster-1AAGQRFIOE9AE,Service_beiakkdem1vi3j5fejmg,500,1,0.0361823644,0
1537425660,Prod-EcsStagingCluster-EcsCluster-1AAGQRFIOE9AE,Service_beiakkdem1vi3j5fejmg,500,1,0.0406232185,0
1537357740,Prod-EcsStagingCluster-EcsCluster-1AAGQRFIOE9AE,Service_beiakkdem1vi3j5fejmg,500,1,0.0341080849,0
1537392720,Prod-EcsStagingCluster-EcsCluster-1AAGQRFIOE9AE,Service_beiakkdem1vi3j5fejmg,500,1,0.0363200230,0
1537383180,Prod-EcsStagingCluster-EcsCluster-1AAGQRFIOE9AE,Service_beiakkdem1vi3j5fejmg,500,1,0.0358045494,0
1537408500,Prod-EcsStagingCluster-EcsCluster-1AAGQRFIOE9AE,Service_beiakkdem1vi3j5fejmg,500,1,0.0400553745,0
1537405320,Prod-EcsStagingCluster-EcsCluster-1AAGQRFIOE9AE,Service_beiakkdem1vi3j5fejmg,500,1,0.0354235842,0
1537366020,Prod-EcsStagingCluster-EcsCluster-1AAGQRFIOE9AE,Service_beiakkdem1vi3j5fejmg,500,1,0.0347580872,0
1537430760,Prod-EcsStagingCluster-EcsCluster-1AAGQRFIOE9AE,Service_beiakkdem1vi3j5fejmg,500,1,0.0361160500,0
1537362840,Prod-EcsStagingCluster-EcsCluster-1AAGQRFIOE9AE,Service_beiakkdem1vi3j5fejmg,500,1,0.0372729512,0
1537357500,Prod-EcsStagingCluster-EcsCluster-1AAGQRFIOE9AE,Service_beiakkdem1vi3j5fejmg,500,1,0.0345403839,0
1537367040,Prod-EcsStagingCluster-EcsCluster-1AAGQRFIOE9AE,Service_beiakkdem1vi3j5fejmg,500,1,0.0361246479,0
1537391460,Prod-EcsStagingCluster-EcsCluster-1AAGQRFIOE9AE,Service_beiakkdem1vi3j5fejmg,500,1,0.0367692333,0
1537388280,Prod-EcsStagingCluster-EcsCluster-1AAGQRFIOE9AE,Service_beiakkdem1vi3j5fejmg,500,1,0.0351360196,0
1537391340,Prod-EcsStagingCluster-EcsCluster-1AAGQRFIOE9AE,Service_beiakkdem1vi3j5fejmg,500,1,0.9225320771,0
1537416780,Prod-EcsStagingCluster-EcsCluster-1AAGQRFIOE9AE,Service_beiakkdem1vi3j5fejmg,500,1,0.0393108581,0
1537400880,Prod-EcsStagingCluster-EcsCluster-1AAGQRFIOE9AE,Service_beiakkdem1vi3j5fejmg,500,1,0.0357340973,0
1537426320,Prod-EcsStagingCluster-EcsCluster-1AAGQRFIOE9AE,Service_beiakkdem1vi3j5fejmg,500,1,0.0401814654,0
1537365780,Prod-EcsStagingCluster-EcsCluster-1AAGQRFIOE9AE,Service_beiakkdem1vi3j5fejmg,500,1,0.0353451847,0
1537401840,Prod-EcsStagingCluster-EcsCluster-1AAGQRFIOE9AE,Service_beiakkdem1vi3j5fejmg,500,1,0.0350365877,0
1537427280,Prod-EcsStagingCluster-EcsCluster-1AAGQRFIOE9AE,Service_beiakkdem1vi3j5fejmg,500,1,0.0406716717,0
1537363560,Prod-EcsStagingCluster-EcsCluster-1AAGQRFIOE9AE,Service_beiakkdem1vi3j5fejmg,500,1,0.0349879923,0
1537399620,Prod-EcsStagingCluster-EcsCluster-1AAGQRFIOE9AE,Service_beiakkdem1vi3j5fejmg,500,1,0.0355402380,0
1537365660,Prod-EcsStagingCluster-EcsCluster-1AAGQRFIOE9AE,Service_beiakkdem1vi3j5fejmg,500,1,0.0353850312,0
1537391100,Prod-EcsStagingCluster-EcsCluster-1AAGQRFIOE9AE,Service_beiakkdem1vi3j5fejmg,500,1,0.0353578610,0
1537425060,Prod-EcsStagingCluster-EcsCluster-1AAGQRFIOE9AE,Service_beiakkdem1vi3j5fejmg,500,1,0.0409835958,0
1537348620,Prod-EcsStagingCluster-EcsCluster-1AAGQRFIOE9AE,Service_beiakkdem1vi3j5fejmg,500,1,0.0472007915,0
1537376160,Prod-EcsStagingCluster-EcsCluster-1AAGQRFIOE9AE,Service_beiakkdem1vi3j5fejmg,500,1,0.0352273558,0
1537397400,Prod-EcsStagingCluster-EcsCluster-1AAGQRFIOE9AE,Service_beiakkdem1vi3j5fejmg,500,1,0.0364925678,0
1537401600,Prod-EcsStagingCluster-EcsCluster-1AAGQRFIOE9AE,Service_beiakkdem1vi3j5fejmg,500,1,0.0374495237,0
1537424940,Prod-EcsStagingCluster-EcsCluster-1AAGQRFIOE9AE,Service_beiakkdem1vi3j5fejmg,500,1,0.0401195994,0
1537422840,Prod-EcsStagingCluster-EcsCluster-1AAGQRFIOE9AE,Service_beiakkdem1vi3j5fejmg,500,1,0.0404008833,0
1537359120,Prod-EcsStagingCluster-EcsCluster-1AAGQRFIOE9AE,Service_beiakkdem1vi3j5fejmg,500,1,0.0351393364,0
1537373940,Prod-EcsStagingCluster-EcsCluster-1AAGQRFIOE9AE,Service_beiakkdem1vi3j5fejmg,500,1,0.0378718756,0
1537399380,Prod-EcsStagingCluster-EcsCluster-1AAGQRFIOE9AE,Service_beiakkdem1vi3j5fejmg,500,1,0.0363982725,0
1537356900,Prod-EcsStagingCluster-EcsCluster-1AAGQRFIOE9AE,Service_beiakkdem1vi3j5fejmg,500,1,0.0364722729,0
1537371720,Prod-EcsStagingCluster-EcsCluster-1AAGQRFIOE9AE,Service_beiakkdem1vi3j5fejmg,500,1,0.0372455103,0
1537397160,Prod-EcsStagingCluster-EcsCluster-1AAGQRFIOE9AE,Service_beiakkdem1vi3j5fejmg,500,1,0.0369801226,0
1537354680,Prod-EcsStagingCluster-EcsCluster-1AAGQRFIOE9AE,Service_beiakkdem1vi3j5fejmg,500,1,0.0347086118,0
1537399260,Prod-EcsStagingCluster-EcsCluster-1AAGQRFIOE9AE,Service_beiakkdem1vi3j5fejmg,500,1,0.0367276871,0
1537369500,Prod-EcsStagingCluster-EcsCluster-1AAGQRFIOE9AE,Service_beiakkdem1vi3j5fejmg,500,1,0.0356515722,0
1537427880,Prod-EcsStagingCluster-EcsCluster-1AAGQRFIOE9AE,Service_beiakkdem1vi3j5fejmg,500,1,0.0376003824,0
1537431060,Prod-EcsStagingCluster-EcsCluster-1AAGQRFIOE9AE,Service_beiakkdem1vi3j5fejmg,500,1,0.0355336562,0
1537356780,Prod-EcsStagingCluster-EcsCluster-1AAGQRFIOE9AE,Service_beiakkdem1vi3j5fejmg,500,1,0.0356517847,0
1537394940,Prod-EcsStagingCluster-EcsCluster-1AAGQRFIOE9AE,Service_beiakkdem1vi3j5fejmg,500,1,0.9085212653,0
1537382220,Prod-EcsStagingCluster-EcsCluster-1AAGQRFIOE9AE,Service_beiakkdem1vi3j5fejmg,500,1,0.0345274297,0
1537355640,Prod-EcsStagingCluster-EcsCluster-1AAGQRFIOE9AE,Service_beiakkdem1vi3j5fejmg,500,1,0.0356621678,0
1537358820,Prod-EcsStagingCluster-EcsCluster-1AAGQRFIOE9AE,Service_beiakkdem1vi3j5fejmg,500,1,0.0355512619,0
1537362000,Prod-EcsStagingCluster-EcsCluster-1AAGQRFIOE9AE,Service_beiakkdem1vi3j5fejmg,500,1,0.0362507617,0
1537359720,Prod-EcsStagingCluster-EcsCluster-1AAGQRFIOE9AE,Service_beiakkdem1vi3j5fejmg,500,1,0.0368582577,0
1537362900,Prod-EcsStagingCluster-EcsCluster-1AAGQRFIOE9AE,Service_beiakkdem1vi3j5fejmg,500,1,0.0362038327,0
1537366080,Prod-EcsStagingCluster-EcsCluster-1AAGQRFIOE9AE,Service_beiakkdem1vi3j5fejmg,500,1,0.0355135524,0
1537390380,Prod-EcsStagingCluster-EcsCluster-1AAGQRFIOE9AE,Service_beiakkdem1vi3j5fejmg,500,1,0.0345338141,0
1537415820,Prod-EcsStagingCluster-EcsCluster-1AAGQRFIOE9AE,Service_beiakkdem1vi3j5fejmg,500,1,0.0394475663,0
1537403100,Prod-EcsStagingCluster-EcsCluster-1AAGQRFIOE9AE,Service_beiakkdem1vi3j5fejmg,500,1,0.0360095810,0
1537366980,Prod-EcsStagingCluster-EcsCluster-1AAGQRFIOE9AE,Service_beiakkdem1vi3j5fejmg,500,1,0.0349846850,0
1537370160,Prod-EcsStagingCluster-EcsCluster-1AAGQRFIOE9AE,Service_beiakkdem1vi3j5fejmg,500,1,0.0349437594,0
1537428540,Prod-EcsStagingCluster-EcsCluster-1AAGQRFIOE9AE,Service_beiakkdem1vi3j5fejmg,500,1,0.0370695383,0
1537363800,Prod-EcsStagingCluster-EcsCluster-1AAGQRFIOE9AE,Service_beiakkdem1vi3j5fejmg,500,1,0.0367799940,0
1537392420,Prod-EcsStagingCluster-EcsCluster-1AAGQRFIOE9AE,Service_beiakkdem1vi3j5fejmg,500,1,0.0356872078,0
1537395600,Prod-EcsStagingCluster-EcsCluster-1AAGQRFIOE9AE,Service_beiakkdem1vi3j5fejmg,500,1,0.0359723980,0
1537389240,Prod-EcsStagingCluster-EcsCluster-1AAGQRFIOE9AE,Service_beiakkdem1vi3j5fejmg,500,1,0.0340267740,0
1537396560,Prod-EcsStagingCluster-EcsCluster-1AAGQRFIOE9AE,Service_beiakkdem1vi3j5fejmg,500,1,0.0349064956,0
1537390200,Prod-EcsStagingCluster-EcsCluster-1AAGQRFIOE9AE,Service_beiakkdem1vi3j5fejmg,500,1,0.0375242938,0
1537371060,Prod-EcsStagingCluster-EcsCluster-1AAGQRFIOE9AE,Service_beiakkdem1vi3j5fejmg,500,1,0.0356113374,0
1537396500,Prod-EcsStagingCluster-EcsCluster-1AAGQRFIOE9AE,Service_beiakkdem1vi3j5fejmg,500,1,0.0349465729,0
1537360380,Prod-EcsStagingCluster-EcsCluster-1AAGQRFIOE9AE,Service_beiakkdem1vi3j5fejmg,500,1,0.0354513337,0
1537347660,Prod-EcsStagingCluster-EcsCluster-1AAGQRFIOE9AE,Service_beiakkdem1vi3j5fejmg,500,1,0.0326716601,0
1537375200,Prod-EcsStagingCluster-EcsCluster-1AAGQRFIOE9AE,Service_beiakkdem1vi3j5fejmg,500,1,0.0356634342,0
1537368840,Prod-EcsStagingCluster-EcsCluster-1AAGQRFIOE9AE,Service_beiakkdem1vi3j5fejmg,500,1,0.0359658143,0
1537400640,Prod-EcsStagingCluster-EcsCluster-1AAGQRFIOE9AE,Service_beiakkdem1vi3j5fejmg,500,1,0.0359277364,0
1537423980,Prod-EcsStagingCluster-EcsCluster-1AAGQRFIOE9AE,Service_beiakkdem1vi3j5fejmg,500,1,0.0405573208,0
1537394280,Prod-EcsStagingCluster-EcsCluster-1AAGQRFIOE9AE,Service_beiakkdem1vi3j5fejmg,500,1,0.0355163182,0
1537400580,Prod-EcsStagingCluster-EcsCluster-1AAGQRFIOE9AE,Service_beiakkdem1vi3j5fejmg,500,1,0.0379080888,0
1537426020,Prod-EcsStagingCluster-EcsCluster-1AAGQRFIOE9AE,Service_beiakkdem1vi3j5fejmg,500,1,0.0403883189,0
1537404720,Prod-EcsStagingCluster-EcsCluster-1AAGQRFIOE9AE,Service_beiakkdem1vi3j5fejmg,500,1,0.0359461983,0
1537398360,Prod-EcsStagingCluster-EcsCluster-1AAGQRFIOE9AE,Service_beiakkdem1vi3j5fejmg,500,1,0.0345615851,0
1537423800,Prod-EcsStagingCluster-EcsCluster-1AAGQRFIOE9AE,Service_beiakkdem1vi3j5fejmg,500,1,0.0420954491,0
1537430160,Prod-EcsStagingCluster-EcsCluster-1AAGQRFIOE9AE,Service_beiakkdem1vi3j5fejmg,500,1,0.0363562554,0
1537404660,Prod-EcsStagingCluster-EcsCluster-1AAGQRFIOE9AE,Service_beiakkdem1vi3j5fejmg,500,1,0.0352862199,0
1537430100,Prod-EcsStagingCluster-EcsCluster-1AAGQRFIOE9AE,Service_beiakkdem1vi3j5fejmg,500,1,0.0362168376,0
1537355820,Prod-EcsStagingCluster-EcsCluster-1AAGQRFIOE9AE,Service_beiakkdem1vi3j5fejmg,500,1,0.0360299236,0
1537368540,Prod-EcsStagingCluster-EcsCluster-1AAGQRFIOE9AE,Service_beiakkdem1vi3j5fejmg,500,1,0.0352063716,0
1537393980,Prod-EcsStagingCluster-EcsCluster-1AAGQRFIOE9AE,Service_beiakkdem1vi3j5fejmg,500,1,0.0343086821,0
1537381260,Prod-EcsStagingCluster-EcsCluster-1AAGQRFIOE9AE,Service_beiakkdem1vi3j5fejmg,500,1,0.0356309444,0
1537357860,Prod-EcsStagingCluster-EcsCluster-1AAGQRFIOE9AE,Service_beiakkdem1vi3j5fejmg,500,1,0.0359061646,0
1537408800,Prod-EcsStagingCluster-EcsCluster-1AAGQRFIOE9AE,Service_beiakkdem1vi3j5fejmg,500,1,0.0391377318,0
1537402440,Prod-EcsStagingCluster-EcsCluster-1AAGQRFIOE9AE,Service_beiakkdem1vi3j5fejmg,500,1,0.0367666282,0
1537403400,Prod-EcsStagingCluster-EcsCluster-1AAGQRFIOE9AE,Service_beiakkdem1vi3j5fejmg,500,1,0.0360105788,0
1537406580,Prod-EcsStagingCluster-EcsCluster-1AAGQRFIOE9AE,Service_beiakkdem1vi3j5fejmg,500,1,0.0356348600,0
1537428840,Prod-EcsStagingCluster-EcsCluster-1AAGQRFIOE9AE,Service_beiakkdem1vi3j5fejmg,500,1,0.0380212493,0
1537365120,Prod-EcsStagingCluster-EcsCluster-1AAGQRFIOE9AE,Service_beiakkdem1vi3j5fejmg,500,1,0.0358482324,0
1537356600,Prod-EcsStagingCluster-EcsCluster-1AAGQRFIOE9AE,Service_beiakkdem1vi3j5fejmg,500,1,0.0366004433,0
1537359780,Prod-EcsStagingCluster-EcsCluster-1AAGQRFIOE9AE,Service_beiakkdem1vi3j5fejmg,500,1,0.0339257155,0
1537389420,Prod-EcsStagingCluster-EcsCluster-1AAGQRFIOE9AE,Service_beiakkdem1vi3j5fejmg,500,1,0.0357202248,0
1537414860,Prod-EcsStagingCluster-EcsCluster-1AAGQRFIOE9AE,Service_beiakkdem1vi3j5fejmg,500,1,0.0386613804,0
1537402140,Prod-EcsStagingCluster-EcsCluster-1AAGQRFIOE9AE,Service_beiakkdem1vi3j5fejmg,500,1,1.0040874433,0
1537369200,Prod-EcsStagingCluster-EcsCluster-1AAGQRFIOE9AE,Service_beiakkdem1vi3j5fejmg,500,1,0.0354964181,0
1537427580,Prod-EcsStagingCluster-EcsCluster-1AAGQRFIOE9AE,Service_beiakkdem1vi3j5fejmg,500,1,0.0392555216,0
1537394640,Prod-EcsStagingCluster-EcsCluster-1AAGQRFIOE9AE,Service_beiakkdem1vi3j5fejmg,500,1,0.0352567314,0
1537360680,Prod-EcsStagingCluster-EcsCluster-1AAGQRFIOE9AE,Service_beiakkdem1vi3j5fejmg,500,1,0.0355061550,0
1537363860,Prod-EcsStagingCluster-EcsCluster-1AAGQRFIOE9AE,Service_beiakkdem1vi3j5fejmg,500,1,0.0370010640,0
1537373280,Prod-EcsStagingCluster-EcsCluster-1AAGQRFIOE9AE,Service_beiakkdem1vi3j5fejmg,500,1,0.0338302358,0
1537398720,Prod-EcsStagingCluster-EcsCluster-1AAGQRFIOE9AE,Service_beiakkdem1vi3j5fejmg,500,1,0.0376128409,0
1537367940,Prod-EcsStagingCluster-EcsCluster-1AAGQRFIOE9AE,Service_beiakkdem1vi3j5fejmg,500,1,0.0838727611,0
1537364760,Prod-EcsStagingCluster-EcsCluster-1AAGQRFIOE9AE,Service_beiakkdem1vi3j5fejmg,500,1,0.0369873116,0
1537393380,Prod-EcsStagingCluster-EcsCluster-1AAGQRFIOE9AE,Service_beiakkdem1vi3j5fejmg,500,1,0.0351742441,0
1537359420,Prod-EcsStagingCluster-EcsCluster-1AAGQRFIOE9AE,Service_beiakkdem1vi3j5fejmg,500,1,0.0361229612,0
1537346700,Prod-EcsStagingCluster-EcsCluster-1AAGQRFIOE9AE,Service_beiakkdem1vi3j5fejmg,500,1,0.0348151243,0
1537374240,Prod-EcsStagingCluster-EcsCluster-1AAGQRFIOE9AE,Service_beiakkdem1vi3j5fejmg,500,1,0.0344984212,0
1537399680,Prod-EcsStagingCluster-EcsCluster-1AAGQRFIOE9AE,Service_beiakkdem1vi3j5fejmg,500,1,0.0372562548,0
1537423020,Prod-EcsStagingCluster-EcsCluster-1AAGQRFIOE9AE,Service_beiakkdem1vi3j5fejmg,500,1,0.0404036407,0
1537365720,Prod-EcsStagingCluster-EcsCluster-1AAGQRFIOE9AE,Service_beiakkdem1vi3j5fejmg,500,1,0.0358531133,0
1537391160,Prod-EcsStagingCluster-EcsCluster-1AAGQRFIOE9AE,Service_beiakkdem1vi3j5fejmg,500,1,0.0350445004,0
1537372020,Prod-EcsStagingCluster-EcsCluster-1AAGQRFIOE9AE,Service_beiakkdem1vi3j5fejmg,500,1,0.0366291036,0
1537397460,Prod-EcsStagingCluster-EcsCluster-1AAGQRFIOE9AE,Service_beiakkdem1vi3j5fejmg,500,1,0.0352971093,0
1537369800,Prod-EcsStagingCluster-EcsCluster-1AAGQRFIOE9AE,Service_beiakkdem1vi3j5fejmg,500,1,0.0370380328,0
1537403760,Prod-EcsStagingCluster-EcsCluster-1AAGQRFIOE9AE,Service_beiakkdem1vi3j5fejmg,500,1,0.0338064918,0
1537395240,Prod-EcsStagingCluster-EcsCluster-1AAGQRFIOE9AE,Service_beiakkdem1vi3j5fejmg,500,1,0.0366670684,0
1537429200,Prod-EcsStagingCluster-EcsCluster-1AAGQRFIOE9AE,Service_beiakkdem1vi3j5fejmg,500,1,0.0393236425,0
1537380300,Prod-EcsStagingCluster-EcsCluster-1AAGQRFIOE9AE,Service_beiakkdem1vi3j5fejmg,500,1,0.0362412663,0
1537401540,Prod-EcsStagingCluster-EcsCluster-1AAGQRFIOE9AE,Service_beiakkdem1vi3j5fejmg,500,1,0.0355146535,0
1537354860,Prod-EcsStagingCluster-EcsCluster-1AAGQRFIOE9AE,Service_beiakkdem1vi3j5fejmg,500,1,0.0353425952,0
1537367580,Prod-EcsStagingCluster-EcsCluster-1AAGQRFIOE9AE,Service_beiakkdem1vi3j5fejmg,500,1,0.0354567378,0
1537393020,Prod-EcsStagingCluster-EcsCluster-1AAGQRFIOE9AE,Service_beiakkdem1vi3j5fejmg,500,1,0.0351915158,0
1537426980,Prod-EcsStagingCluster-EcsCluster-1AAGQRFIOE9AE,Service_beiakkdem1vi3j5fejmg,500,1,0.0408150263,0
1537407840,Prod-EcsStagingCluster-EcsCluster-1AAGQRFIOE9AE,Service_beiakkdem1vi3j5fejmg,500,1,0.0401945395,0
1537399320,Prod-EcsStagingCluster-EcsCluster-1AAGQRFIOE9AE,Service_beiakkdem1vi3j5fejmg,500,1,0.0375104826,0
1537424760,Prod-EcsStagingCluster-EcsCluster-1AAGQRFIOE9AE,Service_beiakkdem1vi3j5fejmg,500,1,0.0408127520,0
1537361040,Prod-EcsStagingCluster-EcsCluster-1AAGQRFIOE9AE,Service_beiakkdem1vi3j5fejmg,500,1,0.0352281548,0
1537405620,Prod-EcsStagingCluster-EcsCluster-1AAGQRFIOE9AE,Service_beiakkdem1vi3j5fejmg,500,1,0.0348683419,0
1537406640,Prod-EcsStagingCluster-EcsCluster-1AAGQRFIOE9AE,Service_beiakkdem1vi3j5fejmg,500,1,0.0368692469,0
1537400280,Prod-EcsStagingCluster-EcsCluster-1AAGQRFIOE9AE,Service_beiakkdem1vi3j5fejmg,500,1,0.0356323130,0
1537403460,Prod-EcsStagingCluster-EcsCluster-1AAGQRFIOE9AE,Service_beiakkdem1vi3j5fejmg,500,1,0.0353795002,0
1537422540,Prod-EcsStagingCluster-EcsCluster-1AAGQRFIOE9AE,Service_beiakkdem1vi3j5fejmg,500,1,0.0411740155,0
1537430940,Prod-EcsStagingCluster-EcsCluster-1AAGQRFIOE9AE,Service_beiakkdem1vi3j5fejmg,500,1,0.9391111775,0
1537388460,Prod-EcsStagingCluster-EcsCluster-1AAGQRFIOE9AE,Service_beiakkdem1vi3j5fejmg,500,1,0.0348276001,0
1537417080,Prod-EcsStagingCluster-EcsCluster-1AAGQRFIOE9AE,Service_beiakkdem1vi3j5fejmg,500,1,0.0412511552,0
1537420260,Prod-EcsStagingCluster-EcsCluster-1AAGQRFIOE9AE,Service_beiakkdem1vi3j5fejmg,500,1,0.0389658817,0
1537423440,Prod-EcsStagingCluster-EcsCluster-1AAGQRFIOE9AE,Service_beiakkdem1vi3j5fejmg,500,1,0.0404305061,0
1537396860,Prod-EcsStagingCluster-EcsCluster-1AAGQRFIOE9AE,Service_beiakkdem1vi3j5fejmg,500,1,0.0373135319,0
1537400040,Prod-EcsStagingCluster-EcsCluster-1AAGQRFIOE9AE,Service_beiakkdem1vi3j5fejmg,500,1,0.0364210287,0
1537403220,Prod-EcsStagingCluster-EcsCluster-1AAGQRFIOE9AE,Service_beiakkdem1vi3j5fejmg,500,1,0.0346391096,0
1537406400,Prod-EcsStagingCluster-EcsCluster-1AAGQRFIOE9AE,Service_beiakkdem1vi3j5fejmg,500,1,0.0348565846,0
1537354380,Prod-EcsStagingCluster-EcsCluster-1AAGQRFIOE9AE,Service_beiakkdem1vi3j5fejmg,500,1,0.0364465700,0
1537372320,Prod-EcsStagingCluster-EcsCluster-1AAGQRFIOE9AE,Service_beiakkdem1vi3j5fejmg,500,1,0.0336196200,0
1537362780,Prod-EcsStagingCluster-EcsCluster-1AAGQRFIOE9AE,Service_beiakkdem1vi3j5fejmg,500,1,0.0355574939,0
1537365960,Prod-EcsStagingCluster-EcsCluster-1AAGQRFIOE9AE,Service_beiakkdem1vi3j5fejmg,500,1,0.0354052125,0
1537369140,Prod-EcsStagingCluster-EcsCluster-1AAGQRFIOE9AE,Service_beiakkdem1vi3j5fejmg,500,1,0.0356385726,2
1537355280,Prod-EcsStagingCluster-EcsCluster-1AAGQRFIOE9AE,Service_beiakkdem1vi3j5fejmg,500,1,0.0362302528,0
1537348920,Prod-EcsStagingCluster-EcsCluster-1AAGQRFIOE9AE,Service_beiakkdem1vi3j5fejmg,500,1,0.0350916995,0
1537352100,Prod-EcsStagingCluster-EcsCluster-1AAGQRFIOE9AE,Service_beiakkdem1vi3j5fejmg,500,1,0.0363433985,0
1537422060,Prod-EcsStagingCluster-EcsCluster-1AAGQRFIOE9AE,Service_beiakkdem1vi3j5fejmg,500,1,0.0429313648,0
1537356240,Prod-EcsStagingCluster-EcsCluster-1AAGQRFIOE9AE,Service_beiakkdem1vi3j5fejmg,500,1,0.0352191475,0
1537349880,Prod-EcsStagingCluster-EcsCluster-1AAGQRFIOE9AE,Service_beiakkdem1vi3j5fejmg,500,1,0.0336896263,0
1537368900,Prod-EcsStagingCluster-EcsCluster-1AAGQRFIOE9AE,Service_beiakkdem1vi3j5fejmg,500,1,0.0355106735,0
1537430460,Prod-EcsStagingCluster-EcsCluster-1AAGQRFIOE9AE,Service_beiakkdem1vi3j5fejmg,500,1,0.0357608266,0
1537387980,Prod-EcsStagingCluster-EcsCluster-1AAGQRFIOE9AE,Service_beiakkdem1vi3j5fejmg,500,1,0.0345920201,0
1537396380,Prod-EcsStagingCluster-EcsCluster-1AAGQRFIOE9AE,Service_beiakkdem1vi3j5fejmg,500,1,0.0360451507,0
1537366680,Prod-EcsStagingCluster-EcsCluster-1AAGQRFIOE9AE,Service_beiakkdem1vi3j5fejmg,500,1,0.0351356023,0
1537373040,Prod-EcsStagingCluster-EcsCluster-1AAGQRFIOE9AE,Service_beiakkdem1vi3j5fejmg,500,1,0.0352712929,0
1537353900,Prod-EcsStagingCluster-EcsCluster-1AAGQRFIOE9AE,Service_beiakkdem1vi3j5fejmg,500,1,0.0349133178,0
1537402740,Prod-EcsStagingCluster-EcsCluster-1AAGQRFIOE9AE,Service_beiakkdem1vi3j5fejmg,500,1,0.0354948596,0
1537385700,Prod-EcsStagingCluster-EcsCluster-1AAGQRFIOE9AE,Service_beiakkdem1vi3j5fejmg,500,1,0.0349925812,0
1537362300,Prod-EcsStagingCluster-EcsCluster-1AAGQRFIOE9AE,Service_beiakkdem1vi3j5fejmg,500,1,0.0359976839,0
1537400520,Prod-EcsStagingCluster-EcsCluster-1AAGQRFIOE9AE,Service_beiakkdem1vi3j5fejmg,500,1,0.0367763109,0
1537406880,Prod-EcsStagingCluster-EcsCluster-1AAGQRFIOE9AE,Service_beiakkdem1vi3j5fejmg,500,1,0.0371442159,0
1537368660,Prod-EcsStagingCluster-EcsCluster-1AAGQRFIOE9AE,Service_beiakkdem1vi3j5fejmg,500,1,0.0353525832,0
1537389840,Prod-EcsStagingCluster-EcsCluster-1AAGQRFIOE9AE,Service_beiakkdem1vi3j5fejmg,500,1,0.0346186494,0
1537383480,Prod-EcsStagingCluster-EcsCluster-1AAGQRFIOE9AE,Service_beiakkdem1vi3j5fejmg,500,1,0.0363114234,0
1537366440,Prod-EcsStagingCluster-EcsCluster-1AAGQRFIOE9AE,Service_beiakkdem1vi3j5fejmg,500,1,0.0354033926,0
1537402500,Prod-EcsStagingCluster-EcsCluster-1AAGQRFIOE9AE,Service_beiakkdem1vi3j5fejmg,500,1,0.0370557250,0
1537372800,Prod-EcsStagingCluster-EcsCluster-1AAGQRFIOE9AE,Service_beiakkdem1vi3j5fejmg,500,1,0.0365254288,0
1537421580,Prod-EcsStagingCluster-EcsCluster-1AAGQRFIOE9AE,Service_beiakkdem1vi3j5fejmg,500,1,0.0395966476,0
1537429980,Prod-EcsStagingCluster-EcsCluster-1AAGQRFIOE9AE,Service_beiakkdem1vi3j5fejmg,500,1,0.0362687890,0
1537367400,Prod-EcsStagingCluster-EcsCluster-1AAGQRFIOE9AE,Service_beiakkdem1vi3j5fejmg,500,1,0.0356798336,0
1537370580,Prod-EcsStagingCluster-EcsCluster-1AAGQRFIOE9AE,Service_beiakkdem1vi3j5fejmg,500,1,0.0361346948,0
1537387500,Prod-EcsStagingCluster-EcsCluster-1AAGQRFIOE9AE,Service_beiakkdem1vi3j5fejmg,500,1,0.0354394256,0
1537404420,Prod-EcsStagingCluster-EcsCluster-1AAGQRFIOE9AE,Service_beiakkdem1vi3j5fejmg,500,1,0.0335606150,0
1537401240,Prod-EcsStagingCluster-EcsCluster-1AAGQRFIOE9AE,Service_beiakkdem1vi3j5fejmg,500,1,0.0359620944,0
1537422480,Prod-EcsStagingCluster-EcsCluster-1AAGQRFIOE9AE,Service_beiakkdem1vi3j5fejmg,500,1,0.0405194315,0
1537395900,Prod-EcsStagingCluster-EcsCluster-1AAGQRFIOE9AE,Service_beiakkdem1vi3j5fejmg,500,1,0.0346907192,0
1537405440,Prod-EcsStagingCluster-EcsCluster-1AAGQRFIOE9AE,Service_beiakkdem1vi3j5fejmg,500,1,0.0355672692,0
1537353420,Prod-EcsStagingCluster-EcsCluster-1AAGQRFIOE9AE,Service_beiakkdem1vi3j5fejmg,500,1,0.0365460223,0
1537418040,Prod-EcsStagingCluster-EcsCluster-1AAGQRFIOE9AE,Service_beiakkdem1vi3j5fejmg,500,1,0.0404928991,0
1537371360,Prod-EcsStagingCluster-EcsCluster-1AAGQRFIOE9AE,Service_beiakkdem1vi3j5fejmg,500,1,0.0340810202,0
1537361820,Prod-EcsStagingCluster-EcsCluster-1AAGQRFIOE9AE,Service_beiakkdem1vi3j5fejmg,500,1,0.0360965562,0
1537421220,Prod-EcsStagingCluster-EcsCluster-1AAGQRFIOE9AE,Service_beiakkdem1vi3j5fejmg,500,1,0.0385566306,0
1537401000,Prod-EcsStagingCluster-EcsCluster-1AAGQRFIOE9AE,Service_beiakkdem1vi3j5fejmg,500,1,0.0360486415,0
1537404180,Prod-EcsStagingCluster-EcsCluster-1AAGQRFIOE9AE,Service_beiakkdem1vi3j5fejmg,500,1,0.0349491307,0
1537354320,Prod-EcsStagingCluster-EcsCluster-1AAGQRFIOE9AE,Service_beiakkdem1vi3j5fejmg,500,1,0.0348670630,0
1537421100,Prod-EcsStagingCluster-EcsCluster-1AAGQRFIOE9AE,Service_beiakkdem1vi3j5fejmg,500,1,0.0390718562,0
1537366920,Prod-EcsStagingCluster-EcsCluster-1AAGQRFIOE9AE,Service_beiakkdem1vi3j5fejmg,500,1,0.0381376733,0
1537370100,Prod-EcsStagingCluster-EcsCluster-1AAGQRFIOE9AE,Service_beiakkdem1vi3j5fejmg,500,1,0.0367421598,0
1537371120,Prod-EcsStagingCluster-EcsCluster-1AAGQRFIOE9AE,Service_beiakkdem1vi3j5fejmg,500,1,0.0350189299,0
1537429500,Prod-EcsStagingCluster-EcsCluster-1AAGQRFIOE9AE,Service_beiakkdem1vi3j5fejmg,500,1,0.0374692229,0
1537353060,Prod-EcsStagingCluster-EcsCluster-1AAGQRFIOE9AE,Service_beiakkdem1vi3j5fejmg,500,1,0.0359938859,0
1537387020,Prod-EcsStagingCluster-EcsCluster-1AAGQRFIOE9AE,Service_beiakkdem1vi3j5fejmg,500,1,0.0359278968,0
1537367880,Prod-EcsStagingCluster-EcsCluster-1AAGQRFIOE9AE,Service_beiakkdem1vi3j5fejmg,500,1,0.0367545559,0
1537395420,Prod-EcsStagingCluster-EcsCluster-1AAGQRFIOE9AE,Service_beiakkdem1vi3j5fejmg,500,1,0.0451079837,0
1537372080,Prod-EcsStagingCluster-EcsCluster-1AAGQRFIOE9AE,Service_beiakkdem1vi3j5fejmg,500,1,0.0362842218,0
1537352940,Prod-EcsStagingCluster-EcsCluster-1AAGQRFIOE9AE,Service_beiakkdem1vi3j5fejmg,500,1,0.0357577733,0
1537350840,Prod-EcsStagingCluster-EcsCluster-1AAGQRFIOE9AE,Service_beiakkdem1vi3j5fejmg,500,1,0.0353981776,0
1537369860,Prod-EcsStagingCluster-EcsCluster-1AAGQRFIOE9AE,Service_beiakkdem1vi3j5fejmg,500,1,0.0355042403,0
1537361340,Prod-EcsStagingCluster-EcsCluster-1AAGQRFIOE9AE,Service_beiakkdem1vi3j5fejmg,500,1,0.0347150648,0
1537405920,Prod-EcsStagingCluster-EcsCluster-1AAGQRFIOE9AE,Service_beiakkdem1vi3j5fejmg,500,1,0.0344332332,0
1537367640,Prod-EcsStagingCluster-EcsCluster-1AAGQRFIOE9AE,Service_beiakkdem1vi3j5fejmg,500,1,0.0354827756,0
1537388880,Prod-EcsStagingCluster-EcsCluster-1AAGQRFIOE9AE,Service_beiakkdem1vi3j5fejmg,500,1,0.0343895811,0
1537403700,Prod-EcsStagingCluster-EcsCluster-1AAGQRFIOE9AE,Service_beiakkdem1vi3j5fejmg,500,1,0.0346576164,0
1537371840,Prod-EcsStagingCluster-EcsCluster-1AAGQRFIOE9AE,Service_beiakkdem1vi3j5fejmg,500,1,0.0353330569,0
1537420620,Prod-EcsStagingCluster-EcsCluster-1AAGQRFIOE9AE,Service_beiakkdem1vi3j5fejmg,500,1,0.0518991990,0
1537386660,Prod-EcsStagingCluster-EcsCluster-1AAGQRFIOE9AE,Service_beiakkdem1vi3j5fejmg,500,1,0.0347568263,0
1537401480,Prod-EcsStagingCluster-EcsCluster-1AAGQRFIOE9AE,Service_beiakkdem1vi3j5fejmg,500,1,0.0370777034,0
1537405680,Prod-EcsStagingCluster-EcsCluster-1AAGQRFIOE9AE,Service_beiakkdem1vi3j5fejmg,500,1,0.0355486607,0
1537429020,Prod-EcsStagingCluster-EcsCluster-1AAGQRFIOE9AE,Service_beiakkdem1vi3j5fejmg,500,1,0.0370301696,0
1537369620,Prod-EcsStagingCluster-EcsCluster-1AAGQRFIOE9AE,Service_beiakkdem1vi3j5fejmg,500,1,0.0344902354,0
1537386540,Prod-EcsStagingCluster-EcsCluster-1AAGQRFIOE9AE,Service_beiakkdem1vi3j5fejmg,500,1,0.0340971661,0
1537384440,Prod-EcsStagingCluster-EcsCluster-1AAGQRFIOE9AE,Service_beiakkdem1vi3j5fejmg,500,1,0.0352650325,0
1537404480,Prod-EcsStagingCluster-EcsCluster-1AAGQRFIOE9AE,Service_beiakkdem1vi3j5fejmg,500,1,0.0351367992,0
1537401300,Prod-EcsStagingCluster-EcsCluster-1AAGQRFIOE9AE,Service_beiakkdem1vi3j5fejmg,500,1,0.0368193817,0
1537398120,Prod-EcsStagingCluster-EcsCluster-1AAGQRFIOE9AE,Service_beiakkdem1vi3j5fejmg,500,1,0.0365431087,0
1537388580,Prod-EcsStagingCluster-EcsCluster-1AAGQRFIOE9AE,Service_beiakkdem1vi3j5fejmg,500,1,0.0349956339,0
1537391760,Prod-EcsStagingCluster-EcsCluster-1AAGQRFIOE9AE,Service_beiakkdem1vi3j5fejmg,500,1,0.0353601331,0
1537385400,Prod-EcsStagingCluster-EcsCluster-1AAGQRFIOE9AE,Service_beiakkdem1vi3j5fejmg,500,1,0.0351775803,0
1537352460,Prod-EcsStagingCluster-EcsCluster-1AAGQRFIOE9AE,Service_beiakkdem1vi3j5fejmg,500,1,0.0370159633,0
1537365180,Prod-EcsStagingCluster-EcsCluster-1AAGQRFIOE9AE,Service_beiakkdem1vi3j5fejmg,500,1,0.0353996178,0
1537364040,Prod-EcsStagingCluster-EcsCluster-1AAGQRFIOE9AE,Service_beiakkdem1vi3j5fejmg,500,1,0.0367005110,0
1537367220,Prod-EcsStagingCluster-EcsCluster-1AAGQRFIOE9AE,Service_beiakkdem1vi3j5fejmg,500,1,0.0359394591,0
1537370400,Prod-EcsStagingCluster-EcsCluster-1AAGQRFIOE9AE,Service_beiakkdem1vi3j5fejmg,500,1,0.0362534891,0
1537408560,Prod-EcsStagingCluster-EcsCluster-1AAGQRFIOE9AE,Service_beiakkdem1vi3j5fejmg,500,1,0.0406185911,0
1537405380,Prod-EcsStagingCluster-EcsCluster-1AAGQRFIOE9AE,Service_beiakkdem1vi3j5fejmg,500,1,0.0348148360,0
1537402200,Prod-EcsStagingCluster-EcsCluster-1AAGQRFIOE9AE,Service_beiakkdem1vi3j5fejmg,500,1,0.0349003008,0
1537420140,Prod-EcsStagingCluster-EcsCluster-1AAGQRFIOE9AE,Service_beiakkdem1vi3j5fejmg,500,1,0.9549223703,0
1537419000,Prod-EcsStagingCluster-EcsCluster-1AAGQRFIOE9AE,Service_beiakkdem1vi3j5fejmg,500,1,0.0388939299,0
1537425360,Prod-EcsStagingCluster-EcsCluster-1AAGQRFIOE9AE,Service_beiakkdem1vi3j5fejmg,500,1,0.0410893494,0
1537422180,Prod-EcsStagingCluster-EcsCluster-1AAGQRFIOE9AE,Service_beiakkdem1vi3j5fejmg,500,1,0.0396149952,0
1537398780,Prod-EcsStagingCluster-EcsCluster-1AAGQRFIOE9AE,Service_beiakkdem1vi3j5fejmg,500,1,0.0380462079,0
1537386060,Prod-EcsStagingCluster-EcsCluster-1AAGQRFIOE9AE,Service_beiakkdem1vi3j5fejmg,500,1,0.0354343180,0
1537397640,Prod-EcsStagingCluster-EcsCluster-1AAGQRFIOE9AE,Service_beiakkdem1vi3j5fejmg,500,1,0.0365431001,0
1537351980,Prod-EcsStagingCluster-EcsCluster-1AAGQRFIOE9AE,Service_beiakkdem1vi3j5fejmg,500,1,0.0359972810,0
1537400820,Prod-EcsStagingCluster-EcsCluster-1AAGQRFIOE9AE,Service_beiakkdem1vi3j5fejmg,500,1,0.0365206862,0
1537364700,Prod-EcsStagingCluster-EcsCluster-1AAGQRFIOE9AE,Service_beiakkdem1vi3j5fejmg,500,1,0.0362131747,0
1537354020,Prod-EcsStagingCluster-EcsCluster-1AAGQRFIOE9AE,Service_beiakkdem1vi3j5fejmg,500,1,0.0355731822,0
1537366740,Prod-EcsStagingCluster-EcsCluster-1AAGQRFIOE9AE,Service_beiakkdem1vi3j5fejmg,500,1,0.0362458056,0
1537398600,Prod-EcsStagingCluster-EcsCluster-1AAGQRFIOE9AE,Service_beiakkdem1vi3j5fejmg,500,1,0.0356167511,0
1537404960,Prod-EcsStagingCluster-EcsCluster-1AAGQRFIOE9AE,Service_beiakkdem1vi3j5fejmg,500,1,0.0350480770,0
1537358160,Prod-EcsStagingCluster-EcsCluster-1AAGQRFIOE9AE,Service_beiakkdem1vi3j5fejmg,500,1,0.0355690015,0
1537364520,Prod-EcsStagingCluster-EcsCluster-1AAGQRFIOE9AE,Service_beiakkdem1vi3j5fejmg,500,1,0.0361154053,0
1537351800,Prod-EcsStagingCluster-EcsCluster-1AAGQRFIOE9AE,Service_beiakkdem1vi3j5fejmg,500,1,0.0353872629,0
1537370880,Prod-EcsStagingCluster-EcsCluster-1AAGQRFIOE9AE,Service_beiakkdem1vi3j5fejmg,500,1,0.0354403583,0
1537370820,Prod-EcsStagingCluster-EcsCluster-1AAGQRFIOE9AE,Service_beiakkdem1vi3j5fejmg,500,1,0.0364419268,0
1537419660,Prod-EcsStagingCluster-EcsCluster-1AAGQRFIOE9AE,Service_beiakkdem1vi3j5fejmg,500,1,0.0377176808,0
1537368600,Prod-EcsStagingCluster-EcsCluster-1AAGQRFIOE9AE,Service_beiakkdem1vi3j5fejmg,500,1,0.0362260870,0
1537374960,Prod-EcsStagingCluster-EcsCluster-1AAGQRFIOE9AE,Service_beiakkdem1vi3j5fejmg,500,1,0.0362915878,0
1537385580,Prod-EcsStagingCluster-EcsCluster-1AAGQRFIOE9AE,Service_beiakkdem1vi3j5fejmg,500,1,0.0343466992,0
1537398300,Prod-EcsStagingCluster-EcsCluster-1AAGQRFIOE9AE,Service_beiakkdem1vi3j5fejmg,500,1,0.0358574560,0
1537400340,Prod-EcsStagingCluster-EcsCluster-1AAGQRFIOE9AE,Service_beiakkdem1vi3j5fejmg,500,1,0.9221414299,0
1537387620,Prod-EcsStagingCluster-EcsCluster-1AAGQRFIOE9AE,Service_beiakkdem1vi3j5fejmg,500,1,0.0345823988,0
1537364220,Prod-EcsStagingCluster-EcsCluster-1AAGQRFIOE9AE,Service_beiakkdem1vi3j5fejmg,500,1,0.0356780716,0
1537351500,Prod-EcsStagingCluster-EcsCluster-1AAGQRFIOE9AE,Service_beiakkdem1vi3j5fejmg,500,1,0.0367786396,0
1537369440,Prod-EcsStagingCluster-EcsCluster-1AAGQRFIOE9AE,Service_beiakkdem1vi3j5fejmg,500,1,0.0372571352,0
1537407600,Prod-EcsStagingCluster-EcsCluster-1AAGQRFIOE9AE,Service_beiakkdem1vi3j5fejmg,500,1,0.0395552095,0
1537399080,Prod-EcsStagingCluster-EcsCluster-1AAGQRFIOE9AE,Service_beiakkdem1vi3j5fejmg,500,1,0.0367580543,0
1537402260,Prod-EcsStagingCluster-EcsCluster-1AAGQRFIOE9AE,Service_beiakkdem1vi3j5fejmg,500,1,0.0341065297,0
1537389540,Prod-EcsStagingCluster-EcsCluster-1AAGQRFIOE9AE,Service_beiakkdem1vi3j5fejmg,500,1,0.9061925545,0
1537386360,Prod-EcsStagingCluster-EcsCluster-1AAGQRFIOE9AE,Service_beiakkdem1vi3j5fejmg,500,1,0.0348954430,0
1537419180,Prod-EcsStagingCluster-EcsCluster-1AAGQRFIOE9AE,Service_beiakkdem1vi3j5fejmg,500,1,0.0408795643,0
1537365000,Prod-EcsStagingCluster-EcsCluster-1AAGQRFIOE9AE,Service_beiakkdem1vi3j5fejmg,500,1,0.0358164945,0
1537368180,Prod-EcsStagingCluster-EcsCluster-1AAGQRFIOE9AE,Service_beiakkdem1vi3j5fejmg,500,1,0.0364851180,0
1537406340,Prod-EcsStagingCluster-EcsCluster-1AAGQRFIOE9AE,Service_beiakkdem1vi3j5fejmg,500,1,0.0360567022,0
1537403160,Prod-EcsStagingCluster-EcsCluster-1AAGQRFIOE9AE,Service_beiakkdem1vi3j5fejmg,500,1,0.0353559102,0
1537424400,Prod-EcsStagingCluster-EcsCluster-1AAGQRFIOE9AE,Service_beiakkdem1vi3j5fejmg,500,1,0.0413008720,0
1537397820,Prod-EcsStagingCluster-EcsCluster-1AAGQRFIOE9AE,Service_beiakkdem1vi3j5fejmg,500,1,0.0367713640,0
1537385100,Prod-EcsStagingCluster-EcsCluster-1AAGQRFIOE9AE,Service_beiakkdem1vi3j5fejmg,500,1,0.0367444688,0
1537351020,Prod-EcsStagingCluster-EcsCluster-1AAGQRFIOE9AE,Service_beiakkdem1vi3j5fejmg,500,1,0.0356463198,0
1537403040,Prod-EcsStagingCluster-EcsCluster-1AAGQRFIOE9AE,Service_beiakkdem1vi3j5fejmg,500,1,0.0338797412,0
1537363740,Prod-EcsStagingCluster-EcsCluster-1AAGQRFIOE9AE,Service_beiakkdem1vi3j5fejmg,500,1,0.0366533491,0
1537419960,Prod-EcsStagingCluster-EcsCluster-1AAGQRFIOE9AE,Service_beiakkdem1vi3j5fejmg,500,1,0.0393936651,0
1537423140,Prod-EcsStagingCluster-EcsCluster-1AAGQRFIOE9AE,Service_beiakkdem1vi3j5fejmg,500,1,0.0404925647,0
1537404000,Prod-EcsStagingCluster-EcsCluster-1AAGQRFIOE9AE,Service_beiakkdem1vi3j5fejmg,500,1,0.0355752217,0
1537420920,Prod-EcsStagingCluster-EcsCluster-1AAGQRFIOE9AE,Service_beiakkdem1vi3j5fejmg,500,1,0.0399237254,0
1537357200,Prod-EcsStagingCluster-EcsCluster-1AAGQRFIOE9AE,Service_beiakkdem1vi3j5fejmg,500,1,0.0352476730,0
1537401780,Prod-EcsStagingCluster-EcsCluster-1AAGQRFIOE9AE,Service_beiakkdem1vi3j5fejmg,500,1,0.0359940319,0
1537369920,Prod-EcsStagingCluster-EcsCluster-1AAGQRFIOE9AE,Service_beiakkdem1vi3j5fejmg,500,1,0.0356648081,0
1537418700,Prod-EcsStagingCluster-EcsCluster-1AAGQRFIOE9AE,Service_beiakkdem1vi3j5fejmg,500,1,0.0410600588,0
1537431420,Prod-EcsStagingCluster-EcsCluster-1AAGQRFIOE9AE,Service_beiakkdem1vi3j5fejmg,500,1,0.0562036172,0
1537354980,Prod-EcsStagingCluster-EcsCluster-1AAGQRFIOE9AE,Service_beiakkdem1vi3j5fejmg,500,1,0.0353831491,0
1537367700,Prod-EcsStagingCluster-EcsCluster-1AAGQRFIOE9AE,Service_beiakkdem1vi3j5fejmg,500,1,0.0357788640,0
1537399560,Prod-EcsStagingCluster-EcsCluster-1AAGQRFIOE9AE,Service_beiakkdem1vi3j5fejmg,500,1,0.0357361617,0
1537374000,Prod-EcsStagingCluster-EcsCluster-1AAGQRFIOE9AE,Service_beiakkdem1vi3j5fejmg,500,1,0.0359069323,0
1537384620,Prod-EcsStagingCluster-EcsCluster-1AAGQRFIOE9AE,Service_beiakkdem1vi3j5fejmg,500,1,0.0368310595,0
1537365480,Prod-EcsStagingCluster-EcsCluster-1AAGQRFIOE9AE,Service_beiakkdem1vi3j5fejmg,500,1,0.0354966327,0
1537397340,Prod-EcsStagingCluster-EcsCluster-1AAGQRFIOE9AE,Service_beiakkdem1vi3j5fejmg,500,1,0.0348687968,0
1537352760,Prod-EcsStagingCluster-EcsCluster-1AAGQRFIOE9AE,Service_beiakkdem1vi3j5fejmg,500,1,0.0342814346,0
1537371780,Prod-EcsStagingCluster-EcsCluster-1AAGQRFIOE9AE,Service_beiakkdem1vi3j5fejmg,500,1,0.0359738670,0
1537363260,Prod-EcsStagingCluster-EcsCluster-1AAGQRFIOE9AE,Service_beiakkdem1vi3j5fejmg,500,1,0.0346457936,0
1537350540,Prod-EcsStagingCluster-EcsCluster-1AAGQRFIOE9AE,Service_beiakkdem1vi3j5fejmg,500,1,0.0386846544,0
1537403520,Prod-EcsStagingCluster-EcsCluster-1AAGQRFIOE9AE,Service_beiakkdem1vi3j5fejmg,500,1,0.0356671356,0
1537369560,Prod-EcsStagingCluster-EcsCluster-1AAGQRFIOE9AE,Service_beiakkdem1vi3j5fejmg,500,1,0.0367082211,0
1537390800,Prod-EcsStagingCluster-EcsCluster-1AAGQRFIOE9AE,Service_beiakkdem1vi3j5fejmg,500,1,0.0367522741,0
1537413000,Prod-EcsStagingCluster-EcsCluster-1AAGQRFIOE9AE,Service_beiakkdem1vi3j5fejmg,500,1,0.0378124436,0
1537390740,Prod-EcsStagingCluster-EcsCluster-1AAGQRFIOE9AE,Service_beiakkdem1vi3j5fejmg,500,1,0.0368592267,0
1537367340,Prod-EcsStagingCluster-EcsCluster-1AAGQRFIOE9AE,Service_beiakkdem1vi3j5fejmg,500,1,0.0353426082,0
1537370520,Prod-EcsStagingCluster-EcsCluster-1AAGQRFIOE9AE,Service_beiakkdem1vi3j5fejmg,500,1,0.0383511667,0
1537419360,Prod-EcsStagingCluster-EcsCluster-1AAGQRFIOE9AE,Service_beiakkdem1vi3j5fejmg,500,1,0.0386800581,0
1537351440,Prod-EcsStagingCluster-EcsCluster-1AAGQRFIOE9AE,Service_beiakkdem1vi3j5fejmg,500,1,0.0356399786,0
1537395960,Prod-EcsStagingCluster-EcsCluster-1AAGQRFIOE9AE,Service_beiakkdem1vi3j5fejmg,500,1,0.0357391614,0
1537376880,Prod-EcsStagingCluster-EcsCluster-1AAGQRFIOE9AE,Service_beiakkdem1vi3j5fejmg,500,1,0.0370671072,0
1537427760,Prod-EcsStagingCluster-EcsCluster-1AAGQRFIOE9AE,Service_beiakkdem1vi3j5fejmg,500,1,0.0389996268,0
1537402320,Prod-EcsStagingCluster-EcsCluster-1AAGQRFIOE9AE,Service_beiakkdem1vi3j5fejmg,500,1,0.0353469733,0
1537418220,Prod-EcsStagingCluster-EcsCluster-1AAGQRFIOE9AE,Service_beiakkdem1vi3j5fejmg,500,1,0.0393257535,0
1537421400,Prod-EcsStagingCluster-EcsCluster-1AAGQRFIOE9AE,Service_beiakkdem1vi3j5fejmg,500,1,0.0405500193,0
1537348020,Prod-EcsStagingCluster-EcsCluster-1AAGQRFIOE9AE,Service_beiakkdem1vi3j5fejmg,500,1,0.0346002463,0
1537392540,Prod-EcsStagingCluster-EcsCluster-1AAGQRFIOE9AE,Service_beiakkdem1vi3j5fejmg,500,1,0.0363604623,0
1537370280,Prod-EcsStagingCluster-EcsCluster-1AAGQRFIOE9AE,Service_beiakkdem1vi3j5fejmg,500,1,0.0356439593,0
1537376640,Prod-EcsStagingCluster-EcsCluster-1AAGQRFIOE9AE,Service_beiakkdem1vi3j5fejmg,500,1,0.0355032962,0
1537421160,Prod-EcsStagingCluster-EcsCluster-1AAGQRFIOE9AE,Service_beiakkdem1vi3j5fejmg,500,1,0.0388647573,0
1537398900,Prod-EcsStagingCluster-EcsCluster-1AAGQRFIOE9AE,Service_beiakkdem1vi3j5fejmg,500,1,0.0371593300,0
1537375500,Prod-EcsStagingCluster-EcsCluster-1AAGQRFIOE9AE,Service_beiakkdem1vi3j5fejmg,500,1,0.0359958909,0
1537381860,Prod-EcsStagingCluster-EcsCluster-1AAGQRFIOE9AE,Service_beiakkdem1vi3j5fejmg,500,1,0.0350386709,0
1537427520,Prod-EcsStagingCluster-EcsCluster-1AAGQRFIOE9AE,Service_beiakkdem1vi3j5fejmg,500,1,0.0403514286,0
1537356420,Prod-EcsStagingCluster-EcsCluster-1AAGQRFIOE9AE,Service_beiakkdem1vi3j5fejmg,500,1,0.0362906541,0
1537407300,Prod-EcsStagingCluster-EcsCluster-1AAGQRFIOE9AE,Service_beiakkdem1vi3j5fejmg,500,1,0.0392175634,0
1537426380,Prod-EcsStagingCluster-EcsCluster-1AAGQRFIOE9AE,Service_beiakkdem1vi3j5fejmg,500,1,0.0408848346,0
1537430520,Prod-EcsStagingCluster-EcsCluster-1AAGQRFIOE9AE,Service_beiakkdem1vi3j5fejmg,500,1,0.0362398001,0
1537349820,Prod-EcsStagingCluster-EcsCluster-1AAGQRFIOE9AE,Service_beiakkdem1vi3j5fejmg,500,1,0.0347126748,0
1537356180,Prod-EcsStagingCluster-EcsCluster-1AAGQRFIOE9AE,Service_beiakkdem1vi3j5fejmg,500,1,0.0359376711,0
1537400700,Prod-EcsStagingCluster-EcsCluster-1AAGQRFIOE9AE,Service_beiakkdem1vi3j5fejmg,500,1,0.0377506585,0
1537407060,Prod-EcsStagingCluster-EcsCluster-1AAGQRFIOE9AE,Service_beiakkdem1vi3j5fejmg,500,1,0.0388657892,0
1537360320,Prod-EcsStagingCluster-EcsCluster-1AAGQRFIOE9AE,Service_beiakkdem1vi3j5fejmg,500,1,0.0356710884,0
1537383660,Prod-EcsStagingCluster-EcsCluster-1AAGQRFIOE9AE,Service_beiakkdem1vi3j5fejmg,500,1,0.0352004070,0
1537353960,Prod-EcsStagingCluster-EcsCluster-1AAGQRFIOE9AE,Service_beiakkdem1vi3j5fejmg,500,1,0.0352773433,0
1537404840,Prod-EcsStagingCluster-EcsCluster-1AAGQRFIOE9AE,Service_beiakkdem1vi3j5fejmg,500,1,0.0335899984,0
1537411200,Prod-EcsStagingCluster-EcsCluster-1AAGQRFIOE9AE,Service_beiakkdem1vi3j5fejmg,500,1,0.0405619403,0
1537357980,Prod-EcsStagingCluster-EcsCluster-1AAGQRFIOE9AE,Service_beiakkdem1vi3j5fejmg,500,1,0.0347420444,0
1537364340,Prod-EcsStagingCluster-EcsCluster-1AAGQRFIOE9AE,Service_beiakkdem1vi3j5fejmg,500,1,0.0374875861,0
1537408860,Prod-EcsStagingCluster-EcsCluster-1AAGQRFIOE9AE,Service_beiakkdem1vi3j5fejmg,500,1,0.0392882925,0
1537415220,Prod-EcsStagingCluster-EcsCluster-1AAGQRFIOE9AE,Service_beiakkdem1vi3j5fejmg,500,1,0.0400033053,0
1537372740,Prod-EcsStagingCluster-EcsCluster-1AAGQRFIOE9AE,Service_beiakkdem1vi3j5fejmg,500,1,0.0371476558,0
1537347300,Prod-EcsStagingCluster-EcsCluster-1AAGQRFIOE9AE,Service_beiakkdem1vi3j5fejmg,500,1,0.0327647604,0
1537391820,Prod-EcsStagingCluster-EcsCluster-1AAGQRFIOE9AE,Service_beiakkdem1vi3j5fejmg,500,1,0.0485492904,0
1537398180,Prod-EcsStagingCluster-EcsCluster-1AAGQRFIOE9AE,Service_beiakkdem1vi3j5fejmg,500,1,0.0362596232,0
1537362120,Prod-EcsStagingCluster-EcsCluster-1AAGQRFIOE9AE,Service_beiakkdem1vi3j5fejmg,500,1,0.0363690716,0
1537368480,Prod-EcsStagingCluster-EcsCluster-1AAGQRFIOE9AE,Service_beiakkdem1vi3j5fejmg,500,1,0.0359737249,0
1537366260,Prod-EcsStagingCluster-EcsCluster-1AAGQRFIOE9AE,Service_beiakkdem1vi3j5fejmg,500,1,0.0349883870,0
1537417140,Prod-EcsStagingCluster-EcsCluster-1AAGQRFIOE9AE,Service_beiakkdem1vi3j5fejmg,500,1,0.0418915909,0
1537388520,Prod-EcsStagingCluster-EcsCluster-1AAGQRFIOE9AE,Service_beiakkdem1vi3j5fejmg,500,1,0.0345309825,0
1537374660,Prod-EcsStagingCluster-EcsCluster-1AAGQRFIOE9AE,Service_beiakkdem1vi3j5fejmg,500,1,0.0364494849,0
1537349220,Prod-EcsStagingCluster-EcsCluster-1AAGQRFIOE9AE,Service_beiakkdem1vi3j5fejmg,500,1,0.0326551209,0
1537400100,Prod-EcsStagingCluster-EcsCluster-1AAGQRFIOE9AE,Service_beiakkdem1vi3j5fejmg,500,1,0.0363121654,0
1537366140,Prod-EcsStagingCluster-EcsCluster-1AAGQRFIOE9AE,Service_beiakkdem1vi3j5fejmg,500,1,0.0358733960,0
1537350240,Prod-EcsStagingCluster-EcsCluster-1AAGQRFIOE9AE,Service_beiakkdem1vi3j5fejmg,500,1,0.0350265418,0
1537425540,Prod-EcsStagingCluster-EcsCluster-1AAGQRFIOE9AE,Service_beiakkdem1vi3j5fejmg,500,1,0.9076803514,0
1537417020,Prod-EcsStagingCluster-EcsCluster-1AAGQRFIOE9AE,Service_beiakkdem1vi3j5fejmg,500,1,0.0530042952,0
1537349100,Prod-EcsStagingCluster-EcsCluster-1AAGQRFIOE9AE,Service_beiakkdem1vi3j5fejmg,500,1,0.0350938925,0
1537401120,Prod-EcsStagingCluster-EcsCluster-1AAGQRFIOE9AE,Service_beiakkdem1vi3j5fejmg,500,1,0.0352082558,0
1537358640,Prod-EcsStagingCluster-EcsCluster-1AAGQRFIOE9AE,Service_beiakkdem1vi3j5fejmg,500,1,0.0352449446,0
1537409520,Prod-EcsStagingCluster-EcsCluster-1AAGQRFIOE9AE,Service_beiakkdem1vi3j5fejmg,500,1,0.0388489421,0
1537399980,Prod-EcsStagingCluster-EcsCluster-1AAGQRFIOE9AE,Service_beiakkdem1vi3j5fejmg,500,1,0.0366216535,0
1537384080,Prod-EcsStagingCluster-EcsCluster-1AAGQRFIOE9AE,Service_beiakkdem1vi3j5fejmg,500,1,0.0333080641,0
1537345800,Prod-EcsStagingCluster-EcsCluster-1AAGQRFIOE9AE,Service_beiakkdem1vi3j5fejmg,500,1,0.0365522655,0
1537396680,Prod-EcsStagingCluster-EcsCluster-1AAGQRFIOE9AE,Service_beiakkdem1vi3j5fejmg,500,1,0.0363550862,0
1537374420,Prod-EcsStagingCluster-EcsCluster-1AAGQRFIOE9AE,Service_beiakkdem1vi3j5fejmg,500,1,0.0346646338,0
1537354200,Prod-EcsStagingCluster-EcsCluster-1AAGQRFIOE9AE,Service_beiakkdem1vi3j5fejmg,500,1,0.0353638277,0
1537379640,Prod-EcsStagingCluster-EcsCluster-1AAGQRFIOE9AE,Service_beiakkdem1vi3j5fejmg,500,1,0.0346290528,0
1537425300,Prod-EcsStagingCluster-EcsCluster-1AAGQRFIOE9AE,Service_beiakkdem1vi3j5fejmg,500,1,0.0401453403,0
1537405080,Prod-EcsStagingCluster-EcsCluster-1AAGQRFIOE9AE,Service_beiakkdem1vi3j5fejmg,500,1,0.0357108888,0
1537374300,Prod-EcsStagingCluster-EcsCluster-1AAGQRFIOE9AE,Service_beiakkdem1vi3j5fejmg,500,1,0.0351543103,0
1537358400,Prod-EcsStagingCluster-EcsCluster-1AAGQRFIOE9AE,Service_beiakkdem1vi3j5fejmg,500,1,0.0350661170,0
1537423080,Prod-EcsStagingCluster-EcsCluster-1AAGQRFIOE9AE,Service_beiakkdem1vi3j5fejmg,500,1,0.0431346445,0
1537357260,Prod-EcsStagingCluster-EcsCluster-1AAGQRFIOE9AE,Service_beiakkdem1vi3j5fejmg,500,1,0.0351429038,0
1537425180,Prod-EcsStagingCluster-EcsCluster-1AAGQRFIOE9AE,Service_beiakkdem1vi3j5fejmg,500,1,0.0408981083,0
1537408140,Prod-EcsStagingCluster-EcsCluster-1AAGQRFIOE9AE,Service_beiakkdem1vi3j5fejmg,500,1,0.0389026432,0
1537384800,Prod-EcsStagingCluster-EcsCluster-1AAGQRFIOE9AE,Service_beiakkdem1vi3j5fejmg,500,1,0.0355242378,0
1537393200,Prod-EcsStagingCluster-EcsCluster-1AAGQRFIOE9AE,Service_beiakkdem1vi3j5fejmg,500,1,0.0356594842,0
1537367760,Prod-EcsStagingCluster-EcsCluster-1AAGQRFIOE9AE,Service_beiakkdem1vi3j5fejmg,500,1,0.0351234498,0
1537418640,Prod-EcsStagingCluster-EcsCluster-1AAGQRFIOE9AE,Service_beiakkdem1vi3j5fejmg,500,1,0.0400096036,0
1537382580,Prod-EcsStagingCluster-EcsCluster-1AAGQRFIOE9AE,Service_beiakkdem1vi3j5fejmg,500,1,0.0361175346,0
1537390980,Prod-EcsStagingCluster-EcsCluster-1AAGQRFIOE9AE,Service_beiakkdem1vi3j5fejmg,500,1,0.0359278659,0
1537365540,Prod-EcsStagingCluster-EcsCluster-1AAGQRFIOE9AE,Service_beiakkdem1vi3j5fejmg,500,1,0.0351236085,0
1537416420,Prod-EcsStagingCluster-EcsCluster-1AAGQRFIOE9AE,Service_beiakkdem1vi3j5fejmg,500,1,0.0391392900,0
1537382460,Prod-EcsStagingCluster-EcsCluster-1AAGQRFIOE9AE,Service_beiakkdem1vi3j5fejmg,500,1,0.0357093934,0
1537380360,Prod-EcsStagingCluster-EcsCluster-1AAGQRFIOE9AE,Service_beiakkdem1vi3j5fejmg,500,1,0.0347310223,0
1537431240,Prod-EcsStagingCluster-EcsCluster-1AAGQRFIOE9AE,Service_beiakkdem1vi3j5fejmg,500,1,0.0367292766,0
1537388760,Prod-EcsStagingCluster-EcsCluster-1AAGQRFIOE9AE,Service_beiakkdem1vi3j5fejmg,500,1,0.0355175697,0
1537365420,Prod-EcsStagingCluster-EcsCluster-1AAGQRFIOE9AE,Service_beiakkdem1vi3j5fejmg,500,1,0.0358864471,0
1537363320,Prod-EcsStagingCluster-EcsCluster-1AAGQRFIOE9AE,Service_beiakkdem1vi3j5fejmg,500,1,0.0345264281,0
1537414200,Prod-EcsStagingCluster-EcsCluster-1AAGQRFIOE9AE,Service_beiakkdem1vi3j5fejmg,500,1,0.0379230586,0
1537392960,Prod-EcsStagingCluster-EcsCluster-1AAGQRFIOE9AE,Service_beiakkdem1vi3j5fejmg,500,1,0.0369564869,0
1537416300,Prod-EcsStagingCluster-EcsCluster-1AAGQRFIOE9AE,Service_beiakkdem1vi3j5fejmg,500,1,0.0386543532,0
1537346100,Prod-EcsStagingCluster-EcsCluster-1AAGQRFIOE9AE,Service_beiakkdem1vi3j5fejmg,500,1,0.0371313241,0
1537396980,Prod-EcsStagingCluster-EcsCluster-1AAGQRFIOE9AE,Service_beiakkdem1vi3j5fejmg,500,1,0.0341793307,0
1537368360,Prod-EcsStagingCluster-EcsCluster-1AAGQRFIOE9AE,Service_beiakkdem1vi3j5fejmg,500,1,0.0353714110,0
1537374720,Prod-EcsStagingCluster-EcsCluster-1AAGQRFIOE9AE,Service_beiakkdem1vi3j5fejmg,500,1,0.0363064663,0
1537425600,Prod-EcsStagingCluster-EcsCluster-1AAGQRFIOE9AE,Service_beiakkdem1vi3j5fejmg,500,1,0.0411324057,0
1537419240,Prod-EcsStagingCluster-EcsCluster-1AAGQRFIOE9AE,Service_beiakkdem1vi3j5fejmg,500,1,0.0395695765,0
1537373580,Prod-EcsStagingCluster-EcsCluster-1AAGQRFIOE9AE,Service_beiakkdem1vi3j5fejmg,500,1,0.0361197279,0
1537386300,Prod-EcsStagingCluster-EcsCluster-1AAGQRFIOE9AE,Service_beiakkdem1vi3j5fejmg,500,1,0.0341190019,0
1537372440,Prod-EcsStagingCluster-EcsCluster-1AAGQRFIOE9AE,Service_beiakkdem1vi3j5fejmg,500,1,0.0354153557,0
1537424460,Prod-EcsStagingCluster-EcsCluster-1AAGQRFIOE9AE,Service_beiakkdem1vi3j5fejmg,500,1,0.0407559543,0
1537347000,Prod-EcsStagingCluster-EcsCluster-1AAGQRFIOE9AE,Service_beiakkdem1vi3j5fejmg,500,1,0.0347285074,0
1537353360,Prod-EcsStagingCluster-EcsCluster-1AAGQRFIOE9AE,Service_beiakkdem1vi3j5fejmg,500,1,0.0374346294,0
1537397880,Prod-EcsStagingCluster-EcsCluster-1AAGQRFIOE9AE,Service_beiakkdem1vi3j5fejmg,500,1,0.0369322593,0
1537378800,Prod-EcsStagingCluster-EcsCluster-1AAGQRFIOE9AE,Service_beiakkdem1vi3j5fejmg,500,1,0.0358718088,0
1537423320,Prod-EcsStagingCluster-EcsCluster-1AAGQRFIOE9AE,Service_beiakkdem1vi3j5fejmg,500,1,0.0402774129,0
1537429680,Prod-EcsStagingCluster-EcsCluster-1AAGQRFIOE9AE,Service_beiakkdem1vi3j5fejmg,500,1,0.0368006749,0
1537404240,Prod-EcsStagingCluster-EcsCluster-1AAGQRFIOE9AE,Service_beiakkdem1vi3j5fejmg,500,1,0.0344480035,0
1537376520,Prod-EcsStagingCluster-EcsCluster-1AAGQRFIOE9AE,Service_beiakkdem1vi3j5fejmg,500,1,0.0369635315,0
1537354260,Prod-EcsStagingCluster-EcsCluster-1AAGQRFIOE9AE,Service_beiakkdem1vi3j5fejmg,500,1,0.0349544709,0
1537405140,Prod-EcsStagingCluster-EcsCluster-1AAGQRFIOE9AE,Service_beiakkdem1vi3j5fejmg,500,1,0.0355129674,0
1537382880,Prod-EcsStagingCluster-EcsCluster-1AAGQRFIOE9AE,Service_beiakkdem1vi3j5fejmg,500,1,0.0349267637,0
1537427400,Prod-EcsStagingCluster-EcsCluster-1AAGQRFIOE9AE,Service_beiakkdem1vi3j5fejmg,500,1,0.0399777038,0
1537394460,Prod-EcsStagingCluster-EcsCluster-1AAGQRFIOE9AE,Service_beiakkdem1vi3j5fejmg,500,1,0.0355328332,0
1537381740,Prod-EcsStagingCluster-EcsCluster-1AAGQRFIOE9AE,Service_beiakkdem1vi3j5fejmg,500,1,0.0344770432,0
1537402920,Prod-EcsStagingCluster-EcsCluster-1AAGQRFIOE9AE,Service_beiakkdem1vi3j5fejmg,500,1,0.0354576399,0
1537409280,Prod-EcsStagingCluster-EcsCluster-1AAGQRFIOE9AE,Service_beiakkdem1vi3j5fejmg,500,1,0.0392544531,0
1537358340,Prod-EcsStagingCluster-EcsCluster-1AAGQRFIOE9AE,Service_beiakkdem1vi3j5fejmg,500,1,0.0362886991,0
1537409220,Prod-EcsStagingCluster-EcsCluster-1AAGQRFIOE9AE,Service_beiakkdem1vi3j5fejmg,500,1,0.0390445125,0
1537383780,Prod-EcsStagingCluster-EcsCluster-1AAGQRFIOE9AE,Service_beiakkdem1vi3j5fejmg,500,1,0.0350810397,0
1537356120,Prod-EcsStagingCluster-EcsCluster-1AAGQRFIOE9AE,Service_beiakkdem1vi3j5fejmg,500,1,0.0346775812,0
1537362480,Prod-EcsStagingCluster-EcsCluster-1AAGQRFIOE9AE,Service_beiakkdem1vi3j5fejmg,500,1,0.0353231946,0
1537407000,Prod-EcsStagingCluster-EcsCluster-1AAGQRFIOE9AE,Service_beiakkdem1vi3j5fejmg,500,1,0.0400661356,0
1537413360,Prod-EcsStagingCluster-EcsCluster-1AAGQRFIOE9AE,Service_beiakkdem1vi3j5fejmg,500,1,0.0371161962,0
1537381560,Prod-EcsStagingCluster-EcsCluster-1AAGQRFIOE9AE,Service_beiakkdem1vi3j5fejmg,500,1,0.0349053726,0
1537387920,Prod-EcsStagingCluster-EcsCluster-1AAGQRFIOE9AE,Service_beiakkdem1vi3j5fejmg,500,1,0.0348286741,0
1537362420,Prod-EcsStagingCluster-EcsCluster-1AAGQRFIOE9AE,Service_beiakkdem1vi3j5fejmg,500,1,0.0359946750,0
1537413300,Prod-EcsStagingCluster-EcsCluster-1AAGQRFIOE9AE,Service_beiakkdem1vi3j5fejmg,500,1,0.0362446433,0
1537351740,Prod-EcsStagingCluster-EcsCluster-1AAGQRFIOE9AE,Service_beiakkdem1vi3j5fejmg,500,1,0.9381420434,0
1537402620,Prod-EcsStagingCluster-EcsCluster-1AAGQRFIOE9AE,Service_beiakkdem1vi3j5fejmg,500,1,0.0502153105,0
1537389900,Prod-EcsStagingCluster-EcsCluster-1AAGQRFIOE9AE,Service_beiakkdem1vi3j5fejmg,500,1,0.0351643534,0
1537360200,Prod-EcsStagingCluster-EcsCluster-1AAGQRFIOE9AE,Service_beiakkdem1vi3j5fejmg,500,1,0.0360608934,0
1537366560,Prod-EcsStagingCluster-EcsCluster-1AAGQRFIOE9AE,Service_beiakkdem1vi3j5fejmg,500,1,0.0369565179,0
1537417440,Prod-EcsStagingCluster-EcsCluster-1AAGQRFIOE9AE,Service_beiakkdem1vi3j5fejmg,500,1,0.0425151379,0
1537411080,Prod-EcsStagingCluster-EcsCluster-1AAGQRFIOE9AE,Service_beiakkdem1vi3j5fejmg,500,1,0.0391819588,0
1537399200,Prod-EcsStagingCluster-EcsCluster-1AAGQRFIOE9AE,Service_beiakkdem1vi3j5fejmg,500,1,0.0384014381,0
1537390680,Prod-EcsStagingCluster-EcsCluster-1AAGQRFIOE9AE,Service_beiakkdem1vi3j5fejmg,500,1,0.0367116826,0
1537347180,Prod-EcsStagingCluster-EcsCluster-1AAGQRFIOE9AE,Service_beiakkdem1vi3j5fejmg,500,1,0.0347090249,0
1537365240,Prod-EcsStagingCluster-EcsCluster-1AAGQRFIOE9AE,Service_beiakkdem1vi3j5fejmg,500,1,0.0354259181,0
1537416120,Prod-EcsStagingCluster-EcsCluster-1AAGQRFIOE9AE,Service_beiakkdem1vi3j5fejmg,500,1,0.0385100897,0
1537359900,Prod-EcsStagingCluster-EcsCluster-1AAGQRFIOE9AE,Service_beiakkdem1vi3j5fejmg,500,1,0.0337363975,0
1537410780,Prod-EcsStagingCluster-EcsCluster-1AAGQRFIOE9AE,Service_beiakkdem1vi3j5fejmg,500,1,0.0364987176,0
1537398060,Prod-EcsStagingCluster-EcsCluster-1AAGQRFIOE9AE,Service_beiakkdem1vi3j5fejmg,500,1,0.0341955352,0
1537394760,Prod-EcsStagingCluster-EcsCluster-1AAGQRFIOE9AE,Service_beiakkdem1vi3j5fejmg,500,1,0.0357351755,0
1537372500,Prod-EcsStagingCluster-EcsCluster-1AAGQRFIOE9AE,Service_beiakkdem1vi3j5fejmg,500,1,0.0360096299,0
1537423380,Prod-EcsStagingCluster-EcsCluster-1AAGQRFIOE9AE,Service_beiakkdem1vi3j5fejmg,500,1,0.0402516135,0
1537356480,Prod-EcsStagingCluster-EcsCluster-1AAGQRFIOE9AE,Service_beiakkdem1vi3j5fejmg,500,1,0.0368599818,0
1537351140,Prod-EcsStagingCluster-EcsCluster-1AAGQRFIOE9AE,Service_beiakkdem1vi3j5fejmg,500,1,0.0355927370,0
1537355340,Prod-EcsStagingCluster-EcsCluster-1AAGQRFIOE9AE,Service_beiakkdem1vi3j5fejmg,500,1,0.0367552346,0
1537407360,Prod-EcsStagingCluster-EcsCluster-1AAGQRFIOE9AE,Service_beiakkdem1vi3j5fejmg,500,1,0.0390289417,0
1537376580,Prod-EcsStagingCluster-EcsCluster-1AAGQRFIOE9AE,Service_beiakkdem1vi3j5fejmg,500,1,0.0366447518,0
1537427460,Prod-EcsStagingCluster-EcsCluster-1AAGQRFIOE9AE,Service_beiakkdem1vi3j5fejmg,500,1,0.0403037869,0
1537402020,Prod-EcsStagingCluster-EcsCluster-1AAGQRFIOE9AE,Service_beiakkdem1vi3j5fejmg,500,1,0.0365408805,0
1537368060,Prod-EcsStagingCluster-EcsCluster-1AAGQRFIOE9AE,Service_beiakkdem1vi3j5fejmg,500,1,0.0357046305,0
1537418940,Prod-EcsStagingCluster-EcsCluster-1AAGQRFIOE9AE,Service_beiakkdem1vi3j5fejmg,500,1,0.0386636602,0
1537406220,Prod-EcsStagingCluster-EcsCluster-1AAGQRFIOE9AE,Service_beiakkdem1vi3j5fejmg,500,1,0.0473308695,0
1537360560,Prod-EcsStagingCluster-EcsCluster-1AAGQRFIOE9AE,Service_beiakkdem1vi3j5fejmg,500,1,0.0364605562,0
1537411440,Prod-EcsStagingCluster-EcsCluster-1AAGQRFIOE9AE,Service_beiakkdem1vi3j5fejmg,500,1,0.0405338894,0
1537352040,Prod-EcsStagingCluster-EcsCluster-1AAGQRFIOE9AE,Service_beiakkdem1vi3j5fejmg,500,1,0.0359489905,0
1537386000,Prod-EcsStagingCluster-EcsCluster-1AAGQRFIOE9AE,Service_beiakkdem1vi3j5fejmg,500,1,0.0358960294,0
1537380660,Prod-EcsStagingCluster-EcsCluster-1AAGQRFIOE9AE,Service_beiakkdem1vi3j5fejmg,500,1,0.0351192611,0
1537431540,Prod-EcsStagingCluster-EcsCluster-1AAGQRFIOE9AE,Service_beiakkdem1vi3j5fejmg,500,1,0.0364075370,0
1537378440,Prod-EcsStagingCluster-EcsCluster-1AAGQRFIOE9AE,Service_beiakkdem1vi3j5fejmg,500,1,0.0359353713,0
1537429320,Prod-EcsStagingCluster-EcsCluster-1AAGQRFIOE9AE,Service_beiakkdem1vi3j5fejmg,500,1,0.0380362256,0
1537376220,Prod-EcsStagingCluster-EcsCluster-1AAGQRFIOE9AE,Service_beiakkdem1vi3j5fejmg,500,1,0.0350696585,0
1537363500,Prod-EcsStagingCluster-EcsCluster-1AAGQRFIOE9AE,Service_beiakkdem1vi3j5fejmg,500,1,0.0359689898,0
1537427100,Prod-EcsStagingCluster-EcsCluster-1AAGQRFIOE9AE,Service_beiakkdem1vi3j5fejmg,500,1,0.0394421761,0
1537391040,Prod-EcsStagingCluster-EcsCluster-1AAGQRFIOE9AE,Service_beiakkdem1vi3j5fejmg,500,1,0.0352296944,0
1537414380,Prod-EcsStagingCluster-EcsCluster-1AAGQRFIOE9AE,Service_beiakkdem1vi3j5fejmg,500,1,0.0381725495,0
1537388820,Prod-EcsStagingCluster-EcsCluster-1AAGQRFIOE9AE,Service_beiakkdem1vi3j5fejmg,500,1,0.0337707897,0
1537369680,Prod-EcsStagingCluster-EcsCluster-1AAGQRFIOE9AE,Service_beiakkdem1vi3j5fejmg,500,1,0.0339833391,0
1537420560,Prod-EcsStagingCluster-EcsCluster-1AAGQRFIOE9AE,Service_beiakkdem1vi3j5fejmg,500,1,0.0370842924,0
1537395120,Prod-EcsStagingCluster-EcsCluster-1AAGQRFIOE9AE,Service_beiakkdem1vi3j5fejmg,500,1,0.0358803524,0
1537386600,Prod-EcsStagingCluster-EcsCluster-1AAGQRFIOE9AE,Service_beiakkdem1vi3j5fejmg,500,1,0.0349139914,0
1537392900,Prod-EcsStagingCluster-EcsCluster-1AAGQRFIOE9AE,Service_beiakkdem1vi3j5fejmg,500,1,0.0374315336,0
1537367460,Prod-EcsStagingCluster-EcsCluster-1AAGQRFIOE9AE,Service_beiakkdem1vi3j5fejmg,500,1,0.0350295293,0
1537418340,Prod-EcsStagingCluster-EcsCluster-1AAGQRFIOE9AE,Service_beiakkdem1vi3j5fejmg,500,1,0.9518073127,0
1537371660,Prod-EcsStagingCluster-EcsCluster-1AAGQRFIOE9AE,Service_beiakkdem1vi3j5fejmg,500,1,0.0363311407,0
1537384380,Prod-EcsStagingCluster-EcsCluster-1AAGQRFIOE9AE,Service_beiakkdem1vi3j5fejmg,500,1,0.0332642804,0
1537348320,Prod-EcsStagingCluster-EcsCluster-1AAGQRFIOE9AE,Service_beiakkdem1vi3j5fejmg,500,1,0.0348035027,0
1537357800,Prod-EcsStagingCluster-EcsCluster-1AAGQRFIOE9AE,Service_beiakkdem1vi3j5fejmg,500,1,0.0338946269,0
1537364160,Prod-EcsStagingCluster-EcsCluster-1AAGQRFIOE9AE,Service_beiakkdem1vi3j5fejmg,500,1,0.0360201067,0
1537428900,Prod-EcsStagingCluster-EcsCluster-1AAGQRFIOE9AE,Service_beiakkdem1vi3j5fejmg,500,1,0.0374185074,0
1537415040,Prod-EcsStagingCluster-EcsCluster-1AAGQRFIOE9AE,Service_beiakkdem1vi3j5fejmg,500,1,0.0392835361,0
1537408680,Prod-EcsStagingCluster-EcsCluster-1AAGQRFIOE9AE,Service_beiakkdem1vi3j5fejmg,500,1,0.0381867405,0
1537363020,Prod-EcsStagingCluster-EcsCluster-1AAGQRFIOE9AE,Service_beiakkdem1vi3j5fejmg,500,1,0.0360405937,0
1537413900,Prod-EcsStagingCluster-EcsCluster-1AAGQRFIOE9AE,Service_beiakkdem1vi3j5fejmg,500,1,0.0378174112,0
1537394820,Prod-EcsStagingCluster-EcsCluster-1AAGQRFIOE9AE,Service_beiakkdem1vi3j5fejmg,500,1,0.0347631170,0
1537374600,Prod-EcsStagingCluster-EcsCluster-1AAGQRFIOE9AE,Service_beiakkdem1vi3j5fejmg,500,1,0.0362294262,0
1537380960,Prod-EcsStagingCluster-EcsCluster-1AAGQRFIOE9AE,Service_beiakkdem1vi3j5fejmg,500,1,0.0344814748,0
1537357560,Prod-EcsStagingCluster-EcsCluster-1AAGQRFIOE9AE,Service_beiakkdem1vi3j5fejmg,500,1,0.0346039082,0
1537363920,Prod-EcsStagingCluster-EcsCluster-1AAGQRFIOE9AE,Service_beiakkdem1vi3j5fejmg,500,1,0.0375909423,0
1537425480,Prod-EcsStagingCluster-EcsCluster-1AAGQRFIOE9AE,Service_beiakkdem1vi3j5fejmg,500,1,0.0398172749,0
1537379820,Prod-EcsStagingCluster-EcsCluster-1AAGQRFIOE9AE,Service_beiakkdem1vi3j5fejmg,500,1,0.0353348251,0
1537414800,Prod-EcsStagingCluster-EcsCluster-1AAGQRFIOE9AE,Service_beiakkdem1vi3j5fejmg,500,1,0.0391364005,0
1537408440,Prod-EcsStagingCluster-EcsCluster-1AAGQRFIOE9AE,Service_beiakkdem1vi3j5fejmg,500,1,0.0397598837,0
1537430700,Prod-EcsStagingCluster-EcsCluster-1AAGQRFIOE9AE,Service_beiakkdem1vi3j5fejmg,500,1,0.0359143476,0
1537394580,Prod-EcsStagingCluster-EcsCluster-1AAGQRFIOE9AE,Service_beiakkdem1vi3j5fejmg,500,1,0.0351869404,0
1537388220,Prod-EcsStagingCluster-EcsCluster-1AAGQRFIOE9AE,Service_beiakkdem1vi3j5fejmg,500,1,0.0482388163,0
1537374360,Prod-EcsStagingCluster-EcsCluster-1AAGQRFIOE9AE,Service_beiakkdem1vi3j5fejmg,500,1,0.0355449273,0
1537380720,Prod-EcsStagingCluster-EcsCluster-1AAGQRFIOE9AE,Service_beiakkdem1vi3j5fejmg,500,1,0.0347865011,0
1537425240,Prod-EcsStagingCluster-EcsCluster-1AAGQRFIOE9AE,Service_beiakkdem1vi3j5fejmg,500,1,0.0406107000,0
1537431600,Prod-EcsStagingCluster-EcsCluster-1AAGQRFIOE9AE,Service_beiakkdem1vi3j5fejmg,500,1,0.0360486666,0
1537354140,Prod-EcsStagingCluster-EcsCluster-1AAGQRFIOE9AE,Service_beiakkdem1vi3j5fejmg,500,1,0.0365706474,0
1537360500,Prod-EcsStagingCluster-EcsCluster-1AAGQRFIOE9AE,Service_beiakkdem1vi3j5fejmg,500,1,0.0366384694,0
1537411380,Prod-EcsStagingCluster-EcsCluster-1AAGQRFIOE9AE,Service_beiakkdem1vi3j5fejmg,500,1,0.0429908008,0
1537405020,Prod-EcsStagingCluster-EcsCluster-1AAGQRFIOE9AE,Service_beiakkdem1vi3j5fejmg,500,1,0.0357301782,0
1537358280,Prod-EcsStagingCluster-EcsCluster-1AAGQRFIOE9AE,Service_beiakkdem1vi3j5fejmg,500,1,0.0360213915,0
1537394340,Prod-EcsStagingCluster-EcsCluster-1AAGQRFIOE9AE,Service_beiakkdem1vi3j5fejmg,500,1,0.0351318512,0
1537364640,Prod-EcsStagingCluster-EcsCluster-1AAGQRFIOE9AE,Service_beiakkdem1vi3j5fejmg,500,1,0.0362043429,0
1537409160,Prod-EcsStagingCluster-EcsCluster-1AAGQRFIOE9AE,Service_beiakkdem1vi3j5fejmg,500,1,0.0390319104,0
1537415520,Prod-EcsStagingCluster-EcsCluster-1AAGQRFIOE9AE,Service_beiakkdem1vi3j5fejmg,500,1,0.0399779274,0
1537347600,Prod-EcsStagingCluster-EcsCluster-1AAGQRFIOE9AE,Service_beiakkdem1vi3j5fejmg,500,1,0.0354499373,0
1537398480,Prod-EcsStagingCluster-EcsCluster-1AAGQRFIOE9AE,Service_beiakkdem1vi3j5fejmg,500,1,0.0348265080,0
1537392120,Prod-EcsStagingCluster-EcsCluster-1AAGQRFIOE9AE,Service_beiakkdem1vi3j5fejmg,500,1,0.0358052264,0
1537379340,Prod-EcsStagingCluster-EcsCluster-1AAGQRFIOE9AE,Service_beiakkdem1vi3j5fejmg,500,1,0.0363622837,0
1537360260,Prod-EcsStagingCluster-EcsCluster-1AAGQRFIOE9AE,Service_beiakkdem1vi3j5fejmg,500,1,0.0353781098,0
1537411140,Prod-EcsStagingCluster-EcsCluster-1AAGQRFIOE9AE,Service_beiakkdem1vi3j5fejmg,500,1,0.9514975936,0
1537430220,Prod-EcsStagingCluster-EcsCluster-1AAGQRFIOE9AE,Service_beiakkdem1vi3j5fejmg,500,1,0.0371554429,0
1537358040,Prod-EcsStagingCluster-EcsCluster-1AAGQRFIOE9AE,Service_beiakkdem1vi3j5fejmg,500,1,0.0362118158,0
1537364400,Prod-EcsStagingCluster-EcsCluster-1AAGQRFIOE9AE,Service_beiakkdem1vi3j5fejmg,500,1,0.0369107333,0
1537408920,Prod-EcsStagingCluster-EcsCluster-1AAGQRFIOE9AE,Service_beiakkdem1vi3j5fejmg,500,1,0.0386508856,0
1537415280,Prod-EcsStagingCluster-EcsCluster-1AAGQRFIOE9AE,Service_beiakkdem1vi3j5fejmg,500,1,0.0403805822,0
1537396140,Prod-EcsStagingCluster-EcsCluster-1AAGQRFIOE9AE,Service_beiakkdem1vi3j5fejmg,500,1,0.0367821328,0
1537360020,Prod-EcsStagingCluster-EcsCluster-1AAGQRFIOE9AE,Service_beiakkdem1vi3j5fejmg,500,1,0.0344981203,0
1537353660,Prod-EcsStagingCluster-EcsCluster-1AAGQRFIOE9AE,Service_beiakkdem1vi3j5fejmg,500,1,0.0335835071,0
1537392840,Prod-EcsStagingCluster-EcsCluster-1AAGQRFIOE9AE,Service_beiakkdem1vi3j5fejmg,500,1,0.0351496362,0
1537404540,Prod-EcsStagingCluster-EcsCluster-1AAGQRFIOE9AE,Service_beiakkdem1vi3j5fejmg,500,1,0.0361481226,0
1537346160,Prod-EcsStagingCluster-EcsCluster-1AAGQRFIOE9AE,Service_beiakkdem1vi3j5fejmg,500,1,0.0369873410,0
1537375800,Prod-EcsStagingCluster-EcsCluster-1AAGQRFIOE9AE,Service_beiakkdem1vi3j5fejmg,500,1,0.0358576609,0
1537397040,Prod-EcsStagingCluster-EcsCluster-1AAGQRFIOE9AE,Service_beiakkdem1vi3j5fejmg,500,1,0.0354107112,0
1537370460,Prod-EcsStagingCluster-EcsCluster-1AAGQRFIOE9AE,Service_beiakkdem1vi3j5fejmg,500,1,0.0358321244,0
1537361940,Prod-EcsStagingCluster-EcsCluster-1AAGQRFIOE9AE,Service_beiakkdem1vi3j5fejmg,500,1,0.0363098685,0
1537426680,Prod-EcsStagingCluster-EcsCluster-1AAGQRFIOE9AE,Service_beiakkdem1vi3j5fejmg,500,1,0.0412240940,0
1537421340,Prod-EcsStagingCluster-EcsCluster-1AAGQRFIOE9AE,Service_beiakkdem1vi3j5fejmg,500,1,0.0389506697,0
1537412820,Prod-EcsStagingCluster-EcsCluster-1AAGQRFIOE9AE,Service_beiakkdem1vi3j5fejmg,500,1,0.0383390016,0
1537392600,Prod-EcsStagingCluster-EcsCluster-1AAGQRFIOE9AE,Service_beiakkdem1vi3j5fejmg,500,1,0.0372683027,0
1537345920,Prod-EcsStagingCluster-EcsCluster-1AAGQRFIOE9AE,Service_beiakkdem1vi3j5fejmg,500,1,0.0369534884,0
1537378740,Prod-EcsStagingCluster-EcsCluster-1AAGQRFIOE9AE,Service_beiakkdem1vi3j5fejmg,500,1,0.9072806045,0
1537396800,Prod-EcsStagingCluster-EcsCluster-1AAGQRFIOE9AE,Service_beiakkdem1vi3j5fejmg,500,1,0.0373606939,0
1537395660,Prod-EcsStagingCluster-EcsCluster-1AAGQRFIOE9AE,Service_beiakkdem1vi3j5fejmg,500,1,0.0334931289,0
1537429620,Prod-EcsStagingCluster-EcsCluster-1AAGQRFIOE9AE,Service_beiakkdem1vi3j5fejmg,500,1,0.0379821822,0
1537361700,Prod-EcsStagingCluster-EcsCluster-1AAGQRFIOE9AE,Service_beiakkdem1vi3j5fejmg,500,1,0.0353932694,0
1537412580,Prod-EcsStagingCluster-EcsCluster-1AAGQRFIOE9AE,Service_beiakkdem1vi3j5fejmg,500,1,0.0366913843,0
1537362720,Prod-EcsStagingCluster-EcsCluster-1AAGQRFIOE9AE,Service_beiakkdem1vi3j5fejmg,500,1,0.0359368713,0
1537413600,Prod-EcsStagingCluster-EcsCluster-1AAGQRFIOE9AE,Service_beiakkdem1vi3j5fejmg,500,1,0.0400659522,0
1537392360,Prod-EcsStagingCluster-EcsCluster-1AAGQRFIOE9AE,Service_beiakkdem1vi3j5fejmg,500,1,0.0355356432,0
1537345680,Prod-EcsStagingCluster-EcsCluster-1AAGQRFIOE9AE,Service_beiakkdem1vi3j5fejmg,500,1,0.0364468561,0
1537361580,Prod-EcsStagingCluster-EcsCluster-1AAGQRFIOE9AE,Service_beiakkdem1vi3j5fejmg,500,1,0.0346234465,0
1537410360,Prod-EcsStagingCluster-EcsCluster-1AAGQRFIOE9AE,Service_beiakkdem1vi3j5fejmg,500,1,0.0385708330,0
1537412460,Prod-EcsStagingCluster-EcsCluster-1AAGQRFIOE9AE,Service_beiakkdem1vi3j5fejmg,500,1,0.0385311129,0
1537378500,Prod-EcsStagingCluster-EcsCluster-1AAGQRFIOE9AE,Service_beiakkdem1vi3j5fejmg,500,1,0.0382187843,0
1537429380,Prod-EcsStagingCluster-EcsCluster-1AAGQRFIOE9AE,Service_beiakkdem1vi3j5fejmg,500,1,0.0386129985,0
1537369980,Prod-EcsStagingCluster-EcsCluster-1AAGQRFIOE9AE,Service_beiakkdem1vi3j5fejmg,500,1,0.0367650941,0
1537420860,Prod-EcsStagingCluster-EcsCluster-1AAGQRFIOE9AE,Service_beiakkdem1vi3j5fejmg,500,1,0.0404355002,0
1537376280,Prod-EcsStagingCluster-EcsCluster-1AAGQRFIOE9AE,Service_beiakkdem1vi3j5fejmg,500,1,0.0365848936,0
1537427160,Prod-EcsStagingCluster-EcsCluster-1AAGQRFIOE9AE,Service_beiakkdem1vi3j5fejmg,500,1,0.0398754677,0
1537380480,Prod-EcsStagingCluster-EcsCluster-1AAGQRFIOE9AE,Service_beiakkdem1vi3j5fejmg,500,1,0.0340860201,0
1537431360,Prod-EcsStagingCluster-EcsCluster-1AAGQRFIOE9AE,Service_beiakkdem1vi3j5fejmg,500,1,0.0389154516,0
1537386780,Prod-EcsStagingCluster-EcsCluster-1AAGQRFIOE9AE,Service_beiakkdem1vi3j5fejmg,500,1,0.0339651771,0
1537378260,Prod-EcsStagingCluster-EcsCluster-1AAGQRFIOE9AE,Service_beiakkdem1vi3j5fejmg,500,1,0.0350419554,0
1537346400,Prod-EcsStagingCluster-EcsCluster-1AAGQRFIOE9AE,Service_beiakkdem1vi3j5fejmg,500,1,0.0382563960,0
1537397280,Prod-EcsStagingCluster-EcsCluster-1AAGQRFIOE9AE,Service_beiakkdem1vi3j5fejmg,500,1,0.0347851401,0
1537429140,Prod-EcsStagingCluster-EcsCluster-1AAGQRFIOE9AE,Service_beiakkdem1vi3j5fejmg,500,1,0.8812405499,0
1537376040,Prod-EcsStagingCluster-EcsCluster-1AAGQRFIOE9AE,Service_beiakkdem1vi3j5fejmg,500,1,0.0351808373,0
1537380240,Prod-EcsStagingCluster-EcsCluster-1AAGQRFIOE9AE,Service_beiakkdem1vi3j5fejmg,500,1,0.0346311250,0
1537395060,Prod-EcsStagingCluster-EcsCluster-1AAGQRFIOE9AE,Service_beiakkdem1vi3j5fejmg,500,1,0.0358356969,0
1537361100,Prod-EcsStagingCluster-EcsCluster-1AAGQRFIOE9AE,Service_beiakkdem1vi3j5fejmg,500,1,0.0356513738,0
1537426920,Prod-EcsStagingCluster-EcsCluster-1AAGQRFIOE9AE,Service_beiakkdem1vi3j5fejmg,500,1,0.0402592593,0
1537431120,Prod-EcsStagingCluster-EcsCluster-1AAGQRFIOE9AE,Service_beiakkdem1vi3j5fejmg,500,1,0.0364554623,0
1537411980,Prod-EcsStagingCluster-EcsCluster-1AAGQRFIOE9AE,Service_beiakkdem1vi3j5fejmg,500,1,0.0381734196,0
1537378020,Prod-EcsStagingCluster-EcsCluster-1AAGQRFIOE9AE,Service_beiakkdem1vi3j5fejmg,500,1,0.0357020604,0
1537372680,Prod-EcsStagingCluster-EcsCluster-1AAGQRFIOE9AE,Service_beiakkdem1vi3j5fejmg,500,1,0.0369885365,0
1537379040,Prod-EcsStagingCluster-EcsCluster-1AAGQRFIOE9AE,Service_beiakkdem1vi3j5fejmg,500,1,0.0349629382,0
1537424700,Prod-EcsStagingCluster-EcsCluster-1AAGQRFIOE9AE,Service_beiakkdem1vi3j5fejmg,500,1,0.0410845097,0
1537359960,Prod-EcsStagingCluster-EcsCluster-1AAGQRFIOE9AE,Service_beiakkdem1vi3j5fejmg,500,1,0.0352527440,0
1537366320,Prod-EcsStagingCluster-EcsCluster-1AAGQRFIOE9AE,Service_beiakkdem1vi3j5fejmg,500,1,0.0354381126,0
1537410840,Prod-EcsStagingCluster-EcsCluster-1AAGQRFIOE9AE,Service_beiakkdem1vi3j5fejmg,500,1,0.0381987390,0
1537429920,Prod-EcsStagingCluster-EcsCluster-1AAGQRFIOE9AE,Service_beiakkdem1vi3j5fejmg,500,1,0.0375371132,0
1537423560,Prod-EcsStagingCluster-EcsCluster-1AAGQRFIOE9AE,Service_beiakkdem1vi3j5fejmg,500,1,0.0401631385,0
1537417200,Prod-EcsStagingCluster-EcsCluster-1AAGQRFIOE9AE,Service_beiakkdem1vi3j5fejmg,500,1,0.0412057864,0
1537390620,Prod-EcsStagingCluster-EcsCluster-1AAGQRFIOE9AE,Service_beiakkdem1vi3j5fejmg,500,1,0.0367056719,0
1537377900,Prod-EcsStagingCluster-EcsCluster-1AAGQRFIOE9AE,Service_beiakkdem1vi3j5fejmg,500,1,0.0354906309,0
1537428780,Prod-EcsStagingCluster-EcsCluster-1AAGQRFIOE9AE,Service_beiakkdem1vi3j5fejmg,500,1,0.0372028650,0
1537379940,Prod-EcsStagingCluster-EcsCluster-1AAGQRFIOE9AE,Service_beiakkdem1vi3j5fejmg,500,1,0.0359437907,0
1537392660,Prod-EcsStagingCluster-EcsCluster-1AAGQRFIOE9AE,Service_beiakkdem1vi3j5fejmg,500,1,0.0368059600,0
1537430820,Prod-EcsStagingCluster-EcsCluster-1AAGQRFIOE9AE,Service_beiakkdem1vi3j5fejmg,500,1,0.0363686892,0
1537358580,Prod-EcsStagingCluster-EcsCluster-1AAGQRFIOE9AE,Service_beiakkdem1vi3j5fejmg,500,1,0.0348116240,0
1537345860,Prod-EcsStagingCluster-EcsCluster-1AAGQRFIOE9AE,Service_beiakkdem1vi3j5fejmg,500,1,0.0363566658,0
1537409460,Prod-EcsStagingCluster-EcsCluster-1AAGQRFIOE9AE,Service_beiakkdem1vi3j5fejmg,500,1,0.0378626598,0
1537396740,Prod-EcsStagingCluster-EcsCluster-1AAGQRFIOE9AE,Service_beiakkdem1vi3j5fejmg,500,1,0.9287339971,0
1537359480,Prod-EcsStagingCluster-EcsCluster-1AAGQRFIOE9AE,Service_beiakkdem1vi3j5fejmg,500,1,0.0370944909,0
1537378560,Prod-EcsStagingCluster-EcsCluster-1AAGQRFIOE9AE,Service_beiakkdem1vi3j5fejmg,500,1,0.0352121000,0
1537365840,Prod-EcsStagingCluster-EcsCluster-1AAGQRFIOE9AE,Service_beiakkdem1vi3j5fejmg,500,1,0.0370527320,0
1537372200,Prod-EcsStagingCluster-EcsCluster-1AAGQRFIOE9AE,Service_beiakkdem1vi3j5fejmg,500,1,0.0346134014,0
1537377420,Prod-EcsStagingCluster-EcsCluster-1AAGQRFIOE9AE,Service_beiakkdem1vi3j5fejmg,500,1,0.0478625250,0
1537390140,Prod-EcsStagingCluster-EcsCluster-1AAGQRFIOE9AE,Service_beiakkdem1vi3j5fejmg,500,1,0.0366827973,0
1537428300,Prod-EcsStagingCluster-EcsCluster-1AAGQRFIOE9AE,Service_beiakkdem1vi3j5fejmg,500,1,0.0382955430,0
1537356060,Prod-EcsStagingCluster-EcsCluster-1AAGQRFIOE9AE,Service_beiakkdem1vi3j5fejmg,500,1,0.0357472400,0
1537406940,Prod-EcsStagingCluster-EcsCluster-1AAGQRFIOE9AE,Service_beiakkdem1vi3j5fejmg,500,1,0.0380484024,0
1537394220,Prod-EcsStagingCluster-EcsCluster-1AAGQRFIOE9AE,Service_beiakkdem1vi3j5fejmg,500,1,0.0358300681,0
1537345380,Prod-EcsStagingCluster-EcsCluster-1AAGQRFIOE9AE,Service_beiakkdem1vi3j5fejmg,500,1,0.0352591430,0
1537358100,Prod-EcsStagingCluster-EcsCluster-1AAGQRFIOE9AE,Service_beiakkdem1vi3j5fejmg,500,1,0.0372141784,0
1537396260,Prod-EcsStagingCluster-EcsCluster-1AAGQRFIOE9AE,Service_beiakkdem1vi3j5fejmg,500,1,0.0361432069,0
1537408980,Prod-EcsStagingCluster-EcsCluster-1AAGQRFIOE9AE,Service_beiakkdem1vi3j5fejmg,500,1,0.0383806199,0
1537362240,Prod-EcsStagingCluster-EcsCluster-1AAGQRFIOE9AE,Service_beiakkdem1vi3j5fejmg,500,1,0.0357139984,0
1537349520,Prod-EcsStagingCluster-EcsCluster-1AAGQRFIOE9AE,Service_beiakkdem1vi3j5fejmg,500,1,0.0367296004,0
1537355880,Prod-EcsStagingCluster-EcsCluster-1AAGQRFIOE9AE,Service_beiakkdem1vi3j5fejmg,500,1,0.0365240816,0
1537400400,Prod-EcsStagingCluster-EcsCluster-1AAGQRFIOE9AE,Service_beiakkdem1vi3j5fejmg,500,1,0.0365370645,0
1537394040,Prod-EcsStagingCluster-EcsCluster-1AAGQRFIOE9AE,Service_beiakkdem1vi3j5fejmg,500,1,0.0349186124,0
1537374900,Prod-EcsStagingCluster-EcsCluster-1AAGQRFIOE9AE,Service_beiakkdem1vi3j5fejmg,500,1,0.0358756037,0
1537413120,Prod-EcsStagingCluster-EcsCluster-1AAGQRFIOE9AE,Service_beiakkdem1vi3j5fejmg,500,1,0.0378725902,0
1537406760,Prod-EcsStagingCluster-EcsCluster-1AAGQRFIOE9AE,Service_beiakkdem1vi3j5fejmg,500,1,0.0385916546,0
1537362180,Prod-EcsStagingCluster-EcsCluster-1AAGQRFIOE9AE,Service_beiakkdem1vi3j5fejmg,500,1,0.0349043177,0
1537413060,Prod-EcsStagingCluster-EcsCluster-1AAGQRFIOE9AE,Service_beiakkdem1vi3j5fejmg,500,1,0.0390162672,0
1537425780,Prod-EcsStagingCluster-EcsCluster-1AAGQRFIOE9AE,Service_beiakkdem1vi3j5fejmg,500,1,0.0400024836,0
1537410900,Prod-EcsStagingCluster-EcsCluster-1AAGQRFIOE9AE,Service_beiakkdem1vi3j5fejmg,500,1,0.0374254914,0
1537382160,Prod-EcsStagingCluster-EcsCluster-1AAGQRFIOE9AE,Service_beiakkdem1vi3j5fejmg,500,1,0.0344916926,0
1537376820,Prod-EcsStagingCluster-EcsCluster-1AAGQRFIOE9AE,Service_beiakkdem1vi3j5fejmg,500,1,0.0363262036,0
1537394880,Prod-EcsStagingCluster-EcsCluster-1AAGQRFIOE9AE,Service_beiakkdem1vi3j5fejmg,500,1,0.0348759195,0
1537364100,Prod-EcsStagingCluster-EcsCluster-1AAGQRFIOE9AE,Service_beiakkdem1vi3j5fejmg,500,1,0.0362297267,0
1537355580,Prod-EcsStagingCluster-EcsCluster-1AAGQRFIOE9AE,Service_beiakkdem1vi3j5fejmg,500,1,0.0366067992,0
1537393740,Prod-EcsStagingCluster-EcsCluster-1AAGQRFIOE9AE,Service_beiakkdem1vi3j5fejmg,500,1,0.0363130169,0
1537427700,Prod-EcsStagingCluster-EcsCluster-1AAGQRFIOE9AE,Service_beiakkdem1vi3j5fejmg,500,1,0.0396749686,0
1537414980,Prod-EcsStagingCluster-EcsCluster-1AAGQRFIOE9AE,Service_beiakkdem1vi3j5fejmg,500,1,0.0384355168,0
1537348080,Prod-EcsStagingCluster-EcsCluster-1AAGQRFIOE9AE,Service_beiakkdem1vi3j5fejmg,500,1,0.0344591343,0
1537360800,Prod-EcsStagingCluster-EcsCluster-1AAGQRFIOE9AE,Service_beiakkdem1vi3j5fejmg,500,1,0.0358302390,0
1537406460,Prod-EcsStagingCluster-EcsCluster-1AAGQRFIOE9AE,Service_beiakkdem1vi3j5fejmg,500,1,0.0355999195,0
1537411680,Prod-EcsStagingCluster-EcsCluster-1AAGQRFIOE9AE,Service_beiakkdem1vi3j5fejmg,500,1,0.0389249219,0
1537377720,Prod-EcsStagingCluster-EcsCluster-1AAGQRFIOE9AE,Service_beiakkdem1vi3j5fejmg,500,1,0.0352883407,0
1537398960,Prod-EcsStagingCluster-EcsCluster-1AAGQRFIOE9AE,Service_beiakkdem1vi3j5fejmg,500,1,0.0361647633,0
1537372380,Prod-EcsStagingCluster-EcsCluster-1AAGQRFIOE9AE,Service_beiakkdem1vi3j5fejmg,500,1,0.0343496016,0
1537390440,Prod-EcsStagingCluster-EcsCluster-1AAGQRFIOE9AE,Service_beiakkdem1vi3j5fejmg,500,1,0.0345473869,0
1537359660,Prod-EcsStagingCluster-EcsCluster-1AAGQRFIOE9AE,Service_beiakkdem1vi3j5fejmg,500,1,0.0356979990,0
1537410540,Prod-EcsStagingCluster-EcsCluster-1AAGQRFIOE9AE,Service_beiakkdem1vi3j5fejmg,500,1,0.0384506671,0
1537428600,Prod-EcsStagingCluster-EcsCluster-1AAGQRFIOE9AE,Service_beiakkdem1vi3j5fejmg,500,1,0.0372829840,0
1537423260,Prod-EcsStagingCluster-EcsCluster-1AAGQRFIOE9AE,Service_beiakkdem1vi3j5fejmg,500,1,0.0407548165,0
1537356360,Prod-EcsStagingCluster-EcsCluster-1AAGQRFIOE9AE,Service_beiakkdem1vi3j5fejmg,500,1,0.0353791272,0
1537407240,Prod-EcsStagingCluster-EcsCluster-1AAGQRFIOE9AE,Service_beiakkdem1vi3j5fejmg,500,1,0.0414188762,0
1537394520,Prod-EcsStagingCluster-EcsCluster-1AAGQRFIOE9AE,Service_beiakkdem1vi3j5fejmg,500,1,0.0350627821,0
1537416720,Prod-EcsStagingCluster-EcsCluster-1AAGQRFIOE9AE,Service_beiakkdem1vi3j5fejmg,500,1,0.0394811113,0
1537429440,Prod-EcsStagingCluster-EcsCluster-1AAGQRFIOE9AE,Service_beiakkdem1vi3j5fejmg,500,1,0.0382735069,0
1537363620,Prod-EcsStagingCluster-EcsCluster-1AAGQRFIOE9AE,Service_beiakkdem1vi3j5fejmg,500,1,0.0360808115,0
1537376340,Prod-EcsStagingCluster-EcsCluster-1AAGQRFIOE9AE,Service_beiakkdem1vi3j5fejmg,500,1,0.0358649471,0
1537414500,Prod-EcsStagingCluster-EcsCluster-1AAGQRFIOE9AE,Service_beiakkdem1vi3j5fejmg,500,1,0.0383145838,0
1537395360,Prod-EcsStagingCluster-EcsCluster-1AAGQRFIOE9AE,Service_beiakkdem1vi3j5fejmg,500,1,0.0354734097,0
1537361400,Prod-EcsStagingCluster-EcsCluster-1AAGQRFIOE9AE,Service_beiakkdem1vi3j5fejmg,500,1,0.0360014469,0
1537427220,Prod-EcsStagingCluster-EcsCluster-1AAGQRFIOE9AE,Service_beiakkdem1vi3j5fejmg,500,1,0.0403552864,0
1537382640,Prod-EcsStagingCluster-EcsCluster-1AAGQRFIOE9AE,Service_beiakkdem1vi3j5fejmg,500,1,0.0365519311,0
1537374120,Prod-EcsStagingCluster-EcsCluster-1AAGQRFIOE9AE,Service_beiakkdem1vi3j5fejmg,500,1,0.0350473234,0
1537412280,Prod-EcsStagingCluster-EcsCluster-1AAGQRFIOE9AE,Service_beiakkdem1vi3j5fejmg,500,1,0.0375746087,0
1537393140,Prod-EcsStagingCluster-EcsCluster-1AAGQRFIOE9AE,Service_beiakkdem1vi3j5fejmg,500,1,0.9317211995,0
1537359180,Prod-EcsStagingCluster-EcsCluster-1AAGQRFIOE9AE,Service_beiakkdem1vi3j5fejmg,500,1,0.0349705425,0
1537425000,Prod-EcsStagingCluster-EcsCluster-1AAGQRFIOE9AE,Service_beiakkdem1vi3j5fejmg,500,1,0.0406163111,0
1537380420,Prod-EcsStagingCluster-EcsCluster-1AAGQRFIOE9AE,Service_beiakkdem1vi3j5fejmg,500,1,0.0388294340,0
1537431300,Prod-EcsStagingCluster-EcsCluster-1AAGQRFIOE9AE,Service_beiakkdem1vi3j5fejmg,500,1,0.0370087186,0
1537371900,Prod-EcsStagingCluster-EcsCluster-1AAGQRFIOE9AE,Service_beiakkdem1vi3j5fejmg,500,1,0.0350929473,0
1537410060,Prod-EcsStagingCluster-EcsCluster-1AAGQRFIOE9AE,Service_beiakkdem1vi3j5fejmg,500,1,0.0384352794,0
1537422780,Prod-EcsStagingCluster-EcsCluster-1AAGQRFIOE9AE,Service_beiakkdem1vi3j5fejmg,500,1,0.0415305105,0
1537390920,Prod-EcsStagingCluster-EcsCluster-1AAGQRFIOE9AE,Service_beiakkdem1vi3j5fejmg,500,1,0.0351481026,0
1537378200,Prod-EcsStagingCluster-EcsCluster-1AAGQRFIOE9AE,Service_beiakkdem1vi3j5fejmg,500,1,0.0363945279,0
1537429080,Prod-EcsStagingCluster-EcsCluster-1AAGQRFIOE9AE,Service_beiakkdem1vi3j5fejmg,500,1,0.0379897736,0
1537388700,Prod-EcsStagingCluster-EcsCluster-1AAGQRFIOE9AE,Service_beiakkdem1vi3j5fejmg,500,1,23.8561947513,0
1537375980,Prod-EcsStagingCluster-EcsCluster-1AAGQRFIOE9AE,Service_beiakkdem1vi3j5fejmg,500,1,0.0365323362,0
1537350300,Prod-EcsStagingCluster-EcsCluster-1AAGQRFIOE9AE,Service_beiakkdem1vi3j5fejn0,100,2,0.3698591178,0
1537353480,Prod-EcsStagingCluster-EcsCluster-1AAGQRFIOE9AE,Service_beiakkdem1vi3j5fejn0,100,2,0.3954961273,0
1537356660,Prod-EcsStagingCluster-EcsCluster-1AAGQRFIOE9AE,Service_beiakkdem1vi3j5fejn0,100,2,0.3860011531,0
1537359840,Prod-EcsStagingCluster-EcsCluster-1AAGQRFIOE9AE,Service_beiakkdem1vi3j5fejn0,100,2,0.3496437219,0
1537378920,Prod-EcsStagingCluster-EcsCluster-1AAGQRFIOE9AE,Service_beiakkdem1vi3j5fejn0,100,2,0.3976806226,0
1537382100,Prod-EcsStagingCluster-EcsCluster-1AAGQRFIOE9AE,Service_beiakkdem1vi3j5fejn0,100,2,0.3781116916,0
1537385280,Prod-EcsStagingCluster-EcsCluster-1AAGQRFIOE9AE,Service_beiakkdem1vi3j5fejn0,100,2,0.3866148181,0
1537375740,Prod-EcsStagingCluster-EcsCluster-1AAGQRFIOE9AE,Service_beiakkdem1vi3j5fejn0,100,2,0.3978420771,0
1537409580,Prod-EcsStagingCluster-EcsCluster-1AAGQRFIOE9AE,Service_beiakkdem1vi3j5fejn0,100,2,0.4028590510,0
1537412760,Prod-EcsStagingCluster-EcsCluster-1AAGQRFIOE9AE,Service_beiakkdem1vi3j5fejn0,100,2,0.3990394042,0
1537415940,Prod-EcsStagingCluster-EcsCluster-1AAGQRFIOE9AE,Service_beiakkdem1vi3j5fejn0,100,2,0.4164670308,0
1537419120,Prod-EcsStagingCluster-EcsCluster-1AAGQRFIOE9AE,Service_beiakkdem1vi3j5fejn0,100,2,0.4352187620,0
1537390260,Prod-EcsStagingCluster-EcsCluster-1AAGQRFIOE9AE,Service_beiakkdem1vi3j5fejn0,100,2,0.3805978646,0
1537393440,Prod-EcsStagingCluster-EcsCluster-1AAGQRFIOE9AE,Service_beiakkdem1vi3j5fejn0,100,2,0.3697327204,0
1537383900,Prod-EcsStagingCluster-EcsCluster-1AAGQRFIOE9AE,Service_beiakkdem1vi3j5fejn0,100,2,0.4015502472,0
1537387080,Prod-EcsStagingCluster-EcsCluster-1AAGQRFIOE9AE,Service_beiakkdem1vi3j5fejn0,100,2,0.3678338358,0
1537350960,Prod-EcsStagingCluster-EcsCluster-1AAGQRFIOE9AE,Service_beiakkdem1vi3j5fejn0,100,2,0.3773520640,0
1537347780,Prod-EcsStagingCluster-EcsCluster-1AAGQRFIOE9AE,Service_beiakkdem1vi3j5fejn0,100,2,0.3862618178,0
1537415700,Prod-EcsStagingCluster-EcsCluster-1AAGQRFIOE9AE,Service_beiakkdem1vi3j5fejn0,100,2,0.4012722371,0
1537418880,Prod-EcsStagingCluster-EcsCluster-1AAGQRFIOE9AE,Service_beiakkdem1vi3j5fejn0,100,2,0.4398183442,0
1537409340,Prod-EcsStagingCluster-EcsCluster-1AAGQRFIOE9AE,Service_beiakkdem1vi3j5fejn0,100,2,0.4201607558,0
1537412520,Prod-EcsStagingCluster-EcsCluster-1AAGQRFIOE9AE,Service_beiakkdem1vi3j5fejn0,100,2,0.4449060370,0
1537373220,Prod-EcsStagingCluster-EcsCluster-1AAGQRFIOE9AE,Service_beiakkdem1vi3j5fejn0,100,2,0.3827139762,0
1537366860,Prod-EcsStagingCluster-EcsCluster-1AAGQRFIOE9AE,Service_beiakkdem1vi3j5fejn0,100,2,0.4051056718,0
1537394400,Prod-EcsStagingCluster-EcsCluster-1AAGQRFIOE9AE,Service_beiakkdem1vi3j5fejn0,100,2,0.3653489168,0
1537388040,Prod-EcsStagingCluster-EcsCluster-1AAGQRFIOE9AE,Service_beiakkdem1vi3j5fejn0,100,2,0.3877231381,0
1537351920,Prod-EcsStagingCluster-EcsCluster-1AAGQRFIOE9AE,Service_beiakkdem1vi3j5fejn0,100,2,0.3771804249,0
1537419840,Prod-EcsStagingCluster-EcsCluster-1AAGQRFIOE9AE,Service_beiakkdem1vi3j5fejn0,100,2,0.4172935592,0
1537345560,Prod-EcsStagingCluster-EcsCluster-1AAGQRFIOE9AE,Service_beiakkdem1vi3j5fejn0,100,2,0.4262628583,0
1537413480,Prod-EcsStagingCluster-EcsCluster-1AAGQRFIOE9AE,Service_beiakkdem1vi3j5fejn0,100,2,0.4075053782,0
1537377360,Prod-EcsStagingCluster-EcsCluster-1AAGQRFIOE9AE,Service_beiakkdem1vi3j5fejn0,100,2,0.3851472871,0
1537371000,Prod-EcsStagingCluster-EcsCluster-1AAGQRFIOE9AE,Service_beiakkdem1vi3j5fejn0,100,2,0.3833200156,0
1537347540,Prod-EcsStagingCluster-EcsCluster-1AAGQRFIOE9AE,Service_beiakkdem1vi3j5fejn0,100,2,0.3763386784,0
1537345320,Prod-EcsStagingCluster-EcsCluster-1AAGQRFIOE9AE,Service_beiakkdem1vi3j5fejn0,100,2,0.3905003688,0
1537417500,Prod-EcsStagingCluster-EcsCluster-1AAGQRFIOE9AE,Service_beiakkdem1vi3j5fejn0,100,2,0.4008197839,0
1537423860,Prod-EcsStagingCluster-EcsCluster-1AAGQRFIOE9AE,Service_beiakkdem1vi3j5fejn0,100,2,0.3950011334,0
1537351680,Prod-EcsStagingCluster-EcsCluster-1AAGQRFIOE9AE,Service_beiakkdem1vi3j5fejn0,100,2,0.3715884966,0
1537375020,Prod-EcsStagingCluster-EcsCluster-1AAGQRFIOE9AE,Service_beiakkdem1vi3j5fejn0,100,2,0.3999979593,0
1537381380,Prod-EcsStagingCluster-EcsCluster-1AAGQRFIOE9AE,Service_beiakkdem1vi3j5fejn0,100,2,0.3800714848,0
1537400460,Prod-EcsStagingCluster-EcsCluster-1AAGQRFIOE9AE,Service_beiakkdem1vi3j5fejn0,100,2,0.3626513086,0
1537406820,Prod-EcsStagingCluster-EcsCluster-1AAGQRFIOE9AE,Service_beiakkdem1vi3j5fejn0,100,2,0.3703309722,0
1537428000,Prod-EcsStagingCluster-EcsCluster-1AAGQRFIOE9AE,Service_beiakkdem1vi3j5fejn0,100,2,0.4007642676,0
1537421640,Prod-EcsStagingCluster-EcsCluster-1AAGQRFIOE9AE,Service_beiakkdem1vi3j5fejn0,100,2,0.4229448599,0
1537385520,Prod-EcsStagingCluster-EcsCluster-1AAGQRFIOE9AE,Service_beiakkdem1vi3j5fejn0,100,2,0.4054422390,0
1537379160,Prod-EcsStagingCluster-EcsCluster-1AAGQRFIOE9AE,Service_beiakkdem1vi3j5fejn0,100,2,0.4413048856,0
1537404600,Prod-EcsStagingCluster-EcsCluster-1AAGQRFIOE9AE,Service_beiakkdem1vi3j5fejn0,100,2,0.3722248137,0
1537410960,Prod-EcsStagingCluster-EcsCluster-1AAGQRFIOE9AE,Service_beiakkdem1vi3j5fejn0,100,2,0.3917089463,0
1537358880,Prod-EcsStagingCluster-EcsCluster-1AAGQRFIOE9AE,Service_beiakkdem1vi3j5fejn0,100,2,0.3995281222,0
1537349340,Prod-EcsStagingCluster-EcsCluster-1AAGQRFIOE9AE,Service_beiakkdem1vi3j5fejn0,100,2,0.3700472654,0
1537380120,Prod-EcsStagingCluster-EcsCluster-1AAGQRFIOE9AE,Service_beiakkdem1vi3j5fejn0,100,2,0.3942993078,0
1537383300,Prod-EcsStagingCluster-EcsCluster-1AAGQRFIOE9AE,Service_beiakkdem1vi3j5fejn0,100,2,0.3754245285,0
1537384320,Prod-EcsStagingCluster-EcsCluster-1AAGQRFIOE9AE,Service_beiakkdem1vi3j5fejn0,100,2,0.4117999693,0
1537374780,Prod-EcsStagingCluster-EcsCluster-1AAGQRFIOE9AE,Service_beiakkdem1vi3j5fejn0,100,2,0.4032997668,0
1537405560,Prod-EcsStagingCluster-EcsCluster-1AAGQRFIOE9AE,Service_beiakkdem1vi3j5fejn0,100,2,0.3970837119,0
1537408740,Prod-EcsStagingCluster-EcsCluster-1AAGQRFIOE9AE,Service_beiakkdem1vi3j5fejn0,100,2,0.3976232210,0
1537408620,Prod-EcsStagingCluster-EcsCluster-1AAGQRFIOE9AE,Service_beiakkdem1vi3j5fejn0,100,2,0.4168933498,0
1537418160,Prod-EcsStagingCluster-EcsCluster-1AAGQRFIOE9AE,Service_beiakkdem1vi3j5fejn0,100,2,0.4213424132,0
1537354440,Prod-EcsStagingCluster-EcsCluster-1AAGQRFIOE9AE,Service_beiakkdem1vi3j5fejn0,100,2,0.3607838481,0
1537357620,Prod-EcsStagingCluster-EcsCluster-1AAGQRFIOE9AE,Service_beiakkdem1vi3j5fejn0,100,2,0.3752532207,0
1537379880,Prod-EcsStagingCluster-EcsCluster-1AAGQRFIOE9AE,Service_beiakkdem1vi3j5fejn0,100,2,0.3878193362,0
1537383060,Prod-EcsStagingCluster-EcsCluster-1AAGQRFIOE9AE,Service_beiakkdem1vi3j5fejn0,100,2,0.3926690073,0
1537392480,Prod-EcsStagingCluster-EcsCluster-1AAGQRFIOE9AE,Service_beiakkdem1vi3j5fejn0,100,2,0.3810378130,0
1537382940,Prod-EcsStagingCluster-EcsCluster-1AAGQRFIOE9AE,Service_beiakkdem1vi3j5fejn0,100,2,0.4274865567,0
1537413720,Prod-EcsStagingCluster-EcsCluster-1AAGQRFIOE9AE,Service_beiakkdem1vi3j5fejn0,100,2,0.3916698860,0
1537416900,Prod-EcsStagingCluster-EcsCluster-1AAGQRFIOE9AE,Service_beiakkdem1vi3j5fejn0,100,2,0.4071288009,0
1537350000,Prod-EcsStagingCluster-EcsCluster-1AAGQRFIOE9AE,Service_beiakkdem1vi3j5fejn0,100,2,0.3895955576,0
1537417920,Prod-EcsStagingCluster-EcsCluster-1AAGQRFIOE9AE,Service_beiakkdem1vi3j5fejn0,100,2,0.3987202482,0
1537408380,Prod-EcsStagingCluster-EcsCluster-1AAGQRFIOE9AE,Service_beiakkdem1vi3j5fejn0,100,2,0.6469403230,0
1537375440,Prod-EcsStagingCluster-EcsCluster-1AAGQRFIOE9AE,Service_beiakkdem1vi3j5fejn0,100,2,0.3765710233,0
1537365900,Prod-EcsStagingCluster-EcsCluster-1AAGQRFIOE9AE,Service_beiakkdem1vi3j5fejn0,100,2,0.3814825694,0
1537376400,Prod-EcsStagingCluster-EcsCluster-1AAGQRFIOE9AE,Service_beiakkdem1vi3j5fejn0,100,2,0.3811039001,0
1537391220,Prod-EcsStagingCluster-EcsCluster-1AAGQRFIOE9AE,Service_beiakkdem1vi3j5fejn0,100,2,0.3697481941,0
1537348740,Prod-EcsStagingCluster-EcsCluster-1AAGQRFIOE9AE,Service_beiakkdem1vi3j5fejn0,100,2,0.3612842078,0
1537416660,Prod-EcsStagingCluster-EcsCluster-1AAGQRFIOE9AE,Service_beiakkdem1vi3j5fejn0,100,2,0.4027286170,0
1537374180,Prod-EcsStagingCluster-EcsCluster-1AAGQRFIOE9AE,Service_beiakkdem1vi3j5fejn0,100,2,0.3888456600,0
1537389000,Prod-EcsStagingCluster-EcsCluster-1AAGQRFIOE9AE,Service_beiakkdem1vi3j5fejn0,100,2,0.3917604688,0
1537346520,Prod-EcsStagingCluster-EcsCluster-1AAGQRFIOE9AE,Service_beiakkdem1vi3j5fejn0,100,2,0.3895839434,0
1537414440,Prod-EcsStagingCluster-EcsCluster-1AAGQRFIOE9AE,Service_beiakkdem1vi3j5fejn0,100,2,0.4124564764,0
1537371960,Prod-EcsStagingCluster-EcsCluster-1AAGQRFIOE9AE,Service_beiakkdem1vi3j5fejn0,100,2,0.3657673881,0
1537416540,Prod-EcsStagingCluster-EcsCluster-1AAGQRFIOE9AE,Service_beiakkdem1vi3j5fejn0,100,2,0.3870835584,0
1537350720,Prod-EcsStagingCluster-EcsCluster-1AAGQRFIOE9AE,Service_beiakkdem1vi3j5fejn0,100,2,0.3731099928,0
1537374060,Prod-EcsStagingCluster-EcsCluster-1AAGQRFIOE9AE,Service_beiakkdem1vi3j5fejn0,100,2,0.3616561670,0
1537399500,Prod-EcsStagingCluster-EcsCluster-1AAGQRFIOE9AE,Service_beiakkdem1vi3j5fejn0,100,2,0.4133943441,0
1537348500,Prod-EcsStagingCluster-EcsCluster-1AAGQRFIOE9AE,Service_beiakkdem1vi3j5fejn0,100,2,0.3933345889,0
1537427040,Prod-EcsStagingCluster-EcsCluster-1AAGQRFIOE9AE,Service_beiakkdem1vi3j5fejn0,100,2,0.4163992931,0
1537384560,Prod-EcsStagingCluster-EcsCluster-1AAGQRFIOE9AE,Service_beiakkdem1vi3j5fejn0,100,2,0.3888448105,0
1537410000,Prod-EcsStagingCluster-EcsCluster-1AAGQRFIOE9AE,Service_beiakkdem1vi3j5fejn0,100,2,0.4050636235,0
1537346280,Prod-EcsStagingCluster-EcsCluster-1AAGQRFIOE9AE,Service_beiakkdem1vi3j5fejn0,100,2,0.3927542051,0
1537424820,Prod-EcsStagingCluster-EcsCluster-1AAGQRFIOE9AE,Service_beiakkdem1vi3j5fejn0,100,2,0.4184557918,0
1537348380,Prod-EcsStagingCluster-EcsCluster-1AAGQRFIOE9AE,Service_beiakkdem1vi3j5fejn0,100,2,0.4021551290,0
1537382340,Prod-EcsStagingCluster-EcsCluster-1AAGQRFIOE9AE,Service_beiakkdem1vi3j5fejn0,100,2,0.3885763339,0
1537373820,Prod-EcsStagingCluster-EcsCluster-1AAGQRFIOE9AE,Service_beiakkdem1vi3j5fejn0,100,2,0.3915436256,0
1537407780,Prod-EcsStagingCluster-EcsCluster-1AAGQRFIOE9AE,Service_beiakkdem1vi3j5fejn0,100,2,0.4086454452,0
1537422600,Prod-EcsStagingCluster-EcsCluster-1AAGQRFIOE9AE,Service_beiakkdem1vi3j5fejn0,100,2,0.3960530285,0
1537407660,Prod-EcsStagingCluster-EcsCluster-1AAGQRFIOE9AE,Service_beiakkdem1vi3j5fejn0,100,2,0.4143135499,0
1537420380,Prod-EcsStagingCluster-EcsCluster-1AAGQRFIOE9AE,Service_beiakkdem1vi3j5fejn0,100,2,0.4142401594,0
1537387440,Prod-EcsStagingCluster-EcsCluster-1AAGQRFIOE9AE,Service_beiakkdem1vi3j5fejn0,100,2,0.3864894302,0
1537381080,Prod-EcsStagingCluster-EcsCluster-1AAGQRFIOE9AE,Service_beiakkdem1vi3j5fejn0,100,2,0.3600453770,0
1537384260,Prod-EcsStagingCluster-EcsCluster-1AAGQRFIOE9AE,Service_beiakkdem1vi3j5fejn0,100,2,0.3829132303,0
1537412880,Prod-EcsStagingCluster-EcsCluster-1AAGQRFIOE9AE,Service_beiakkdem1vi3j5fejn0,100,2,0.3986929503,0
1537406520,Prod-EcsStagingCluster-EcsCluster-1AAGQRFIOE9AE,Service_beiakkdem1vi3j5fejn0,100,2,0.3869628242,0
1537409700,Prod-EcsStagingCluster-EcsCluster-1AAGQRFIOE9AE,Service_beiakkdem1vi3j5fejn0,100,2,0.3857079198,0
1537391520,Prod-EcsStagingCluster-EcsCluster-1AAGQRFIOE9AE,Service_beiakkdem1vi3j5fejn0,100,2,0.3771075885,0
1537385160,Prod-EcsStagingCluster-EcsCluster-1AAGQRFIOE9AE,Service_beiakkdem1vi3j5fejn0,100,2,0.3803095089,0
1537388340,Prod-EcsStagingCluster-EcsCluster-1AAGQRFIOE9AE,Service_beiakkdem1vi3j5fejn0,100,2,0.4068693801,0
1537352220,Prod-EcsStagingCluster-EcsCluster-1AAGQRFIOE9AE,Service_beiakkdem1vi3j5fejn0,100,2,0.3691092466,0
1537416960,Prod-EcsStagingCluster-EcsCluster-1AAGQRFIOE9AE,Service_beiakkdem1vi3j5fejn0,100,2,0.4034458034,0
1537410600,Prod-EcsStagingCluster-EcsCluster-1AAGQRFIOE9AE,Service_beiakkdem1vi3j5fejn0,100,2,0.4549724602,0
1537413780,Prod-EcsStagingCluster-EcsCluster-1AAGQRFIOE9AE,Service_beiakkdem1vi3j5fejn0,100,2,0.3972233531,0
1537377660,Prod-EcsStagingCluster-EcsCluster-1AAGQRFIOE9AE,Service_beiakkdem1vi3j5fejn0,100,2,0.6387217021,0
1537364940,Prod-EcsStagingCluster-EcsCluster-1AAGQRFIOE9AE,Service_beiakkdem1vi3j5fejn0,100,2,0.4051962876,0
1537414680,Prod-EcsStagingCluster-EcsCluster-1AAGQRFIOE9AE,Service_beiakkdem1vi3j5fejn0,100,2,0.3867758745,0
1537417860,Prod-EcsStagingCluster-EcsCluster-1AAGQRFIOE9AE,Service_beiakkdem1vi3j5fejn0,100,2,0.4373879677,0
1537421040,Prod-EcsStagingCluster-EcsCluster-1AAGQRFIOE9AE,Service_beiakkdem1vi3j5fejn0,100,2,0.4172317470,0
1537345620,Prod-EcsStagingCluster-EcsCluster-1AAGQRFIOE9AE,Service_beiakkdem1vi3j5fejn0,100,2,0.4032686324,0
1537415640,Prod-EcsStagingCluster-EcsCluster-1AAGQRFIOE9AE,Service_beiakkdem1vi3j5fejn0,100,2,0.4206100258,0
1537422000,Prod-EcsStagingCluster-EcsCluster-1AAGQRFIOE9AE,Service_beiakkdem1vi3j5fejn0,100,2,0.4294952948,0
1537349760,Prod-EcsStagingCluster-EcsCluster-1AAGQRFIOE9AE,Service_beiakkdem1vi3j5fejn0,100,2,0.4188393041,0
1537373100,Prod-EcsStagingCluster-EcsCluster-1AAGQRFIOE9AE,Service_beiakkdem1vi3j5fejn0,100,2,0.3952577921,0
1537421940,Prod-EcsStagingCluster-EcsCluster-1AAGQRFIOE9AE,Service_beiakkdem1vi3j5fejn0,100,2,0.4103095758,0
1537398540,Prod-EcsStagingCluster-EcsCluster-1AAGQRFIOE9AE,Service_beiakkdem1vi3j5fejn0,100,2,0.3728877498,0
1537385820,Prod-EcsStagingCluster-EcsCluster-1AAGQRFIOE9AE,Service_beiakkdem1vi3j5fejn0,100,2,0.4126504474,0
1537349700,Prod-EcsStagingCluster-EcsCluster-1AAGQRFIOE9AE,Service_beiakkdem1vi3j5fejn0,100,2,0.3717374466,0
1537411260,Prod-EcsStagingCluster-EcsCluster-1AAGQRFIOE9AE,Service_beiakkdem1vi3j5fejn0,100,2,0.4121411658,0
1537375140,Prod-EcsStagingCluster-EcsCluster-1AAGQRFIOE9AE,Service_beiakkdem1vi3j5fejn0,100,2,0.4082567367,0
1537419720,Prod-EcsStagingCluster-EcsCluster-1AAGQRFIOE9AE,Service_beiakkdem1vi3j5fejn0,100,2,0.4147829607,0
1537426080,Prod-EcsStagingCluster-EcsCluster-1AAGQRFIOE9AE,Service_beiakkdem1vi3j5fejn0,100,2,0.4011325119,0
1537353840,Prod-EcsStagingCluster-EcsCluster-1AAGQRFIOE9AE,Service_beiakkdem1vi3j5fejn0,100,2,0.3665793179,0
1537347480,Prod-EcsStagingCluster-EcsCluster-1AAGQRFIOE9AE,Service_beiakkdem1vi3j5fejn0,100,2,0.3772557494,0
1537372920,Prod-EcsStagingCluster-EcsCluster-1AAGQRFIOE9AE,Service_beiakkdem1vi3j5fejn0,100,2,0.3858796388,0
1537379280,Prod-EcsStagingCluster-EcsCluster-1AAGQRFIOE9AE,Service_beiakkdem1vi3j5fejn0,100,2,0.3883024619,0
1537353780,Prod-EcsStagingCluster-EcsCluster-1AAGQRFIOE9AE,Service_beiakkdem1vi3j5fejn0,100,2,0.3743707889,0
1537379220,Prod-EcsStagingCluster-EcsCluster-1AAGQRFIOE9AE,Service_beiakkdem1vi3j5fejn0,100,2,0.3792998088,0
1537351560,Prod-EcsStagingCluster-EcsCluster-1AAGQRFIOE9AE,Service_beiakkdem1vi3j5fejn0,100,2,0.4043415893,0
1537357920,Prod-EcsStagingCluster-EcsCluster-1AAGQRFIOE9AE,Service_beiakkdem1vi3j5fejn0,100,2,0.3891958850,0
1537377000,Prod-EcsStagingCluster-EcsCluster-1AAGQRFIOE9AE,Service_beiakkdem1vi3j5fejn0,100,2,0.4036660839,0
1537383360,Prod-EcsStagingCluster-EcsCluster-1AAGQRFIOE9AE,Service_beiakkdem1vi3j5fejn0,100,2,0.3895154192,0
1537406700,Prod-EcsStagingCluster-EcsCluster-1AAGQRFIOE9AE,Service_beiakkdem1vi3j5fejn0,100,2,0.4221458747,0
1537419420,Prod-EcsStagingCluster-EcsCluster-1AAGQRFIOE9AE,Service_beiakkdem1vi3j5fejn0,100,2,0.4102446511,0
1537352520,Prod-EcsStagingCluster-EcsCluster-1AAGQRFIOE9AE,Service_beiakkdem1vi3j5fejn0,100,2,0.3728384478,0
1537355700,Prod-EcsStagingCluster-EcsCluster-1AAGQRFIOE9AE,Service_beiakkdem1vi3j5fejn0,100,2,0.4207642687,0
1537386480,Prod-EcsStagingCluster-EcsCluster-1AAGQRFIOE9AE,Service_beiakkdem1vi3j5fejn0,100,2,0.4123185385,0
1537377960,Prod-EcsStagingCluster-EcsCluster-1AAGQRFIOE9AE,Service_beiakkdem1vi3j5fejn0,100,2,0.3916955168,0
1537381140,Prod-EcsStagingCluster-EcsCluster-1AAGQRFIOE9AE,Service_beiakkdem1vi3j5fejn0,100,2,0.3901563348,0
1537411920,Prod-EcsStagingCluster-EcsCluster-1AAGQRFIOE9AE,Service_beiakkdem1vi3j5fejn0,100,2,0.4245309142,0
1537390560,Prod-EcsStagingCluster-EcsCluster-1AAGQRFIOE9AE,Service_beiakkdem1vi3j5fejn0,100,2,0.3539476982,0
1537351260,Prod-EcsStagingCluster-EcsCluster-1AAGQRFIOE9AE,Service_beiakkdem1vi3j5fejn0,100,2,0.3702343427,0
1537385220,Prod-EcsStagingCluster-EcsCluster-1AAGQRFIOE9AE,Service_beiakkdem1vi3j5fejn0,100,2,0.3944868201,0
1537382040,Prod-EcsStagingCluster-EcsCluster-1AAGQRFIOE9AE,Service_beiakkdem1vi3j5fejn0,100,2,0.3981329293,0
1537416000,Prod-EcsStagingCluster-EcsCluster-1AAGQRFIOE9AE,Service_beiakkdem1vi3j5fejn0,100,2,0.4301815780,0
1537376700,Prod-EcsStagingCluster-EcsCluster-1AAGQRFIOE9AE,Service_beiakkdem1vi3j5fejn0,100,2,0.3816758560,0
1537410660,Prod-EcsStagingCluster-EcsCluster-1AAGQRFIOE9AE,Service_beiakkdem1vi3j5fejn0,100,2,0.4077246379,0
1537363980,Prod-EcsStagingCluster-EcsCluster-1AAGQRFIOE9AE,Service_beiakkdem1vi3j5fejn0,100,2,0.3821847112,0
1537407480,Prod-EcsStagingCluster-EcsCluster-1AAGQRFIOE9AE,Service_beiakkdem1vi3j5fejn0,100,2,0.4172908716,0
1537389300,Prod-EcsStagingCluster-EcsCluster-1AAGQRFIOE9AE,Service_beiakkdem1vi3j5fejn0,100,2,0.3649428594,0
1537386120,Prod-EcsStagingCluster-EcsCluster-1AAGQRFIOE9AE,Service_beiakkdem1vi3j5fejn0,100,2,0.3890684187,0
1537420080,Prod-EcsStagingCluster-EcsCluster-1AAGQRFIOE9AE,Service_beiakkdem1vi3j5fejn0,100,2,0.4127880869,0
1537411560,Prod-EcsStagingCluster-EcsCluster-1AAGQRFIOE9AE,Service_beiakkdem1vi3j5fejn0,100,2,0.4109824359,0
1537414740,Prod-EcsStagingCluster-EcsCluster-1AAGQRFIOE9AE,Service_beiakkdem1vi3j5fejn0,100,2,0.4505770399,0
1537347840,Prod-EcsStagingCluster-EcsCluster-1AAGQRFIOE9AE,Service_beiakkdem1vi3j5fejn0,100,2,0.3810760759,0
1537348800,Prod-EcsStagingCluster-EcsCluster-1AAGQRFIOE9AE,Service_beiakkdem1vi3j5fejn0,100,2,0.3759008744,0
1537372140,Prod-EcsStagingCluster-EcsCluster-1AAGQRFIOE9AE,Service_beiakkdem1vi3j5fejn0,100,2,0.3652298774,0
1537397580,Prod-EcsStagingCluster-EcsCluster-1AAGQRFIOE9AE,Service_beiakkdem1vi3j5fejn0,100,2,0.3938238229,0
1537384860,Prod-EcsStagingCluster-EcsCluster-1AAGQRFIOE9AE,Service_beiakkdem1vi3j5fejn0,100,2,0.3909230196,0
1537418820,Prod-EcsStagingCluster-EcsCluster-1AAGQRFIOE9AE,Service_beiakkdem1vi3j5fejn0,100,2,0.4184703909,0
1537410300,Prod-EcsStagingCluster-EcsCluster-1AAGQRFIOE9AE,Service_beiakkdem1vi3j5fejn0,100,2,0.3883792219,0
1537346580,Prod-EcsStagingCluster-EcsCluster-1AAGQRFIOE9AE,Service_beiakkdem1vi3j5fejn0,100,2,0.6547423411,0
1537425120,Prod-EcsStagingCluster-EcsCluster-1AAGQRFIOE9AE,Service_beiakkdem1vi3j5fejn0,100,2,0.4064396502,0
1537416600,Prod-EcsStagingCluster-EcsCluster-1AAGQRFIOE9AE,Service_beiakkdem1vi3j5fejn0,100,2,0.3907838195,0
1537352880,Prod-EcsStagingCluster-EcsCluster-1AAGQRFIOE9AE,Service_beiakkdem1vi3j5fejn0,100,2,0.4247956669,0
1537378320,Prod-EcsStagingCluster-EcsCluster-1AAGQRFIOE9AE,Service_beiakkdem1vi3j5fejn0,100,2,0.3738710452,0
1537422900,Prod-EcsStagingCluster-EcsCluster-1AAGQRFIOE9AE,Service_beiakkdem1vi3j5fejn0,100,2,0.4035084888,0
1537350660,Prod-EcsStagingCluster-EcsCluster-1AAGQRFIOE9AE,Service_beiakkdem1vi3j5fejn0,100,2,0.3684817361,0
1537376100,Prod-EcsStagingCluster-EcsCluster-1AAGQRFIOE9AE,Service_beiakkdem1vi3j5fejn0,100,2,0.3798635814,0
1537420680,Prod-EcsStagingCluster-EcsCluster-1AAGQRFIOE9AE,Service_beiakkdem1vi3j5fejn0,100,2,0.4525636467,0
1537356960,Prod-EcsStagingCluster-EcsCluster-1AAGQRFIOE9AE,Service_beiakkdem1vi3j5fejn0,100,2,0.3869886542,0
1537348440,Prod-EcsStagingCluster-EcsCluster-1AAGQRFIOE9AE,Service_beiakkdem1vi3j5fejn0,100,2,0.3591551972,0
1537382400,Prod-EcsStagingCluster-EcsCluster-1AAGQRFIOE9AE,Service_beiakkdem1vi3j5fejn0,100,2,0.3854499447,0
1537405740,Prod-EcsStagingCluster-EcsCluster-1AAGQRFIOE9AE,Service_beiakkdem1vi3j5fejn0,100,2,0.3773155506,0
1537373880,Prod-EcsStagingCluster-EcsCluster-1AAGQRFIOE9AE,Service_beiakkdem1vi3j5fejn0,100,2,0.3826709590,0
1537431180,Prod-EcsStagingCluster-EcsCluster-1AAGQRFIOE9AE,Service_beiakkdem1vi3j5fejn0,100,2,0.3946904957,0
1537418460,Prod-EcsStagingCluster-EcsCluster-1AAGQRFIOE9AE,Service_beiakkdem1vi3j5fejn0,100,2,0.4107837538,0
1537354740,Prod-EcsStagingCluster-EcsCluster-1AAGQRFIOE9AE,Service_beiakkdem1vi3j5fejn0,100,2,0.3650107260,0
1537380180,Prod-EcsStagingCluster-EcsCluster-1AAGQRFIOE9AE,Service_beiakkdem1vi3j5fejn0,100,2,0.3770493784,0
1537380060,Prod-EcsStagingCluster-EcsCluster-1AAGQRFIOE9AE,Service_beiakkdem1vi3j5fejn0,100,2,0.3800159068,0
1537383240,Prod-EcsStagingCluster-EcsCluster-1AAGQRFIOE9AE,Service_beiakkdem1vi3j5fejn0,100,2,0.3923950179,0
1537386420,Prod-EcsStagingCluster-EcsCluster-1AAGQRFIOE9AE,Service_beiakkdem1vi3j5fejn0,100,2,0.3854475365,0
1537389600,Prod-EcsStagingCluster-EcsCluster-1AAGQRFIOE9AE,Service_beiakkdem1vi3j5fejn0,100,2,0.3915375593,0
1537366200,Prod-EcsStagingCluster-EcsCluster-1AAGQRFIOE9AE,Service_beiakkdem1vi3j5fejn0,100,2,0.3952915039,0
1537369380,Prod-EcsStagingCluster-EcsCluster-1AAGQRFIOE9AE,Service_beiakkdem1vi3j5fejn0,100,2,0.3809501242,0
1537372560,Prod-EcsStagingCluster-EcsCluster-1AAGQRFIOE9AE,Service_beiakkdem1vi3j5fejn0,100,2,0.3732921656,0
1537345980,Prod-EcsStagingCluster-EcsCluster-1AAGQRFIOE9AE,Service_beiakkdem1vi3j5fejn0,100,2,0.4092933404,0
1537349160,Prod-EcsStagingCluster-EcsCluster-1AAGQRFIOE9AE,Service_beiakkdem1vi3j5fejn0,100,2,0.3629273190,0
1537352340,Prod-EcsStagingCluster-EcsCluster-1AAGQRFIOE9AE,Service_beiakkdem1vi3j5fejn0,100,2,0.3879370398,0
1537355520,Prod-EcsStagingCluster-EcsCluster-1AAGQRFIOE9AE,Service_beiakkdem1vi3j5fejn0,100,2,0.3726127878,0
1537386180,Prod-EcsStagingCluster-EcsCluster-1AAGQRFIOE9AE,Service_beiakkdem1vi3j5fejn0,100,2,0.3889299087,0
1537389360,Prod-EcsStagingCluster-EcsCluster-1AAGQRFIOE9AE,Service_beiakkdem1vi3j5fejn0,100,2,0.3875882665,0
1537383000,Prod-EcsStagingCluster-EcsCluster-1AAGQRFIOE9AE,Service_beiakkdem1vi3j5fejn0,100,2,0.3754560151,0
1537405260,Prod-EcsStagingCluster-EcsCluster-1AAGQRFIOE9AE,Service_beiakkdem1vi3j5fejn0,100,2,0.3653529140,0
1537413660,Prod-EcsStagingCluster-EcsCluster-1AAGQRFIOE9AE,Service_beiakkdem1vi3j5fejn0,100,2,0.4023773897,0
1537371180,Prod-EcsStagingCluster-EcsCluster-1AAGQRFIOE9AE,Service_beiakkdem1vi3j5fejn0,100,2,0.3722170297,0
1537416840,Prod-EcsStagingCluster-EcsCluster-1AAGQRFIOE9AE,Service_beiakkdem1vi3j5fejn0,100,2,0.3969983202,0
1537420020,Prod-EcsStagingCluster-EcsCluster-1AAGQRFIOE9AE,Service_beiakkdem1vi3j5fejn0,100,2,0.4207190790,0
1537423200,Prod-EcsStagingCluster-EcsCluster-1AAGQRFIOE9AE,Service_beiakkdem1vi3j5fejn0,100,2,0.4036043778,0
1537399800,Prod-EcsStagingCluster-EcsCluster-1AAGQRFIOE9AE,Service_beiakkdem1vi3j5fejn0,100,2,0.3939027212,0
1537402980,Prod-EcsStagingCluster-EcsCluster-1AAGQRFIOE9AE,Service_beiakkdem1vi3j5fejn0,100,2,0.3774888341,0
1537406160,Prod-EcsStagingCluster-EcsCluster-1AAGQRFIOE9AE,Service_beiakkdem1vi3j5fejn0,100,2,0.3657525597,0
1537379580,Prod-EcsStagingCluster-EcsCluster-1AAGQRFIOE9AE,Service_beiakkdem1vi3j5fejn0,100,2,0.3780465385,0
1537385940,Prod-EcsStagingCluster-EcsCluster-1AAGQRFIOE9AE,Service_beiakkdem1vi3j5fejn0,100,2,0.3868577401,0
1537417800,Prod-EcsStagingCluster-EcsCluster-1AAGQRFIOE9AE,Service_beiakkdem1vi3j5fejn0,100,2,0.4076504143,0
1537424160,Prod-EcsStagingCluster-EcsCluster-1AAGQRFIOE9AE,Service_beiakkdem1vi3j5fejn0,100,2,0.4515712809,0
1537400760,Prod-EcsStagingCluster-EcsCluster-1AAGQRFIOE9AE,Service_beiakkdem1vi3j5fejn0,100,2,0.3764302200,0
1537407120,Prod-EcsStagingCluster-EcsCluster-1AAGQRFIOE9AE,Service_beiakkdem1vi3j5fejn0,100,2,0.3758142688,0
1537383720,Prod-EcsStagingCluster-EcsCluster-1AAGQRFIOE9AE,Service_beiakkdem1vi3j5fejn0,100,2,0.4189218551,0
1537351860,Prod-EcsStagingCluster-EcsCluster-1AAGQRFIOE9AE,Service_beiakkdem1vi3j5fejn0,100,2,0.3807218293,0
1537345500,Prod-EcsStagingCluster-EcsCluster-1AAGQRFIOE9AE,Service_beiakkdem1vi3j5fejn0,100,2,0.3979371412,0
1537390080,Prod-EcsStagingCluster-EcsCluster-1AAGQRFIOE9AE,Service_beiakkdem1vi3j5fejn0,100,2,0.4027868248,0
1537419780,Prod-EcsStagingCluster-EcsCluster-1AAGQRFIOE9AE,Service_beiakkdem1vi3j5fejn0,100,2,0.4163810367,0
1537356000,Prod-EcsStagingCluster-EcsCluster-1AAGQRFIOE9AE,Service_beiakkdem1vi3j5fejn0,100,2,0.3877092292,0
1537423920,Prod-EcsStagingCluster-EcsCluster-1AAGQRFIOE9AE,Service_beiakkdem1vi3j5fejn0,100,2,0.3998742292,0
1537349640,Prod-EcsStagingCluster-EcsCluster-1AAGQRFIOE9AE,Service_beiakkdem1vi3j5fejn0,100,2,0.3862322744,0
1537417560,Prod-EcsStagingCluster-EcsCluster-1AAGQRFIOE9AE,Service_beiakkdem1vi3j5fejn0,100,2,0.3899763948,0
1537404780,Prod-EcsStagingCluster-EcsCluster-1AAGQRFIOE9AE,Service_beiakkdem1vi3j5fejn0,100,2,0.3868709036,0
1537351620,Prod-EcsStagingCluster-EcsCluster-1AAGQRFIOE9AE,Service_beiakkdem1vi3j5fejn0,100,2,0.3764701073,0
1537419540,Prod-EcsStagingCluster-EcsCluster-1AAGQRFIOE9AE,Service_beiakkdem1vi3j5fejn0,100,2,0.4107387797,0
1537413180,Prod-EcsStagingCluster-EcsCluster-1AAGQRFIOE9AE,Service_beiakkdem1vi3j5fejn0,100,2,0.3775421266,0
1537370700,Prod-EcsStagingCluster-EcsCluster-1AAGQRFIOE9AE,Service_beiakkdem1vi3j5fejn0,100,2,0.3909918930,0
1537355760,Prod-EcsStagingCluster-EcsCluster-1AAGQRFIOE9AE,Service_beiakkdem1vi3j5fejn0,100,2,0.4054317399,0
1537349400,Prod-EcsStagingCluster-EcsCluster-1AAGQRFIOE9AE,Service_beiakkdem1vi3j5fejn0,100,2,0.3640815442,0
1537417320,Prod-EcsStagingCluster-EcsCluster-1AAGQRFIOE9AE,Service_beiakkdem1vi3j5fejn0,100,2,0.4238603173,0
1537423680,Prod-EcsStagingCluster-EcsCluster-1AAGQRFIOE9AE,Service_beiakkdem1vi3j5fejn0,100,2,0.4196643948,0
1537379100,Prod-EcsStagingCluster-EcsCluster-1AAGQRFIOE9AE,Service_beiakkdem1vi3j5fejn0,100,2,0.3870177900,0
1537385460,Prod-EcsStagingCluster-EcsCluster-1AAGQRFIOE9AE,Service_beiakkdem1vi3j5fejn0,100,2,0.3898894562,0
1537353540,Prod-EcsStagingCluster-EcsCluster-1AAGQRFIOE9AE,Service_beiakkdem1vi3j5fejn0,100,2,0.3570658787,0
1537350360,Prod-EcsStagingCluster-EcsCluster-1AAGQRFIOE9AE,Service_beiakkdem1vi3j5fejn0,100,2,0.3631080760,0
1537418280,Prod-EcsStagingCluster-EcsCluster-1AAGQRFIOE9AE,Service_beiakkdem1vi3j5fejn0,100,2,0.4044837841,0
1537421460,Prod-EcsStagingCluster-EcsCluster-1AAGQRFIOE9AE,Service_beiakkdem1vi3j5fejn0,100,2,0.4554923457,0
1537371600,Prod-EcsStagingCluster-EcsCluster-1AAGQRFIOE9AE,Service_beiakkdem1vi3j5fejn0,100,2,0.3640017881,0
1537354560,Prod-EcsStagingCluster-EcsCluster-1AAGQRFIOE9AE,Service_beiakkdem1vi3j5fejn0,100,2,0.3760342845,0
1537384200,Prod-EcsStagingCluster-EcsCluster-1AAGQRFIOE9AE,Service_beiakkdem1vi3j5fejn0,100,2,0.3969538230,0
1537387380,Prod-EcsStagingCluster-EcsCluster-1AAGQRFIOE9AE,Service_beiakkdem1vi3j5fejn0,100,2,0.3789273124,0
1537388400,Prod-EcsStagingCluster-EcsCluster-1AAGQRFIOE9AE,Service_beiakkdem1vi3j5fejn0,100,2,0.3679174473,0
1537367160,Prod-EcsStagingCluster-EcsCluster-1AAGQRFIOE9AE,Service_beiakkdem1vi3j5fejn0,100,2,0.3827471230,0
1537370340,Prod-EcsStagingCluster-EcsCluster-1AAGQRFIOE9AE,Service_beiakkdem1vi3j5fejn0,100,2,0.3863498161,0
1537404300,Prod-EcsStagingCluster-EcsCluster-1AAGQRFIOE9AE,Service_beiakkdem1vi3j5fejn0,100,2,0.3681223409,0
1537412700,Prod-EcsStagingCluster-EcsCluster-1AAGQRFIOE9AE,Service_beiakkdem1vi3j5fejn0,100,2,0.4022772957,0
1537350120,Prod-EcsStagingCluster-EcsCluster-1AAGQRFIOE9AE,Service_beiakkdem1vi3j5fejn0,100,2,0.3695820073,0
1537353300,Prod-EcsStagingCluster-EcsCluster-1AAGQRFIOE9AE,Service_beiakkdem1vi3j5fejn0,100,2,0.3704304014,0
1537370220,Prod-EcsStagingCluster-EcsCluster-1AAGQRFIOE9AE,Service_beiakkdem1vi3j5fejn0,100,2,0.3889044797,0
1537422240,Prod-EcsStagingCluster-EcsCluster-1AAGQRFIOE9AE,Service_beiakkdem1vi3j5fejn0,100,2,0.4161713418,0
1537383960,Prod-EcsStagingCluster-EcsCluster-1AAGQRFIOE9AE,Service_beiakkdem1vi3j5fejn0,100,2,0.4404462954,0
1537387140,Prod-EcsStagingCluster-EcsCluster-1AAGQRFIOE9AE,Service_beiakkdem1vi3j5fejn0,100,2,0.3808749147,0
1537405200,Prod-EcsStagingCluster-EcsCluster-1AAGQRFIOE9AE,Service_beiakkdem1vi3j5fejn0,100,2,0.3553558403,0
1537378620,Prod-EcsStagingCluster-EcsCluster-1AAGQRFIOE9AE,Service_beiakkdem1vi3j5fejn0,100,2,0.3922910590,0
1537388160,Prod-EcsStagingCluster-EcsCluster-1AAGQRFIOE9AE,Service_beiakkdem1vi3j5fejn0,100,2,0.4232504549,0
1537420980,Prod-EcsStagingCluster-EcsCluster-1AAGQRFIOE9AE,Service_beiakkdem1vi3j5fejn0,100,2,0.4084780158,0
1537389120,Prod-EcsStagingCluster-EcsCluster-1AAGQRFIOE9AE,Service_beiakkdem1vi3j5fejn0,100,2,0.4497872940,0
1537403940,Prod-EcsStagingCluster-EcsCluster-1AAGQRFIOE9AE,Service_beiakkdem1vi3j5fejn0,100,2,0.3678559959,0
1537386900,Prod-EcsStagingCluster-EcsCluster-1AAGQRFIOE9AE,Service_beiakkdem1vi3j5fejn0,100,2,0.4043947869,0
1537418760,Prod-EcsStagingCluster-EcsCluster-1AAGQRFIOE9AE,Service_beiakkdem1vi3j5fejn0,100,2,0.4256964936,0
1537355040,Prod-EcsStagingCluster-EcsCluster-1AAGQRFIOE9AE,Service_beiakkdem1vi3j5fejn0,100,2,0.3751418452,0
1537422960,Prod-EcsStagingCluster-EcsCluster-1AAGQRFIOE9AE,Service_beiakkdem1vi3j5fejn0,100,2,0.3988901992,0
1537403820,Prod-EcsStagingCluster-EcsCluster-1AAGQRFIOE9AE,Service_beiakkdem1vi3j5fejn0,100,2,0.3576069301,0
1537401720,Prod-EcsStagingCluster-EcsCluster-1AAGQRFIOE9AE,Service_beiakkdem1vi3j5fejn0,100,2,0.3813273473,0
1537384680,Prod-EcsStagingCluster-EcsCluster-1AAGQRFIOE9AE,Service_beiakkdem1vi3j5fejn0,100,2,0.3649463322,0
1537352820,Prod-EcsStagingCluster-EcsCluster-1AAGQRFIOE9AE,Service_beiakkdem1vi3j5fejn0,100,2,0.4010339365,0
1537420740,Prod-EcsStagingCluster-EcsCluster-1AAGQRFIOE9AE,Service_beiakkdem1vi3j5fejn0,100,2,0.4225431821,0
1537412220,Prod-EcsStagingCluster-EcsCluster-1AAGQRFIOE9AE,Service_beiakkdem1vi3j5fejn0,100,2,0.4487197711,0
1537369740,Prod-EcsStagingCluster-EcsCluster-1AAGQRFIOE9AE,Service_beiakkdem1vi3j5fejn0,100,2,0.3744305512,0
1537350600,Prod-EcsStagingCluster-EcsCluster-1AAGQRFIOE9AE,Service_beiakkdem1vi3j5fejn0,100,2,0.3760034772,0
1537418520,Prod-EcsStagingCluster-EcsCluster-1AAGQRFIOE9AE,Service_beiakkdem1vi3j5fejn0,100,2,0.4170639140,0
1537354800,Prod-EcsStagingCluster-EcsCluster-1AAGQRFIOE9AE,Service_beiakkdem1vi3j5fejn0,100,2,0.3775054503,0
1537422720,Prod-EcsStagingCluster-EcsCluster-1AAGQRFIOE9AE,Service_beiakkdem1vi3j5fejn0,100,2,0.4040469690,0
1537378140,Prod-EcsStagingCluster-EcsCluster-1AAGQRFIOE9AE,Service_beiakkdem1vi3j5fejn0,100,2,0.3602597329,0
1537352580,Prod-EcsStagingCluster-EcsCluster-1AAGQRFIOE9AE,Service_beiakkdem1vi3j5fejn0,100,2,0.3935771988,0
1537420500,Prod-EcsStagingCluster-EcsCluster-1AAGQRFIOE9AE,Service_beiakkdem1vi3j5fejn0,100,2,0.4259337281,0
1537388640,Prod-EcsStagingCluster-EcsCluster-1AAGQRFIOE9AE,Service_beiakkdem1vi3j5fejn0,100,2,0.3947370538,0
1537350420,Prod-EcsStagingCluster-EcsCluster-1AAGQRFIOE9AE,Service_beiakkdem1vi3j5fejn0,100,2,0.3728180063,0
1537353600,Prod-EcsStagingCluster-EcsCluster-1AAGQRFIOE9AE,Service_beiakkdem1vi3j5fejn0,100,2,0.3847261771,0
1537351320,Prod-EcsStagingCluster-EcsCluster-1AAGQRFIOE9AE,Service_beiakkdem1vi3j5fejn0,100,2,0.3794350175,0
1537354500,Prod-EcsStagingCluster-EcsCluster-1AAGQRFIOE9AE,Service_beiakkdem1vi3j5fejn0,100,2,0.3745488141,0
1537416060,Prod-EcsStagingCluster-EcsCluster-1AAGQRFIOE9AE,Service_beiakkdem1vi3j5fejn0,100,2,0.4154539940,0
1537403340,Prod-EcsStagingCluster-EcsCluster-1AAGQRFIOE9AE,Service_beiakkdem1vi3j5fejn0,100,2,0.3935591978,0
1537357680,Prod-EcsStagingCluster-EcsCluster-1AAGQRFIOE9AE,Service_beiakkdem1vi3j5fejn0,100,2,0.3838291306,0
1537414920,Prod-EcsStagingCluster-EcsCluster-1AAGQRFIOE9AE,Service_beiakkdem1vi3j5fejn0,100,2,0.3915182022,0
1537369260,Prod-EcsStagingCluster-EcsCluster-1AAGQRFIOE9AE,Service_beiakkdem1vi3j5fejn0,100,2,0.3576502491,0
1537418100,Prod-EcsStagingCluster-EcsCluster-1AAGQRFIOE9AE,Service_beiakkdem1vi3j5fejn0,100,2,0.4129784652,0
1537421280,Prod-EcsStagingCluster-EcsCluster-1AAGQRFIOE9AE,Service_beiakkdem1vi3j5fejn0,100,2,0.4234104984,0
1537381980,Prod-EcsStagingCluster-EcsCluster-1AAGQRFIOE9AE,Service_beiakkdem1vi3j5fejn0,100,2,0.4127038379,0
1537374480,Prod-EcsStagingCluster-EcsCluster-1AAGQRFIOE9AE,Service_beiakkdem1vi3j5fejn0,100,2,0.3807531950,0
1537380840,Prod-EcsStagingCluster-EcsCluster-1AAGQRFIOE9AE,Service_beiakkdem1vi3j5fejn0,100,2,0.3964083036,0
1537384020,Prod-EcsStagingCluster-EcsCluster-1AAGQRFIOE9AE,Service_beiakkdem1vi3j5fejn0,100,2,0.3554281981,0
1537387200,Prod-EcsStagingCluster-EcsCluster-1AAGQRFIOE9AE,Service_beiakkdem1vi3j5fejn0,100,2,0.3845354458,0
1537368120,Prod-EcsStagingCluster-EcsCluster-1AAGQRFIOE9AE,Service_beiakkdem1vi3j5fejn0,100,2,0.3907687134,0
1537371300,Prod-EcsStagingCluster-EcsCluster-1AAGQRFIOE9AE,Service_beiakkdem1vi3j5fejn0,100,2,0.3823060968,0
1537347900,Prod-EcsStagingCluster-EcsCluster-1AAGQRFIOE9AE,Service_beiakkdem1vi3j5fejn0,100,2,0.4075219031,0
1537353120,Prod-EcsStagingCluster-EcsCluster-1AAGQRFIOE9AE,Service_beiakkdem1vi3j5fejn0,100,2,0.3797264660,0
1537346760,Prod-EcsStagingCluster-EcsCluster-1AAGQRFIOE9AE,Service_beiakkdem1vi3j5fejn0,100,2,0.3794394006,0
1537349940,Prod-EcsStagingCluster-EcsCluster-1AAGQRFIOE9AE,Service_beiakkdem1vi3j5fejn0,100,2,0.3688254332,0
1537384920,Prod-EcsStagingCluster-EcsCluster-1AAGQRFIOE9AE,Service_beiakkdem1vi3j5fejn0,100,2,0.3801167296,0
1537388100,Prod-EcsStagingCluster-EcsCluster-1AAGQRFIOE9AE,Service_beiakkdem1vi3j5fejn0,100,2,0.4117319436,0
1537391280,Prod-EcsStagingCluster-EcsCluster-1AAGQRFIOE9AE,Service_beiakkdem1vi3j5fejn0,100,2,0.3599792622,0
1537354080,Prod-EcsStagingCluster-EcsCluster-1AAGQRFIOE9AE,Service_beiakkdem1vi3j5fejn0,100,2,0.3812036598,0
1537347720,Prod-EcsStagingCluster-EcsCluster-1AAGQRFIOE9AE,Service_beiakkdem1vi3j5fejn0,100,2,0.3761936184,0
1537385880,Prod-EcsStagingCluster-EcsCluster-1AAGQRFIOE9AE,Service_beiakkdem1vi3j5fejn0,100,2,0.3880876763,0
1537392240,Prod-EcsStagingCluster-EcsCluster-1AAGQRFIOE9AE,Service_beiakkdem1vi3j5fejn0,100,2,0.3617714995,0
1537402860,Prod-EcsStagingCluster-EcsCluster-1AAGQRFIOE9AE,Service_beiakkdem1vi3j5fejn0,100,2,0.3764081759,0
1537415580,Prod-EcsStagingCluster-EcsCluster-1AAGQRFIOE9AE,Service_beiakkdem1vi3j5fejn0,100,2,0.4165353884,0
1537417620,Prod-EcsStagingCluster-EcsCluster-1AAGQRFIOE9AE,Service_beiakkdem1vi3j5fejn0,100,2,0.3786470762,0
1537404900,Prod-EcsStagingCluster-EcsCluster-1AAGQRFIOE9AE,Service_beiakkdem1vi3j5fejn0,100,2,0.3624827943,0
1537381500,Prod-EcsStagingCluster-EcsCluster-1AAGQRFIOE9AE,Service_beiakkdem1vi3j5fejn0,100,2,0.3976911946,0
1537368780,Prod-EcsStagingCluster-EcsCluster-1AAGQRFIOE9AE,Service_beiakkdem1vi3j5fejn0,100,2,0.3856186088,0
1537415400,Prod-EcsStagingCluster-EcsCluster-1AAGQRFIOE9AE,Service_beiakkdem1vi3j5fejn0,100,2,0.3936101976,0
1537421760,Prod-EcsStagingCluster-EcsCluster-1AAGQRFIOE9AE,Service_beiakkdem1vi3j5fejn0,100,2,0.4329913789,0
1537402680,Prod-EcsStagingCluster-EcsCluster-1AAGQRFIOE9AE,Service_beiakkdem1vi3j5fejn0,100,2,0.4011821546,0
1537409040,Prod-EcsStagingCluster-EcsCluster-1AAGQRFIOE9AE,Service_beiakkdem1vi3j5fejn0,100,2,0.3913335658,0
1537383540,Prod-EcsStagingCluster-EcsCluster-1AAGQRFIOE9AE,Service_beiakkdem1vi3j5fejn0,100,2,0.3874478886,0
1537347420,Prod-EcsStagingCluster-EcsCluster-1AAGQRFIOE9AE,Service_beiakkdem1vi3j5fejn0,100,2,0.3720595518,0
1537421700,Prod-EcsStagingCluster-EcsCluster-1AAGQRFIOE9AE,Service_beiakkdem1vi3j5fejn0,100,2,0.4269905248,0
1537381320,Prod-EcsStagingCluster-EcsCluster-1AAGQRFIOE9AE,Service_beiakkdem1vi3j5fejn0,100,2,0.4212230612,0
1537387680,Prod-EcsStagingCluster-EcsCluster-1AAGQRFIOE9AE,Service_beiakkdem1vi3j5fejn0,100,2,0.3729807350,0
1537425840,Prod-EcsStagingCluster-EcsCluster-1AAGQRFIOE9AE,Service_beiakkdem1vi3j5fejn0,100,2,0.3981874712,0
1537349460,Prod-EcsStagingCluster-EcsCluster-1AAGQRFIOE9AE,Service_beiakkdem1vi3j5fejn0,100,2,0.3929439811,0
1537419480,Prod-EcsStagingCluster-EcsCluster-1AAGQRFIOE9AE,Service_beiakkdem1vi3j5fejn0,100,2,0.4329701257,0
1537347240,Prod-EcsStagingCluster-EcsCluster-1AAGQRFIOE9AE,Service_beiakkdem1vi3j5fejn0,100,2,0.3755322610,0
1537423620,Prod-EcsStagingCluster-EcsCluster-1AAGQRFIOE9AE,Service_beiakkdem1vi3j5fejn0,100,2,0.4089703087,0
1537420440,Prod-EcsStagingCluster-EcsCluster-1AAGQRFIOE9AE,Service_beiakkdem1vi3j5fejn0,100,2,0.4043875930,0
1537356720,Prod-EcsStagingCluster-EcsCluster-1AAGQRFIOE9AE,Service_beiakkdem1vi3j5fejn0,100,2,0.3808491864,0
1537415100,Prod-EcsStagingCluster-EcsCluster-1AAGQRFIOE9AE,Service_beiakkdem1vi3j5fejn0,100,2,0.3872711087,0
1537402380,Prod-EcsStagingCluster-EcsCluster-1AAGQRFIOE9AE,Service_beiakkdem1vi3j5fejn0,100,2,0.3516634360,0
1537348200,Prod-EcsStagingCluster-EcsCluster-1AAGQRFIOE9AE,Service_beiakkdem1vi3j5fejn0,100,2,0.3663229774,0
1537351380,Prod-EcsStagingCluster-EcsCluster-1AAGQRFIOE9AE,Service_beiakkdem1vi3j5fejn0,100,2,0.4062235446,0
1537368300,Prod-EcsStagingCluster-EcsCluster-1AAGQRFIOE9AE,Service_beiakkdem1vi3j5fejn0,100,2,0.3962484257,0
1537420320,Prod-EcsStagingCluster-EcsCluster-1AAGQRFIOE9AE,Service_beiakkdem1vi3j5fejn0,100,2,0.4190801319,0
1537381020,Prod-EcsStagingCluster-EcsCluster-1AAGQRFIOE9AE,Service_beiakkdem1vi3j5fejn0,100,2,0.3787758856,0
1537352280,Prod-EcsStagingCluster-EcsCluster-1AAGQRFIOE9AE,Service_beiakkdem1vi3j5fejn0,100,2,0.3754372629,0
1537355460,Prod-EcsStagingCluster-EcsCluster-1AAGQRFIOE9AE,Service_beiakkdem1vi3j5fejn0,100,2,0.3672233409,0
1537386240,Prod-EcsStagingCluster-EcsCluster-1AAGQRFIOE9AE,Service_beiakkdem1vi3j5fejn0,100,2,0.4126151111,0
1537373520,Prod-EcsStagingCluster-EcsCluster-1AAGQRFIOE9AE,Service_beiakkdem1vi3j5fejn0,100,2,0.3773534300,0
1537346940,Prod-EcsStagingCluster-EcsCluster-1AAGQRFIOE9AE,Service_beiakkdem1vi3j5fejn0,100,2,0.3658566704,0
1537415880,Prod-EcsStagingCluster-EcsCluster-1AAGQRFIOE9AE,Service_beiakkdem1vi3j5fejn0,100,2,0.4203672447,0
1537419060,Prod-EcsStagingCluster-EcsCluster-1AAGQRFIOE9AE,Service_beiakkdem1vi3j5fejn0,100,2,0.4145675097,0
1537352160,Prod-EcsStagingCluster-EcsCluster-1AAGQRFIOE9AE,Service_beiakkdem1vi3j5fejn0,100,2,0.3765736276,0
1537390320,Prod-EcsStagingCluster-EcsCluster-1AAGQRFIOE9AE,Service_beiakkdem1vi3j5fejn0,100,2,0.3749872337,0
1537381800,Prod-EcsStagingCluster-EcsCluster-1AAGQRFIOE9AE,Service_beiakkdem1vi3j5fejn0,100,2,0.3694115089,0
1537384980,Prod-EcsStagingCluster-EcsCluster-1AAGQRFIOE9AE,Service_beiakkdem1vi3j5fejn0,100,2,0.3919192454,0
1537369080,Prod-EcsStagingCluster-EcsCluster-1AAGQRFIOE9AE,Service_beiakkdem1vi3j5fejn0,100,2,0.4019072077,0
1537372260,Prod-EcsStagingCluster-EcsCluster-1AAGQRFIOE9AE,Service_beiakkdem1vi3j5fejn0,100,2,0.3634175049,0
1537401900,Prod-EcsStagingCluster-EcsCluster-1AAGQRFIOE9AE,Service_beiakkdem1vi3j5fejn0,100,2,0.4121696202,0
1537414620,Prod-EcsStagingCluster-EcsCluster-1AAGQRFIOE9AE,Service_beiakkdem1vi3j5fejn0,100,2,0.3947315908,0
1537382760,Prod-EcsStagingCluster-EcsCluster-1AAGQRFIOE9AE,Service_beiakkdem1vi3j5fejn0,100,2,0.4101097220,0
1537370040,Prod-EcsStagingCluster-EcsCluster-1AAGQRFIOE9AE,Service_beiakkdem1vi3j5fejn0,100,2,0.3779036910,0
1537350900,Prod-EcsStagingCluster-EcsCluster-1AAGQRFIOE9AE,Service_beiakkdem1vi3j5fejn0,100,2,0.3852928823,0
1537389060,Prod-EcsStagingCluster-EcsCluster-1AAGQRFIOE9AE,Service_beiakkdem1vi3j5fejn0,100,2,0.3945333710,0
1537380540,Prod-EcsStagingCluster-EcsCluster-1AAGQRFIOE9AE,Service_beiakkdem1vi3j5fejn0,100,2,0.3883113965,0
1537367820,Prod-EcsStagingCluster-EcsCluster-1AAGQRFIOE9AE,Service_beiakkdem1vi3j5fejn0,100,2,0.3837000389,0
1537348680,Prod-EcsStagingCluster-EcsCluster-1AAGQRFIOE9AE,Service_beiakkdem1vi3j5fejn0,100,2,0.3631638507,0
1537386840,Prod-EcsStagingCluster-EcsCluster-1AAGQRFIOE9AE,Service_beiakkdem1vi3j5fejn0,100,2,0.4054011199,0
1537420800,Prod-EcsStagingCluster-EcsCluster-1AAGQRFIOE9AE,Service_beiakkdem1vi3j5fejn0,100,2,0.4124565960,0
1537408080,Prod-EcsStagingCluster-EcsCluster-1AAGQRFIOE9AE,Service_beiakkdem1vi3j5fejn0,100,2,0.4094119581,0
1537346460,Prod-EcsStagingCluster-EcsCluster-1AAGQRFIOE9AE,Service_beiakkdem1vi3j5fejn0,100,2,0.4153618887,0
1537418580,Prod-EcsStagingCluster-EcsCluster-1AAGQRFIOE9AE,Service_beiakkdem1vi3j5fejn0,100,2,0.4373988446,0
1537405860,Prod-EcsStagingCluster-EcsCluster-1AAGQRFIOE9AE,Service_beiakkdem1vi3j5fejn0,100,2,0.3797951211,0
1537386720,Prod-EcsStagingCluster-EcsCluster-1AAGQRFIOE9AE,Service_beiakkdem1vi3j5fejn0,100,2,0.3502952212,0
1537424880,Prod-EcsStagingCluster-EcsCluster-1AAGQRFIOE9AE,Service_beiakkdem1vi3j5fejn0,100,2,0.4138491631,0
1537416360,Prod-EcsStagingCluster-EcsCluster-1AAGQRFIOE9AE,Service_beiakkdem1vi3j5fejn0,100,2,0.4209238731,0
1537403640,Prod-EcsStagingCluster-EcsCluster-1AAGQRFIOE9AE,Service_beiakkdem1vi3j5fejn0,100,2,0.3831832422,0
1537384500,Prod-EcsStagingCluster-EcsCluster-1AAGQRFIOE9AE,Service_beiakkdem1vi3j5fejn0,100,2,0.3691974625,0
1537422660,Prod-EcsStagingCluster-EcsCluster-1AAGQRFIOE9AE,Service_beiakkdem1vi3j5fejn0,100,2,0.4059950443,0
1537352640,Prod-EcsStagingCluster-EcsCluster-1AAGQRFIOE9AE,Service_beiakkdem1vi3j5fejn0,100,2,0.3899990039,0
1537414140,Prod-EcsStagingCluster-EcsCluster-1AAGQRFIOE9AE,Service_beiakkdem1vi3j5fejn0,100,2,0.4102736170,0
1537401420,Prod-EcsStagingCluster-EcsCluster-1AAGQRFIOE9AE,Service_beiakkdem1vi3j5fejn0,100,2,0.3746079958,0
1537382280,Prod-EcsStagingCluster-EcsCluster-1AAGQRFIOE9AE,Service_beiakkdem1vi3j5fejn0,100,2,0.3821893524,0
1537409820,Prod-EcsStagingCluster-EcsCluster-1AAGQRFIOE9AE,Service_beiakkdem1vi3j5fejn0,100,2,0.3975858982,0
1537416180,Prod-EcsStagingCluster-EcsCluster-1AAGQRFIOE9AE,Service_beiakkdem1vi3j5fejn0,100,2,0.4169031584,0
1537387560,Prod-EcsStagingCluster-EcsCluster-1AAGQRFIOE9AE,Service_beiakkdem1vi3j5fejn0,100,2,0.3794495315,0
1537393920,Prod-EcsStagingCluster-EcsCluster-1AAGQRFIOE9AE,Service_beiakkdem1vi3j5fejn0,100,2,0.3959695510,0
1537373700,Prod-EcsStagingCluster-EcsCluster-1AAGQRFIOE9AE,Service_beiakkdem1vi3j5fejn0,100,2,0.3688800537,0
1537348260,Prod-EcsStagingCluster-EcsCluster-1AAGQRFIOE9AE,Service_beiakkdem1vi3j5fejn0,100,2,0.3609865687,0
1537392780,Prod-EcsStagingCluster-EcsCluster-1AAGQRFIOE9AE,Service_beiakkdem1vi3j5fejn0,100,2,0.3852642104,0
1537399140,Prod-EcsStagingCluster-EcsCluster-1AAGQRFIOE9AE,Service_beiakkdem1vi3j5fejn0,100,2,0.4163170963,0
1537424580,Prod-EcsStagingCluster-EcsCluster-1AAGQRFIOE9AE,Service_beiakkdem1vi3j5fejn0,100,2,0.3907265625,0
1537351200,Prod-EcsStagingCluster-EcsCluster-1AAGQRFIOE9AE,Service_beiakkdem1vi3j5fejn0,100,2,0.3681237134,0
1537395720,Prod-EcsStagingCluster-EcsCluster-1AAGQRFIOE9AE,Service_beiakkdem1vi3j5fejn0,100,2,0.4067374925,0
1537373460,Prod-EcsStagingCluster-EcsCluster-1AAGQRFIOE9AE,Service_beiakkdem1vi3j5fejn0,100,2,0.3860384824,0
1537367100,Prod-EcsStagingCluster-EcsCluster-1AAGQRFIOE9AE,Service_beiakkdem1vi3j5fejn0,100,2,0.3928952422,0
1537350060,Prod-EcsStagingCluster-EcsCluster-1AAGQRFIOE9AE,Service_beiakkdem1vi3j5fejn0,100,2,0.3721902354,0
1537353240,Prod-EcsStagingCluster-EcsCluster-1AAGQRFIOE9AE,Service_beiakkdem1vi3j5fejn0,100,2,0.3881369493,0
1537417980,Prod-EcsStagingCluster-EcsCluster-1AAGQRFIOE9AE,Service_beiakkdem1vi3j5fejn0,100,2,0.3842115906,0
1537424340,Prod-EcsStagingCluster-EcsCluster-1AAGQRFIOE9AE,Service_beiakkdem1vi3j5fejn0,100,2,0.3962025003,0
1537402080,Prod-EcsStagingCluster-EcsCluster-1AAGQRFIOE9AE,Service_beiakkdem1vi3j5fejn0,100,2,0.3700405554,0
1537378680,Prod-EcsStagingCluster-EcsCluster-1AAGQRFIOE9AE,Service_beiakkdem1vi3j5fejn0,100,2,0.3822476601,0
1537359600,Prod-EcsStagingCluster-EcsCluster-1AAGQRFIOE9AE,Service_beiakkdem1vi3j5fejn0,100,2,0.3649053195,0
1537404120,Prod-EcsStagingCluster-EcsCluster-1AAGQRFIOE9AE,Service_beiakkdem1vi3j5fejn0,100,2,0.3707845113,0
1537410480,Prod-EcsStagingCluster-EcsCluster-1AAGQRFIOE9AE,Service_beiakkdem1vi3j5fejn0,100,2,0.4031744744,0
1537385040,Prod-EcsStagingCluster-EcsCluster-1AAGQRFIOE9AE,Service_beiakkdem1vi3j5fejn0,100,2,0.3786642307,0
1537400940,Prod-EcsStagingCluster-EcsCluster-1AAGQRFIOE9AE,Service_beiakkdem1vi3j5fejn0,100,2,0.3860044982,0
1537429560,Prod-EcsStagingCluster-EcsCluster-1AAGQRFIOE9AE,Service_beiakkdem1vi3j5fejn0,100,2,0.3870717643,0
1537375260,Prod-EcsStagingCluster-EcsCluster-1AAGQRFIOE9AE,Service_beiakkdem1vi3j5fejn0,100,2,0.4388254649,0
1537381620,Prod-EcsStagingCluster-EcsCluster-1AAGQRFIOE9AE,Service_beiakkdem1vi3j5fejn0,100,2,0.4112790626,0
1537358220,Prod-EcsStagingCluster-EcsCluster-1AAGQRFIOE9AE,Service_beiakkdem1vi3j5fejn0,100,2,0.4149477068,0
1537426140,Prod-EcsStagingCluster-EcsCluster-1AAGQRFIOE9AE,Service_beiakkdem1vi3j5fejn0,100,2,0.4031464041,0
1537390020,Prod-EcsStagingCluster-EcsCluster-1AAGQRFIOE9AE,Service_beiakkdem1vi3j5fejn0,100,2,0.4117679033,0
1537364580,Prod-EcsStagingCluster-EcsCluster-1AAGQRFIOE9AE,Service_beiakkdem1vi3j5fejn0,100,2,0.3857160234,0
1537409100,Prod-EcsStagingCluster-EcsCluster-1AAGQRFIOE9AE,Service_beiakkdem1vi3j5fejn0,100,2,0.4051772467,0
1537415460,Prod-EcsStagingCluster-EcsCluster-1AAGQRFIOE9AE,Service_beiakkdem1vi3j5fejn0,100,2,0.4237774845,0
1537379400,Prod-EcsStagingCluster-EcsCluster-1AAGQRFIOE9AE,Service_beiakkdem1vi3j5fejn0,100,2,0.3909019106,0
1537385760,Prod-EcsStagingCluster-EcsCluster-1AAGQRFIOE9AE,Service_beiakkdem1vi3j5fejn0,100,2,0.4015935505,0
1537362360,Prod-EcsStagingCluster-EcsCluster-1AAGQRFIOE9AE,Service_beiakkdem1vi3j5fejn0,100,2,0.3779221799,0
1537430280,Prod-EcsStagingCluster-EcsCluster-1AAGQRFIOE9AE,Service_beiakkdem1vi3j5fejn0,100,2,0.3796001775,0
1537387800,Prod-EcsStagingCluster-EcsCluster-1AAGQRFIOE9AE,Service_beiakkdem1vi3j5fejn0,100,2,0.4023450669,0
1537394160,Prod-EcsStagingCluster-EcsCluster-1AAGQRFIOE9AE,Service_beiakkdem1vi3j5fejn0,100,2,0.3548323844,0
1537368720,Prod-EcsStagingCluster-EcsCluster-1AAGQRFIOE9AE,Service_beiakkdem1vi3j5fejn0,100,2,0.3907229538,0
1537413240,Prod-EcsStagingCluster-EcsCluster-1AAGQRFIOE9AE,Service_beiakkdem1vi3j5fejn0,100,2,0.3857639394,0
1537419600,Prod-EcsStagingCluster-EcsCluster-1AAGQRFIOE9AE,Service_beiakkdem1vi3j5fejn0,100,2,0.4108985657,0
1537383420,Prod-EcsStagingCluster-EcsCluster-1AAGQRFIOE9AE,Service_beiakkdem1vi3j5fejn0,100,2,0.3480891307,0
1537389780,Prod-EcsStagingCluster-EcsCluster-1AAGQRFIOE9AE,Service_beiakkdem1vi3j5fejn0,100,2,0.3669911584,0
1537366380,Prod-EcsStagingCluster-EcsCluster-1AAGQRFIOE9AE,Service_beiakkdem1vi3j5fejn0,100,2,0.4234549941,0
1537426800,Prod-EcsStagingCluster-EcsCluster-1AAGQRFIOE9AE,Service_beiakkdem1vi3j5fejn0,100,2,0.4186896831,0
1537417260,Prod-EcsStagingCluster-EcsCluster-1AAGQRFIOE9AE,Service_beiakkdem1vi3j5fejn0,100,2,0.4170793069,0
1537363080,Prod-EcsStagingCluster-EcsCluster-1AAGQRFIOE9AE,Service_beiakkdem1vi3j5fejn0,100,2,0.4266330670,0
1537413960,Prod-EcsStagingCluster-EcsCluster-1AAGQRFIOE9AE,Service_beiakkdem1vi3j5fejn0,100,2,0.4246361909,0
1537391700,Prod-EcsStagingCluster-EcsCluster-1AAGQRFIOE9AE,Service_beiakkdem1vi3j5fejn0,100,2,0.3459771140,0
1537371480,Prod-EcsStagingCluster-EcsCluster-1AAGQRFIOE9AE,Service_beiakkdem1vi3j5fejn0,100,2,0.3823445265,0
1537346040,Prod-EcsStagingCluster-EcsCluster-1AAGQRFIOE9AE,Service_beiakkdem1vi3j5fejn0,100,2,0.4062209001,0
1537396920,Prod-EcsStagingCluster-EcsCluster-1AAGQRFIOE9AE,Service_beiakkdem1vi3j5fejn0,100,2,0.4096442727,0
1537391580,Prod-EcsStagingCluster-EcsCluster-1AAGQRFIOE9AE,Service_beiakkdem1vi3j5fejn0,100,2,0.3763869246,0
1537422360,Prod-EcsStagingCluster-EcsCluster-1AAGQRFIOE9AE,Service_beiakkdem1vi3j5fejn0,100,2,0.3987650248,0
1537375680,Prod-EcsStagingCluster-EcsCluster-1AAGQRFIOE9AE,Service_beiakkdem1vi3j5fejn0,100,2,0.3911628980,0
1537374540,Prod-EcsStagingCluster-EcsCluster-1AAGQRFIOE9AE,Service_beiakkdem1vi3j5fejn0,100,2,0.3982245760,0
1537426560,Prod-EcsStagingCluster-EcsCluster-1AAGQRFIOE9AE,Service_beiakkdem1vi3j5fejn0,100,2,0.3988860878,0
1537425420,Prod-EcsStagingCluster-EcsCluster-1AAGQRFIOE9AE,Service_beiakkdem1vi3j5fejn0,100,2,0.4085986965,0
1537348980,Prod-EcsStagingCluster-EcsCluster-1AAGQRFIOE9AE,Service_beiakkdem1vi3j5fejn0,100,2,0.3730343011,0
1537371240,Prod-EcsStagingCluster-EcsCluster-1AAGQRFIOE9AE,Service_beiakkdem1vi3j5fejn0,100,2,0.3978805324,0
1537422120,Prod-EcsStagingCluster-EcsCluster-1AAGQRFIOE9AE,Service_beiakkdem1vi3j5fejn0,100,2,0.4243990210,0
1537399860,Prod-EcsStagingCluster-EcsCluster-1AAGQRFIOE9AE,Service_beiakkdem1vi3j5fejn0,100,2,0.3852121201,0
1537357380,Prod-EcsStagingCluster-EcsCluster-1AAGQRFIOE9AE,Service_beiakkdem1vi3j5fejn0,100,2,0.3755108624,0
1537408260,Prod-EcsStagingCluster-EcsCluster-1AAGQRFIOE9AE,Service_beiakkdem1vi3j5fejn0,100,2,0.4072045833,0
1537348860,Prod-EcsStagingCluster-EcsCluster-1AAGQRFIOE9AE,Service_beiakkdem1vi3j5fejn0,100,2,0.3720440748,0
1537382820,Prod-EcsStagingCluster-EcsCluster-1AAGQRFIOE9AE,Service_beiakkdem1vi3j5fejn0,100,2,0.3941412956,0
1537355160,Prod-EcsStagingCluster-EcsCluster-1AAGQRFIOE9AE,Service_beiakkdem1vi3j5fejn0,100,2,0.3802134702,0
1537399740,Prod-EcsStagingCluster-EcsCluster-1AAGQRFIOE9AE,Service_beiakkdem1vi3j5fejn0,100,2,0.4397318996,0
1537380600,Prod-EcsStagingCluster-EcsCluster-1AAGQRFIOE9AE,Service_beiakkdem1vi3j5fejn0,100,2,0.3834893505,0
1537406040,Prod-EcsStagingCluster-EcsCluster-1AAGQRFIOE9AE,Service_beiakkdem1vi3j5fejn0,100,2,0.3644870179,0
1537359360,Prod-EcsStagingCluster-EcsCluster-1AAGQRFIOE9AE,Service_beiakkdem1vi3j5fejn0,100,2,0.3685627452,0
1537382700,Prod-EcsStagingCluster-EcsCluster-1AAGQRFIOE9AE,Service_beiakkdem1vi3j5fejn0,100,2,0.3875755787,0
1537431480,Prod-EcsStagingCluster-EcsCluster-1AAGQRFIOE9AE,Service_beiakkdem1vi3j5fejn0,100,2,0.3775964351,0
1537410240,Prod-EcsStagingCluster-EcsCluster-1AAGQRFIOE9AE,Service_beiakkdem1vi3j5fejn0,100,2,0.3893245355,0
1537357140,Prod-EcsStagingCluster-EcsCluster-1AAGQRFIOE9AE,Service_beiakkdem1vi3j5fejn0,100,2,0.3888316476,0
1537408020,Prod-EcsStagingCluster-EcsCluster-1AAGQRFIOE9AE,Service_beiakkdem1vi3j5fejn0,100,2,0.4326245959,0
1537357020,Prod-EcsStagingCluster-EcsCluster-1AAGQRFIOE9AE,Service_beiakkdem1vi3j5fejn0,100,2,0.3880463576,0
1537354920,Prod-EcsStagingCluster-EcsCluster-1AAGQRFIOE9AE,Service_beiakkdem1vi3j5fejn0,100,2,0.3919617555,0
1537407900,Prod-EcsStagingCluster-EcsCluster-1AAGQRFIOE9AE,Service_beiakkdem1vi3j5fejn0,100,2,0.4608451645,0
1537405800,Prod-EcsStagingCluster-EcsCluster-1AAGQRFIOE9AE,Service_beiakkdem1vi3j5fejn0,100,2,0.3825245438,0
1537390860,Prod-EcsStagingCluster-EcsCluster-1AAGQRFIOE9AE,Service_beiakkdem1vi3j5fejn0,100,2,0.3749754077,0
1537367520,Prod-EcsStagingCluster-EcsCluster-1AAGQRFIOE9AE,Service_beiakkdem1vi3j5fejn0,100,2,0.3606704822,0
1537418400,Prod-EcsStagingCluster-EcsCluster-1AAGQRFIOE9AE,Service_beiakkdem1vi3j5fejn0,100,2,0.4113974069,0
1537375920,Prod-EcsStagingCluster-EcsCluster-1AAGQRFIOE9AE,Service_beiakkdem1vi3j5fejn0,100,2,0.4328846766,0
1537350480,Prod-EcsStagingCluster-EcsCluster-1AAGQRFIOE9AE,Service_beiakkdem1vi3j5fejn0,100,2,0.3741558489,0
1537401360,Prod-EcsStagingCluster-EcsCluster-1AAGQRFIOE9AE,Service_beiakkdem1vi3j5fejn0,100,2,0.3867754867,0
1537365300,Prod-EcsStagingCluster-EcsCluster-1AAGQRFIOE9AE,Service_beiakkdem1vi3j5fejn0,100,2,0.3777986501,0
1537421520,Prod-EcsStagingCluster-EcsCluster-1AAGQRFIOE9AE,Service_beiakkdem1vi3j5fejn0,100,2,0.4285785019,0
1537349280,Prod-EcsStagingCluster-EcsCluster-1AAGQRFIOE9AE,Service_beiakkdem1vi3j5fejn0,100,2,0.3768630593,0
1537393800,Prod-EcsStagingCluster-EcsCluster-1AAGQRFIOE9AE,Service_beiakkdem1vi3j5fejn0,100,2,0.3353208938,0
1537371540,Prod-EcsStagingCluster-EcsCluster-1AAGQRFIOE9AE,Service_beiakkdem1vi3j5fejn0,100,2,0.4242714357,0
1537348140,Prod-EcsStagingCluster-EcsCluster-1AAGQRFIOE9AE,Service_beiakkdem1vi3j5fejn0,100,2,0.3768629801,0
1537422420,Prod-EcsStagingCluster-EcsCluster-1AAGQRFIOE9AE,Service_beiakkdem1vi3j5fejn0,100,2,0.3898160363,0
1537400160,Prod-EcsStagingCluster-EcsCluster-1AAGQRFIOE9AE,Service_beiakkdem1vi3j5fejn0,100,2,0.3682667116,0
1537360860,Prod-EcsStagingCluster-EcsCluster-1AAGQRFIOE9AE,Service_beiakkdem1vi3j5fejn0,100,2,0.3799577353,0
1537411740,Prod-EcsStagingCluster-EcsCluster-1AAGQRFIOE9AE,Service_beiakkdem1vi3j5fejn0,100,2,0.4118103905,0
1537399020,Prod-EcsStagingCluster-EcsCluster-1AAGQRFIOE9AE,Service_beiakkdem1vi3j5fejn0,100,2,0.4317724701,0
1537350180,Prod-EcsStagingCluster-EcsCluster-1AAGQRFIOE9AE,Service_beiakkdem1vi3j5fejn0,100,2,0.3737247043,0
1537401060,Prod-EcsStagingCluster-EcsCluster-1AAGQRFIOE9AE,Service_beiakkdem1vi3j5fejn0,100,2,0.3635350906,0
1537375620,Prod-EcsStagingCluster-EcsCluster-1AAGQRFIOE9AE,Service_beiakkdem1vi3j5fejn0,100,2,0.3824409390,0
1537426500,Prod-EcsStagingCluster-EcsCluster-1AAGQRFIOE9AE,Service_beiakkdem1vi3j5fejn0,100,2,0.4112102264,0
1537379700,Prod-EcsStagingCluster-EcsCluster-1AAGQRFIOE9AE,Service_beiakkdem1vi3j5fejn0,100,2,0.3438812038,0
1537357440,Prod-EcsStagingCluster-EcsCluster-1AAGQRFIOE9AE,Service_beiakkdem1vi3j5fejn0,100,2,0.3971780787,0
1537351080,Prod-EcsStagingCluster-EcsCluster-1AAGQRFIOE9AE,Service_beiakkdem1vi3j5fejn0,100,2,0.3668231723,0
1537401960,Prod-EcsStagingCluster-EcsCluster-1AAGQRFIOE9AE,Service_beiakkdem1vi3j5fejn0,100,2,0.3758782352,0
1537356300,Prod-EcsStagingCluster-EcsCluster-1AAGQRFIOE9AE,Service_beiakkdem1vi3j5fejn0,100,2,0.3859955166,0
1537430580,Prod-EcsStagingCluster-EcsCluster-1AAGQRFIOE9AE,Service_beiakkdem1vi3j5fejn0,100,2,0.3794246776,0
1537408320,Prod-EcsStagingCluster-EcsCluster-1AAGQRFIOE9AE,Service_beiakkdem1vi3j5fejn0,100,2,0.4038716782,0
1537369020,Prod-EcsStagingCluster-EcsCluster-1AAGQRFIOE9AE,Service_beiakkdem1vi3j5fejn0,100,2,0.3792481220,0
1537419900,Prod-EcsStagingCluster-EcsCluster-1AAGQRFIOE9AE,Service_beiakkdem1vi3j5fejn0,100,2,0.4120183157,0
1537383840,Prod-EcsStagingCluster-EcsCluster-1AAGQRFIOE9AE,Service_beiakkdem1vi3j5fejn0,100,2,0.4013334216,0
1537407180,Prod-EcsStagingCluster-EcsCluster-1AAGQRFIOE9AE,Service_beiakkdem1vi3j5fejn0,100,2,0.4130801908,0
1537428360,Prod-EcsStagingCluster-EcsCluster-1AAGQRFIOE9AE,Service_beiakkdem1vi3j5fejn0,100,2,0.3898271210,0
1537387860,Prod-EcsStagingCluster-EcsCluster-1AAGQRFIOE9AE,Service_beiakkdem1vi3j5fejn0,100,2,0.4221866407,0
1537364460,Prod-EcsStagingCluster-EcsCluster-1AAGQRFIOE9AE,Service_beiakkdem1vi3j5fejn0,100,2,0.3854389195,0
1537377180,Prod-EcsStagingCluster-EcsCluster-1AAGQRFIOE9AE,Service_beiakkdem1vi3j5fejn0,100,2,0.4047657143,0
1537385640,Prod-EcsStagingCluster-EcsCluster-1AAGQRFIOE9AE,Service_beiakkdem1vi3j5fejn0,100,2,0.3856794727,0
1537428060,Prod-EcsStagingCluster-EcsCluster-1AAGQRFIOE9AE,Service_beiakkdem1vi3j5fejn0,100,2,0.3953863054,0
1537392000,Prod-EcsStagingCluster-EcsCluster-1AAGQRFIOE9AE,Service_beiakkdem1vi3j5fejn0,100,2,0.3846049858,0
1537415340,Prod-EcsStagingCluster-EcsCluster-1AAGQRFIOE9AE,Service_beiakkdem1vi3j5fejn0,100,2,0.4078461370,0
1537391940,Prod-EcsStagingCluster-EcsCluster-1AAGQRFIOE9AE,Service_beiakkdem1vi3j5fejn0,100,2,0.3675714075,0
1537366500,Prod-EcsStagingCluster-EcsCluster-1AAGQRFIOE9AE,Service_beiakkdem1vi3j5fejn0,100,2,0.3841486773,0
1537417380,Prod-EcsStagingCluster-EcsCluster-1AAGQRFIOE9AE,Service_beiakkdem1vi3j5fejn0,100,2,0.4199291998,0
1537389720,Prod-EcsStagingCluster-EcsCluster-1AAGQRFIOE9AE,Service_beiakkdem1vi3j5fejn0,100,2,0.3776294048,0
1537364280,Prod-EcsStagingCluster-EcsCluster-1AAGQRFIOE9AE,Service_beiakkdem1vi3j5fejn0,100,2,0.3856079991,0
1537370640,Prod-EcsStagingCluster-EcsCluster-1AAGQRFIOE9AE,Service_beiakkdem1vi3j5fejn0,100,2,0.3854252365,0
1537415160,Prod-EcsStagingCluster-EcsCluster-1AAGQRFIOE9AE,Service_beiakkdem1vi3j5fejn0,100,2,0.4282115449,0
1537396080,Prod-EcsStagingCluster-EcsCluster-1AAGQRFIOE9AE,Service_beiakkdem1vi3j5fejn0,100,2,0.3828709904,0
1537373760,Prod-EcsStagingCluster-EcsCluster-1AAGQRFIOE9AE,Service_beiakkdem1vi3j5fejn0,100,2,0.3756570116,0
1537393860,Prod-EcsStagingCluster-EcsCluster-1AAGQRFIOE9AE,Service_beiakkdem1vi3j5fejn0,100,2,0.3852700172,0
1537424640,Prod-EcsStagingCluster-EcsCluster-1AAGQRFIOE9AE,Service_beiakkdem1vi3j5fejn0,100,2,0.4103167487,0
1537368420,Prod-EcsStagingCluster-EcsCluster-1AAGQRFIOE9AE,Service_beiakkdem1vi3j5fejn0,100,2,0.4069315114,0
1537372620,Prod-EcsStagingCluster-EcsCluster-1AAGQRFIOE9AE,Service_beiakkdem1vi3j5fejn0,100,2,0.3706674972,0
1537419300,Prod-EcsStagingCluster-EcsCluster-1AAGQRFIOE9AE,Service_beiakkdem1vi3j5fejn0,100,2,0.4209195584,0
1537385340,Prod-EcsStagingCluster-EcsCluster-1AAGQRFIOE9AE,Service_beiakkdem1vi3j5fejn0,100,2,0.3640635363,0
1537352400,Prod-EcsStagingCluster-EcsCluster-1AAGQRFIOE9AE,Service_beiakkdem1vi3j5fejn0,100,2,0.3803415293,0
1537423500,Prod-EcsStagingCluster-EcsCluster-1AAGQRFIOE9AE,Service_beiakkdem1vi3j5fejn0,100,2,0.4045788359,0
1537347060,Prod-EcsStagingCluster-EcsCluster-1AAGQRFIOE9AE,Service_beiakkdem1vi3j5fejn0,100,2,0.3763861233,0
1537377840,Prod-EcsStagingCluster-EcsCluster-1AAGQRFIOE9AE,Service_beiakkdem1vi3j5fejn0,100,2,0.3828427670,0
1537397940,Prod-EcsStagingCluster-EcsCluster-1AAGQRFIOE9AE,Service_beiakkdem1vi3j5fejn0,100,2,0.3829375827,0
1537428720,Prod-EcsStagingCluster-EcsCluster-1AAGQRFIOE9AE,Service_beiakkdem1vi3j5fejn0,100,2,0.3943770475,0
1537369320,Prod-EcsStagingCluster-EcsCluster-1AAGQRFIOE9AE,Service_beiakkdem1vi3j5fejn0,100,2,0.3667685025,0
1537403280,Prod-EcsStagingCluster-EcsCluster-1AAGQRFIOE9AE,Service_beiakkdem1vi3j5fejn0,100,2,0.3858251858,0
1537420200,Prod-EcsStagingCluster-EcsCluster-1AAGQRFIOE9AE,Service_beiakkdem1vi3j5fejn0,100,2,0.4969797935,0
1537373400,Prod-EcsStagingCluster-EcsCluster-1AAGQRFIOE9AE,Service_beiakkdem1vi3j5fejn0,100,2,0.3835074273,0
1537347960,Prod-EcsStagingCluster-EcsCluster-1AAGQRFIOE9AE,Service_beiakkdem1vi3j5fejn0,100,2,0.3955065720,0
1537381920,Prod-EcsStagingCluster-EcsCluster-1AAGQRFIOE9AE,Service_beiakkdem1vi3j5fejn0,100,2,0.4080077490,0
1537398840,Prod-EcsStagingCluster-EcsCluster-1AAGQRFIOE9AE,Service_beiakkdem1vi3j5fejn0,100,2,0.3976315590,0
1537393500,Prod-EcsStagingCluster-EcsCluster-1AAGQRFIOE9AE,Service_beiakkdem1vi3j5fejn0,100,2,0.3934820372,0
1537424280,Prod-EcsStagingCluster-EcsCluster-1AAGQRFIOE9AE,Service_beiakkdem1vi3j5fejn0,100,2,0.4007626997,0
1537380780,Prod-EcsStagingCluster-EcsCluster-1AAGQRFIOE9AE,Service_beiakkdem1vi3j5fejn0,100,2,0.4032047240,0
1537431660,Prod-EcsStagingCluster-EcsCluster-1AAGQRFIOE9AE,Service_beiakkdem1vi3j5fejn0,100,2,0.3850065495,0
1537377480,Prod-EcsStagingCluster-EcsCluster-1AAGQRFIOE9AE,Service_beiakkdem1vi3j5fejn0,100,2,0.3939061812,0
1537355220,Prod-EcsStagingCluster-EcsCluster-1AAGQRFIOE9AE,Service_beiakkdem1vi3j5fejn0,100,2,0.3726814280,0
1537361520,Prod-EcsStagingCluster-EcsCluster-1AAGQRFIOE9AE,Service_beiakkdem1vi3j5fejn0,100,2,0.3754432252,0
1537406100,Prod-EcsStagingCluster-EcsCluster-1AAGQRFIOE9AE,Service_beiakkdem1vi3j5fejn0,100,2,0.3633519344,0
1537412400,Prod-EcsStagingCluster-EcsCluster-1AAGQRFIOE9AE,Service_beiakkdem1vi3j5fejn0,100,2,0.4123802846,0
1537353000,Prod-EcsStagingCluster-EcsCluster-1AAGQRFIOE9AE,Service_beiakkdem1vi3j5fejn0,100,2,0.3772183507,0
1537386960,Prod-EcsStagingCluster-EcsCluster-1AAGQRFIOE9AE,Service_beiakkdem1vi3j5fejn0,100,2,0.3833226070,0
1537403880,Prod-EcsStagingCluster-EcsCluster-1AAGQRFIOE9AE,Service_beiakkdem1vi3j5fejn0,100,2,0.3772977603,0
1537359300,Prod-EcsStagingCluster-EcsCluster-1AAGQRFIOE9AE,Service_beiakkdem1vi3j5fejn0,100,2,0.3707589713,0
1537410180,Prod-EcsStagingCluster-EcsCluster-1AAGQRFIOE9AE,Service_beiakkdem1vi3j5fejn0,100,2,0.4719801014,0
1537350780,Prod-EcsStagingCluster-EcsCluster-1AAGQRFIOE9AE,Service_beiakkdem1vi3j5fejn0,100,2,0.3921656167,0
1537384740,Prod-EcsStagingCluster-EcsCluster-1AAGQRFIOE9AE,Service_beiakkdem1vi3j5fejn0,100,2,0.3844385144,0
1537401660,Prod-EcsStagingCluster-EcsCluster-1AAGQRFIOE9AE,Service_beiakkdem1vi3j5fejn0,100,2,0.3962460502,0
1537365600,Prod-EcsStagingCluster-EcsCluster-1AAGQRFIOE9AE,Service_beiakkdem1vi3j5fejn0,100,2,0.3807864691,0
1537388940,Prod-EcsStagingCluster-EcsCluster-1AAGQRFIOE9AE,Service_beiakkdem1vi3j5fejn0,100,2,0.3825984492,0
1537416480,Prod-EcsStagingCluster-EcsCluster-1AAGQRFIOE9AE,Service_beiakkdem1vi3j5fejn0,100,2,0.4114173397,0
1537357080,Prod-EcsStagingCluster-EcsCluster-1AAGQRFIOE9AE,Service_beiakkdem1vi3j5fejn0,100,2,0.3736159235,0
1537407960,Prod-EcsStagingCluster-EcsCluster-1AAGQRFIOE9AE,Service_beiakkdem1vi3j5fejn0,100,2,0.4146935989,0
1537382520,Prod-EcsStagingCluster-EcsCluster-1AAGQRFIOE9AE,Service_beiakkdem1vi3j5fejn0,100,2,0.3792885654,0
1537363380,Prod-EcsStagingCluster-EcsCluster-1AAGQRFIOE9AE,Service_beiakkdem1vi3j5fejn0,100,2,0.3946492154,0
1537414260,Prod-EcsStagingCluster-EcsCluster-1AAGQRFIOE9AE,Service_beiakkdem1vi3j5fejn0,100,2,0.4040482170,0
1537361160,Prod-EcsStagingCluster-EcsCluster-1AAGQRFIOE9AE,Service_beiakkdem1vi3j5fejn0,100,2,0.3556271711,0
1537412040,Prod-EcsStagingCluster-EcsCluster-1AAGQRFIOE9AE,Service_beiakkdem1vi3j5fejn0,100,2,0.4203401473,0
1537346220,Prod-EcsStagingCluster-EcsCluster-1AAGQRFIOE9AE,Service_beiakkdem1vi3j5fejn0,100,2,0.3887839816,0
1537358940,Prod-EcsStagingCluster-EcsCluster-1AAGQRFIOE9AE,Service_beiakkdem1vi3j5fejn0,100,2,0.3872304370,0
1537397100,Prod-EcsStagingCluster-EcsCluster-1AAGQRFIOE9AE,Service_beiakkdem1vi3j5fejn0,100,2,0.4159892650,0
1537360980,Prod-EcsStagingCluster-EcsCluster-1AAGQRFIOE9AE,Service_beiakkdem1vi3j5fejn0,100,2,0.4076138396,0
1537354620,Prod-EcsStagingCluster-EcsCluster-1AAGQRFIOE9AE,Service_beiakkdem1vi3j5fejn0,100,2,0.3627170227,0
1537425720,Prod-EcsStagingCluster-EcsCluster-1AAGQRFIOE9AE,Service_beiakkdem1vi3j5fejn0,100,2,0.4027659841,0
1537347120,Prod-EcsStagingCluster-EcsCluster-1AAGQRFIOE9AE,Service_beiakkdem1vi3j5fejn0,100,2,0.3849625967,0
1537405500,Prod-EcsStagingCluster-EcsCluster-1AAGQRFIOE9AE,Service_beiakkdem1vi3j5fejn0,100,2,0.3661895444,0
1537411860,Prod-EcsStagingCluster-EcsCluster-1AAGQRFIOE9AE,Service_beiakkdem1vi3j5fejn0,100,2,0.4304385453,0
1537391640,Prod-EcsStagingCluster-EcsCluster-1AAGQRFIOE9AE,Service_beiakkdem1vi3j5fejn0,100,2,0.3823862292,0
1537398000,Prod-EcsStagingCluster-EcsCluster-1AAGQRFIOE9AE,Service_beiakkdem1vi3j5fejn0,100,2,0.4279926398,0
1537371420,Prod-EcsStagingCluster-EcsCluster-1AAGQRFIOE9AE,Service_beiakkdem1vi3j5fejn0,100,2,0.3892939084,0
1537377780,Prod-EcsStagingCluster-EcsCluster-1AAGQRFIOE9AE,Service_beiakkdem1vi3j5fejn0,100,2,0.3912377945,0
1537360740,Prod-EcsStagingCluster-EcsCluster-1AAGQRFIOE9AE,Service_beiakkdem1vi3j5fejn0,100,2,0.3896234678,0
1537428660,Prod-EcsStagingCluster-EcsCluster-1AAGQRFIOE9AE,Service_beiakkdem1vi3j5fejn0,100,2,0.3948548424,0
1537422300,Prod-EcsStagingCluster-EcsCluster-1AAGQRFIOE9AE,Service_beiakkdem1vi3j5fejn0,100,2,0.3921764803,0
1537346880,Prod-EcsStagingCluster-EcsCluster-1AAGQRFIOE9AE,Service_beiakkdem1vi3j5fejn0,100,2,0.3668295665,0
1537411620,Prod-EcsStagingCluster-EcsCluster-1AAGQRFIOE9AE,Service_beiakkdem1vi3j5fejn0,100,2,0.4027719400,0
1537397760,Prod-EcsStagingCluster-EcsCluster-1AAGQRFIOE9AE,Service_beiakkdem1vi3j5fejn0,100,2,0.3895811431,0
1537391400,Prod-EcsStagingCluster-EcsCluster-1AAGQRFIOE9AE,Service_beiakkdem1vi3j5fejn0,100,2,0.3740336246,0
1537345740,Prod-EcsStagingCluster-EcsCluster-1AAGQRFIOE9AE,Service_beiakkdem1vi3j5fejn0,100,2,0.4060780290,0
1537396620,Prod-EcsStagingCluster-EcsCluster-1AAGQRFIOE9AE,Service_beiakkdem1vi3j5fejn0,100,2,0.4189205221,0
1537377540,Prod-EcsStagingCluster-EcsCluster-1AAGQRFIOE9AE,Service_beiakkdem1vi3j5fejn0,100,2,0.3579346070,0
1537357320,Prod-EcsStagingCluster-EcsCluster-1AAGQRFIOE9AE,Service_beiakkdem1vi3j5fejn0,100,2,0.4404251379,0
1537428420,Prod-EcsStagingCluster-EcsCluster-1AAGQRFIOE9AE,Service_beiakkdem1vi3j5fejn0,100,2,0.3880796465,0
1537375320,Prod-EcsStagingCluster-EcsCluster-1AAGQRFIOE9AE,Service_beiakkdem1vi3j5fejn0,100,2,0.3877300023,0
1537381680,Prod-EcsStagingCluster-EcsCluster-1AAGQRFIOE9AE,Service_beiakkdem1vi3j5fejn0,100,2,0.4187604500,0
1537426200,Prod-EcsStagingCluster-EcsCluster-1AAGQRFIOE9AE,Service_beiakkdem1vi3j5fejn0,100,2,0.4048799560,0
1537362540,Prod-EcsStagingCluster-EcsCluster-1AAGQRFIOE9AE,Service_beiakkdem1vi3j5fejn0,100,2,0.3699655897,0
1537413420,Prod-EcsStagingCluster-EcsCluster-1AAGQRFIOE9AE,Service_beiakkdem1vi3j5fejn0,100,2,0.4091354760,0
1537370940,Prod-EcsStagingCluster-EcsCluster-1AAGQRFIOE9AE,Service_beiakkdem1vi3j5fejn0,100,2,0.3909453716,0
1537377300,Prod-EcsStagingCluster-EcsCluster-1AAGQRFIOE9AE,Service_beiakkdem1vi3j5fejn0,100,2,0.4364066962,0
1537421820,Prod-EcsStagingCluster-EcsCluster-1AAGQRFIOE9AE,Service_beiakkdem1vi3j5fejn0,100,2,0.4324909326,0
1537428180,Prod-EcsStagingCluster-EcsCluster-1AAGQRFIOE9AE,Service_beiakkdem1vi3j5fejn0,100,2,0.3985661250,0
1537381440,Prod-EcsStagingCluster-EcsCluster-1AAGQRFIOE9AE,Service_beiakkdem1vi3j5fejn0,100,2,0.3798008515,0
1537375080,Prod-EcsStagingCluster-EcsCluster-1AAGQRFIOE9AE,Service_beiakkdem1vi3j5fejn0,100,2,0.3955759198,0
1537387740,Prod-EcsStagingCluster-EcsCluster-1AAGQRFIOE9AE,Service_beiakkdem1vi3j5fejn0,100,2,0.3797784578,0
1537394100,Prod-EcsStagingCluster-EcsCluster-1AAGQRFIOE9AE,Service_beiakkdem1vi3j5fejn0,100,2,0.4365158200,0
1537425960,Prod-EcsStagingCluster-EcsCluster-1AAGQRFIOE9AE,Service_beiakkdem1vi3j5fejn0,100,2,0.3949100385,0
1537377060,Prod-EcsStagingCluster-EcsCluster-1AAGQRFIOE9AE,Service_beiakkdem1vi3j5fejn0,100,2,0.4056611962,0
1537347360,Prod-EcsStagingCluster-EcsCluster-1AAGQRFIOE9AE,Service_beiakkdem1vi3j5fejn0,100,2,0.3800233765,0
1537391880,Prod-EcsStagingCluster-EcsCluster-1AAGQRFIOE9AE,Service_beiakkdem1vi3j5fejn0,100,2,0.3873660617,0
1537398240,Prod-EcsStagingCluster-EcsCluster-1AAGQRFIOE9AE,Service_beiakkdem1vi3j5fejn0,100,2,0.3799821754,0
1537427940,Prod-EcsStagingCluster-EcsCluster-1AAGQRFIOE9AE,Service_beiakkdem1vi3j5fejn0,100,2,0.3949632268,0
1537374840,Prod-EcsStagingCluster-EcsCluster-1AAGQRFIOE9AE,Service_beiakkdem1vi3j5fejn0,100,2,0.4050902027,0
1537381200,Prod-EcsStagingCluster-EcsCluster-1AAGQRFIOE9AE,Service_beiakkdem1vi3j5fejn0,100,2,0.3963849817,0
1537396020,Prod-EcsStagingCluster-EcsCluster-1AAGQRFIOE9AE,Service_beiakkdem1vi3j5fejn0,100,2,0.4571000141,0
1537414080,Prod-EcsStagingCluster-EcsCluster-1AAGQRFIOE9AE,Service_beiakkdem1vi3j5fejn0,100,2,0.4080974034,0
1537362060,Prod-EcsStagingCluster-EcsCluster-1AAGQRFIOE9AE,Service_beiakkdem1vi3j5fejn0,100,2,0.3696650822,0
1537378980,Prod-EcsStagingCluster-EcsCluster-1AAGQRFIOE9AE,Service_beiakkdem1vi3j5fejn0,100,2,0.3997583831,0
1537412940,Prod-EcsStagingCluster-EcsCluster-1AAGQRFIOE9AE,Service_beiakkdem1vi3j5fejn0,100,2,0.3861045439,0
1537380000,Prod-EcsStagingCluster-EcsCluster-1AAGQRFIOE9AE,Service_beiakkdem1vi3j5fejn0,100,2,0.3765513297,0
1537358760,Prod-EcsStagingCluster-EcsCluster-1AAGQRFIOE9AE,Service_beiakkdem1vi3j5fejn0,100,2,0.3903489373,0
1537429860,Prod-EcsStagingCluster-EcsCluster-1AAGQRFIOE9AE,Service_beiakkdem1vi3j5fejn0,100,2,0.3849222457,0
1537362960,Prod-EcsStagingCluster-EcsCluster-1AAGQRFIOE9AE,Service_beiakkdem1vi3j5fejn0,100,2,0.3988992766,0
1537430880,Prod-EcsStagingCluster-EcsCluster-1AAGQRFIOE9AE,Service_beiakkdem1vi3j5fejn0,100,2,0.3964805276,0
1537378860,Prod-EcsStagingCluster-EcsCluster-1AAGQRFIOE9AE,Service_beiakkdem1vi3j5fejn0,100,2,0.3562982866,0
1537409640,Prod-EcsStagingCluster-EcsCluster-1AAGQRFIOE9AE,Service_beiakkdem1vi3j5fejn0,100,2,0.4046422274,0
1537413840,Prod-EcsStagingCluster-EcsCluster-1AAGQRFIOE9AE,Service_beiakkdem1vi3j5fejn0,100,2,0.4020185742,0
1537429740,Prod-EcsStagingCluster-EcsCluster-1AAGQRFIOE9AE,Service_beiakkdem1vi3j5fejn0,100,2,0.3936083841,0
1537395780,Prod-EcsStagingCluster-EcsCluster-1AAGQRFIOE9AE,Service_beiakkdem1vi3j5fejn0,100,2,0.4019667354,0
1537375560,Prod-EcsStagingCluster-EcsCluster-1AAGQRFIOE9AE,Service_beiakkdem1vi3j5fejn0,100,2,0.4019982151,0
1537387260,Prod-EcsStagingCluster-EcsCluster-1AAGQRFIOE9AE,Service_beiakkdem1vi3j5fejn0,100,2,0.3809135796,0
1537358520,Prod-EcsStagingCluster-EcsCluster-1AAGQRFIOE9AE,Service_beiakkdem1vi3j5fejn0,100,2,0.3905667340,0
1537426440,Prod-EcsStagingCluster-EcsCluster-1AAGQRFIOE9AE,Service_beiakkdem1vi3j5fejn0,100,2,0.3937030987,0
1537379760,Prod-EcsStagingCluster-EcsCluster-1AAGQRFIOE9AE,Service_beiakkdem1vi3j5fejn0,100,2,0.3695453853,0
1537353180,Prod-EcsStagingCluster-EcsCluster-1AAGQRFIOE9AE,Service_beiakkdem1vi3j5fejn0,100,2,0.3829468518,0
1537430640,Prod-EcsStagingCluster-EcsCluster-1AAGQRFIOE9AE,Service_beiakkdem1vi3j5fejn0,100,2,0.3993331935,0
1537409400,Prod-EcsStagingCluster-EcsCluster-1AAGQRFIOE9AE,Service_beiakkdem1vi3j5fejn0,100,2,0.3796402426,0
1537404060,Prod-EcsStagingCluster-EcsCluster-1AAGQRFIOE9AE,Service_beiakkdem1vi3j5fejn0,100,2,0.3804345171,0
1537395540,Prod-EcsStagingCluster-EcsCluster-1AAGQRFIOE9AE,Service_beiakkdem1vi3j5fejn0,100,2,0.3891387674,0
1537363680,Prod-EcsStagingCluster-EcsCluster-1AAGQRFIOE9AE,Service_beiakkdem1vi3j5fejn0,100,2,0.4330160024,0
1537414560,Prod-EcsStagingCluster-EcsCluster-1AAGQRFIOE9AE,Service_beiakkdem1vi3j5fejn0,100,2,0.4118582355,0
1537346640,Prod-EcsStagingCluster-EcsCluster-1AAGQRFIOE9AE,Service_beiakkdem1vi3j5fejn0,100,2,0.3809712956,0
1537393320,Prod-EcsStagingCluster-EcsCluster-1AAGQRFIOE9AE,Service_beiakkdem1vi3j5fejn0,100,2,0.3840386988,0
1537397520,Prod-EcsStagingCluster-EcsCluster-1AAGQRFIOE9AE,Service_beiakkdem1vi3j5fejn0,100,2,0.3914673435,0
1537361460,Prod-EcsStagingCluster-EcsCluster-1AAGQRFIOE9AE,Service_beiakkdem1vi3j5fejn0,100,2,0.3620767825,0
1537378380,Prod-EcsStagingCluster-EcsCluster-1AAGQRFIOE9AE,Service_beiakkdem1vi3j5fejn0,100,2,0.3891439406,0
1537412340,Prod-EcsStagingCluster-EcsCluster-1AAGQRFIOE9AE,Service_beiakkdem1vi3j5fejn0,100,2,0.4278078943,0
1537359240,Prod-EcsStagingCluster-EcsCluster-1AAGQRFIOE9AE,Service_beiakkdem1vi3j5fejn0,100,2,0.3737035037,0
1537395300,Prod-EcsStagingCluster-EcsCluster-1AAGQRFIOE9AE,Service_beiakkdem1vi3j5fejn0,100,2,0.4044196791,0
1537429260,Prod-EcsStagingCluster-EcsCluster-1AAGQRFIOE9AE,Service_beiakkdem1vi3j5fejn0,100,2,0.4446260787,0
1537410120,Prod-EcsStagingCluster-EcsCluster-1AAGQRFIOE9AE,Service_beiakkdem1vi3j5fejn0,100,2,0.4038571285,0
1537363440,Prod-EcsStagingCluster-EcsCluster-1AAGQRFIOE9AE,Service_beiakkdem1vi3j5fejn0,100,2,0.3922729533,0
1537393080,Prod-EcsStagingCluster-EcsCluster-1AAGQRFIOE9AE,Service_beiakkdem1vi3j5fejn0,100,2,0.3781074545,0
1537414320,Prod-EcsStagingCluster-EcsCluster-1AAGQRFIOE9AE,Service_beiakkdem1vi3j5fejn0,100,2,0.4020032367,0
1537361220,Prod-EcsStagingCluster-EcsCluster-1AAGQRFIOE9AE,Service_beiakkdem1vi3j5fejn0,100,2,0.3504576580,0
1537395180,Prod-EcsStagingCluster-EcsCluster-1AAGQRFIOE9AE,Service_beiakkdem1vi3j5fejn0,100,2,0.4208142880,0
1537412100,Prod-EcsStagingCluster-EcsCluster-1AAGQRFIOE9AE,Service_beiakkdem1vi3j5fejn0,100,2,0.4124047643,0
1537352700,Prod-EcsStagingCluster-EcsCluster-1AAGQRFIOE9AE,Service_beiakkdem1vi3j5fejn0,100,2,0.3752733179,0
1537403580,Prod-EcsStagingCluster-EcsCluster-1AAGQRFIOE9AE,Service_beiakkdem1vi3j5fejn0,100,2,0.3713625922,0
1537359000,Prod-EcsStagingCluster-EcsCluster-1AAGQRFIOE9AE,Service_beiakkdem1vi3j5fejn0,100,2,0.3667182254,0
1537363200,Prod-EcsStagingCluster-EcsCluster-1AAGQRFIOE9AE,Service_beiakkdem1vi3j5fejn0,100,2,0.3959991939,0
1537409880,Prod-EcsStagingCluster-EcsCluster-1AAGQRFIOE9AE,Service_beiakkdem1vi3j5fejn0,100,2,0.3948930981,0
1537375860,Prod-EcsStagingCluster-EcsCluster-1AAGQRFIOE9AE,Service_beiakkdem1vi3j5fejn0,100,2,0.3929605961,0
1537363140,Prod-EcsStagingCluster-EcsCluster-1AAGQRFIOE9AE,Service_beiakkdem1vi3j5fejn0,100,2,0.3936877014,0
1537414020,Prod-EcsStagingCluster-EcsCluster-1AAGQRFIOE9AE,Service_beiakkdem1vi3j5fejn0,100,2,0.4056203625,0
1537426740,Prod-EcsStagingCluster-EcsCluster-1AAGQRFIOE9AE,Service_beiakkdem1vi3j5fejn0,100,2,0.4067183767,0
1537376760,Prod-EcsStagingCluster-EcsCluster-1AAGQRFIOE9AE,Service_beiakkdem1vi3j5fejn0,100,2,0.4026564562,0
1537383120,Prod-EcsStagingCluster-EcsCluster-1AAGQRFIOE9AE,Service_beiakkdem1vi3j5fejn0,100,2,0.3878901161,0
1537389480,Prod-EcsStagingCluster-EcsCluster-1AAGQRFIOE9AE,Service_beiakkdem1vi3j5fejn0,100,2,0.3850740159,0
1537395840,Prod-EcsStagingCluster-EcsCluster-1AAGQRFIOE9AE,Service_beiakkdem1vi3j5fejn0,100,2,0.3939447137,0
1537356540,Prod-EcsStagingCluster-EcsCluster-1AAGQRFIOE9AE,Service_beiakkdem1vi3j5fejn0,100,2,0.3767083499,0
1537427640,Prod-EcsStagingCluster-EcsCluster-1AAGQRFIOE9AE,Service_beiakkdem1vi3j5fejn0,100,2,0.3936241805,0
1537394700,Prod-EcsStagingCluster-EcsCluster-1AAGQRFIOE9AE,Service_beiakkdem1vi3j5fejn0,100,2,0.3768883241,0
1537355400,Prod-EcsStagingCluster-EcsCluster-1AAGQRFIOE9AE,Service_beiakkdem1vi3j5fejn0,100,2,0.3639739375,0
1537349040,Prod-EcsStagingCluster-EcsCluster-1AAGQRFIOE9AE,Service_beiakkdem1vi3j5fejn0,100,2,0.3695448478,0
1537361760,Prod-EcsStagingCluster-EcsCluster-1AAGQRFIOE9AE,Service_beiakkdem1vi3j5fejn0,100,2,0.3428346596,0
1537407420,Prod-EcsStagingCluster-EcsCluster-1AAGQRFIOE9AE,Service_beiakkdem1vi3j5fejn0,100,2,0.4113480276,0
1537412640,Prod-EcsStagingCluster-EcsCluster-1AAGQRFIOE9AE,Service_beiakkdem1vi3j5fejn0,100,2,0.3973374289,0
1537393560,Prod-EcsStagingCluster-EcsCluster-1AAGQRFIOE9AE,Service_beiakkdem1vi3j5fejn0,100,2,0.4170125588,0
1537399920,Prod-EcsStagingCluster-EcsCluster-1AAGQRFIOE9AE,Service_beiakkdem1vi3j5fejn0,100,2,0.4198481125,0
1537406280,Prod-EcsStagingCluster-EcsCluster-1AAGQRFIOE9AE,Service_beiakkdem1vi3j5fejn0,100,2,0.3749585761,0
1537373340,Prod-EcsStagingCluster-EcsCluster-1AAGQRFIOE9AE,Service_beiakkdem1vi3j5fejn0,100,2,0.4087423215,0
1537360620,Prod-EcsStagingCluster-EcsCluster-1AAGQRFIOE9AE,Service_beiakkdem1vi3j5fejn0,100,2,0.3703954074,0
1537362660,Prod-EcsStagingCluster-EcsCluster-1AAGQRFIOE9AE,Service_beiakkdem1vi3j5fejn0,100,2,0.3933542777,0
1537411500,Prod-EcsStagingCluster-EcsCluster-1AAGQRFIOE9AE,Service_beiakkdem1vi3j5fejn0,100,2,0.4037678669,0
1537424220,Prod-EcsStagingCluster-EcsCluster-1AAGQRFIOE9AE,Service_beiakkdem1vi3j5fejn0,100,2,0.4074837675,0
1537375380,Prod-EcsStagingCluster-EcsCluster-1AAGQRFIOE9AE,Service_beiakkdem1vi3j5fejn0,100,2,0.3769914723,0
1537413540,Prod-EcsStagingCluster-EcsCluster-1AAGQRFIOE9AE,Service_beiakkdem1vi3j5fejn0,100,2,0.4070928781,0
1537360440,Prod-EcsStagingCluster-EcsCluster-1AAGQRFIOE9AE,Service_beiakkdem1vi3j5fejn0,100,2,0.3619612665,0
1537426260,Prod-EcsStagingCluster-EcsCluster-1AAGQRFIOE9AE,Service_beiakkdem1vi3j5fejn0,100,2,0.4061856735,0
1537379520,Prod-EcsStagingCluster-EcsCluster-1AAGQRFIOE9AE,Service_beiakkdem1vi3j5fejn0,100,2,0.3833201062,0
1537373160,Prod-EcsStagingCluster-EcsCluster-1AAGQRFIOE9AE,Service_beiakkdem1vi3j5fejn0,100,2,0.3922511460,0
1537366800,Prod-EcsStagingCluster-EcsCluster-1AAGQRFIOE9AE,Service_beiakkdem1vi3j5fejn0,100,2,0.3795963781,0
1537411320,Prod-EcsStagingCluster-EcsCluster-1AAGQRFIOE9AE,Service_beiakkdem1vi3j5fejn0,100,2,0.4165347316,0
1537417680,Prod-EcsStagingCluster-EcsCluster-1AAGQRFIOE9AE,Service_beiakkdem1vi3j5fejn0,100,2,0.3943713661,0
1537392180,Prod-EcsStagingCluster-EcsCluster-1AAGQRFIOE9AE,Service_beiakkdem1vi3j5fejn0,100,2,0.4228323432,0
1537379460,Prod-EcsStagingCluster-EcsCluster-1AAGQRFIOE9AE,Service_beiakkdem1vi3j5fejn0,100,2,0.4260494412,0
1537424040,Prod-EcsStagingCluster-EcsCluster-1AAGQRFIOE9AE,Service_beiakkdem1vi3j5fejn0,100,2,0.4094755938,0
1537430400,Prod-EcsStagingCluster-EcsCluster-1AAGQRFIOE9AE,Service_beiakkdem1vi3j5fejn0,100,2,0.3930623382,0
1537430340,Prod-EcsStagingCluster-EcsCluster-1AAGQRFIOE9AE,Service_beiakkdem1vi3j5fejn0,100,2,0.3906803815,0
1537345440,Prod-EcsStagingCluster-EcsCluster-1AAGQRFIOE9AE,Service_beiakkdem1vi3j5fejn0,100,2,0.3999889057,0
1537389960,Prod-EcsStagingCluster-EcsCluster-1AAGQRFIOE9AE,Service_beiakkdem1vi3j5fejn0,100,2,0.3883357712,0
1537396320,Prod-EcsStagingCluster-EcsCluster-1AAGQRFIOE9AE,Service_beiakkdem1vi3j5fejn0,100,2,0.3837434339,0
1537377240,Prod-EcsStagingCluster-EcsCluster-1AAGQRFIOE9AE,Service_beiakkdem1vi3j5fejn0,100,2,0.3994364326,0
1537383600,Prod-EcsStagingCluster-EcsCluster-1AAGQRFIOE9AE,Service_beiakkdem1vi3j5fejn0,100,2,0.3945295233,0
1537428120,Prod-EcsStagingCluster-EcsCluster-1AAGQRFIOE9AE,Service_beiakkdem1vi3j5fejn0,100,2,0.3792084249,0
1537360140,Prod-EcsStagingCluster-EcsCluster-1AAGQRFIOE9AE,Service_beiakkdem1vi3j5fejn0,100,2,0.3621369080,0
1537372860,Prod-EcsStagingCluster-EcsCluster-1AAGQRFIOE9AE,Service_beiakkdem1vi3j5fejn0,100,2,0.3941604049,0
1537411020,Prod-EcsStagingCluster-EcsCluster-1AAGQRFIOE9AE,Service_beiakkdem1vi3j5fejn0,100,2,0.3923512017,0
1537423740,Prod-EcsStagingCluster-EcsCluster-1AAGQRFIOE9AE,Service_beiakkdem1vi3j5fejn0,100,2,0.4397318054,0
1537389660,Prod-EcsStagingCluster-EcsCluster-1AAGQRFIOE9AE,Service_beiakkdem1vi3j5fejn0,100,2,0.3675416171,0
1537376940,Prod-EcsStagingCluster-EcsCluster-1AAGQRFIOE9AE,Service_beiakkdem1vi3j5fejn0,100,2,0.4052992823,0
1537407720,Prod-EcsStagingCluster-EcsCluster-1AAGQRFIOE9AE,Service_beiakkdem1vi3j5fejn0,100,2,0.4054416550,0
1537427820,Prod-EcsStagingCluster-EcsCluster-1AAGQRFIOE9AE,Service_beiakkdem1vi3j5fejn0,100,2,0.3922153485,0
1537373640,Prod-EcsStagingCluster-EcsCluster-1AAGQRFIOE9AE,Service_beiakkdem1vi3j5fejn0,100,2,0.3821291280,0
1537360920,Prod-EcsStagingCluster-EcsCluster-1AAGQRFIOE9AE,Service_beiakkdem1vi3j5fejn0,100,2,0.4030891714,0
1537411800,Prod-EcsStagingCluster-EcsCluster-1AAGQRFIOE9AE,Service_beiakkdem1vi3j5fejn0,100,2,0.4155500237,0
1537424520,Prod-EcsStagingCluster-EcsCluster-1AAGQRFIOE9AE,Service_beiakkdem1vi3j5fejn0,100,2,0.4004710572,0
1537380900,Prod-EcsStagingCluster-EcsCluster-1AAGQRFIOE9AE,Service_beiakkdem1vi3j5fejn0,100,2,0.3948266959,0
1537393620,Prod-EcsStagingCluster-EcsCluster-1AAGQRFIOE9AE,Service_beiakkdem1vi3j5fejn0,100,2,0.3756067515,0
1537346820,Prod-EcsStagingCluster-EcsCluster-1AAGQRFIOE9AE,Service_beiakkdem1vi3j5fejn0,100,2,0.3805771477,0
1537359540,Prod-EcsStagingCluster-EcsCluster-1AAGQRFIOE9AE,Service_beiakkdem1vi3j5fejn0,100,2,0.3785936331,0
1537364880,Prod-EcsStagingCluster-EcsCluster-1AAGQRFIOE9AE,Service_beiakkdem1vi3j5fejn0,100,2,0.4024810311,0
1537377600,Prod-EcsStagingCluster-EcsCluster-1AAGQRFIOE9AE,Service_beiakkdem1vi3j5fejn0,100,2,0.3932048849,0
1537415760,Prod-EcsStagingCluster-EcsCluster-1AAGQRFIOE9AE,Service_beiakkdem1vi3j5fejn0,100,2,0.4220047461,0
1537376460,Prod-EcsStagingCluster-EcsCluster-1AAGQRFIOE9AE,Service_beiakkdem1vi3j5fejn0,100,2,0.3929094557,0
1537410420,Prod-EcsStagingCluster-EcsCluster-1AAGQRFIOE9AE,Service_beiakkdem1vi3j5fejn0,100,2,0.3907723677,0
1537397700,Prod-EcsStagingCluster-EcsCluster-1AAGQRFIOE9AE,Service_beiakkdem1vi3j5fejn0,100,2,0.4063997585,0
1537428480,Prod-EcsStagingCluster-EcsCluster-1AAGQRFIOE9AE,Service_beiakkdem1vi3j5fejn0,100,2,0.3757740763,0
1537389180,Prod-EcsStagingCluster-EcsCluster-1AAGQRFIOE9AE,Service_beiakkdem1vi3j5fejn0,100,2,0.3872721619,0
1537427340,Prod-EcsStagingCluster-EcsCluster-1AAGQRFIOE9AE,Service_beiakkdem1vi3j5fejn0,100,2,0.4667446901,0
1537408200,Prod-EcsStagingCluster-EcsCluster-1AAGQRFIOE9AE,Service_beiakkdem1vi3j5fejn0,100,2,0.4142404721,0
1537395480,Prod-EcsStagingCluster-EcsCluster-1AAGQRFIOE9AE,Service_beiakkdem1vi3j5fejn0,100,2,0.3866597366,0
1537355100,Prod-EcsStagingCluster-EcsCluster-1AAGQRFIOE9AE,Service_beiakkdem1vi3j5fejn0,100,2,0.3868964535,0
1537393260,Prod-EcsStagingCluster-EcsCluster-1AAGQRFIOE9AE,Service_beiakkdem1vi3j5fejn0,100,2,0.3924660011,0
1537405980,Prod-EcsStagingCluster-EcsCluster-1AAGQRFIOE9AE,Service_beiakkdem1vi3j5fejn0,100,2,0.3770483013,0
1537361280,Prod-EcsStagingCluster-EcsCluster-1AAGQRFIOE9AE,Service_beiakkdem1vi3j5fejn0,100,2,0.3677069758,0
1537348560,Prod-EcsStagingCluster-EcsCluster-1AAGQRFIOE9AE,Service_beiakkdem1vi3j5fejn0,100,2,0.3611698851,0
1537399440,Prod-EcsStagingCluster-EcsCluster-1AAGQRFIOE9AE,Service_beiakkdem1vi3j5fejn0,100,2,0.4200702878,0
1537412160,Prod-EcsStagingCluster-EcsCluster-1AAGQRFIOE9AE,Service_beiakkdem1vi3j5fejn0,100,2,0.4157695917,0
1537359060,Prod-EcsStagingCluster-EcsCluster-1AAGQRFIOE9AE,Service_beiakkdem1vi3j5fejn0,100,2,0.3757533265,0
1537346340,Prod-EcsStagingCluster-EcsCluster-1AAGQRFIOE9AE,Service_beiakkdem1vi3j5fejn0,100,2,0.4003527445,0
1537397220,Prod-EcsStagingCluster-EcsCluster-1AAGQRFIOE9AE,Service_beiakkdem1vi3j5fejn0,100,2,0.3835071113,0
1537378080,Prod-EcsStagingCluster-EcsCluster-1AAGQRFIOE9AE,Service_beiakkdem1vi3j5fejn0,100,2,0.3890285506,0
1537365360,Prod-EcsStagingCluster-EcsCluster-1AAGQRFIOE9AE,Service_beiakkdem1vi3j5fejn0,100,2,0.4549158434,0
1537409940,Prod-EcsStagingCluster-EcsCluster-1AAGQRFIOE9AE,Service_beiakkdem1vi3j5fejn0,100,2,0.3988393135,0
1537356840,Prod-EcsStagingCluster-EcsCluster-1AAGQRFIOE9AE,Service_beiakkdem1vi3j5fejn0,100,2,0.3855204343,0
1537395000,Prod-EcsStagingCluster-EcsCluster-1AAGQRFIOE9AE,Service_beiakkdem1vi3j5fejn0,100,2,0.4038206312,0
1537428960,Prod-EcsStagingCluster-EcsCluster-1AAGQRFIOE9AE,Service_beiakkdem1vi3j5fejn0,100,2,0.3907641801,0
1537416240,Prod-EcsStagingCluster-EcsCluster-1AAGQRFIOE9AE,Service_beiakkdem1vi3j5fejn0,100,2,0.4134977025,0
1537410720,Prod-EcsStagingCluster-EcsCluster-1AAGQRFIOE9AE,Service_beiakkdem1vi3j5fejn0,100,2,0.3843446623,0
1537401180,Prod-EcsStagingCluster-EcsCluster-1AAGQRFIOE9AE,Service_beiakkdem1vi3j5fejn0,100,2,0.3830604609,0
1537404360,Prod-EcsStagingCluster-EcsCluster-1AAGQRFIOE9AE,Service_beiakkdem1vi3j5fejn0,100,2,0.3758876153,0
1537407540,Prod-EcsStagingCluster-EcsCluster-1AAGQRFIOE9AE,Service_beiakkdem1vi3j5fejn0,100,2,0.4100589858,0
1537368240,Prod-EcsStagingCluster-EcsCluster-1AAGQRFIOE9AE,Service_beiakkdem1vi3j5fejn0,100,2,0.3858282355,0
1537358700,Prod-EcsStagingCluster-EcsCluster-1AAGQRFIOE9AE,Service_beiakkdem1vi3j5fejn0,100,2,0.3937590283,0
1537361880,Prod-EcsStagingCluster-EcsCluster-1AAGQRFIOE9AE,Service_beiakkdem1vi3j5fejn0,100,2,0.3533633505,0
1537365060,Prod-EcsStagingCluster-EcsCluster-1AAGQRFIOE9AE,Service_beiakkdem1vi3j5fejn0,100,2,0.4012143071,0
1537426620,Prod-EcsStagingCluster-EcsCluster-1AAGQRFIOE9AE,Service_beiakkdem1vi3j5fejn0,100,2,0.4037631874,0
1537429800,Prod-EcsStagingCluster-EcsCluster-1AAGQRFIOE9AE,Service_beiakkdem1vi3j5fejn0,100,2,0.4099647266,0
1537393680,Prod-EcsStagingCluster-EcsCluster-1AAGQRFIOE9AE,Service_beiakkdem1vi3j5fejn0,100,2,0.3695046973,0
1537384140,Prod-EcsStagingCluster-EcsCluster-1AAGQRFIOE9AE,Service_beiakkdem1vi3j5fejn0,100,2,0.3950536623,0
1537387320,Prod-EcsStagingCluster-EcsCluster-1AAGQRFIOE9AE,Service_beiakkdem1vi3j5fejn0,100,2,0.3327819004,0
1537390500,Prod-EcsStagingCluster-EcsCluster-1AAGQRFIOE9AE,Service_beiakkdem1vi3j5fejn0,100,2,0.3692798863,0
1537358460,Prod-EcsStagingCluster-EcsCluster-1AAGQRFIOE9AE,Service_beiakkdem1vi3j5fejn0,100,2,0.3853330609,0
1537361640,Prod-EcsStagingCluster-EcsCluster-1AAGQRFIOE9AE,Service_beiakkdem1vi3j5fejn0,100,2,0.3537803402,0
1537364820,Prod-EcsStagingCluster-EcsCluster-1AAGQRFIOE9AE,Service_beiakkdem1vi3j5fejn0,100,2,0.3908371192,0
1537368000,Prod-EcsStagingCluster-EcsCluster-1AAGQRFIOE9AE,Service_beiakkdem1vi3j5fejn0,100,2,0.3861568074,0
1537368960,Prod-EcsStagingCluster-EcsCluster-1AAGQRFIOE9AE,Service_beiakkdem1vi3j5fejn0,100,2,0.3857695853,0
1537362600,Prod-EcsStagingCluster-EcsCluster-1AAGQRFIOE9AE,Service_beiakkdem1vi3j5fejn0,100,2,0.3768307407,0
1537417740,Prod-EcsStagingCluster-EcsCluster-1AAGQRFIOE9AE,Service_beiakkdem1vi3j5fejn0,100,2,0.4030320732,0
1537392300,Prod-EcsStagingCluster-EcsCluster-1AAGQRFIOE9AE,Service_beiakkdem1vi3j5fejn0,100,2,0.3718703245,0
1537398660,Prod-EcsStagingCluster-EcsCluster-1AAGQRFIOE9AE,Service_beiakkdem1vi3j5fejn0,100,2,0.3886787955,0
1537424100,Prod-EcsStagingCluster-EcsCluster-1AAGQRFIOE9AE,Service_beiakkdem1vi3j5fejn0,100,2,0.4026754970,0
1537396440,Prod-EcsStagingCluster-EcsCluster-1AAGQRFIOE9AE,Service_beiakkdem1vi3j5fejn0,100,2,0.3889789336,0
1537402800,Prod-EcsStagingCluster-EcsCluster-1AAGQRFIOE9AE,Service_beiakkdem1vi3j5fejn0,100,2,0.4001627924,0
1537421880,Prod-EcsStagingCluster-EcsCluster-1AAGQRFIOE9AE,Service_beiakkdem1vi3j5fejn0,100,2,0.4688587069,0
1537428240,Prod-EcsStagingCluster-EcsCluster-1AAGQRFIOE9AE,Service_beiakkdem1vi3j5fejn0,100,2,0.4116987558,0
1537372980,Prod-EcsStagingCluster-EcsCluster-1AAGQRFIOE9AE,Service_beiakkdem1vi3j5fejn0,100,2,0.3945979950,0
1537366620,Prod-EcsStagingCluster-EcsCluster-1AAGQRFIOE9AE,Service_beiakkdem1vi3j5fejn0,100,2,0.3842949744,0
1537398420,Prod-EcsStagingCluster-EcsCluster-1AAGQRFIOE9AE,Service_beiakkdem1vi3j5fejn0,100,2,0.4049928834,0
1537392060,Prod-EcsStagingCluster-EcsCluster-1AAGQRFIOE9AE,Service_beiakkdem1vi3j5fejn0,100,2,0.3807026844,0
1537355940,Prod-EcsStagingCluster-EcsCluster-1AAGQRFIOE9AE,Service_beiakkdem1vi3j5fejn0,100,2,0.3993969333,0
1537349580,Prod-EcsStagingCluster-EcsCluster-1AAGQRFIOE9AE,Service_beiakkdem1vi3j5fejn0,100,2,0.3749174094,0
1537370760,Prod-EcsStagingCluster-EcsCluster-1AAGQRFIOE9AE,Service_beiakkdem1vi3j5fejn0,100,2,0.3884384987,0
1537377120,Prod-EcsStagingCluster-EcsCluster-1AAGQRFIOE9AE,Service_beiakkdem1vi3j5fejn0,100,2,0.3868369381,0
1537396200,Prod-EcsStagingCluster-EcsCluster-1AAGQRFIOE9AE,Service_beiakkdem1vi3j5fejn0,100,2,0.3786061461,0
1537402560,Prod-EcsStagingCluster-EcsCluster-1AAGQRFIOE9AE,Service_beiakkdem1vi3j5fejn0,100,2,0.3980609975,0
1537425900,Prod-EcsStagingCluster-EcsCluster-1AAGQRFIOE9AE,Service_beiakkdem1vi3j5fejn0,100,2,0.4021462114,0
1537353720,Prod-EcsStagingCluster-EcsCluster-1AAGQRFIOE9AE,Service_beiakkdem1vi3j5fejn0,100,2,0.3661747794,0
1537360080,Prod-EcsStagingCluster-EcsCluster-1AAGQRFIOE9AE,Service_beiakkdem1vi3j5fejn0,100,2,0.3681092859,0
1537430040,Prod-EcsStagingCluster-EcsCluster-1AAGQRFIOE9AE,Service_beiakkdem1vi3j5fejn0,100,2,0.4036852918,0
1537409760,Prod-EcsStagingCluster-EcsCluster-1AAGQRFIOE9AE,Service_beiakkdem1vi3j5fejn0,100,2,0.4031537278,0
1537400220,Prod-EcsStagingCluster-EcsCluster-1AAGQRFIOE9AE,Service_beiakkdem1vi3j5fejn0,100,2,0.3760357109,0
1537431000,Prod-EcsStagingCluster-EcsCluster-1AAGQRFIOE9AE,Service_beiakkdem1vi3j5fejn0,100,2,0.3965515352,0
1537367280,Prod-EcsStagingCluster-EcsCluster-1AAGQRFIOE9AE,Service_beiakkdem1vi3j5fejn0,100,2,0.3814910463,0
1537357740,Prod-EcsStagingCluster-EcsCluster-1AAGQRFIOE9AE,Service_beiakkdem1vi3j5fejn0,100,2,0.6284303790,0
1537425660,Prod-EcsStagingCluster-EcsCluster-1AAGQRFIOE9AE,Service_beiakkdem1vi3j5fejn0,100,2,0.4029028475,0
1537392720,Prod-EcsStagingCluster-EcsCluster-1AAGQRFIOE9AE,Service_beiakkdem1vi3j5fejn0,100,2,0.3828537673,0
1537383180,Prod-EcsStagingCluster-EcsCluster-1AAGQRFIOE9AE,Service_beiakkdem1vi3j5fejn0,100,2,0.3947601197,0
1537408500,Prod-EcsStagingCluster-EcsCluster-1AAGQRFIOE9AE,Service_beiakkdem1vi3j5fejn0,100,2,0.4245636139,0
1537405320,Prod-EcsStagingCluster-EcsCluster-1AAGQRFIOE9AE,Service_beiakkdem1vi3j5fejn0,100,2,0.3606553384,0
1537366020,Prod-EcsStagingCluster-EcsCluster-1AAGQRFIOE9AE,Service_beiakkdem1vi3j5fejn0,100,2,0.4002684636,0
1537362840,Prod-EcsStagingCluster-EcsCluster-1AAGQRFIOE9AE,Service_beiakkdem1vi3j5fejn0,100,2,0.3807692586,0
1537430760,Prod-EcsStagingCluster-EcsCluster-1AAGQRFIOE9AE,Service_beiakkdem1vi3j5fejn0,100,2,0.4047117538,0
1537357500,Prod-EcsStagingCluster-EcsCluster-1AAGQRFIOE9AE,Service_beiakkdem1vi3j5fejn0,100,2,0.3823018565,0
1537367040,Prod-EcsStagingCluster-EcsCluster-1AAGQRFIOE9AE,Service_beiakkdem1vi3j5fejn0,100,2,0.3894162276,0
1537388280,Prod-EcsStagingCluster-EcsCluster-1AAGQRFIOE9AE,Service_beiakkdem1vi3j5fejn0,100,2,0.4043111220,0
1537391460,Prod-EcsStagingCluster-EcsCluster-1AAGQRFIOE9AE,Service_beiakkdem1vi3j5fejn0,100,2,0.3866916879,0
1537391340,Prod-EcsStagingCluster-EcsCluster-1AAGQRFIOE9AE,Service_beiakkdem1vi3j5fejn0,100,2,0.3603329369,0
1537416780,Prod-EcsStagingCluster-EcsCluster-1AAGQRFIOE9AE,Service_beiakkdem1vi3j5fejn0,100,2,0.4190394610,0
1537400880,Prod-EcsStagingCluster-EcsCluster-1AAGQRFIOE9AE,Service_beiakkdem1vi3j5fejn0,100,2,0.3846535640,0
1537426320,Prod-EcsStagingCluster-EcsCluster-1AAGQRFIOE9AE,Service_beiakkdem1vi3j5fejn0,100,2,0.3997943235,0
1537365780,Prod-EcsStagingCluster-EcsCluster-1AAGQRFIOE9AE,Service_beiakkdem1vi3j5fejn0,100,2,0.3887627096,0
1537401840,Prod-EcsStagingCluster-EcsCluster-1AAGQRFIOE9AE,Service_beiakkdem1vi3j5fejn0,100,2,0.3772795899,0
1537427280,Prod-EcsStagingCluster-EcsCluster-1AAGQRFIOE9AE,Service_beiakkdem1vi3j5fejn0,100,2,0.4357789120,0
1537363560,Prod-EcsStagingCluster-EcsCluster-1AAGQRFIOE9AE,Service_beiakkdem1vi3j5fejn0,100,2,0.3860498683,0
1537365660,Prod-EcsStagingCluster-EcsCluster-1AAGQRFIOE9AE,Service_beiakkdem1vi3j5fejn0,100,2,0.3643192526,0
1537399620,Prod-EcsStagingCluster-EcsCluster-1AAGQRFIOE9AE,Service_beiakkdem1vi3j5fejn0,100,2,0.3985690254,0
1537391100,Prod-EcsStagingCluster-EcsCluster-1AAGQRFIOE9AE,Service_beiakkdem1vi3j5fejn0,100,2,0.3724904631,0
1537425060,Prod-EcsStagingCluster-EcsCluster-1AAGQRFIOE9AE,Service_beiakkdem1vi3j5fejn0,100,2,0.4092918557,0
1537348620,Prod-EcsStagingCluster-EcsCluster-1AAGQRFIOE9AE,Service_beiakkdem1vi3j5fejn0,100,2,0.3502604678,0
1537376160,Prod-EcsStagingCluster-EcsCluster-1AAGQRFIOE9AE,Service_beiakkdem1vi3j5fejn0,100,2,0.3851043259,0
1537397400,Prod-EcsStagingCluster-EcsCluster-1AAGQRFIOE9AE,Service_beiakkdem1vi3j5fejn0,100,2,0.3884446533,0
1537401600,Prod-EcsStagingCluster-EcsCluster-1AAGQRFIOE9AE,Service_beiakkdem1vi3j5fejn0,100,2,0.3847087243,0
1537424940,Prod-EcsStagingCluster-EcsCluster-1AAGQRFIOE9AE,Service_beiakkdem1vi3j5fejn0,100,2,0.4041858343,0
1537422840,Prod-EcsStagingCluster-EcsCluster-1AAGQRFIOE9AE,Service_beiakkdem1vi3j5fejn0,100,2,0.4074724657,0
1537359120,Prod-EcsStagingCluster-EcsCluster-1AAGQRFIOE9AE,Service_beiakkdem1vi3j5fejn0,100,2,0.3654160300,0
1537373940,Prod-EcsStagingCluster-EcsCluster-1AAGQRFIOE9AE,Service_beiakkdem1vi3j5fejn0,100,2,0.3544436760,0
1537399380,Prod-EcsStagingCluster-EcsCluster-1AAGQRFIOE9AE,Service_beiakkdem1vi3j5fejn0,100,2,0.4234144084,0
1537356900,Prod-EcsStagingCluster-EcsCluster-1AAGQRFIOE9AE,Service_beiakkdem1vi3j5fejn0,100,2,0.3873955969,0
1537371720,Prod-EcsStagingCluster-EcsCluster-1AAGQRFIOE9AE,Service_beiakkdem1vi3j5fejn0,100,2,0.3644899274,0
1537397160,Prod-EcsStagingCluster-EcsCluster-1AAGQRFIOE9AE,Service_beiakkdem1vi3j5fejn0,100,2,0.4373388292,0
1537354680,Prod-EcsStagingCluster-EcsCluster-1AAGQRFIOE9AE,Service_beiakkdem1vi3j5fejn0,100,2,0.4034320985,0
1537399260,Prod-EcsStagingCluster-EcsCluster-1AAGQRFIOE9AE,Service_beiakkdem1vi3j5fejn0,100,2,0.4034056201,0
1537369500,Prod-EcsStagingCluster-EcsCluster-1AAGQRFIOE9AE,Service_beiakkdem1vi3j5fejn0,100,2,0.4005903898,0
1537356780,Prod-EcsStagingCluster-EcsCluster-1AAGQRFIOE9AE,Service_beiakkdem1vi3j5fejn0,100,2,0.3783591257,0
1537427880,Prod-EcsStagingCluster-EcsCluster-1AAGQRFIOE9AE,Service_beiakkdem1vi3j5fejn0,100,2,0.3908289547,0
1537431060,Prod-EcsStagingCluster-EcsCluster-1AAGQRFIOE9AE,Service_beiakkdem1vi3j5fejn0,100,2,0.3854938858,0
1537394940,Prod-EcsStagingCluster-EcsCluster-1AAGQRFIOE9AE,Service_beiakkdem1vi3j5fejn0,100,2,0.3937467328,0
1537382220,Prod-EcsStagingCluster-EcsCluster-1AAGQRFIOE9AE,Service_beiakkdem1vi3j5fejn0,100,2,0.4661079006,0
1537355640,Prod-EcsStagingCluster-EcsCluster-1AAGQRFIOE9AE,Service_beiakkdem1vi3j5fejn0,100,2,0.3891529620,0
1537358820,Prod-EcsStagingCluster-EcsCluster-1AAGQRFIOE9AE,Service_beiakkdem1vi3j5fejn0,100,2,0.3940054345,0
1537362000,Prod-EcsStagingCluster-EcsCluster-1AAGQRFIOE9AE,Service_beiakkdem1vi3j5fejn0,100,2,0.3821333236,0
1537359720,Prod-EcsStagingCluster-EcsCluster-1AAGQRFIOE9AE,Service_beiakkdem1vi3j5fejn0,100,2,0.3673637043,0
1537362900,Prod-EcsStagingCluster-EcsCluster-1AAGQRFIOE9AE,Service_beiakkdem1vi3j5fejn0,100,2,0.3853947050,0
1537366080,Prod-EcsStagingCluster-EcsCluster-1AAGQRFIOE9AE,Service_beiakkdem1vi3j5fejn0,100,2,0.3994204560,0
1537390380,Prod-EcsStagingCluster-EcsCluster-1AAGQRFIOE9AE,Service_beiakkdem1vi3j5fejn0,100,2,0.3855628099,0
1537415820,Prod-EcsStagingCluster-EcsCluster-1AAGQRFIOE9AE,Service_beiakkdem1vi3j5fejn0,100,2,0.4408048616,0
1537403100,Prod-EcsStagingCluster-EcsCluster-1AAGQRFIOE9AE,Service_beiakkdem1vi3j5fejn0,100,2,0.4002311744,0
1537366980,Prod-EcsStagingCluster-EcsCluster-1AAGQRFIOE9AE,Service_beiakkdem1vi3j5fejn0,100,2,0.3883508221,0
1537370160,Prod-EcsStagingCluster-EcsCluster-1AAGQRFIOE9AE,Service_beiakkdem1vi3j5fejn0,100,2,0.3896244704,0
1537363800,Prod-EcsStagingCluster-EcsCluster-1AAGQRFIOE9AE,Service_beiakkdem1vi3j5fejn0,100,2,0.3749134544,0
1537428540,Prod-EcsStagingCluster-EcsCluster-1AAGQRFIOE9AE,Service_beiakkdem1vi3j5fejn0,100,2,0.3883275414,0
1537392420,Prod-EcsStagingCluster-EcsCluster-1AAGQRFIOE9AE,Service_beiakkdem1vi3j5fejn0,100,2,0.4030452468,0
1537395600,Prod-EcsStagingCluster-EcsCluster-1AAGQRFIOE9AE,Service_beiakkdem1vi3j5fejn0,100,2,0.3936178656,0
1537389240,Prod-EcsStagingCluster-EcsCluster-1AAGQRFIOE9AE,Service_beiakkdem1vi3j5fejn0,100,2,0.3920474566,0
1537396560,Prod-EcsStagingCluster-EcsCluster-1AAGQRFIOE9AE,Service_beiakkdem1vi3j5fejn0,100,2,0.3875719566,0
1537390200,Prod-EcsStagingCluster-EcsCluster-1AAGQRFIOE9AE,Service_beiakkdem1vi3j5fejn0,100,2,0.3937154154,0
1537371060,Prod-EcsStagingCluster-EcsCluster-1AAGQRFIOE9AE,Service_beiakkdem1vi3j5fejn0,100,2,0.3877066102,0
1537396500,Prod-EcsStagingCluster-EcsCluster-1AAGQRFIOE9AE,Service_beiakkdem1vi3j5fejn0,100,2,0.4246535327,0
1537360380,Prod-EcsStagingCluster-EcsCluster-1AAGQRFIOE9AE,Service_beiakkdem1vi3j5fejn0,100,2,0.3649290936,0
1537347660,Prod-EcsStagingCluster-EcsCluster-1AAGQRFIOE9AE,Service_beiakkdem1vi3j5fejn0,100,2,0.4069082107,0
1537375200,Prod-EcsStagingCluster-EcsCluster-1AAGQRFIOE9AE,Service_beiakkdem1vi3j5fejn0,100,2,0.3886792575,0
1537368840,Prod-EcsStagingCluster-EcsCluster-1AAGQRFIOE9AE,Service_beiakkdem1vi3j5fejn0,100,2,0.3787822179,0
1537400640,Prod-EcsStagingCluster-EcsCluster-1AAGQRFIOE9AE,Service_beiakkdem1vi3j5fejn0,100,2,0.3818189228,0
1537423980,Prod-EcsStagingCluster-EcsCluster-1AAGQRFIOE9AE,Service_beiakkdem1vi3j5fejn0,100,2,0.4085348654,0
1537394280,Prod-EcsStagingCluster-EcsCluster-1AAGQRFIOE9AE,Service_beiakkdem1vi3j5fejn0,100,2,0.3818092813,0
1537400580,Prod-EcsStagingCluster-EcsCluster-1AAGQRFIOE9AE,Service_beiakkdem1vi3j5fejn0,100,2,0.3812901980,0
1537426020,Prod-EcsStagingCluster-EcsCluster-1AAGQRFIOE9AE,Service_beiakkdem1vi3j5fejn0,100,2,0.3899780115,0
1537404720,Prod-EcsStagingCluster-EcsCluster-1AAGQRFIOE9AE,Service_beiakkdem1vi3j5fejn0,100,2,0.3892642999,0
1537398360,Prod-EcsStagingCluster-EcsCluster-1AAGQRFIOE9AE,Service_beiakkdem1vi3j5fejn0,100,2,0.3668127673,0
1537423800,Prod-EcsStagingCluster-EcsCluster-1AAGQRFIOE9AE,Service_beiakkdem1vi3j5fejn0,100,2,0.4180343912,0
1537430160,Prod-EcsStagingCluster-EcsCluster-1AAGQRFIOE9AE,Service_beiakkdem1vi3j5fejn0,100,2,0.3959983296,0
1537404660,Prod-EcsStagingCluster-EcsCluster-1AAGQRFIOE9AE,Service_beiakkdem1vi3j5fejn0,100,2,0.3797270964,0
1537355820,Prod-EcsStagingCluster-EcsCluster-1AAGQRFIOE9AE,Service_beiakkdem1vi3j5fejn0,100,2,0.3857194271,0
1537368540,Prod-EcsStagingCluster-EcsCluster-1AAGQRFIOE9AE,Service_beiakkdem1vi3j5fejn0,100,2,0.3844868890,0
1537430100,Prod-EcsStagingCluster-EcsCluster-1AAGQRFIOE9AE,Service_beiakkdem1vi3j5fejn0,100,2,0.4122005379,0
1537381260,Prod-EcsStagingCluster-EcsCluster-1AAGQRFIOE9AE,Service_beiakkdem1vi3j5fejn0,100,2,0.3797762322,0
1537393980,Prod-EcsStagingCluster-EcsCluster-1AAGQRFIOE9AE,Service_beiakkdem1vi3j5fejn0,100,2,0.3827134880,0
1537357860,Prod-EcsStagingCluster-EcsCluster-1AAGQRFIOE9AE,Service_beiakkdem1vi3j5fejn0,100,2,0.3884861521,0
1537402440,Prod-EcsStagingCluster-EcsCluster-1AAGQRFIOE9AE,Service_beiakkdem1vi3j5fejn0,100,2,0.3662290594,0
1537408800,Prod-EcsStagingCluster-EcsCluster-1AAGQRFIOE9AE,Service_beiakkdem1vi3j5fejn0,100,2,0.3963331790,0
1537403400,Prod-EcsStagingCluster-EcsCluster-1AAGQRFIOE9AE,Service_beiakkdem1vi3j5fejn0,100,2,0.3879914941,0
1537406580,Prod-EcsStagingCluster-EcsCluster-1AAGQRFIOE9AE,Service_beiakkdem1vi3j5fejn0,100,2,0.3864860153,0
1537428840,Prod-EcsStagingCluster-EcsCluster-1AAGQRFIOE9AE,Service_beiakkdem1vi3j5fejn0,100,2,0.4199734046,0
1537365120,Prod-EcsStagingCluster-EcsCluster-1AAGQRFIOE9AE,Service_beiakkdem1vi3j5fejn0,100,2,0.3881316387,0
1537359780,Prod-EcsStagingCluster-EcsCluster-1AAGQRFIOE9AE,Service_beiakkdem1vi3j5fejn0,100,2,0.3555452496,0
1537356600,Prod-EcsStagingCluster-EcsCluster-1AAGQRFIOE9AE,Service_beiakkdem1vi3j5fejn0,100,2,0.3966731924,0
1537389420,Prod-EcsStagingCluster-EcsCluster-1AAGQRFIOE9AE,Service_beiakkdem1vi3j5fejn0,100,2,0.3913117436,0
1537414860,Prod-EcsStagingCluster-EcsCluster-1AAGQRFIOE9AE,Service_beiakkdem1vi3j5fejn0,100,2,0.3953623910,0
1537402140,Prod-EcsStagingCluster-EcsCluster-1AAGQRFIOE9AE,Service_beiakkdem1vi3j5fejn0,100,2,0.3828413351,0
1537369200,Prod-EcsStagingCluster-EcsCluster-1AAGQRFIOE9AE,Service_beiakkdem1vi3j5fejn0,100,2,0.3560530132,0
1537427580,Prod-EcsStagingCluster-EcsCluster-1AAGQRFIOE9AE,Service_beiakkdem1vi3j5fejn0,100,2,0.4103563512,0
1537360680,Prod-EcsStagingCluster-EcsCluster-1AAGQRFIOE9AE,Service_beiakkdem1vi3j5fejn0,100,2,0.3837914874,0
1537363860,Prod-EcsStagingCluster-EcsCluster-1AAGQRFIOE9AE,Service_beiakkdem1vi3j5fejn0,100,2,0.3755276823,0
1537394640,Prod-EcsStagingCluster-EcsCluster-1AAGQRFIOE9AE,Service_beiakkdem1vi3j5fejn0,100,2,0.3800448131,0
1537373280,Prod-EcsStagingCluster-EcsCluster-1AAGQRFIOE9AE,Service_beiakkdem1vi3j5fejn0,100,2,0.4498302953,0
1537367940,Prod-EcsStagingCluster-EcsCluster-1AAGQRFIOE9AE,Service_beiakkdem1vi3j5fejn0,100,2,0.3832294625,0
1537398720,Prod-EcsStagingCluster-EcsCluster-1AAGQRFIOE9AE,Service_beiakkdem1vi3j5fejn0,100,2,0.3976352157,0
1537364760,Prod-EcsStagingCluster-EcsCluster-1AAGQRFIOE9AE,Service_beiakkdem1vi3j5fejn0,100,2,0.4014754757,0
1537359420,Prod-EcsStagingCluster-EcsCluster-1AAGQRFIOE9AE,Service_beiakkdem1vi3j5fejn0,100,2,0.3836995909,0
1537393380,Prod-EcsStagingCluster-EcsCluster-1AAGQRFIOE9AE,Service_beiakkdem1vi3j5fejn0,100,2,0.3840631337,0
1537346700,Prod-EcsStagingCluster-EcsCluster-1AAGQRFIOE9AE,Service_beiakkdem1vi3j5fejn0,100,2,0.3774116220,0
1537374240,Prod-EcsStagingCluster-EcsCluster-1AAGQRFIOE9AE,Service_beiakkdem1vi3j5fejn0,100,2,0.3814020447,0
1537365720,Prod-EcsStagingCluster-EcsCluster-1AAGQRFIOE9AE,Service_beiakkdem1vi3j5fejn0,100,2,0.3857366263,0
1537399680,Prod-EcsStagingCluster-EcsCluster-1AAGQRFIOE9AE,Service_beiakkdem1vi3j5fejn0,100,2,0.3910651317,0
1537423020,Prod-EcsStagingCluster-EcsCluster-1AAGQRFIOE9AE,Service_beiakkdem1vi3j5fejn0,100,2,0.3968734722,0
1537391160,Prod-EcsStagingCluster-EcsCluster-1AAGQRFIOE9AE,Service_beiakkdem1vi3j5fejn0,100,2,0.3800744980,0
1537372020,Prod-EcsStagingCluster-EcsCluster-1AAGQRFIOE9AE,Service_beiakkdem1vi3j5fejn0,100,2,0.3830208453,0
1537397460,Prod-EcsStagingCluster-EcsCluster-1AAGQRFIOE9AE,Service_beiakkdem1vi3j5fejn0,100,2,0.3698905594,0
1537369800,Prod-EcsStagingCluster-EcsCluster-1AAGQRFIOE9AE,Service_beiakkdem1vi3j5fejn0,100,2,0.4031764354,0
1537403760,Prod-EcsStagingCluster-EcsCluster-1AAGQRFIOE9AE,Service_beiakkdem1vi3j5fejn0,100,2,0.3597005057,0
1537395240,Prod-EcsStagingCluster-EcsCluster-1AAGQRFIOE9AE,Service_beiakkdem1vi3j5fejn0,100,2,0.4087560342,0
1537429200,Prod-EcsStagingCluster-EcsCluster-1AAGQRFIOE9AE,Service_beiakkdem1vi3j5fejn0,100,2,0.3852912838,0
1537380300,Prod-EcsStagingCluster-EcsCluster-1AAGQRFIOE9AE,Service_beiakkdem1vi3j5fejn0,100,2,0.4066704020,0
1537354860,Prod-EcsStagingCluster-EcsCluster-1AAGQRFIOE9AE,Service_beiakkdem1vi3j5fejn0,100,2,0.3669909312,0
1537367580,Prod-EcsStagingCluster-EcsCluster-1AAGQRFIOE9AE,Service_beiakkdem1vi3j5fejn0,100,2,0.3742449413,0
1537401540,Prod-EcsStagingCluster-EcsCluster-1AAGQRFIOE9AE,Service_beiakkdem1vi3j5fejn0,100,2,0.4000157187,0
1537393020,Prod-EcsStagingCluster-EcsCluster-1AAGQRFIOE9AE,Service_beiakkdem1vi3j5fejn0,100,2,0.3780586603,0
1537426980,Prod-EcsStagingCluster-EcsCluster-1AAGQRFIOE9AE,Service_beiakkdem1vi3j5fejn0,100,2,0.4347344398,0
1537407840,Prod-EcsStagingCluster-EcsCluster-1AAGQRFIOE9AE,Service_beiakkdem1vi3j5fejn0,100,2,0.4196807231,0
1537399320,Prod-EcsStagingCluster-EcsCluster-1AAGQRFIOE9AE,Service_beiakkdem1vi3j5fejn0,100,2,0.3917209251,0
1537424760,Prod-EcsStagingCluster-EcsCluster-1AAGQRFIOE9AE,Service_beiakkdem1vi3j5fejn0,100,2,0.4032610507,0
1537361040,Prod-EcsStagingCluster-EcsCluster-1AAGQRFIOE9AE,Service_beiakkdem1vi3j5fejn0,100,2,0.3572578781,0
1537405620,Prod-EcsStagingCluster-EcsCluster-1AAGQRFIOE9AE,Service_beiakkdem1vi3j5fejn0,100,2,0.3763972805,0
1537406640,Prod-EcsStagingCluster-EcsCluster-1AAGQRFIOE9AE,Service_beiakkdem1vi3j5fejn0,100,2,0.3735566027,0
1537400280,Prod-EcsStagingCluster-EcsCluster-1AAGQRFIOE9AE,Service_beiakkdem1vi3j5fejn0,100,2,0.3797582914,0
1537403460,Prod-EcsStagingCluster-EcsCluster-1AAGQRFIOE9AE,Service_beiakkdem1vi3j5fejn0,100,2,0.4267204502,0
1537422540,Prod-EcsStagingCluster-EcsCluster-1AAGQRFIOE9AE,Service_beiakkdem1vi3j5fejn0,100,2,0.4062718633,0
1537430940,Prod-EcsStagingCluster-EcsCluster-1AAGQRFIOE9AE,Service_beiakkdem1vi3j5fejn0,100,2,0.3959289766,0
1537388460,Prod-EcsStagingCluster-EcsCluster-1AAGQRFIOE9AE,Service_beiakkdem1vi3j5fejn0,100,2,0.3963913723,0
1537417080,Prod-EcsStagingCluster-EcsCluster-1AAGQRFIOE9AE,Service_beiakkdem1vi3j5fejn0,100,2,0.4173294789,0
1537420260,Prod-EcsStagingCluster-EcsCluster-1AAGQRFIOE9AE,Service_beiakkdem1vi3j5fejn0,100,2,0.4124995683,0
1537423440,Prod-EcsStagingCluster-EcsCluster-1AAGQRFIOE9AE,Service_beiakkdem1vi3j5fejn0,100,2,0.4101951631,0
1537396860,Prod-EcsStagingCluster-EcsCluster-1AAGQRFIOE9AE,Service_beiakkdem1vi3j5fejn0,100,2,0.4117179151,0
1537400040,Prod-EcsStagingCluster-EcsCluster-1AAGQRFIOE9AE,Service_beiakkdem1vi3j5fejn0,100,2,0.3971857607,0
1537403220,Prod-EcsStagingCluster-EcsCluster-1AAGQRFIOE9AE,Service_beiakkdem1vi3j5fejn0,100,2,0.3849000958,0
1537406400,Prod-EcsStagingCluster-EcsCluster-1AAGQRFIOE9AE,Service_beiakkdem1vi3j5fejn0,100,2,0.3925975893,0
1537354380,Prod-EcsStagingCluster-EcsCluster-1AAGQRFIOE9AE,Service_beiakkdem1vi3j5fejn0,100,2,0.3740256641,0
1537372320,Prod-EcsStagingCluster-EcsCluster-1AAGQRFIOE9AE,Service_beiakkdem1vi3j5fejn0,100,2,0.3491205722,0
1537362780,Prod-EcsStagingCluster-EcsCluster-1AAGQRFIOE9AE,Service_beiakkdem1vi3j5fejn0,100,2,0.3730982746,0
1537365960,Prod-EcsStagingCluster-EcsCluster-1AAGQRFIOE9AE,Service_beiakkdem1vi3j5fejn0,100,2,0.3847540789,0
1537369140,Prod-EcsStagingCluster-EcsCluster-1AAGQRFIOE9AE,Service_beiakkdem1vi3j5fejn0,100,2,0.4230262541,0
1537355280,Prod-EcsStagingCluster-EcsCluster-1AAGQRFIOE9AE,Service_beiakkdem1vi3j5fejn0,100,2,0.3856403929,0
1537348920,Prod-EcsStagingCluster-EcsCluster-1AAGQRFIOE9AE,Service_beiakkdem1vi3j5fejn0,100,2,0.3715795913,0
1537352100,Prod-EcsStagingCluster-EcsCluster-1AAGQRFIOE9AE,Service_beiakkdem1vi3j5fejn0,100,2,0.4061342425,0
1537422060,Prod-EcsStagingCluster-EcsCluster-1AAGQRFIOE9AE,Service_beiakkdem1vi3j5fejn0,100,2,0.4118439219,0
1537356240,Prod-EcsStagingCluster-EcsCluster-1AAGQRFIOE9AE,Service_beiakkdem1vi3j5fejn0,100,2,0.3885157614,0
1537349880,Prod-EcsStagingCluster-EcsCluster-1AAGQRFIOE9AE,Service_beiakkdem1vi3j5fejn0,100,2,0.3714441147,0
1537368900,Prod-EcsStagingCluster-EcsCluster-1AAGQRFIOE9AE,Service_beiakkdem1vi3j5fejn0,100,2,0.4211086370,0
1537430460,Prod-EcsStagingCluster-EcsCluster-1AAGQRFIOE9AE,Service_beiakkdem1vi3j5fejn0,100,2,0.4008612601,0
1537387980,Prod-EcsStagingCluster-EcsCluster-1AAGQRFIOE9AE,Service_beiakkdem1vi3j5fejn0,100,2,0.4309787638,0
1537366680,Prod-EcsStagingCluster-EcsCluster-1AAGQRFIOE9AE,Service_beiakkdem1vi3j5fejn0,100,2,0.3717755607,0
1537373040,Prod-EcsStagingCluster-EcsCluster-1AAGQRFIOE9AE,Service_beiakkdem1vi3j5fejn0,100,2,0.4031273229,0
1537396380,Prod-EcsStagingCluster-EcsCluster-1AAGQRFIOE9AE,Service_beiakkdem1vi3j5fejn0,100,2,0.3836789357,0
1537353900,Prod-EcsStagingCluster-EcsCluster-1AAGQRFIOE9AE,Service_beiakkdem1vi3j5fejn0,100,2,0.3700365157,0
1537402740,Prod-EcsStagingCluster-EcsCluster-1AAGQRFIOE9AE,Service_beiakkdem1vi3j5fejn0,100,2,0.3784329065,0
1537385700,Prod-EcsStagingCluster-EcsCluster-1AAGQRFIOE9AE,Service_beiakkdem1vi3j5fejn0,100,2,0.3906101287,0
1537362300,Prod-EcsStagingCluster-EcsCluster-1AAGQRFIOE9AE,Service_beiakkdem1vi3j5fejn0,100,2,0.3941201128,0
1537400520,Prod-EcsStagingCluster-EcsCluster-1AAGQRFIOE9AE,Service_beiakkdem1vi3j5fejn0,100,2,0.3917149852,0
1537406880,Prod-EcsStagingCluster-EcsCluster-1AAGQRFIOE9AE,Service_beiakkdem1vi3j5fejn0,100,2,0.3639897389,0
1537368660,Prod-EcsStagingCluster-EcsCluster-1AAGQRFIOE9AE,Service_beiakkdem1vi3j5fejn0,100,2,0.3995753370,0
1537383480,Prod-EcsStagingCluster-EcsCluster-1AAGQRFIOE9AE,Service_beiakkdem1vi3j5fejn0,100,2,0.4030928261,0
1537389840,Prod-EcsStagingCluster-EcsCluster-1AAGQRFIOE9AE,Service_beiakkdem1vi3j5fejn0,100,2,0.3679785673,0
1537366440,Prod-EcsStagingCluster-EcsCluster-1AAGQRFIOE9AE,Service_beiakkdem1vi3j5fejn0,100,2,0.3640207418,0
1537372800,Prod-EcsStagingCluster-EcsCluster-1AAGQRFIOE9AE,Service_beiakkdem1vi3j5fejn0,100,2,0.3775213997,0
1537402500,Prod-EcsStagingCluster-EcsCluster-1AAGQRFIOE9AE,Service_beiakkdem1vi3j5fejn0,100,2,0.3710802842,0
1537421580,Prod-EcsStagingCluster-EcsCluster-1AAGQRFIOE9AE,Service_beiakkdem1vi3j5fejn0,100,2,0.4248154428,0
1537429980,Prod-EcsStagingCluster-EcsCluster-1AAGQRFIOE9AE,Service_beiakkdem1vi3j5fejn0,100,2,0.3811889735,0
1537367400,Prod-EcsStagingCluster-EcsCluster-1AAGQRFIOE9AE,Service_beiakkdem1vi3j5fejn0,100,2,0.3611255611,0
1537370580,Prod-EcsStagingCluster-EcsCluster-1AAGQRFIOE9AE,Service_beiakkdem1vi3j5fejn0,100,2,0.3894769566,0
1537387500,Prod-EcsStagingCluster-EcsCluster-1AAGQRFIOE9AE,Service_beiakkdem1vi3j5fejn0,100,2,0.3827187641,0
1537404420,Prod-EcsStagingCluster-EcsCluster-1AAGQRFIOE9AE,Service_beiakkdem1vi3j5fejn0,100,2,0.3498708359,0
1537401240,Prod-EcsStagingCluster-EcsCluster-1AAGQRFIOE9AE,Service_beiakkdem1vi3j5fejn0,100,2,0.3841536456,0
1537422480,Prod-EcsStagingCluster-EcsCluster-1AAGQRFIOE9AE,Service_beiakkdem1vi3j5fejn0,100,2,0.4110056811,0
1537395900,Prod-EcsStagingCluster-EcsCluster-1AAGQRFIOE9AE,Service_beiakkdem1vi3j5fejn0,100,2,0.4020709927,0
1537405440,Prod-EcsStagingCluster-EcsCluster-1AAGQRFIOE9AE,Service_beiakkdem1vi3j5fejn0,100,2,0.3578118279,0
1537353420,Prod-EcsStagingCluster-EcsCluster-1AAGQRFIOE9AE,Service_beiakkdem1vi3j5fejn0,100,2,0.3676673283,0
1537371360,Prod-EcsStagingCluster-EcsCluster-1AAGQRFIOE9AE,Service_beiakkdem1vi3j5fejn0,100,2,0.3794374299,0
1537418040,Prod-EcsStagingCluster-EcsCluster-1AAGQRFIOE9AE,Service_beiakkdem1vi3j5fejn0,100,2,0.4064158207,0
1537361820,Prod-EcsStagingCluster-EcsCluster-1AAGQRFIOE9AE,Service_beiakkdem1vi3j5fejn0,100,2,0.3486187735,0
1537421220,Prod-EcsStagingCluster-EcsCluster-1AAGQRFIOE9AE,Service_beiakkdem1vi3j5fejn0,100,2,0.4255178711,0
1537401000,Prod-EcsStagingCluster-EcsCluster-1AAGQRFIOE9AE,Service_beiakkdem1vi3j5fejn0,100,2,0.3724864753,0
1537404180,Prod-EcsStagingCluster-EcsCluster-1AAGQRFIOE9AE,Service_beiakkdem1vi3j5fejn0,100,2,0.3619176778,0
1537354320,Prod-EcsStagingCluster-EcsCluster-1AAGQRFIOE9AE,Service_beiakkdem1vi3j5fejn0,100,2,0.3688249996,0
1537421100,Prod-EcsStagingCluster-EcsCluster-1AAGQRFIOE9AE,Service_beiakkdem1vi3j5fejn0,100,2,0.4064754086,0
1537370100,Prod-EcsStagingCluster-EcsCluster-1AAGQRFIOE9AE,Service_beiakkdem1vi3j5fejn0,100,2,0.3884682701,0
1537366920,Prod-EcsStagingCluster-EcsCluster-1AAGQRFIOE9AE,Service_beiakkdem1vi3j5fejn0,100,2,0.3787868455,0
1537371120,Prod-EcsStagingCluster-EcsCluster-1AAGQRFIOE9AE,Service_beiakkdem1vi3j5fejn0,100,2,0.4634898000,0
1537429500,Prod-EcsStagingCluster-EcsCluster-1AAGQRFIOE9AE,Service_beiakkdem1vi3j5fejn0,100,2,0.3902674370,0
1537353060,Prod-EcsStagingCluster-EcsCluster-1AAGQRFIOE9AE,Service_beiakkdem1vi3j5fejn0,100,2,0.3773594098,0
1537387020,Prod-EcsStagingCluster-EcsCluster-1AAGQRFIOE9AE,Service_beiakkdem1vi3j5fejn0,100,2,0.3668329583,0
1537367880,Prod-EcsStagingCluster-EcsCluster-1AAGQRFIOE9AE,Service_beiakkdem1vi3j5fejn0,100,2,0.3822751866,0
1537372080,Prod-EcsStagingCluster-EcsCluster-1AAGQRFIOE9AE,Service_beiakkdem1vi3j5fejn0,100,2,0.3737655198,0
1537395420,Prod-EcsStagingCluster-EcsCluster-1AAGQRFIOE9AE,Service_beiakkdem1vi3j5fejn0,100,2,0.3853470993,0
1537352940,Prod-EcsStagingCluster-EcsCluster-1AAGQRFIOE9AE,Service_beiakkdem1vi3j5fejn0,100,2,0.3712392401,0
1537350840,Prod-EcsStagingCluster-EcsCluster-1AAGQRFIOE9AE,Service_beiakkdem1vi3j5fejn0,100,2,0.3819734097,0
1537369860,Prod-EcsStagingCluster-EcsCluster-1AAGQRFIOE9AE,Service_beiakkdem1vi3j5fejn0,100,2,0.3893358459,0
1537361340,Prod-EcsStagingCluster-EcsCluster-1AAGQRFIOE9AE,Service_beiakkdem1vi3j5fejn0,100,2,0.3716464861,0
1537405920,Prod-EcsStagingCluster-EcsCluster-1AAGQRFIOE9AE,Service_beiakkdem1vi3j5fejn0,100,2,0.3774111004,0
1537367640,Prod-EcsStagingCluster-EcsCluster-1AAGQRFIOE9AE,Service_beiakkdem1vi3j5fejn0,100,2,0.3709190719,0
1537388880,Prod-EcsStagingCluster-EcsCluster-1AAGQRFIOE9AE,Service_beiakkdem1vi3j5fejn0,100,2,0.3333177307,0
1537403700,Prod-EcsStagingCluster-EcsCluster-1AAGQRFIOE9AE,Service_beiakkdem1vi3j5fejn0,100,2,0.3814961373,0
1537371840,Prod-EcsStagingCluster-EcsCluster-1AAGQRFIOE9AE,Service_beiakkdem1vi3j5fejn0,100,2,0.3728134067,0
1537386660,Prod-EcsStagingCluster-EcsCluster-1AAGQRFIOE9AE,Service_beiakkdem1vi3j5fejn0,100,2,0.3781833760,0
1537420620,Prod-EcsStagingCluster-EcsCluster-1AAGQRFIOE9AE,Service_beiakkdem1vi3j5fejn0,100,2,0.4241821956,0
1537401480,Prod-EcsStagingCluster-EcsCluster-1AAGQRFIOE9AE,Service_beiakkdem1vi3j5fejn0,100,2,0.3968869745,0
1537405680,Prod-EcsStagingCluster-EcsCluster-1AAGQRFIOE9AE,Service_beiakkdem1vi3j5fejn0,100,2,0.3871741052,0
1537429020,Prod-EcsStagingCluster-EcsCluster-1AAGQRFIOE9AE,Service_beiakkdem1vi3j5fejn0,100,2,0.3868591723,0
1537369620,Prod-EcsStagingCluster-EcsCluster-1AAGQRFIOE9AE,Service_beiakkdem1vi3j5fejn0,100,2,0.3930004785,0
1537386540,Prod-EcsStagingCluster-EcsCluster-1AAGQRFIOE9AE,Service_beiakkdem1vi3j5fejn0,100,2,0.3818660618,0
1537384440,Prod-EcsStagingCluster-EcsCluster-1AAGQRFIOE9AE,Service_beiakkdem1vi3j5fejn0,100,2,0.3690117085,0
1537398120,Prod-EcsStagingCluster-EcsCluster-1AAGQRFIOE9AE,Service_beiakkdem1vi3j5fejn0,100,2,0.3676027015,0
1537401300,Prod-EcsStagingCluster-EcsCluster-1AAGQRFIOE9AE,Service_beiakkdem1vi3j5fejn0,100,2,0.3896198196,0
1537404480,Prod-EcsStagingCluster-EcsCluster-1AAGQRFIOE9AE,Service_beiakkdem1vi3j5fejn0,100,2,0.3530517087,0
1537385400,Prod-EcsStagingCluster-EcsCluster-1AAGQRFIOE9AE,Service_beiakkdem1vi3j5fejn0,100,2,0.4310449924,0
1537388580,Prod-EcsStagingCluster-EcsCluster-1AAGQRFIOE9AE,Service_beiakkdem1vi3j5fejn0,100,2,0.4098267605,0
1537391760,Prod-EcsStagingCluster-EcsCluster-1AAGQRFIOE9AE,Service_beiakkdem1vi3j5fejn0,100,2,0.3839758198,0
1537352460,Prod-EcsStagingCluster-EcsCluster-1AAGQRFIOE9AE,Service_beiakkdem1vi3j5fejn0,100,2,0.3909714482,0
1537365180,Prod-EcsStagingCluster-EcsCluster-1AAGQRFIOE9AE,Service_beiakkdem1vi3j5fejn0,100,2,0.3832439312,0
1537364040,Prod-EcsStagingCluster-EcsCluster-1AAGQRFIOE9AE,Service_beiakkdem1vi3j5fejn0,100,2,0.3828275898,0
1537367220,Prod-EcsStagingCluster-EcsCluster-1AAGQRFIOE9AE,Service_beiakkdem1vi3j5fejn0,100,2,0.4198403147,0
1537370400,Prod-EcsStagingCluster-EcsCluster-1AAGQRFIOE9AE,Service_beiakkdem1vi3j5fejn0,100,2,0.3873886285,0
1537405380,Prod-EcsStagingCluster-EcsCluster-1AAGQRFIOE9AE,Service_beiakkdem1vi3j5fejn0,100,2,0.3644655471,0
1537408560,Prod-EcsStagingCluster-EcsCluster-1AAGQRFIOE9AE,Service_beiakkdem1vi3j5fejn0,100,2,0.4069696512,0
1537402200,Prod-EcsStagingCluster-EcsCluster-1AAGQRFIOE9AE,Service_beiakkdem1vi3j5fejn0,100,2,0.3563761380,0
1537420140,Prod-EcsStagingCluster-EcsCluster-1AAGQRFIOE9AE,Service_beiakkdem1vi3j5fejn0,100,2,0.4264086407,0
1537419000,Prod-EcsStagingCluster-EcsCluster-1AAGQRFIOE9AE,Service_beiakkdem1vi3j5fejn0,100,2,0.4143066186,0
1537422180,Prod-EcsStagingCluster-EcsCluster-1AAGQRFIOE9AE,Service_beiakkdem1vi3j5fejn0,100,2,0.4606323905,0
1537425360,Prod-EcsStagingCluster-EcsCluster-1AAGQRFIOE9AE,Service_beiakkdem1vi3j5fejn0,100,2,0.4158440219,0
1537398780,Prod-EcsStagingCluster-EcsCluster-1AAGQRFIOE9AE,Service_beiakkdem1vi3j5fejn0,100,2,0.3878102042,0
1537386060,Prod-EcsStagingCluster-EcsCluster-1AAGQRFIOE9AE,Service_beiakkdem1vi3j5fejn0,100,2,0.3702391453,0
1537397640,Prod-EcsStagingCluster-EcsCluster-1AAGQRFIOE9AE,Service_beiakkdem1vi3j5fejn0,100,2,0.3913468661,0
1537351980,Prod-EcsStagingCluster-EcsCluster-1AAGQRFIOE9AE,Service_beiakkdem1vi3j5fejn0,100,2,0.3755351276,0
1537400820,Prod-EcsStagingCluster-EcsCluster-1AAGQRFIOE9AE,Service_beiakkdem1vi3j5fejn0,100,2,0.3667617958,0
1537364700,Prod-EcsStagingCluster-EcsCluster-1AAGQRFIOE9AE,Service_beiakkdem1vi3j5fejn0,100,2,0.3988889262,0
1537354020,Prod-EcsStagingCluster-EcsCluster-1AAGQRFIOE9AE,Service_beiakkdem1vi3j5fejn0,100,2,0.3755080375,0
1537366740,Prod-EcsStagingCluster-EcsCluster-1AAGQRFIOE9AE,Service_beiakkdem1vi3j5fejn0,100,2,0.3868717161,0
1537398600,Prod-EcsStagingCluster-EcsCluster-1AAGQRFIOE9AE,Service_beiakkdem1vi3j5fejn0,100,2,0.3883896163,0
1537404960,Prod-EcsStagingCluster-EcsCluster-1AAGQRFIOE9AE,Service_beiakkdem1vi3j5fejn0,100,2,0.3558484481,0
1537364520,Prod-EcsStagingCluster-EcsCluster-1AAGQRFIOE9AE,Service_beiakkdem1vi3j5fejn0,100,2,0.3938840953,0
1537358160,Prod-EcsStagingCluster-EcsCluster-1AAGQRFIOE9AE,Service_beiakkdem1vi3j5fejn0,100,2,0.3975375781,0
1537351800,Prod-EcsStagingCluster-EcsCluster-1AAGQRFIOE9AE,Service_beiakkdem1vi3j5fejn0,100,2,0.3793216617,0
1537370880,Prod-EcsStagingCluster-EcsCluster-1AAGQRFIOE9AE,Service_beiakkdem1vi3j5fejn0,100,2,0.3827540986,0
1537370820,Prod-EcsStagingCluster-EcsCluster-1AAGQRFIOE9AE,Service_beiakkdem1vi3j5fejn0,100,2,0.3997435610,0
1537419660,Prod-EcsStagingCluster-EcsCluster-1AAGQRFIOE9AE,Service_beiakkdem1vi3j5fejn0,100,2,0.4048137018,0
1537368600,Prod-EcsStagingCluster-EcsCluster-1AAGQRFIOE9AE,Service_beiakkdem1vi3j5fejn0,100,2,0.3890625306,0
1537374960,Prod-EcsStagingCluster-EcsCluster-1AAGQRFIOE9AE,Service_beiakkdem1vi3j5fejn0,100,2,0.3878867952,0
1537385580,Prod-EcsStagingCluster-EcsCluster-1AAGQRFIOE9AE,Service_beiakkdem1vi3j5fejn0,100,2,0.4053929204,0
1537398300,Prod-EcsStagingCluster-EcsCluster-1AAGQRFIOE9AE,Service_beiakkdem1vi3j5fejn0,100,2,0.3747652851,0
1537400340,Prod-EcsStagingCluster-EcsCluster-1AAGQRFIOE9AE,Service_beiakkdem1vi3j5fejn0,100,2,0.3798877951,0
1537387620,Prod-EcsStagingCluster-EcsCluster-1AAGQRFIOE9AE,Service_beiakkdem1vi3j5fejn0,100,2,0.3767068148,0
1537364220,Prod-EcsStagingCluster-EcsCluster-1AAGQRFIOE9AE,Service_beiakkdem1vi3j5fejn0,100,2,0.3774674264,0
1537351500,Prod-EcsStagingCluster-EcsCluster-1AAGQRFIOE9AE,Service_beiakkdem1vi3j5fejn0,100,2,0.3947533002,0
1537369440,Prod-EcsStagingCluster-EcsCluster-1AAGQRFIOE9AE,Service_beiakkdem1vi3j5fejn0,100,2,0.3653474114,0
1537407600,Prod-EcsStagingCluster-EcsCluster-1AAGQRFIOE9AE,Service_beiakkdem1vi3j5fejn0,100,2,0.4185239125,0
1537399080,Prod-EcsStagingCluster-EcsCluster-1AAGQRFIOE9AE,Service_beiakkdem1vi3j5fejn0,100,2,0.4166005631,0
1537402260,Prod-EcsStagingCluster-EcsCluster-1AAGQRFIOE9AE,Service_beiakkdem1vi3j5fejn0,100,2,0.3722364100,0
1537386360,Prod-EcsStagingCluster-EcsCluster-1AAGQRFIOE9AE,Service_beiakkdem1vi3j5fejn0,100,2,0.3876222355,0
1537389540,Prod-EcsStagingCluster-EcsCluster-1AAGQRFIOE9AE,Service_beiakkdem1vi3j5fejn0,100,2,0.4102564669,0
1537419180,Prod-EcsStagingCluster-EcsCluster-1AAGQRFIOE9AE,Service_beiakkdem1vi3j5fejn0,100,2,0.4356343342,0
1537365000,Prod-EcsStagingCluster-EcsCluster-1AAGQRFIOE9AE,Service_beiakkdem1vi3j5fejn0,100,2,0.3906643428,0
1537368180,Prod-EcsStagingCluster-EcsCluster-1AAGQRFIOE9AE,Service_beiakkdem1vi3j5fejn0,100,2,0.4003020620,0
1537403160,Prod-EcsStagingCluster-EcsCluster-1AAGQRFIOE9AE,Service_beiakkdem1vi3j5fejn0,100,2,0.4029187834,0
1537406340,Prod-EcsStagingCluster-EcsCluster-1AAGQRFIOE9AE,Service_beiakkdem1vi3j5fejn0,100,2,0.3876865283,0
1537424400,Prod-EcsStagingCluster-EcsCluster-1AAGQRFIOE9AE,Service_beiakkdem1vi3j5fejn0,100,2,0.3890054709,0
1537397820,Prod-EcsStagingCluster-EcsCluster-1AAGQRFIOE9AE,Service_beiakkdem1vi3j5fejn0,100,2,0.3891674621,0
1537385100,Prod-EcsStagingCluster-EcsCluster-1AAGQRFIOE9AE,Service_beiakkdem1vi3j5fejn0,100,2,0.3819772400,0
1537351020,Prod-EcsStagingCluster-EcsCluster-1AAGQRFIOE9AE,Service_beiakkdem1vi3j5fejn0,100,2,0.3729639197,0
1537403040,Prod-EcsStagingCluster-EcsCluster-1AAGQRFIOE9AE,Service_beiakkdem1vi3j5fejn0,100,2,0.6253205403,0
1537363740,Prod-EcsStagingCluster-EcsCluster-1AAGQRFIOE9AE,Service_beiakkdem1vi3j5fejn0,100,2,0.3787721677,0
1537419960,Prod-EcsStagingCluster-EcsCluster-1AAGQRFIOE9AE,Service_beiakkdem1vi3j5fejn0,100,2,0.4159758452,0
1537423140,Prod-EcsStagingCluster-EcsCluster-1AAGQRFIOE9AE,Service_beiakkdem1vi3j5fejn0,100,2,0.4044198420,0
1537404000,Prod-EcsStagingCluster-EcsCluster-1AAGQRFIOE9AE,Service_beiakkdem1vi3j5fejn0,100,2,0.3480035390,0
1537420920,Prod-EcsStagingCluster-EcsCluster-1AAGQRFIOE9AE,Service_beiakkdem1vi3j5fejn0,100,2,0.4095014329,0
1537357200,Prod-EcsStagingCluster-EcsCluster-1AAGQRFIOE9AE,Service_beiakkdem1vi3j5fejn0,100,2,0.3942634820,0
1537401780,Prod-EcsStagingCluster-EcsCluster-1AAGQRFIOE9AE,Service_beiakkdem1vi3j5fejn0,100,2,0.3787868128,0
1537369920,Prod-EcsStagingCluster-EcsCluster-1AAGQRFIOE9AE,Service_beiakkdem1vi3j5fejn0,100,2,0.3853745916,0
1537418700,Prod-EcsStagingCluster-EcsCluster-1AAGQRFIOE9AE,Service_beiakkdem1vi3j5fejn0,100,2,0.4078858809,0
1537431420,Prod-EcsStagingCluster-EcsCluster-1AAGQRFIOE9AE,Service_beiakkdem1vi3j5fejn0,100,2,0.4097663830,0
1537354980,Prod-EcsStagingCluster-EcsCluster-1AAGQRFIOE9AE,Service_beiakkdem1vi3j5fejn0,100,2,0.3743490751,0
1537367700,Prod-EcsStagingCluster-EcsCluster-1AAGQRFIOE9AE,Service_beiakkdem1vi3j5fejn0,100,2,0.3632188965,0
1537399560,Prod-EcsStagingCluster-EcsCluster-1AAGQRFIOE9AE,Service_beiakkdem1vi3j5fejn0,100,2,0.3989077074,0
1537374000,Prod-EcsStagingCluster-EcsCluster-1AAGQRFIOE9AE,Service_beiakkdem1vi3j5fejn0,100,2,0.3937129122,0
1537384620,Prod-EcsStagingCluster-EcsCluster-1AAGQRFIOE9AE,Service_beiakkdem1vi3j5fejn0,100,2,0.3448075682,0
1537365480,Prod-EcsStagingCluster-EcsCluster-1AAGQRFIOE9AE,Service_beiakkdem1vi3j5fejn0,100,2,0.3858792111,0
1537352760,Prod-EcsStagingCluster-EcsCluster-1AAGQRFIOE9AE,Service_beiakkdem1vi3j5fejn0,100,2,0.3810055837,0
1537397340,Prod-EcsStagingCluster-EcsCluster-1AAGQRFIOE9AE,Service_beiakkdem1vi3j5fejn0,100,2,0.4082959258,0
1537371780,Prod-EcsStagingCluster-EcsCluster-1AAGQRFIOE9AE,Service_beiakkdem1vi3j5fejn0,100,2,0.3715703163,0
1537363260,Prod-EcsStagingCluster-EcsCluster-1AAGQRFIOE9AE,Service_beiakkdem1vi3j5fejn0,100,2,0.3947412189,0
1537350540,Prod-EcsStagingCluster-EcsCluster-1AAGQRFIOE9AE,Service_beiakkdem1vi3j5fejn0,100,2,0.3722906049,0
1537369560,Prod-EcsStagingCluster-EcsCluster-1AAGQRFIOE9AE,Service_beiakkdem1vi3j5fejn0,100,2,0.3793186916,0
1537403520,Prod-EcsStagingCluster-EcsCluster-1AAGQRFIOE9AE,Service_beiakkdem1vi3j5fejn0,100,2,0.3577398774,0
1537390800,Prod-EcsStagingCluster-EcsCluster-1AAGQRFIOE9AE,Service_beiakkdem1vi3j5fejn0,100,2,0.3772447319,0
1537413000,Prod-EcsStagingCluster-EcsCluster-1AAGQRFIOE9AE,Service_beiakkdem1vi3j5fejn0,100,2,0.3917160670,0
1537390740,Prod-EcsStagingCluster-EcsCluster-1AAGQRFIOE9AE,Service_beiakkdem1vi3j5fejn0,100,2,0.3837646872,0
1537370520,Prod-EcsStagingCluster-EcsCluster-1AAGQRFIOE9AE,Service_beiakkdem1vi3j5fejn0,100,2,0.4004955988,0
1537367340,Prod-EcsStagingCluster-EcsCluster-1AAGQRFIOE9AE,Service_beiakkdem1vi3j5fejn0,100,2,0.3722091229,0
1537351440,Prod-EcsStagingCluster-EcsCluster-1AAGQRFIOE9AE,Service_beiakkdem1vi3j5fejn0,100,2,0.3801747540,0
1537419360,Prod-EcsStagingCluster-EcsCluster-1AAGQRFIOE9AE,Service_beiakkdem1vi3j5fejn0,100,2,0.4466722885,0
1537395960,Prod-EcsStagingCluster-EcsCluster-1AAGQRFIOE9AE,Service_beiakkdem1vi3j5fejn0,100,2,0.4108493885,0
1537376880,Prod-EcsStagingCluster-EcsCluster-1AAGQRFIOE9AE,Service_beiakkdem1vi3j5fejn0,100,2,0.3622591067,0
1537427760,Prod-EcsStagingCluster-EcsCluster-1AAGQRFIOE9AE,Service_beiakkdem1vi3j5fejn0,100,2,0.4081716692,0
1537402320,Prod-EcsStagingCluster-EcsCluster-1AAGQRFIOE9AE,Service_beiakkdem1vi3j5fejn0,100,2,0.3712046376,0
1537418220,Prod-EcsStagingCluster-EcsCluster-1AAGQRFIOE9AE,Service_beiakkdem1vi3j5fejn0,100,2,0.4068055893,0
1537421400,Prod-EcsStagingCluster-EcsCluster-1AAGQRFIOE9AE,Service_beiakkdem1vi3j5fejn0,100,2,0.4362082769,0
1537348020,Prod-EcsStagingCluster-EcsCluster-1AAGQRFIOE9AE,Service_beiakkdem1vi3j5fejn0,100,2,0.3739241039,0
1537392540,Prod-EcsStagingCluster-EcsCluster-1AAGQRFIOE9AE,Service_beiakkdem1vi3j5fejn0,100,2,0.3910308938,0
1537370280,Prod-EcsStagingCluster-EcsCluster-1AAGQRFIOE9AE,Service_beiakkdem1vi3j5fejn0,100,2,0.3604936313,0
1537376640,Prod-EcsStagingCluster-EcsCluster-1AAGQRFIOE9AE,Service_beiakkdem1vi3j5fejn0,100,2,0.3913199762,0
1537421160,Prod-EcsStagingCluster-EcsCluster-1AAGQRFIOE9AE,Service_beiakkdem1vi3j5fejn0,100,2,0.4020277156,0
1537398900,Prod-EcsStagingCluster-EcsCluster-1AAGQRFIOE9AE,Service_beiakkdem1vi3j5fejn0,100,2,0.3981175381,0
1537375500,Prod-EcsStagingCluster-EcsCluster-1AAGQRFIOE9AE,Service_beiakkdem1vi3j5fejn0,100,2,0.3885420658,0
1537381860,Prod-EcsStagingCluster-EcsCluster-1AAGQRFIOE9AE,Service_beiakkdem1vi3j5fejn0,100,2,0.4003837016,0
1537356420,Prod-EcsStagingCluster-EcsCluster-1AAGQRFIOE9AE,Service_beiakkdem1vi3j5fejn0,100,2,0.4007538422,0
1537427520,Prod-EcsStagingCluster-EcsCluster-1AAGQRFIOE9AE,Service_beiakkdem1vi3j5fejn0,100,2,0.4077881188,0
1537407300,Prod-EcsStagingCluster-EcsCluster-1AAGQRFIOE9AE,Service_beiakkdem1vi3j5fejn0,100,2,0.4021182720,0
1537426380,Prod-EcsStagingCluster-EcsCluster-1AAGQRFIOE9AE,Service_beiakkdem1vi3j5fejn0,100,2,0.3849407545,0
1537430520,Prod-EcsStagingCluster-EcsCluster-1AAGQRFIOE9AE,Service_beiakkdem1vi3j5fejn0,100,2,0.3984592204,0
1537349820,Prod-EcsStagingCluster-EcsCluster-1AAGQRFIOE9AE,Service_beiakkdem1vi3j5fejn0,100,2,0.3679529586,0
1537356180,Prod-EcsStagingCluster-EcsCluster-1AAGQRFIOE9AE,Service_beiakkdem1vi3j5fejn0,100,2,0.3927148813,0
1537400700,Prod-EcsStagingCluster-EcsCluster-1AAGQRFIOE9AE,Service_beiakkdem1vi3j5fejn0,100,2,0.3757683718,0
1537407060,Prod-EcsStagingCluster-EcsCluster-1AAGQRFIOE9AE,Service_beiakkdem1vi3j5fejn0,100,2,0.3697875739,0
1537383660,Prod-EcsStagingCluster-EcsCluster-1AAGQRFIOE9AE,Service_beiakkdem1vi3j5fejn0,100,2,0.3955411170,0
1537360320,Prod-EcsStagingCluster-EcsCluster-1AAGQRFIOE9AE,Service_beiakkdem1vi3j5fejn0,100,2,0.3582684470,0
1537353960,Prod-EcsStagingCluster-EcsCluster-1AAGQRFIOE9AE,Service_beiakkdem1vi3j5fejn0,100,2,0.3823121836,0
1537404840,Prod-EcsStagingCluster-EcsCluster-1AAGQRFIOE9AE,Service_beiakkdem1vi3j5fejn0,100,2,0.4494881506,0
1537411200,Prod-EcsStagingCluster-EcsCluster-1AAGQRFIOE9AE,Service_beiakkdem1vi3j5fejn0,100,2,0.4064892222,0
1537357980,Prod-EcsStagingCluster-EcsCluster-1AAGQRFIOE9AE,Service_beiakkdem1vi3j5fejn0,100,2,0.3738657038,0
1537364340,Prod-EcsStagingCluster-EcsCluster-1AAGQRFIOE9AE,Service_beiakkdem1vi3j5fejn0,100,2,0.3912346530,0
1537408860,Prod-EcsStagingCluster-EcsCluster-1AAGQRFIOE9AE,Service_beiakkdem1vi3j5fejn0,100,2,0.4009414931,0
1537415220,Prod-EcsStagingCluster-EcsCluster-1AAGQRFIOE9AE,Service_beiakkdem1vi3j5fejn0,100,2,0.4007453510,0
1537372740,Prod-EcsStagingCluster-EcsCluster-1AAGQRFIOE9AE,Service_beiakkdem1vi3j5fejn0,100,2,0.3995709642,0
1537347300,Prod-EcsStagingCluster-EcsCluster-1AAGQRFIOE9AE,Service_beiakkdem1vi3j5fejn0,100,2,0.3838698769,0
1537391820,Prod-EcsStagingCluster-EcsCluster-1AAGQRFIOE9AE,Service_beiakkdem1vi3j5fejn0,100,2,0.3803629986,0
1537398180,Prod-EcsStagingCluster-EcsCluster-1AAGQRFIOE9AE,Service_beiakkdem1vi3j5fejn0,100,2,0.3733513074,0
1537362120,Prod-EcsStagingCluster-EcsCluster-1AAGQRFIOE9AE,Service_beiakkdem1vi3j5fejn0,100,2,0.3925218761,0
1537368480,Prod-EcsStagingCluster-EcsCluster-1AAGQRFIOE9AE,Service_beiakkdem1vi3j5fejn0,100,2,0.4013369869,0
1537366260,Prod-EcsStagingCluster-EcsCluster-1AAGQRFIOE9AE,Service_beiakkdem1vi3j5fejn0,100,2,0.3900065909,0
1537417140,Prod-EcsStagingCluster-EcsCluster-1AAGQRFIOE9AE,Service_beiakkdem1vi3j5fejn0,100,2,0.3977395778,0
1537388520,Prod-EcsStagingCluster-EcsCluster-1AAGQRFIOE9AE,Service_beiakkdem1vi3j5fejn0,100,2,0.4037480398,0
1537374660,Prod-EcsStagingCluster-EcsCluster-1AAGQRFIOE9AE,Service_beiakkdem1vi3j5fejn0,100,2,0.4107665227,0
1537349220,Prod-EcsStagingCluster-EcsCluster-1AAGQRFIOE9AE,Service_beiakkdem1vi3j5fejn0,100,2,0.3917364391,0
1537366140,Prod-EcsStagingCluster-EcsCluster-1AAGQRFIOE9AE,Service_beiakkdem1vi3j5fejn0,100,2,0.3904684045,0
1537400100,Prod-EcsStagingCluster-EcsCluster-1AAGQRFIOE9AE,Service_beiakkdem1vi3j5fejn0,100,2,0.3953045333,0
1537350240,Prod-EcsStagingCluster-EcsCluster-1AAGQRFIOE9AE,Service_beiakkdem1vi3j5fejn0,100,2,0.4010396369,0
1537425540,Prod-EcsStagingCluster-EcsCluster-1AAGQRFIOE9AE,Service_beiakkdem1vi3j5fejn0,100,2,0.7076605827,0
1537349100,Prod-EcsStagingCluster-EcsCluster-1AAGQRFIOE9AE,Service_beiakkdem1vi3j5fejn0,100,2,0.3639208769,0
1537417020,Prod-EcsStagingCluster-EcsCluster-1AAGQRFIOE9AE,Service_beiakkdem1vi3j5fejn0,100,2,0.4038747410,0
1537401120,Prod-EcsStagingCluster-EcsCluster-1AAGQRFIOE9AE,Service_beiakkdem1vi3j5fejn0,100,2,0.3770503543,0
1537358640,Prod-EcsStagingCluster-EcsCluster-1AAGQRFIOE9AE,Service_beiakkdem1vi3j5fejn0,100,2,0.3670890856,0
1537409520,Prod-EcsStagingCluster-EcsCluster-1AAGQRFIOE9AE,Service_beiakkdem1vi3j5fejn0,100,2,0.4004047273,0
1537384080,Prod-EcsStagingCluster-EcsCluster-1AAGQRFIOE9AE,Service_beiakkdem1vi3j5fejn0,100,2,0.3930998592,0
1537399980,Prod-EcsStagingCluster-EcsCluster-1AAGQRFIOE9AE,Service_beiakkdem1vi3j5fejn0,100,2,0.3752310582,0
1537345800,Prod-EcsStagingCluster-EcsCluster-1AAGQRFIOE9AE,Service_beiakkdem1vi3j5fejn0,100,2,0.4174142996,0
1537396680,Prod-EcsStagingCluster-EcsCluster-1AAGQRFIOE9AE,Service_beiakkdem1vi3j5fejn0,100,2,0.4078500302,0
1537374420,Prod-EcsStagingCluster-EcsCluster-1AAGQRFIOE9AE,Service_beiakkdem1vi3j5fejn0,100,2,0.3839643620,0
1537354200,Prod-EcsStagingCluster-EcsCluster-1AAGQRFIOE9AE,Service_beiakkdem1vi3j5fejn0,100,2,0.3764611879,0
1537379640,Prod-EcsStagingCluster-EcsCluster-1AAGQRFIOE9AE,Service_beiakkdem1vi3j5fejn0,100,2,0.3772534198,0
1537425300,Prod-EcsStagingCluster-EcsCluster-1AAGQRFIOE9AE,Service_beiakkdem1vi3j5fejn0,100,2,0.4020759622,0
1537374300,Prod-EcsStagingCluster-EcsCluster-1AAGQRFIOE9AE,Service_beiakkdem1vi3j5fejn0,100,2,0.3813643175,0
1537405080,Prod-EcsStagingCluster-EcsCluster-1AAGQRFIOE9AE,Service_beiakkdem1vi3j5fejn0,100,2,0.3696458746,0
1537358400,Prod-EcsStagingCluster-EcsCluster-1AAGQRFIOE9AE,Service_beiakkdem1vi3j5fejn0,100,2,0.4338474862,0
1537423080,Prod-EcsStagingCluster-EcsCluster-1AAGQRFIOE9AE,Service_beiakkdem1vi3j5fejn0,100,2,0.4229841417,0
1537357260,Prod-EcsStagingCluster-EcsCluster-1AAGQRFIOE9AE,Service_beiakkdem1vi3j5fejn0,100,2,0.4038574135,0
1537425180,Prod-EcsStagingCluster-EcsCluster-1AAGQRFIOE9AE,Service_beiakkdem1vi3j5fejn0,100,2,0.4072420492,0
1537384800,Prod-EcsStagingCluster-EcsCluster-1AAGQRFIOE9AE,Service_beiakkdem1vi3j5fejn0,100,2,0.3892897448,0
1537408140,Prod-EcsStagingCluster-EcsCluster-1AAGQRFIOE9AE,Service_beiakkdem1vi3j5fejn0,100,2,0.4001299988,0
1537393200,Prod-EcsStagingCluster-EcsCluster-1AAGQRFIOE9AE,Service_beiakkdem1vi3j5fejn0,100,2,0.3773792398,0
1537367760,Prod-EcsStagingCluster-EcsCluster-1AAGQRFIOE9AE,Service_beiakkdem1vi3j5fejn0,100,2,0.3688342626,0
1537418640,Prod-EcsStagingCluster-EcsCluster-1AAGQRFIOE9AE,Service_beiakkdem1vi3j5fejn0,100,2,0.4074660418,0
1537382580,Prod-EcsStagingCluster-EcsCluster-1AAGQRFIOE9AE,Service_beiakkdem1vi3j5fejn0,100,2,0.3834063754,0
1537390980,Prod-EcsStagingCluster-EcsCluster-1AAGQRFIOE9AE,Service_beiakkdem1vi3j5fejn0,100,2,0.4281245259,0
1537365540,Prod-EcsStagingCluster-EcsCluster-1AAGQRFIOE9AE,Service_beiakkdem1vi3j5fejn0,100,2,0.3731656608,0
1537382460,Prod-EcsStagingCluster-EcsCluster-1AAGQRFIOE9AE,Service_beiakkdem1vi3j5fejn0,100,2,0.3707976602,0
1537416420,Prod-EcsStagingCluster-EcsCluster-1AAGQRFIOE9AE,Service_beiakkdem1vi3j5fejn0,100,2,0.4603628287,0
1537380360,Prod-EcsStagingCluster-EcsCluster-1AAGQRFIOE9AE,Service_beiakkdem1vi3j5fejn0,100,2,0.3869166065,0
1537431240,Prod-EcsStagingCluster-EcsCluster-1AAGQRFIOE9AE,Service_beiakkdem1vi3j5fejn0,100,2,0.4419976006,0
1537365420,Prod-EcsStagingCluster-EcsCluster-1AAGQRFIOE9AE,Service_beiakkdem1vi3j5fejn0,100,2,0.3884976326,0
1537388760,Prod-EcsStagingCluster-EcsCluster-1AAGQRFIOE9AE,Service_beiakkdem1vi3j5fejn0,100,2,0.4018563291,0
1537363320,Prod-EcsStagingCluster-EcsCluster-1AAGQRFIOE9AE,Service_beiakkdem1vi3j5fejn0,100,2,0.3979277831,0
1537414200,Prod-EcsStagingCluster-EcsCluster-1AAGQRFIOE9AE,Service_beiakkdem1vi3j5fejn0,100,2,0.4068166258,0
1537392960,Prod-EcsStagingCluster-EcsCluster-1AAGQRFIOE9AE,Service_beiakkdem1vi3j5fejn0,100,2,0.3388057455,0
1537416300,Prod-EcsStagingCluster-EcsCluster-1AAGQRFIOE9AE,Service_beiakkdem1vi3j5fejn0,100,2,0.4104946134,0
1537346100,Prod-EcsStagingCluster-EcsCluster-1AAGQRFIOE9AE,Service_beiakkdem1vi3j5fejn0,100,2,0.4110449793,0
1537396980,Prod-EcsStagingCluster-EcsCluster-1AAGQRFIOE9AE,Service_beiakkdem1vi3j5fejn0,100,2,0.4075219741,0
1537368360,Prod-EcsStagingCluster-EcsCluster-1AAGQRFIOE9AE,Service_beiakkdem1vi3j5fejn0,100,2,0.3953764736,0
1537374720,Prod-EcsStagingCluster-EcsCluster-1AAGQRFIOE9AE,Service_beiakkdem1vi3j5fejn0,100,2,0.3426913771,0
1537419240,Prod-EcsStagingCluster-EcsCluster-1AAGQRFIOE9AE,Service_beiakkdem1vi3j5fejn0,100,2,0.4255760603,0
1537425600,Prod-EcsStagingCluster-EcsCluster-1AAGQRFIOE9AE,Service_beiakkdem1vi3j5fejn0,100,2,0.4040430908,0
1537373580,Prod-EcsStagingCluster-EcsCluster-1AAGQRFIOE9AE,Service_beiakkdem1vi3j5fejn0,100,2,0.3923364975,0
1537386300,Prod-EcsStagingCluster-EcsCluster-1AAGQRFIOE9AE,Service_beiakkdem1vi3j5fejn0,100,2,0.4482572854,0
1537372440,Prod-EcsStagingCluster-EcsCluster-1AAGQRFIOE9AE,Service_beiakkdem1vi3j5fejn0,100,2,0.3656885496,0
1537353360,Prod-EcsStagingCluster-EcsCluster-1AAGQRFIOE9AE,Service_beiakkdem1vi3j5fejn0,100,2,0.3867127005,0
1537347000,Prod-EcsStagingCluster-EcsCluster-1AAGQRFIOE9AE,Service_beiakkdem1vi3j5fejn0,100,2,0.3764298565,0
1537424460,Prod-EcsStagingCluster-EcsCluster-1AAGQRFIOE9AE,Service_beiakkdem1vi3j5fejn0,100,2,0.4075896062,0
1537397880,Prod-EcsStagingCluster-EcsCluster-1AAGQRFIOE9AE,Service_beiakkdem1vi3j5fejn0,100,2,0.3970833532,0
1537378800,Prod-EcsStagingCluster-EcsCluster-1AAGQRFIOE9AE,Service_beiakkdem1vi3j5fejn0,100,2,0.3993909303,0
1537423320,Prod-EcsStagingCluster-EcsCluster-1AAGQRFIOE9AE,Service_beiakkdem1vi3j5fejn0,100,2,0.4101281569,0
1537429680,Prod-EcsStagingCluster-EcsCluster-1AAGQRFIOE9AE,Service_beiakkdem1vi3j5fejn0,100,2,0.3900444124,0
1537404240,Prod-EcsStagingCluster-EcsCluster-1AAGQRFIOE9AE,Service_beiakkdem1vi3j5fejn0,100,2,0.3644451064,0
1537376520,Prod-EcsStagingCluster-EcsCluster-1AAGQRFIOE9AE,Service_beiakkdem1vi3j5fejn0,100,2,0.4026339737,0
1537354260,Prod-EcsStagingCluster-EcsCluster-1AAGQRFIOE9AE,Service_beiakkdem1vi3j5fejn0,100,2,0.3947468614,0
1537405140,Prod-EcsStagingCluster-EcsCluster-1AAGQRFIOE9AE,Service_beiakkdem1vi3j5fejn0,100,2,0.3631698572,0
1537382880,Prod-EcsStagingCluster-EcsCluster-1AAGQRFIOE9AE,Service_beiakkdem1vi3j5fejn0,100,2,0.3987747496,0
1537427400,Prod-EcsStagingCluster-EcsCluster-1AAGQRFIOE9AE,Service_beiakkdem1vi3j5fejn0,100,2,0.4109305580,0
1537394460,Prod-EcsStagingCluster-EcsCluster-1AAGQRFIOE9AE,Service_beiakkdem1vi3j5fejn0,100,2,0.3679265063,0
1537381740,Prod-EcsStagingCluster-EcsCluster-1AAGQRFIOE9AE,Service_beiakkdem1vi3j5fejn0,100,2,0.4176401423,0
1537402920,Prod-EcsStagingCluster-EcsCluster-1AAGQRFIOE9AE,Service_beiakkdem1vi3j5fejn0,100,2,0.3861429560,0
1537358340,Prod-EcsStagingCluster-EcsCluster-1AAGQRFIOE9AE,Service_beiakkdem1vi3j5fejn0,100,2,0.4008521518,0
1537409280,Prod-EcsStagingCluster-EcsCluster-1AAGQRFIOE9AE,Service_beiakkdem1vi3j5fejn0,100,2,0.3990744817,0
1537409220,Prod-EcsStagingCluster-EcsCluster-1AAGQRFIOE9AE,Service_beiakkdem1vi3j5fejn0,100,2,0.4013680021,0
1537383780,Prod-EcsStagingCluster-EcsCluster-1AAGQRFIOE9AE,Service_beiakkdem1vi3j5fejn0,100,2,0.4187680555,0
1537356120,Prod-EcsStagingCluster-EcsCluster-1AAGQRFIOE9AE,Service_beiakkdem1vi3j5fejn0,100,2,0.3833940105,0
1537362480,Prod-EcsStagingCluster-EcsCluster-1AAGQRFIOE9AE,Service_beiakkdem1vi3j5fejn0,100,2,0.3866079471,0
1537407000,Prod-EcsStagingCluster-EcsCluster-1AAGQRFIOE9AE,Service_beiakkdem1vi3j5fejn0,100,2,0.4152961271,0
1537413360,Prod-EcsStagingCluster-EcsCluster-1AAGQRFIOE9AE,Service_beiakkdem1vi3j5fejn0,100,2,0.3955072792,0
1537381560,Prod-EcsStagingCluster-EcsCluster-1AAGQRFIOE9AE,Service_beiakkdem1vi3j5fejn0,100,2,0.4160844433,0
1537387920,Prod-EcsStagingCluster-EcsCluster-1AAGQRFIOE9AE,Service_beiakkdem1vi3j5fejn0,100,2,0.4194823544,0
1537362420,Prod-EcsStagingCluster-EcsCluster-1AAGQRFIOE9AE,Service_beiakkdem1vi3j5fejn0,100,2,0.3769365428,0
1537413300,Prod-EcsStagingCluster-EcsCluster-1AAGQRFIOE9AE,Service_beiakkdem1vi3j5fejn0,100,2,0.3903894312,0
1537351740,Prod-EcsStagingCluster-EcsCluster-1AAGQRFIOE9AE,Service_beiakkdem1vi3j5fejn0,100,2,0.3731773255,0
1537402620,Prod-EcsStagingCluster-EcsCluster-1AAGQRFIOE9AE,Service_beiakkdem1vi3j5fejn0,100,2,0.3990252692,0
1537360200,Prod-EcsStagingCluster-EcsCluster-1AAGQRFIOE9AE,Service_beiakkdem1vi3j5fejn0,100,2,0.3421664494,0
1537366560,Prod-EcsStagingCluster-EcsCluster-1AAGQRFIOE9AE,Service_beiakkdem1vi3j5fejn0,100,2,0.3672839817,0
1537389900,Prod-EcsStagingCluster-EcsCluster-1AAGQRFIOE9AE,Service_beiakkdem1vi3j5fejn0,100,2,0.3823659859,0
1537411080,Prod-EcsStagingCluster-EcsCluster-1AAGQRFIOE9AE,Service_beiakkdem1vi3j5fejn0,100,2,0.4046729500,0
1537417440,Prod-EcsStagingCluster-EcsCluster-1AAGQRFIOE9AE,Service_beiakkdem1vi3j5fejn0,100,2,0.4485081462,0
1537399200,Prod-EcsStagingCluster-EcsCluster-1AAGQRFIOE9AE,Service_beiakkdem1vi3j5fejn0,100,2,0.3974956251,0
1537347180,Prod-EcsStagingCluster-EcsCluster-1AAGQRFIOE9AE,Service_beiakkdem1vi3j5fejn0,100,2,0.3796445103,0
1537390680,Prod-EcsStagingCluster-EcsCluster-1AAGQRFIOE9AE,Service_beiakkdem1vi3j5fejn0,100,2,0.3765108417,0
1537365240,Prod-EcsStagingCluster-EcsCluster-1AAGQRFIOE9AE,Service_beiakkdem1vi3j5fejn0,100,2,0.3925796085,0
1537416120,Prod-EcsStagingCluster-EcsCluster-1AAGQRFIOE9AE,Service_beiakkdem1vi3j5fejn0,100,2,0.4220558475,0
1537359900,Prod-EcsStagingCluster-EcsCluster-1AAGQRFIOE9AE,Service_beiakkdem1vi3j5fejn0,100,2,0.3690461578,0
1537410780,Prod-EcsStagingCluster-EcsCluster-1AAGQRFIOE9AE,Service_beiakkdem1vi3j5fejn0,100,2,0.3921514125,0
1537398060,Prod-EcsStagingCluster-EcsCluster-1AAGQRFIOE9AE,Service_beiakkdem1vi3j5fejn0,100,2,0.3779015847,0
1537394760,Prod-EcsStagingCluster-EcsCluster-1AAGQRFIOE9AE,Service_beiakkdem1vi3j5fejn0,100,2,0.3911100368,0
1537372500,Prod-EcsStagingCluster-EcsCluster-1AAGQRFIOE9AE,Service_beiakkdem1vi3j5fejn0,100,2,0.3676864677,0
1537423380,Prod-EcsStagingCluster-EcsCluster-1AAGQRFIOE9AE,Service_beiakkdem1vi3j5fejn0,100,2,0.4241045046,0
1537356480,Prod-EcsStagingCluster-EcsCluster-1AAGQRFIOE9AE,Service_beiakkdem1vi3j5fejn0,100,2,0.6011799862,0
1537351140,Prod-EcsStagingCluster-EcsCluster-1AAGQRFIOE9AE,Service_beiakkdem1vi3j5fejn0,100,2,0.3626347913,0
1537355340,Prod-EcsStagingCluster-EcsCluster-1AAGQRFIOE9AE,Service_beiakkdem1vi3j5fejn0,100,2,0.4106412019,0
1537376580,Prod-EcsStagingCluster-EcsCluster-1AAGQRFIOE9AE,Service_beiakkdem1vi3j5fejn0,100,2,0.4056530371,0
1537407360,Prod-EcsStagingCluster-EcsCluster-1AAGQRFIOE9AE,Service_beiakkdem1vi3j5fejn0,100,2,0.4109263580,0
1537427460,Prod-EcsStagingCluster-EcsCluster-1AAGQRFIOE9AE,Service_beiakkdem1vi3j5fejn0,100,2,0.4048286745,0
1537368060,Prod-EcsStagingCluster-EcsCluster-1AAGQRFIOE9AE,Service_beiakkdem1vi3j5fejn0,100,2,0.3880084967,0
1537402020,Prod-EcsStagingCluster-EcsCluster-1AAGQRFIOE9AE,Service_beiakkdem1vi3j5fejn0,100,2,0.3786967387,0
1537418940,Prod-EcsStagingCluster-EcsCluster-1AAGQRFIOE9AE,Service_beiakkdem1vi3j5fejn0,100,2,0.4156348474,0
1537406220,Prod-EcsStagingCluster-EcsCluster-1AAGQRFIOE9AE,Service_beiakkdem1vi3j5fejn0,100,2,0.3837699808,0
1537360560,Prod-EcsStagingCluster-EcsCluster-1AAGQRFIOE9AE,Service_beiakkdem1vi3j5fejn0,100,2,0.3713919411,0
1537411440,Prod-EcsStagingCluster-EcsCluster-1AAGQRFIOE9AE,Service_beiakkdem1vi3j5fejn0,100,2,0.4091937019,0
1537352040,Prod-EcsStagingCluster-EcsCluster-1AAGQRFIOE9AE,Service_beiakkdem1vi3j5fejn0,100,2,0.3823315765,0
1537386000,Prod-EcsStagingCluster-EcsCluster-1AAGQRFIOE9AE,Service_beiakkdem1vi3j5fejn0,100,2,0.4168590539,0
1537380660,Prod-EcsStagingCluster-EcsCluster-1AAGQRFIOE9AE,Service_beiakkdem1vi3j5fejn0,100,2,0.3863488100,0
1537431540,Prod-EcsStagingCluster-EcsCluster-1AAGQRFIOE9AE,Service_beiakkdem1vi3j5fejn0,100,2,0.3898705300,0
1537378440,Prod-EcsStagingCluster-EcsCluster-1AAGQRFIOE9AE,Service_beiakkdem1vi3j5fejn0,100,2,0.3915555800,0
1537429320,Prod-EcsStagingCluster-EcsCluster-1AAGQRFIOE9AE,Service_beiakkdem1vi3j5fejn0,100,2,0.3871363766,0
1537376220,Prod-EcsStagingCluster-EcsCluster-1AAGQRFIOE9AE,Service_beiakkdem1vi3j5fejn0,100,2,0.3905158027,0
1537363500,Prod-EcsStagingCluster-EcsCluster-1AAGQRFIOE9AE,Service_beiakkdem1vi3j5fejn0,100,2,0.4518589231,0
1537427100,Prod-EcsStagingCluster-EcsCluster-1AAGQRFIOE9AE,Service_beiakkdem1vi3j5fejn0,100,2,0.4102860393,0
1537391040,Prod-EcsStagingCluster-EcsCluster-1AAGQRFIOE9AE,Service_beiakkdem1vi3j5fejn0,100,2,0.3325698546,0
1537414380,Prod-EcsStagingCluster-EcsCluster-1AAGQRFIOE9AE,Service_beiakkdem1vi3j5fejn0,100,2,0.4123002877,0
1537388820,Prod-EcsStagingCluster-EcsCluster-1AAGQRFIOE9AE,Service_beiakkdem1vi3j5fejn0,100,2,0.4089532793,0
1537369680,Prod-EcsStagingCluster-EcsCluster-1AAGQRFIOE9AE,Service_beiakkdem1vi3j5fejn0,100,2,0.3878280633,0
1537420560,Prod-EcsStagingCluster-EcsCluster-1AAGQRFIOE9AE,Service_beiakkdem1vi3j5fejn0,100,2,0.4069454417,0
1537395120,Prod-EcsStagingCluster-EcsCluster-1AAGQRFIOE9AE,Service_beiakkdem1vi3j5fejn0,100,2,0.4230947559,0
1537386600,Prod-EcsStagingCluster-EcsCluster-1AAGQRFIOE9AE,Service_beiakkdem1vi3j5fejn0,100,2,0.3901338669,0
1537392900,Prod-EcsStagingCluster-EcsCluster-1AAGQRFIOE9AE,Service_beiakkdem1vi3j5fejn0,100,2,0.3863003323,0
1537367460,Prod-EcsStagingCluster-EcsCluster-1AAGQRFIOE9AE,Service_beiakkdem1vi3j5fejn0,100,2,0.3885507287,0
1537371660,Prod-EcsStagingCluster-EcsCluster-1AAGQRFIOE9AE,Service_beiakkdem1vi3j5fejn0,100,2,0.3797811193,0
1537384380,Prod-EcsStagingCluster-EcsCluster-1AAGQRFIOE9AE,Service_beiakkdem1vi3j5fejn0,100,2,0.3588963869,0
1537418340,Prod-EcsStagingCluster-EcsCluster-1AAGQRFIOE9AE,Service_beiakkdem1vi3j5fejn0,100,2,0.4896174682,0
1537348320,Prod-EcsStagingCluster-EcsCluster-1AAGQRFIOE9AE,Service_beiakkdem1vi3j5fejn0,100,2,0.3754549276,0
1537357800,Prod-EcsStagingCluster-EcsCluster-1AAGQRFIOE9AE,Service_beiakkdem1vi3j5fejn0,100,2,0.3818822747,0
1537364160,Prod-EcsStagingCluster-EcsCluster-1AAGQRFIOE9AE,Service_beiakkdem1vi3j5fejn0,100,2,0.3944069303,0
1537428900,Prod-EcsStagingCluster-EcsCluster-1AAGQRFIOE9AE,Service_beiakkdem1vi3j5fejn0,100,2,0.3851668845,0
1537408680,Prod-EcsStagingCluster-EcsCluster-1AAGQRFIOE9AE,Service_beiakkdem1vi3j5fejn0,100,2,0.4693864261,0
1537415040,Prod-EcsStagingCluster-EcsCluster-1AAGQRFIOE9AE,Service_beiakkdem1vi3j5fejn0,100,2,0.3949682073,0
1537363020,Prod-EcsStagingCluster-EcsCluster-1AAGQRFIOE9AE,Service_beiakkdem1vi3j5fejn0,100,2,0.3949884479,0
1537413900,Prod-EcsStagingCluster-EcsCluster-1AAGQRFIOE9AE,Service_beiakkdem1vi3j5fejn0,100,2,0.4086237536,0
1537394820,Prod-EcsStagingCluster-EcsCluster-1AAGQRFIOE9AE,Service_beiakkdem1vi3j5fejn0,100,2,0.3761962076,0
1537374600,Prod-EcsStagingCluster-EcsCluster-1AAGQRFIOE9AE,Service_beiakkdem1vi3j5fejn0,100,2,0.3977619201,0
1537380960,Prod-EcsStagingCluster-EcsCluster-1AAGQRFIOE9AE,Service_beiakkdem1vi3j5fejn0,100,2,0.3715955138,0
1537357560,Prod-EcsStagingCluster-EcsCluster-1AAGQRFIOE9AE,Service_beiakkdem1vi3j5fejn0,100,2,0.3863615892,0
1537363920,Prod-EcsStagingCluster-EcsCluster-1AAGQRFIOE9AE,Service_beiakkdem1vi3j5fejn0,100,2,0.3934639468,0
1537425480,Prod-EcsStagingCluster-EcsCluster-1AAGQRFIOE9AE,Service_beiakkdem1vi3j5fejn0,100,2,0.4097334985,0
1537379820,Prod-EcsStagingCluster-EcsCluster-1AAGQRFIOE9AE,Service_beiakkdem1vi3j5fejn0,100,2,0.3798156995,0
1537414800,Prod-EcsStagingCluster-EcsCluster-1AAGQRFIOE9AE,Service_beiakkdem1vi3j5fejn0,100,2,0.3896804297,0
1537408440,Prod-EcsStagingCluster-EcsCluster-1AAGQRFIOE9AE,Service_beiakkdem1vi3j5fejn0,100,2,0.4152541686,0
1537430700,Prod-EcsStagingCluster-EcsCluster-1AAGQRFIOE9AE,Service_beiakkdem1vi3j5fejn0,100,2,0.3918992454,0
1537388220,Prod-EcsStagingCluster-EcsCluster-1AAGQRFIOE9AE,Service_beiakkdem1vi3j5fejn0,100,2,0.4561735198,0
1537394580,Prod-EcsStagingCluster-EcsCluster-1AAGQRFIOE9AE,Service_beiakkdem1vi3j5fejn0,100,2,0.3786202757,0
1537374360,Prod-EcsStagingCluster-EcsCluster-1AAGQRFIOE9AE,Service_beiakkdem1vi3j5fejn0,100,2,0.3896374163,0
1537380720,Prod-EcsStagingCluster-EcsCluster-1AAGQRFIOE9AE,Service_beiakkdem1vi3j5fejn0,100,2,0.3900249741,0
1537354140,Prod-EcsStagingCluster-EcsCluster-1AAGQRFIOE9AE,Service_beiakkdem1vi3j5fejn0,100,2,0.3943555784,0
1537360500,Prod-EcsStagingCluster-EcsCluster-1AAGQRFIOE9AE,Service_beiakkdem1vi3j5fejn0,100,2,0.3754537658,0
1537425240,Prod-EcsStagingCluster-EcsCluster-1AAGQRFIOE9AE,Service_beiakkdem1vi3j5fejn0,100,2,0.4394776197,0
1537431600,Prod-EcsStagingCluster-EcsCluster-1AAGQRFIOE9AE,Service_beiakkdem1vi3j5fejn0,100,2,0.3847814756,0
1537411380,Prod-EcsStagingCluster-EcsCluster-1AAGQRFIOE9AE,Service_beiakkdem1vi3j5fejn0,100,2,0.3958333752,0
1537405020,Prod-EcsStagingCluster-EcsCluster-1AAGQRFIOE9AE,Service_beiakkdem1vi3j5fejn0,100,2,0.3577247837,0
1537358280,Prod-EcsStagingCluster-EcsCluster-1AAGQRFIOE9AE,Service_beiakkdem1vi3j5fejn0,100,2,0.3966945988,0
1537394340,Prod-EcsStagingCluster-EcsCluster-1AAGQRFIOE9AE,Service_beiakkdem1vi3j5fejn0,100,2,0.3845541122,0
1537364640,Prod-EcsStagingCluster-EcsCluster-1AAGQRFIOE9AE,Service_beiakkdem1vi3j5fejn0,100,2,0.3856342654,0
1537409160,Prod-EcsStagingCluster-EcsCluster-1AAGQRFIOE9AE,Service_beiakkdem1vi3j5fejn0,100,2,0.3954212722,0
1537415520,Prod-EcsStagingCluster-EcsCluster-1AAGQRFIOE9AE,Service_beiakkdem1vi3j5fejn0,100,2,0.4080988978,0
1537347600,Prod-EcsStagingCluster-EcsCluster-1AAGQRFIOE9AE,Service_beiakkdem1vi3j5fejn0,100,2,0.3739246232,0
1537392120,Prod-EcsStagingCluster-EcsCluster-1AAGQRFIOE9AE,Service_beiakkdem1vi3j5fejn0,100,2,0.3826111534,0
1537398480,Prod-EcsStagingCluster-EcsCluster-1AAGQRFIOE9AE,Service_beiakkdem1vi3j5fejn0,100,2,0.3687498486,0
1537379340,Prod-EcsStagingCluster-EcsCluster-1AAGQRFIOE9AE,Service_beiakkdem1vi3j5fejn0,100,2,0.3816224558,0
1537360260,Prod-EcsStagingCluster-EcsCluster-1AAGQRFIOE9AE,Service_beiakkdem1vi3j5fejn0,100,2,0.3760061339,0
1537411140,Prod-EcsStagingCluster-EcsCluster-1AAGQRFIOE9AE,Service_beiakkdem1vi3j5fejn0,100,2,0.4006672316,0
1537430220,Prod-EcsStagingCluster-EcsCluster-1AAGQRFIOE9AE,Service_beiakkdem1vi3j5fejn0,100,2,0.4238126843,0
1537358040,Prod-EcsStagingCluster-EcsCluster-1AAGQRFIOE9AE,Service_beiakkdem1vi3j5fejn0,100,2,0.3886914090,0
1537364400,Prod-EcsStagingCluster-EcsCluster-1AAGQRFIOE9AE,Service_beiakkdem1vi3j5fejn0,100,2,0.3813461575,0
1537408920,Prod-EcsStagingCluster-EcsCluster-1AAGQRFIOE9AE,Service_beiakkdem1vi3j5fejn0,100,2,0.3856011373,0
1537415280,Prod-EcsStagingCluster-EcsCluster-1AAGQRFIOE9AE,Service_beiakkdem1vi3j5fejn0,100,2,0.4119911637,0
1537396140,Prod-EcsStagingCluster-EcsCluster-1AAGQRFIOE9AE,Service_beiakkdem1vi3j5fejn0,100,2,0.3937858728,0
1537360020,Prod-EcsStagingCluster-EcsCluster-1AAGQRFIOE9AE,Service_beiakkdem1vi3j5fejn0,100,2,0.3664436337,0
1537353660,Prod-EcsStagingCluster-EcsCluster-1AAGQRFIOE9AE,Service_beiakkdem1vi3j5fejn0,100,2,0.3689957887,0
1537392840,Prod-EcsStagingCluster-EcsCluster-1AAGQRFIOE9AE,Service_beiakkdem1vi3j5fejn0,100,2,0.3909509721,0
1537346160,Prod-EcsStagingCluster-EcsCluster-1AAGQRFIOE9AE,Service_beiakkdem1vi3j5fejn0,100,2,0.4346410063,0
1537404540,Prod-EcsStagingCluster-EcsCluster-1AAGQRFIOE9AE,Service_beiakkdem1vi3j5fejn0,100,2,0.3771393226,0
1537375800,Prod-EcsStagingCluster-EcsCluster-1AAGQRFIOE9AE,Service_beiakkdem1vi3j5fejn0,100,2,0.4018120082,0
1537397040,Prod-EcsStagingCluster-EcsCluster-1AAGQRFIOE9AE,Service_beiakkdem1vi3j5fejn0,100,2,0.3997995934,0
1537370460,Prod-EcsStagingCluster-EcsCluster-1AAGQRFIOE9AE,Service_beiakkdem1vi3j5fejn0,100,2,0.3764168798,0
1537361940,Prod-EcsStagingCluster-EcsCluster-1AAGQRFIOE9AE,Service_beiakkdem1vi3j5fejn0,100,2,0.3488860317,0
1537426680,Prod-EcsStagingCluster-EcsCluster-1AAGQRFIOE9AE,Service_beiakkdem1vi3j5fejn0,100,2,0.4265030982,0
1537421340,Prod-EcsStagingCluster-EcsCluster-1AAGQRFIOE9AE,Service_beiakkdem1vi3j5fejn0,100,2,0.4163794281,0
1537412820,Prod-EcsStagingCluster-EcsCluster-1AAGQRFIOE9AE,Service_beiakkdem1vi3j5fejn0,100,2,0.4788999757,0
1537345920,Prod-EcsStagingCluster-EcsCluster-1AAGQRFIOE9AE,Service_beiakkdem1vi3j5fejn0,100,2,0.4074698168,0
1537392600,Prod-EcsStagingCluster-EcsCluster-1AAGQRFIOE9AE,Service_beiakkdem1vi3j5fejn0,100,2,0.3902431064,0
1537378740,Prod-EcsStagingCluster-EcsCluster-1AAGQRFIOE9AE,Service_beiakkdem1vi3j5fejn0,100,2,0.4060971540,0
1537396800,Prod-EcsStagingCluster-EcsCluster-1AAGQRFIOE9AE,Service_beiakkdem1vi3j5fejn0,100,2,0.3926606624,0
1537361700,Prod-EcsStagingCluster-EcsCluster-1AAGQRFIOE9AE,Service_beiakkdem1vi3j5fejn0,100,2,0.3595140755,0
1537395660,Prod-EcsStagingCluster-EcsCluster-1AAGQRFIOE9AE,Service_beiakkdem1vi3j5fejn0,100,2,0.3850205571,0
1537429620,Prod-EcsStagingCluster-EcsCluster-1AAGQRFIOE9AE,Service_beiakkdem1vi3j5fejn0,100,2,0.3847269077,0
1537412580,Prod-EcsStagingCluster-EcsCluster-1AAGQRFIOE9AE,Service_beiakkdem1vi3j5fejn0,100,2,0.4118844845,0
1537362720,Prod-EcsStagingCluster-EcsCluster-1AAGQRFIOE9AE,Service_beiakkdem1vi3j5fejn0,100,2,0.3908609768,0
1537413600,Prod-EcsStagingCluster-EcsCluster-1AAGQRFIOE9AE,Service_beiakkdem1vi3j5fejn0,100,2,0.4336204261,0
1537345680,Prod-EcsStagingCluster-EcsCluster-1AAGQRFIOE9AE,Service_beiakkdem1vi3j5fejn0,100,2,0.4027268009,0
1537361580,Prod-EcsStagingCluster-EcsCluster-1AAGQRFIOE9AE,Service_beiakkdem1vi3j5fejn0,100,2,0.3291177676,0
1537392360,Prod-EcsStagingCluster-EcsCluster-1AAGQRFIOE9AE,Service_beiakkdem1vi3j5fejn0,100,2,0.3374092396,0
1537410360,Prod-EcsStagingCluster-EcsCluster-1AAGQRFIOE9AE,Service_beiakkdem1vi3j5fejn0,100,2,0.3974468765,0
1537378500,Prod-EcsStagingCluster-EcsCluster-1AAGQRFIOE9AE,Service_beiakkdem1vi3j5fejn0,100,2,0.3839341147,0
1537412460,Prod-EcsStagingCluster-EcsCluster-1AAGQRFIOE9AE,Service_beiakkdem1vi3j5fejn0,100,2,0.4546180499,0
1537429380,Prod-EcsStagingCluster-EcsCluster-1AAGQRFIOE9AE,Service_beiakkdem1vi3j5fejn0,100,2,0.3749355356,0
1537369980,Prod-EcsStagingCluster-EcsCluster-1AAGQRFIOE9AE,Service_beiakkdem1vi3j5fejn0,100,2,0.3821525891,0
1537420860,Prod-EcsStagingCluster-EcsCluster-1AAGQRFIOE9AE,Service_beiakkdem1vi3j5fejn0,100,2,0.4063266671,0
1537376280,Prod-EcsStagingCluster-EcsCluster-1AAGQRFIOE9AE,Service_beiakkdem1vi3j5fejn0,100,2,0.3446014209,0
1537380480,Prod-EcsStagingCluster-EcsCluster-1AAGQRFIOE9AE,Service_beiakkdem1vi3j5fejn0,100,2,0.3757786265,0
1537427160,Prod-EcsStagingCluster-EcsCluster-1AAGQRFIOE9AE,Service_beiakkdem1vi3j5fejn0,100,2,0.4153338980,0
1537386780,Prod-EcsStagingCluster-EcsCluster-1AAGQRFIOE9AE,Service_beiakkdem1vi3j5fejn0,100,2,0.3846398287,0
1537431360,Prod-EcsStagingCluster-EcsCluster-1AAGQRFIOE9AE,Service_beiakkdem1vi3j5fejn0,100,2,0.3751007893,0
1537378260,Prod-EcsStagingCluster-EcsCluster-1AAGQRFIOE9AE,Service_beiakkdem1vi3j5fejn0,100,2,0.3944647335,0
1537346400,Prod-EcsStagingCluster-EcsCluster-1AAGQRFIOE9AE,Service_beiakkdem1vi3j5fejn0,100,2,0.3932188145,0
1537397280,Prod-EcsStagingCluster-EcsCluster-1AAGQRFIOE9AE,Service_beiakkdem1vi3j5fejn0,100,2,0.3753304475,0
1537429140,Prod-EcsStagingCluster-EcsCluster-1AAGQRFIOE9AE,Service_beiakkdem1vi3j5fejn0,100,2,0.3941503588,0
1537376040,Prod-EcsStagingCluster-EcsCluster-1AAGQRFIOE9AE,Service_beiakkdem1vi3j5fejn0,100,2,0.3845055728,0
1537380240,Prod-EcsStagingCluster-EcsCluster-1AAGQRFIOE9AE,Service_beiakkdem1vi3j5fejn0,100,2,0.3810206601,0
1537361100,Prod-EcsStagingCluster-EcsCluster-1AAGQRFIOE9AE,Service_beiakkdem1vi3j5fejn0,100,2,0.3572652844,0
1537395060,Prod-EcsStagingCluster-EcsCluster-1AAGQRFIOE9AE,Service_beiakkdem1vi3j5fejn0,100,2,0.4084587610,0
1537426920,Prod-EcsStagingCluster-EcsCluster-1AAGQRFIOE9AE,Service_beiakkdem1vi3j5fejn0,100,2,0.4114528154,0
1537431120,Prod-EcsStagingCluster-EcsCluster-1AAGQRFIOE9AE,Service_beiakkdem1vi3j5fejn0,100,2,0.3858600414,0
1537378020,Prod-EcsStagingCluster-EcsCluster-1AAGQRFIOE9AE,Service_beiakkdem1vi3j5fejn0,100,2,0.3835584729,0
1537411980,Prod-EcsStagingCluster-EcsCluster-1AAGQRFIOE9AE,Service_beiakkdem1vi3j5fejn0,100,2,0.4150011122,0
1537372680,Prod-EcsStagingCluster-EcsCluster-1AAGQRFIOE9AE,Service_beiakkdem1vi3j5fejn0,100,2,0.3592534614,0
1537379040,Prod-EcsStagingCluster-EcsCluster-1AAGQRFIOE9AE,Service_beiakkdem1vi3j5fejn0,100,2,0.3936063480,0
1537359960,Prod-EcsStagingCluster-EcsCluster-1AAGQRFIOE9AE,Service_beiakkdem1vi3j5fejn0,100,2,0.3651575678,0
1537366320,Prod-EcsStagingCluster-EcsCluster-1AAGQRFIOE9AE,Service_beiakkdem1vi3j5fejn0,100,2,0.3879888342,0
1537424700,Prod-EcsStagingCluster-EcsCluster-1AAGQRFIOE9AE,Service_beiakkdem1vi3j5fejn0,100,2,0.4022270359,0
1537410840,Prod-EcsStagingCluster-EcsCluster-1AAGQRFIOE9AE,Service_beiakkdem1vi3j5fejn0,100,2,0.3949774619,0
1537429920,Prod-EcsStagingCluster-EcsCluster-1AAGQRFIOE9AE,Service_beiakkdem1vi3j5fejn0,100,2,0.3941853810,0
1537417200,Prod-EcsStagingCluster-EcsCluster-1AAGQRFIOE9AE,Service_beiakkdem1vi3j5fejn0,100,2,0.4262283716,0
1537423560,Prod-EcsStagingCluster-EcsCluster-1AAGQRFIOE9AE,Service_beiakkdem1vi3j5fejn0,100,2,0.4235943545,0
1537390620,Prod-EcsStagingCluster-EcsCluster-1AAGQRFIOE9AE,Service_beiakkdem1vi3j5fejn0,100,2,0.3667237813,0
1537377900,Prod-EcsStagingCluster-EcsCluster-1AAGQRFIOE9AE,Service_beiakkdem1vi3j5fejn0,100,2,0.3968576883,0
1537428780,Prod-EcsStagingCluster-EcsCluster-1AAGQRFIOE9AE,Service_beiakkdem1vi3j5fejn0,100,2,0.3921770893,0
1537379940,Prod-EcsStagingCluster-EcsCluster-1AAGQRFIOE9AE,Service_beiakkdem1vi3j5fejn0,100,2,0.3930232647,0
1537392660,Prod-EcsStagingCluster-EcsCluster-1AAGQRFIOE9AE,Service_beiakkdem1vi3j5fejn0,100,2,0.3835659246,0
1537430820,Prod-EcsStagingCluster-EcsCluster-1AAGQRFIOE9AE,Service_beiakkdem1vi3j5fejn0,100,2,0.4075632703,0
1537358580,Prod-EcsStagingCluster-EcsCluster-1AAGQRFIOE9AE,Service_beiakkdem1vi3j5fejn0,100,2,0.3766326032,0
1537345860,Prod-EcsStagingCluster-EcsCluster-1AAGQRFIOE9AE,Service_beiakkdem1vi3j5fejn0,100,2,0.4114145473,0
1537409460,Prod-EcsStagingCluster-EcsCluster-1AAGQRFIOE9AE,Service_beiakkdem1vi3j5fejn0,100,2,0.4169615021,0
1537396740,Prod-EcsStagingCluster-EcsCluster-1AAGQRFIOE9AE,Service_beiakkdem1vi3j5fejn0,100,2,0.3980762516,0
1537359480,Prod-EcsStagingCluster-EcsCluster-1AAGQRFIOE9AE,Service_beiakkdem1vi3j5fejn0,100,2,0.4042646275,0
1537378560,Prod-EcsStagingCluster-EcsCluster-1AAGQRFIOE9AE,Service_beiakkdem1vi3j5fejn0,100,2,0.3913290906,0
1537372200,Prod-EcsStagingCluster-EcsCluster-1AAGQRFIOE9AE,Service_beiakkdem1vi3j5fejn0,100,2,0.3635058078,0
1537365840,Prod-EcsStagingCluster-EcsCluster-1AAGQRFIOE9AE,Service_beiakkdem1vi3j5fejn0,100,2,0.3848592696,0
1537377420,Prod-EcsStagingCluster-EcsCluster-1AAGQRFIOE9AE,Service_beiakkdem1vi3j5fejn0,100,2,0.3922246724,0
1537390140,Prod-EcsStagingCluster-EcsCluster-1AAGQRFIOE9AE,Service_beiakkdem1vi3j5fejn0,100,2,0.4510955648,0
1537428300,Prod-EcsStagingCluster-EcsCluster-1AAGQRFIOE9AE,Service_beiakkdem1vi3j5fejn0,100,2,0.4522476340,0
1537356060,Prod-EcsStagingCluster-EcsCluster-1AAGQRFIOE9AE,Service_beiakkdem1vi3j5fejn0,100,2,0.3912477679,0
1537406940,Prod-EcsStagingCluster-EcsCluster-1AAGQRFIOE9AE,Service_beiakkdem1vi3j5fejn0,100,2,0.3703034131,0
1537394220,Prod-EcsStagingCluster-EcsCluster-1AAGQRFIOE9AE,Service_beiakkdem1vi3j5fejn0,100,2,0.3706461120,0
1537345380,Prod-EcsStagingCluster-EcsCluster-1AAGQRFIOE9AE,Service_beiakkdem1vi3j5fejn0,100,2,0.3969351004,0
1537358100,Prod-EcsStagingCluster-EcsCluster-1AAGQRFIOE9AE,Service_beiakkdem1vi3j5fejn0,100,2,0.3962275843,0
1537396260,Prod-EcsStagingCluster-EcsCluster-1AAGQRFIOE9AE,Service_beiakkdem1vi3j5fejn0,100,2,0.3827976619,0
1537408980,Prod-EcsStagingCluster-EcsCluster-1AAGQRFIOE9AE,Service_beiakkdem1vi3j5fejn0,100,2,0.3852263925,0
1537362240,Prod-EcsStagingCluster-EcsCluster-1AAGQRFIOE9AE,Service_beiakkdem1vi3j5fejn0,100,2,0.3852524044,0
1537355880,Prod-EcsStagingCluster-EcsCluster-1AAGQRFIOE9AE,Service_beiakkdem1vi3j5fejn0,100,2,0.4026007138,0
1537349520,Prod-EcsStagingCluster-EcsCluster-1AAGQRFIOE9AE,Service_beiakkdem1vi3j5fejn0,100,2,0.3777555493,0
1537394040,Prod-EcsStagingCluster-EcsCluster-1AAGQRFIOE9AE,Service_beiakkdem1vi3j5fejn0,100,2,0.3663722054,0
1537400400,Prod-EcsStagingCluster-EcsCluster-1AAGQRFIOE9AE,Service_beiakkdem1vi3j5fejn0,100,2,0.3746697323,0
1537374900,Prod-EcsStagingCluster-EcsCluster-1AAGQRFIOE9AE,Service_beiakkdem1vi3j5fejn0,100,2,0.3890138579,0
1537362180,Prod-EcsStagingCluster-EcsCluster-1AAGQRFIOE9AE,Service_beiakkdem1vi3j5fejn0,100,2,0.3756107908,0
1537406760,Prod-EcsStagingCluster-EcsCluster-1AAGQRFIOE9AE,Service_beiakkdem1vi3j5fejn0,100,2,0.3771904139,0
1537413120,Prod-EcsStagingCluster-EcsCluster-1AAGQRFIOE9AE,Service_beiakkdem1vi3j5fejn0,100,2,0.4014855747,0
1537413060,Prod-EcsStagingCluster-EcsCluster-1AAGQRFIOE9AE,Service_beiakkdem1vi3j5fejn0,100,2,0.3798753450,0
1537425780,Prod-EcsStagingCluster-EcsCluster-1AAGQRFIOE9AE,Service_beiakkdem1vi3j5fejn0,100,2,0.3967692111,0
1537410900,Prod-EcsStagingCluster-EcsCluster-1AAGQRFIOE9AE,Service_beiakkdem1vi3j5fejn0,100,2,0.3981161053,0
1537382160,Prod-EcsStagingCluster-EcsCluster-1AAGQRFIOE9AE,Service_beiakkdem1vi3j5fejn0,100,2,0.3777594413,0
1537376820,Prod-EcsStagingCluster-EcsCluster-1AAGQRFIOE9AE,Service_beiakkdem1vi3j5fejn0,100,2,0.3883706860,0
1537364100,Prod-EcsStagingCluster-EcsCluster-1AAGQRFIOE9AE,Service_beiakkdem1vi3j5fejn0,100,2,0.3786827077,0
1537394880,Prod-EcsStagingCluster-EcsCluster-1AAGQRFIOE9AE,Service_beiakkdem1vi3j5fejn0,100,2,0.3878391193,0
1537355580,Prod-EcsStagingCluster-EcsCluster-1AAGQRFIOE9AE,Service_beiakkdem1vi3j5fejn0,100,2,0.3699050336,0
1537393740,Prod-EcsStagingCluster-EcsCluster-1AAGQRFIOE9AE,Service_beiakkdem1vi3j5fejn0,100,2,0.3803789272,0
1537427700,Prod-EcsStagingCluster-EcsCluster-1AAGQRFIOE9AE,Service_beiakkdem1vi3j5fejn0,100,2,0.3991696793,0
1537414980,Prod-EcsStagingCluster-EcsCluster-1AAGQRFIOE9AE,Service_beiakkdem1vi3j5fejn0,100,2,0.3964403100,0
1537348080,Prod-EcsStagingCluster-EcsCluster-1AAGQRFIOE9AE,Service_beiakkdem1vi3j5fejn0,100,2,0.3773060787,0
1537360800,Prod-EcsStagingCluster-EcsCluster-1AAGQRFIOE9AE,Service_beiakkdem1vi3j5fejn0,100,2,0.3968967104,0
1537406460,Prod-EcsStagingCluster-EcsCluster-1AAGQRFIOE9AE,Service_beiakkdem1vi3j5fejn0,100,2,0.3689487971,0
1537377720,Prod-EcsStagingCluster-EcsCluster-1AAGQRFIOE9AE,Service_beiakkdem1vi3j5fejn0,100,2,0.3806700787,0
1537411680,Prod-EcsStagingCluster-EcsCluster-1AAGQRFIOE9AE,Service_beiakkdem1vi3j5fejn0,100,2,0.4076103124,0
1537398960,Prod-EcsStagingCluster-EcsCluster-1AAGQRFIOE9AE,Service_beiakkdem1vi3j5fejn0,100,2,0.3882001846,0
1537372380,Prod-EcsStagingCluster-EcsCluster-1AAGQRFIOE9AE,Service_beiakkdem1vi3j5fejn0,100,2,0.3726374948,0
1537359660,Prod-EcsStagingCluster-EcsCluster-1AAGQRFIOE9AE,Service_beiakkdem1vi3j5fejn0,100,2,0.3620746645,0
1537390440,Prod-EcsStagingCluster-EcsCluster-1AAGQRFIOE9AE,Service_beiakkdem1vi3j5fejn0,100,2,0.3385807201,0
1537410540,Prod-EcsStagingCluster-EcsCluster-1AAGQRFIOE9AE,Service_beiakkdem1vi3j5fejn0,100,2,0.4069839596,0
1537428600,Prod-EcsStagingCluster-EcsCluster-1AAGQRFIOE9AE,Service_beiakkdem1vi3j5fejn0,100,2,0.3919078391,0
1537423260,Prod-EcsStagingCluster-EcsCluster-1AAGQRFIOE9AE,Service_beiakkdem1vi3j5fejn0,100,2,0.4161549118,0
1537356360,Prod-EcsStagingCluster-EcsCluster-1AAGQRFIOE9AE,Service_beiakkdem1vi3j5fejn0,100,2,0.3966452975,0
1537394520,Prod-EcsStagingCluster-EcsCluster-1AAGQRFIOE9AE,Service_beiakkdem1vi3j5fejn0,100,2,0.3943386128,0
1537407240,Prod-EcsStagingCluster-EcsCluster-1AAGQRFIOE9AE,Service_beiakkdem1vi3j5fejn0,100,2,0.4196891399,0
1537416720,Prod-EcsStagingCluster-EcsCluster-1AAGQRFIOE9AE,Service_beiakkdem1vi3j5fejn0,100,2,0.4140375396,0
1537429440,Prod-EcsStagingCluster-EcsCluster-1AAGQRFIOE9AE,Service_beiakkdem1vi3j5fejn0,100,2,0.3792054764,0
1537363620,Prod-EcsStagingCluster-EcsCluster-1AAGQRFIOE9AE,Service_beiakkdem1vi3j5fejn0,100,2,0.3897455387,0
1537376340,Prod-EcsStagingCluster-EcsCluster-1AAGQRFIOE9AE,Service_beiakkdem1vi3j5fejn0,100,2,0.3871481890,0
1537414500,Prod-EcsStagingCluster-EcsCluster-1AAGQRFIOE9AE,Service_beiakkdem1vi3j5fejn0,100,2,0.4449929974,0
1537361400,Prod-EcsStagingCluster-EcsCluster-1AAGQRFIOE9AE,Service_beiakkdem1vi3j5fejn0,100,2,0.3609745571,0
1537395360,Prod-EcsStagingCluster-EcsCluster-1AAGQRFIOE9AE,Service_beiakkdem1vi3j5fejn0,100,2,0.4299973422,0
1537382640,Prod-EcsStagingCluster-EcsCluster-1AAGQRFIOE9AE,Service_beiakkdem1vi3j5fejn0,100,2,0.3891381632,0
1537427220,Prod-EcsStagingCluster-EcsCluster-1AAGQRFIOE9AE,Service_beiakkdem1vi3j5fejn0,100,2,0.4247264004,0
1537374120,Prod-EcsStagingCluster-EcsCluster-1AAGQRFIOE9AE,Service_beiakkdem1vi3j5fejn0,100,2,0.3773356529,0
1537412280,Prod-EcsStagingCluster-EcsCluster-1AAGQRFIOE9AE,Service_beiakkdem1vi3j5fejn0,100,2,0.4267478250,0
1537359180,Prod-EcsStagingCluster-EcsCluster-1AAGQRFIOE9AE,Service_beiakkdem1vi3j5fejn0,100,2,0.3646898520,0
1537393140,Prod-EcsStagingCluster-EcsCluster-1AAGQRFIOE9AE,Service_beiakkdem1vi3j5fejn0,100,2,0.3939601047,0
1537380420,Prod-EcsStagingCluster-EcsCluster-1AAGQRFIOE9AE,Service_beiakkdem1vi3j5fejn0,100,2,0.5985858711,0
1537425000,Prod-EcsStagingCluster-EcsCluster-1AAGQRFIOE9AE,Service_beiakkdem1vi3j5fejn0,100,2,0.4165312461,0
1537431300,Prod-EcsStagingCluster-EcsCluster-1AAGQRFIOE9AE,Service_beiakkdem1vi3j5fejn0,100,2,0.3848849733,0
1537371900,Prod-EcsStagingCluster-EcsCluster-1AAGQRFIOE9AE,Service_beiakkdem1vi3j5fejn0,100,2,0.3537687697,0
1537410060,Prod-EcsStagingCluster-EcsCluster-1AAGQRFIOE9AE,Service_beiakkdem1vi3j5fejn0,100,2,0.3968740828,0
1537422780,Prod-EcsStagingCluster-EcsCluster-1AAGQRFIOE9AE,Service_beiakkdem1vi3j5fejn0,100,2,0.3997250447,0
1537390920,Prod-EcsStagingCluster-EcsCluster-1AAGQRFIOE9AE,Service_beiakkdem1vi3j5fejn0,100,2,0.3821006211,0
1537378200,Prod-EcsStagingCluster-EcsCluster-1AAGQRFIOE9AE,Service_beiakkdem1vi3j5fejn0,100,2,0.3829266379,0
1537429080,Prod-EcsStagingCluster-EcsCluster-1AAGQRFIOE9AE,Service_beiakkdem1vi3j5fejn0,100,2,0.3943046046,0
1537388700,Prod-EcsStagingCluster-EcsCluster-1AAGQRFIOE9AE,Service_beiakkdem1vi3j5fejn0,100,2,0.4190781170,0
1537375980,Prod-EcsStagingCluster-EcsCluster-1AAGQRFIOE9AE,Service_beiakkdem1vi3j5fejn0,100,2,0.3685936366,0
1537350300,Prod-EcsStagingCluster-EcsCluster-1AAGQRFIOE9AE,Service_beiakklem1vi3j5fejng,150,2,0.0056045519,0
1537353480,Prod-EcsStagingCluster-EcsCluster-1AAGQRFIOE9AE,Service_beiakklem1vi3j5fejng,150,2,0.0054427859,0
1537356660,Prod-EcsStagingCluster-EcsCluster-1AAGQRFIOE9AE,Service_beiakklem1vi3j5fejng,150,2,0.0057960427,0
1537359840,Prod-EcsStagingCluster-EcsCluster-1AAGQRFIOE9AE,Service_beiakklem1vi3j5fejng,150,2,0.0043133921,0
1537378920,Prod-EcsStagingCluster-EcsCluster-1AAGQRFIOE9AE,Service_beiakklem1vi3j5fejng,150,2,0.0054758584,0
1537382100,Prod-EcsStagingCluster-EcsCluster-1AAGQRFIOE9AE,Service_beiakklem1vi3j5fejng,150,2,0.0053648319,0
1537385280,Prod-EcsStagingCluster-EcsCluster-1AAGQRFIOE9AE,Service_beiakklem1vi3j5fejng,150,2,0.0058760016,0
1537375740,Prod-EcsStagingCluster-EcsCluster-1AAGQRFIOE9AE,Service_beiakklem1vi3j5fejng,150,2,0.0054431036,0
1537409580,Prod-EcsStagingCluster-EcsCluster-1AAGQRFIOE9AE,Service_beiakklem1vi3j5fejng,150,2,0.0054261853,0
1537412760,Prod-EcsStagingCluster-EcsCluster-1AAGQRFIOE9AE,Service_beiakklem1vi3j5fejng,150,2,0.0053202953,0
1537415940,Prod-EcsStagingCluster-EcsCluster-1AAGQRFIOE9AE,Service_beiakklem1vi3j5fejng,150,2,0.0062812658,0
1537419120,Prod-EcsStagingCluster-EcsCluster-1AAGQRFIOE9AE,Service_beiakklem1vi3j5fejng,150,2,0.0058825406,0
1537390260,Prod-EcsStagingCluster-EcsCluster-1AAGQRFIOE9AE,Service_beiakklem1vi3j5fejng,150,2,0.0060324049,0
1537393440,Prod-EcsStagingCluster-EcsCluster-1AAGQRFIOE9AE,Service_beiakklem1vi3j5fejng,150,2,0.0049530725,0
1537383900,Prod-EcsStagingCluster-EcsCluster-1AAGQRFIOE9AE,Service_beiakklem1vi3j5fejng,150,2,0.0054446534,0
1537387080,Prod-EcsStagingCluster-EcsCluster-1AAGQRFIOE9AE,Service_beiakklem1vi3j5fejng,150,2,0.0051139940,0
1537350960,Prod-EcsStagingCluster-EcsCluster-1AAGQRFIOE9AE,Service_beiakklem1vi3j5fejng,150,2,0.0051343135,0
1537347780,Prod-EcsStagingCluster-EcsCluster-1AAGQRFIOE9AE,Service_beiakklem1vi3j5fejng,150,2,0.0055402613,0
1537415700,Prod-EcsStagingCluster-EcsCluster-1AAGQRFIOE9AE,Service_beiakklem1vi3j5fejng,150,2,0.0062388635,0
1537418880,Prod-EcsStagingCluster-EcsCluster-1AAGQRFIOE9AE,Service_beiakklem1vi3j5fejng,150,2,0.0051819182,0
1537409340,Prod-EcsStagingCluster-EcsCluster-1AAGQRFIOE9AE,Service_beiakklem1vi3j5fejng,150,2,0.0074331869,0
1537412520,Prod-EcsStagingCluster-EcsCluster-1AAGQRFIOE9AE,Service_beiakklem1vi3j5fejng,150,2,0.0056830289,0
1537373220,Prod-EcsStagingCluster-EcsCluster-1AAGQRFIOE9AE,Service_beiakklem1vi3j5fejng,150,2,0.0036925674,0
1537366860,Prod-EcsStagingCluster-EcsCluster-1AAGQRFIOE9AE,Service_beiakklem1vi3j5fejng,150,2,0.0050674401,0
1537394400,Prod-EcsStagingCluster-EcsCluster-1AAGQRFIOE9AE,Service_beiakklem1vi3j5fejng,150,2,0.0052709221,0
1537388040,Prod-EcsStagingCluster-EcsCluster-1AAGQRFIOE9AE,Service_beiakklem1vi3j5fejng,150,2,0.0049195714,0
1537351920,Prod-EcsStagingCluster-EcsCluster-1AAGQRFIOE9AE,Service_beiakklem1vi3j5fejng,150,2,0.0055050251,0
1537419840,Prod-EcsStagingCluster-EcsCluster-1AAGQRFIOE9AE,Service_beiakklem1vi3j5fejng,150,2,0.0055663935,0
1537345560,Prod-EcsStagingCluster-EcsCluster-1AAGQRFIOE9AE,Service_beiakklem1vi3j5fejng,150,2,0.0096862470,0
1537413480,Prod-EcsStagingCluster-EcsCluster-1AAGQRFIOE9AE,Service_beiakklem1vi3j5fejng,150,2,0.0056832995,0
1537377360,Prod-EcsStagingCluster-EcsCluster-1AAGQRFIOE9AE,Service_beiakklem1vi3j5fejng,150,2,0.0056683670,0
1537371000,Prod-EcsStagingCluster-EcsCluster-1AAGQRFIOE9AE,Service_beiakklem1vi3j5fejng,150,2,0.0044750687,0
1537347540,Prod-EcsStagingCluster-EcsCluster-1AAGQRFIOE9AE,Service_beiakklem1vi3j5fejng,150,2,0.0061639579,0
1537345320,Prod-EcsStagingCluster-EcsCluster-1AAGQRFIOE9AE,Service_beiakklem1vi3j5fejng,150,2,0.0078118176,0
1537417500,Prod-EcsStagingCluster-EcsCluster-1AAGQRFIOE9AE,Service_beiakklem1vi3j5fejng,150,2,0.0060008273,0
1537423860,Prod-EcsStagingCluster-EcsCluster-1AAGQRFIOE9AE,Service_beiakklem1vi3j5fejng,150,2,0.0054813385,0
1537351680,Prod-EcsStagingCluster-EcsCluster-1AAGQRFIOE9AE,Service_beiakklem1vi3j5fejng,150,2,0.0054701133,0
1537375020,Prod-EcsStagingCluster-EcsCluster-1AAGQRFIOE9AE,Service_beiakklem1vi3j5fejng,150,2,0.0057897887,0
1537381380,Prod-EcsStagingCluster-EcsCluster-1AAGQRFIOE9AE,Service_beiakklem1vi3j5fejng,150,2,0.0053931396,0
1537400460,Prod-EcsStagingCluster-EcsCluster-1AAGQRFIOE9AE,Service_beiakklem1vi3j5fejng,150,2,0.0041707729,0
1537406820,Prod-EcsStagingCluster-EcsCluster-1AAGQRFIOE9AE,Service_beiakklem1vi3j5fejng,150,2,0.0041388590,0
1537428000,Prod-EcsStagingCluster-EcsCluster-1AAGQRFIOE9AE,Service_beiakklem1vi3j5fejng,150,2,0.0050210590,0
1537421640,Prod-EcsStagingCluster-EcsCluster-1AAGQRFIOE9AE,Service_beiakklem1vi3j5fejng,150,2,0.0061027991,0
1537385520,Prod-EcsStagingCluster-EcsCluster-1AAGQRFIOE9AE,Service_beiakklem1vi3j5fejng,150,2,0.0056972769,0
1537379160,Prod-EcsStagingCluster-EcsCluster-1AAGQRFIOE9AE,Service_beiakklem1vi3j5fejng,150,2,0.0057891248,0
1537404600,Prod-EcsStagingCluster-EcsCluster-1AAGQRFIOE9AE,Service_beiakklem1vi3j5fejng,150,2,0.0042022434,0
1537410960,Prod-EcsStagingCluster-EcsCluster-1AAGQRFIOE9AE,Service_beiakklem1vi3j5fejng,150,2,0.0057021398,0
1537358880,Prod-EcsStagingCluster-EcsCluster-1AAGQRFIOE9AE,Service_beiakklem1vi3j5fejng,150,2,0.0051788464,0
1537349340,Prod-EcsStagingCluster-EcsCluster-1AAGQRFIOE9AE,Service_beiakklem1vi3j5fejng,150,2,0.0052780999,0
1537380120,Prod-EcsStagingCluster-EcsCluster-1AAGQRFIOE9AE,Service_beiakklem1vi3j5fejng,150,2,0.0054648248,0
1537383300,Prod-EcsStagingCluster-EcsCluster-1AAGQRFIOE9AE,Service_beiakklem1vi3j5fejng,150,2,0.0055901225,0
1537384320,Prod-EcsStagingCluster-EcsCluster-1AAGQRFIOE9AE,Service_beiakklem1vi3j5fejng,150,2,0.0054028831,0
1537374780,Prod-EcsStagingCluster-EcsCluster-1AAGQRFIOE9AE,Service_beiakklem1vi3j5fejng,150,2,0.0053678928,0
1537405560,Prod-EcsStagingCluster-EcsCluster-1AAGQRFIOE9AE,Service_beiakklem1vi3j5fejng,150,2,0.0054183237,0
1537408740,Prod-EcsStagingCluster-EcsCluster-1AAGQRFIOE9AE,Service_beiakklem1vi3j5fejng,150,2,0.0055887995,0
1537408620,Prod-EcsStagingCluster-EcsCluster-1AAGQRFIOE9AE,Service_beiakklem1vi3j5fejng,150,2,0.0058244702,0
1537418160,Prod-EcsStagingCluster-EcsCluster-1AAGQRFIOE9AE,Service_beiakklem1vi3j5fejng,150,2,0.0050644021,0
1537354440,Prod-EcsStagingCluster-EcsCluster-1AAGQRFIOE9AE,Service_beiakklem1vi3j5fejng,150,2,0.0058282026,0
1537357620,Prod-EcsStagingCluster-EcsCluster-1AAGQRFIOE9AE,Service_beiakklem1vi3j5fejng,150,2,0.0054315111,0
1537379880,Prod-EcsStagingCluster-EcsCluster-1AAGQRFIOE9AE,Service_beiakklem1vi3j5fejng,150,2,0.0056411385,0
1537383060,Prod-EcsStagingCluster-EcsCluster-1AAGQRFIOE9AE,Service_beiakklem1vi3j5fejng,150,2,0.0054881339,0
1537392480,Prod-EcsStagingCluster-EcsCluster-1AAGQRFIOE9AE,Service_beiakklem1vi3j5fejng,150,2,0.0055813460,0
1537382940,Prod-EcsStagingCluster-EcsCluster-1AAGQRFIOE9AE,Service_beiakklem1vi3j5fejng,150,2,0.0062613290,0
1537413720,Prod-EcsStagingCluster-EcsCluster-1AAGQRFIOE9AE,Service_beiakklem1vi3j5fejng,150,2,0.0053101818,0
1537416900,Prod-EcsStagingCluster-EcsCluster-1AAGQRFIOE9AE,Service_beiakklem1vi3j5fejng,150,2,0.0055421024,0
1537350000,Prod-EcsStagingCluster-EcsCluster-1AAGQRFIOE9AE,Service_beiakklem1vi3j5fejng,150,2,0.0067498062,0
1537417920,Prod-EcsStagingCluster-EcsCluster-1AAGQRFIOE9AE,Service_beiakklem1vi3j5fejng,150,2,0.0057050305,0
1537408380,Prod-EcsStagingCluster-EcsCluster-1AAGQRFIOE9AE,Service_beiakklem1vi3j5fejng,150,2,0.0056468204,0
1537375440,Prod-EcsStagingCluster-EcsCluster-1AAGQRFIOE9AE,Service_beiakklem1vi3j5fejng,150,2,0.0057238781,0
1537365900,Prod-EcsStagingCluster-EcsCluster-1AAGQRFIOE9AE,Service_beiakklem1vi3j5fejng,150,2,0.0056174050,0
1537376400,Prod-EcsStagingCluster-EcsCluster-1AAGQRFIOE9AE,Service_beiakklem1vi3j5fejng,150,2,0.0055485570,0
1537391220,Prod-EcsStagingCluster-EcsCluster-1AAGQRFIOE9AE,Service_beiakklem1vi3j5fejng,150,2,0.0054425841,0
1537348740,Prod-EcsStagingCluster-EcsCluster-1AAGQRFIOE9AE,Service_beiakklem1vi3j5fejng,150,2,0.0054405601,0
1537416660,Prod-EcsStagingCluster-EcsCluster-1AAGQRFIOE9AE,Service_beiakklem1vi3j5fejng,150,2,0.0058746419,0
1537374180,Prod-EcsStagingCluster-EcsCluster-1AAGQRFIOE9AE,Service_beiakklem1vi3j5fejng,150,2,0.0043490791,0
1537389000,Prod-EcsStagingCluster-EcsCluster-1AAGQRFIOE9AE,Service_beiakklem1vi3j5fejng,150,2,0.0059920804,0
1537346520,Prod-EcsStagingCluster-EcsCluster-1AAGQRFIOE9AE,Service_beiakklem1vi3j5fejng,150,2,0.0058075103,0
1537414440,Prod-EcsStagingCluster-EcsCluster-1AAGQRFIOE9AE,Service_beiakklem1vi3j5fejng,150,2,0.0058630021,0
1537371960,Prod-EcsStagingCluster-EcsCluster-1AAGQRFIOE9AE,Service_beiakklem1vi3j5fejng,150,2,0.0044772463,0
1537416540,Prod-EcsStagingCluster-EcsCluster-1AAGQRFIOE9AE,Service_beiakklem1vi3j5fejng,150,2,0.0060615696,0
1537350720,Prod-EcsStagingCluster-EcsCluster-1AAGQRFIOE9AE,Service_beiakklem1vi3j5fejng,150,2,0.0051809484,0
1537374060,Prod-EcsStagingCluster-EcsCluster-1AAGQRFIOE9AE,Service_beiakklem1vi3j5fejng,150,2,0.0038095818,0
1537399500,Prod-EcsStagingCluster-EcsCluster-1AAGQRFIOE9AE,Service_beiakklem1vi3j5fejng,150,2,0.0054532096,0
1537348500,Prod-EcsStagingCluster-EcsCluster-1AAGQRFIOE9AE,Service_beiakklem1vi3j5fejng,150,2,0.0065384589,0
1537427040,Prod-EcsStagingCluster-EcsCluster-1AAGQRFIOE9AE,Service_beiakklem1vi3j5fejng,150,2,0.0059677559,0
1537384560,Prod-EcsStagingCluster-EcsCluster-1AAGQRFIOE9AE,Service_beiakklem1vi3j5fejng,150,2,0.0057806879,0
1537410000,Prod-EcsStagingCluster-EcsCluster-1AAGQRFIOE9AE,Service_beiakklem1vi3j5fejng,150,2,0.0060390544,0
1537346280,Prod-EcsStagingCluster-EcsCluster-1AAGQRFIOE9AE,Service_beiakklem1vi3j5fejng,150,2,0.0053179763,0
1537424820,Prod-EcsStagingCluster-EcsCluster-1AAGQRFIOE9AE,Service_beiakklem1vi3j5fejng,150,2,0.0056136380,0
1537348380,Prod-EcsStagingCluster-EcsCluster-1AAGQRFIOE9AE,Service_beiakklem1vi3j5fejng,150,2,0.0056016752,0
1537382340,Prod-EcsStagingCluster-EcsCluster-1AAGQRFIOE9AE,Service_beiakklem1vi3j5fejng,150,2,0.0060795467,0
1537373820,Prod-EcsStagingCluster-EcsCluster-1AAGQRFIOE9AE,Service_beiakklem1vi3j5fejng,150,2,0.0046937328,0
1537407780,Prod-EcsStagingCluster-EcsCluster-1AAGQRFIOE9AE,Service_beiakklem1vi3j5fejng,150,2,0.0061062940,0
1537422600,Prod-EcsStagingCluster-EcsCluster-1AAGQRFIOE9AE,Service_beiakklem1vi3j5fejng,150,2,0.0057178400,0
1537407660,Prod-EcsStagingCluster-EcsCluster-1AAGQRFIOE9AE,Service_beiakklem1vi3j5fejng,150,2,0.0055466731,0
1537420380,Prod-EcsStagingCluster-EcsCluster-1AAGQRFIOE9AE,Service_beiakklem1vi3j5fejng,150,2,0.0058254887,0
1537387440,Prod-EcsStagingCluster-EcsCluster-1AAGQRFIOE9AE,Service_beiakklem1vi3j5fejng,150,2,0.0054493424,0
1537381080,Prod-EcsStagingCluster-EcsCluster-1AAGQRFIOE9AE,Service_beiakklem1vi3j5fejng,150,2,0.0048660505,0
1537384260,Prod-EcsStagingCluster-EcsCluster-1AAGQRFIOE9AE,Service_beiakklem1vi3j5fejng,150,2,0.0056500135,0
1537412880,Prod-EcsStagingCluster-EcsCluster-1AAGQRFIOE9AE,Service_beiakklem1vi3j5fejng,150,2,0.0055546162,0
1537406520,Prod-EcsStagingCluster-EcsCluster-1AAGQRFIOE9AE,Service_beiakklem1vi3j5fejng,150,2,0.0045047662,0
1537409700,Prod-EcsStagingCluster-EcsCluster-1AAGQRFIOE9AE,Service_beiakklem1vi3j5fejng,150,2,0.0054626367,0
1537391520,Prod-EcsStagingCluster-EcsCluster-1AAGQRFIOE9AE,Service_beiakklem1vi3j5fejng,150,2,0.0051304016,0
1537385160,Prod-EcsStagingCluster-EcsCluster-1AAGQRFIOE9AE,Service_beiakklem1vi3j5fejng,150,2,0.0054660039,0
1537388340,Prod-EcsStagingCluster-EcsCluster-1AAGQRFIOE9AE,Service_beiakklem1vi3j5fejng,150,2,0.0063033349,0
1537352220,Prod-EcsStagingCluster-EcsCluster-1AAGQRFIOE9AE,Service_beiakklem1vi3j5fejng,150,2,0.0056584571,0
1537416960,Prod-EcsStagingCluster-EcsCluster-1AAGQRFIOE9AE,Service_beiakklem1vi3j5fejng,150,2,0.0057129033,0
1537410600,Prod-EcsStagingCluster-EcsCluster-1AAGQRFIOE9AE,Service_beiakklem1vi3j5fejng,150,2,0.0063170847,0
1537413780,Prod-EcsStagingCluster-EcsCluster-1AAGQRFIOE9AE,Service_beiakklem1vi3j5fejng,150,2,0.0057411971,0
1537377660,Prod-EcsStagingCluster-EcsCluster-1AAGQRFIOE9AE,Service_beiakklem1vi3j5fejng,150,2,0.0061624988,0
1537364940,Prod-EcsStagingCluster-EcsCluster-1AAGQRFIOE9AE,Service_beiakklem1vi3j5fejng,150,2,0.0052971579,0
1537414680,Prod-EcsStagingCluster-EcsCluster-1AAGQRFIOE9AE,Service_beiakklem1vi3j5fejng,150,2,0.0060712437,0
1537417860,Prod-EcsStagingCluster-EcsCluster-1AAGQRFIOE9AE,Service_beiakklem1vi3j5fejng,150,2,0.0068080372,0
1537421040,Prod-EcsStagingCluster-EcsCluster-1AAGQRFIOE9AE,Service_beiakklem1vi3j5fejng,150,2,0.0059150018,0
1537345620,Prod-EcsStagingCluster-EcsCluster-1AAGQRFIOE9AE,Service_beiakklem1vi3j5fejng,150,2,0.0081371450,0
1537415640,Prod-EcsStagingCluster-EcsCluster-1AAGQRFIOE9AE,Service_beiakklem1vi3j5fejng,150,2,0.0059196911,0
1537422000,Prod-EcsStagingCluster-EcsCluster-1AAGQRFIOE9AE,Service_beiakklem1vi3j5fejng,150,2,0.0057426170,0
1537349760,Prod-EcsStagingCluster-EcsCluster-1AAGQRFIOE9AE,Service_beiakklem1vi3j5fejng,150,2,0.0055918132,0
1537373100,Prod-EcsStagingCluster-EcsCluster-1AAGQRFIOE9AE,Service_beiakklem1vi3j5fejng,150,2,0.0046995161,0
1537421940,Prod-EcsStagingCluster-EcsCluster-1AAGQRFIOE9AE,Service_beiakklem1vi3j5fejng,150,2,0.0056238997,0
1537398540,Prod-EcsStagingCluster-EcsCluster-1AAGQRFIOE9AE,Service_beiakklem1vi3j5fejng,150,2,0.0057010402,0
1537385820,Prod-EcsStagingCluster-EcsCluster-1AAGQRFIOE9AE,Service_beiakklem1vi3j5fejng,150,2,0.0055777517,0
1537349700,Prod-EcsStagingCluster-EcsCluster-1AAGQRFIOE9AE,Service_beiakklem1vi3j5fejng,150,2,0.0054965579,0
1537411260,Prod-EcsStagingCluster-EcsCluster-1AAGQRFIOE9AE,Service_beiakklem1vi3j5fejng,150,2,0.0062983697,0
1537375140,Prod-EcsStagingCluster-EcsCluster-1AAGQRFIOE9AE,Service_beiakklem1vi3j5fejng,150,2,0.0056218259,0
1537419720,Prod-EcsStagingCluster-EcsCluster-1AAGQRFIOE9AE,Service_beiakklem1vi3j5fejng,150,2,0.0054508512,0
1537426080,Prod-EcsStagingCluster-EcsCluster-1AAGQRFIOE9AE,Service_beiakklem1vi3j5fejng,150,2,0.0062975200,0
1537353840,Prod-EcsStagingCluster-EcsCluster-1AAGQRFIOE9AE,Service_beiakklem1vi3j5fejng,150,2,0.0053926906,0
1537347480,Prod-EcsStagingCluster-EcsCluster-1AAGQRFIOE9AE,Service_beiakklem1vi3j5fejng,150,2,0.0057255355,0
1537372920,Prod-EcsStagingCluster-EcsCluster-1AAGQRFIOE9AE,Service_beiakklem1vi3j5fejng,150,2,0.0042985270,0
1537379280,Prod-EcsStagingCluster-EcsCluster-1AAGQRFIOE9AE,Service_beiakklem1vi3j5fejng,150,2,0.0052969096,0
1537353780,Prod-EcsStagingCluster-EcsCluster-1AAGQRFIOE9AE,Service_beiakklem1vi3j5fejng,150,2,0.0054435962,0
1537379220,Prod-EcsStagingCluster-EcsCluster-1AAGQRFIOE9AE,Service_beiakklem1vi3j5fejng,150,2,0.0056930476,0
1537351560,Prod-EcsStagingCluster-EcsCluster-1AAGQRFIOE9AE,Service_beiakklem1vi3j5fejng,150,2,0.0056939838,0
1537357920,Prod-EcsStagingCluster-EcsCluster-1AAGQRFIOE9AE,Service_beiakklem1vi3j5fejng,150,2,0.0054271775,0
1537377000,Prod-EcsStagingCluster-EcsCluster-1AAGQRFIOE9AE,Service_beiakklem1vi3j5fejng,150,2,0.0055190918,0
1537383360,Prod-EcsStagingCluster-EcsCluster-1AAGQRFIOE9AE,Service_beiakklem1vi3j5fejng,150,2,0.0055656371,0
1537406700,Prod-EcsStagingCluster-EcsCluster-1AAGQRFIOE9AE,Service_beiakklem1vi3j5fejng,150,2,0.0040706250,0
1537419420,Prod-EcsStagingCluster-EcsCluster-1AAGQRFIOE9AE,Service_beiakklem1vi3j5fejng,150,2,0.0072257174,0
1537352520,Prod-EcsStagingCluster-EcsCluster-1AAGQRFIOE9AE,Service_beiakklem1vi3j5fejng,150,2,0.0055706935,0
1537355700,Prod-EcsStagingCluster-EcsCluster-1AAGQRFIOE9AE,Service_beiakklem1vi3j5fejng,150,2,0.0069513005,0
1537386480,Prod-EcsStagingCluster-EcsCluster-1AAGQRFIOE9AE,Service_beiakklem1vi3j5fejng,150,2,0.0049643555,0
1537377960,Prod-EcsStagingCluster-EcsCluster-1AAGQRFIOE9AE,Service_beiakklem1vi3j5fejng,150,2,0.0054615129,0
1537381140,Prod-EcsStagingCluster-EcsCluster-1AAGQRFIOE9AE,Service_beiakklem1vi3j5fejng,150,2,0.0056608459,0
1537411920,Prod-EcsStagingCluster-EcsCluster-1AAGQRFIOE9AE,Service_beiakklem1vi3j5fejng,150,2,0.0061669076,0
1537390560,Prod-EcsStagingCluster-EcsCluster-1AAGQRFIOE9AE,Service_beiakklem1vi3j5fejng,150,2,0.0055045857,0
1537351260,Prod-EcsStagingCluster-EcsCluster-1AAGQRFIOE9AE,Service_beiakklem1vi3j5fejng,150,2,0.0055982435,0
1537385220,Prod-EcsStagingCluster-EcsCluster-1AAGQRFIOE9AE,Service_beiakklem1vi3j5fejng,150,2,0.0058143732,0
1537382040,Prod-EcsStagingCluster-EcsCluster-1AAGQRFIOE9AE,Service_beiakklem1vi3j5fejng,150,2,0.0055561048,0
1537416000,Prod-EcsStagingCluster-EcsCluster-1AAGQRFIOE9AE,Service_beiakklem1vi3j5fejng,150,2,0.0058495984,0
1537376700,Prod-EcsStagingCluster-EcsCluster-1AAGQRFIOE9AE,Service_beiakklem1vi3j5fejng,150,2,0.0054757273,0
1537410660,Prod-EcsStagingCluster-EcsCluster-1AAGQRFIOE9AE,Service_beiakklem1vi3j5fejng,150,2,0.0061675727,0
1537363980,Prod-EcsStagingCluster-EcsCluster-1AAGQRFIOE9AE,Service_beiakklem1vi3j5fejng,150,2,0.0056048076,0
1537407480,Prod-EcsStagingCluster-EcsCluster-1AAGQRFIOE9AE,Service_beiakklem1vi3j5fejng,150,2,0.0055950624,0
1537389300,Prod-EcsStagingCluster-EcsCluster-1AAGQRFIOE9AE,Service_beiakklem1vi3j5fejng,150,2,0.0055971733,0
1537386120,Prod-EcsStagingCluster-EcsCluster-1AAGQRFIOE9AE,Service_beiakklem1vi3j5fejng,150,2,0.0058336433,0
1537420080,Prod-EcsStagingCluster-EcsCluster-1AAGQRFIOE9AE,Service_beiakklem1vi3j5fejng,150,2,0.0058667516,0
1537411560,Prod-EcsStagingCluster-EcsCluster-1AAGQRFIOE9AE,Service_beiakklem1vi3j5fejng,150,2,0.0057449592,0
1537414740,Prod-EcsStagingCluster-EcsCluster-1AAGQRFIOE9AE,Service_beiakklem1vi3j5fejng,150,2,0.0057014045,0
1537347840,Prod-EcsStagingCluster-EcsCluster-1AAGQRFIOE9AE,Service_beiakklem1vi3j5fejng,150,2,0.0053964450,0
1537348800,Prod-EcsStagingCluster-EcsCluster-1AAGQRFIOE9AE,Service_beiakklem1vi3j5fejng,150,2,0.0071242929,0
1537372140,Prod-EcsStagingCluster-EcsCluster-1AAGQRFIOE9AE,Service_beiakklem1vi3j5fejng,150,2,0.0044048770,0
1537397580,Prod-EcsStagingCluster-EcsCluster-1AAGQRFIOE9AE,Service_beiakklem1vi3j5fejng,150,2,0.0051661030,0
1537384860,Prod-EcsStagingCluster-EcsCluster-1AAGQRFIOE9AE,Service_beiakklem1vi3j5fejng,150,2,0.0055329564,0
1537418820,Prod-EcsStagingCluster-EcsCluster-1AAGQRFIOE9AE,Service_beiakklem1vi3j5fejng,150,2,0.0056580180,0
1537410300,Prod-EcsStagingCluster-EcsCluster-1AAGQRFIOE9AE,Service_beiakklem1vi3j5fejng,150,2,0.0056076532,0
1537346580,Prod-EcsStagingCluster-EcsCluster-1AAGQRFIOE9AE,Service_beiakklem1vi3j5fejng,150,2,0.0056234887,0
1537425120,Prod-EcsStagingCluster-EcsCluster-1AAGQRFIOE9AE,Service_beiakklem1vi3j5fejng,150,2,0.0059931945,0
1537416600,Prod-EcsStagingCluster-EcsCluster-1AAGQRFIOE9AE,Service_beiakklem1vi3j5fejng,150,2,0.0057270724,0
1537352880,Prod-EcsStagingCluster-EcsCluster-1AAGQRFIOE9AE,Service_beiakklem1vi3j5fejng,150,2,0.0055647701,0
1537378320,Prod-EcsStagingCluster-EcsCluster-1AAGQRFIOE9AE,Service_beiakklem1vi3j5fejng,150,2,0.0052349348,0
1537422900,Prod-EcsStagingCluster-EcsCluster-1AAGQRFIOE9AE,Service_beiakklem1vi3j5fejng,150,2,0.0046311920,0
1537350660,Prod-EcsStagingCluster-EcsCluster-1AAGQRFIOE9AE,Service_beiakklem1vi3j5fejng,150,2,0.0051857256,0
1537376100,Prod-EcsStagingCluster-EcsCluster-1AAGQRFIOE9AE,Service_beiakklem1vi3j5fejng,150,2,0.0052454981,0
1537420680,Prod-EcsStagingCluster-EcsCluster-1AAGQRFIOE9AE,Service_beiakklem1vi3j5fejng,150,2,0.0053241573,0
1537356960,Prod-EcsStagingCluster-EcsCluster-1AAGQRFIOE9AE,Service_beiakklem1vi3j5fejng,150,2,0.0054967339,0
1537348440,Prod-EcsStagingCluster-EcsCluster-1AAGQRFIOE9AE,Service_beiakklem1vi3j5fejng,150,2,0.0053898661,0
1537382400,Prod-EcsStagingCluster-EcsCluster-1AAGQRFIOE9AE,Service_beiakklem1vi3j5fejng,150,2,0.0059240609,0
1537405740,Prod-EcsStagingCluster-EcsCluster-1AAGQRFIOE9AE,Service_beiakklem1vi3j5fejng,150,2,0.0040785463,0
1537373880,Prod-EcsStagingCluster-EcsCluster-1AAGQRFIOE9AE,Service_beiakklem1vi3j5fejng,150,2,0.0043395616,0
1537431180,Prod-EcsStagingCluster-EcsCluster-1AAGQRFIOE9AE,Service_beiakklem1vi3j5fejng,150,2,0.0055029464,0
1537418460,Prod-EcsStagingCluster-EcsCluster-1AAGQRFIOE9AE,Service_beiakklem1vi3j5fejng,150,2,0.0058010029,0
1537354740,Prod-EcsStagingCluster-EcsCluster-1AAGQRFIOE9AE,Service_beiakklem1vi3j5fejng,150,2,0.0056627180,0
1537380180,Prod-EcsStagingCluster-EcsCluster-1AAGQRFIOE9AE,Service_beiakklem1vi3j5fejng,150,2,0.0054106710,0
1537380060,Prod-EcsStagingCluster-EcsCluster-1AAGQRFIOE9AE,Service_beiakklem1vi3j5fejng,150,2,0.0053395823,0
1537383240,Prod-EcsStagingCluster-EcsCluster-1AAGQRFIOE9AE,Service_beiakklem1vi3j5fejng,150,2,0.0055103787,0
1537386420,Prod-EcsStagingCluster-EcsCluster-1AAGQRFIOE9AE,Service_beiakklem1vi3j5fejng,150,2,0.0054021302,0
1537389600,Prod-EcsStagingCluster-EcsCluster-1AAGQRFIOE9AE,Service_beiakklem1vi3j5fejng,150,2,0.0054491299,0
1537366200,Prod-EcsStagingCluster-EcsCluster-1AAGQRFIOE9AE,Service_beiakklem1vi3j5fejng,150,2,0.0053336321,0
1537369380,Prod-EcsStagingCluster-EcsCluster-1AAGQRFIOE9AE,Service_beiakklem1vi3j5fejng,150,2,0.0048293426,0
1537372560,Prod-EcsStagingCluster-EcsCluster-1AAGQRFIOE9AE,Service_beiakklem1vi3j5fejng,150,2,0.0040942099,0
1537345980,Prod-EcsStagingCluster-EcsCluster-1AAGQRFIOE9AE,Service_beiakklem1vi3j5fejng,150,2,0.0082860613,0
1537349160,Prod-EcsStagingCluster-EcsCluster-1AAGQRFIOE9AE,Service_beiakklem1vi3j5fejng,150,2,0.0056313375,0
1537352340,Prod-EcsStagingCluster-EcsCluster-1AAGQRFIOE9AE,Service_beiakklem1vi3j5fejng,150,2,0.0058339191,0
1537355520,Prod-EcsStagingCluster-EcsCluster-1AAGQRFIOE9AE,Service_beiakklem1vi3j5fejng,150,2,0.0053629114,0
1537386180,Prod-EcsStagingCluster-EcsCluster-1AAGQRFIOE9AE,Service_beiakklem1vi3j5fejng,150,2,0.0060476205,0
1537389360,Prod-EcsStagingCluster-EcsCluster-1AAGQRFIOE9AE,Service_beiakklem1vi3j5fejng,150,2,0.0053857964,0
1537383000,Prod-EcsStagingCluster-EcsCluster-1AAGQRFIOE9AE,Service_beiakklem1vi3j5fejng,150,2,0.0053374337,0
1537405260,Prod-EcsStagingCluster-EcsCluster-1AAGQRFIOE9AE,Service_beiakklem1vi3j5fejng,150,2,0.0040910661,0
1537413660,Prod-EcsStagingCluster-EcsCluster-1AAGQRFIOE9AE,Service_beiakklem1vi3j5fejng,150,2,0.0053108445,0
1537371180,Prod-EcsStagingCluster-EcsCluster-1AAGQRFIOE9AE,Service_beiakklem1vi3j5fejng,150,2,0.0040751538,0
1537416840,Prod-EcsStagingCluster-EcsCluster-1AAGQRFIOE9AE,Service_beiakklem1vi3j5fejng,150,2,0.0058667665,0
1537420020,Prod-EcsStagingCluster-EcsCluster-1AAGQRFIOE9AE,Service_beiakklem1vi3j5fejng,150,2,0.0053257247,0
1537423200,Prod-EcsStagingCluster-EcsCluster-1AAGQRFIOE9AE,Service_beiakklem1vi3j5fejng,150,2,0.0056837317,0
1537399800,Prod-EcsStagingCluster-EcsCluster-1AAGQRFIOE9AE,Service_beiakklem1vi3j5fejng,150,2,0.0056511468,0
1537402980,Prod-EcsStagingCluster-EcsCluster-1AAGQRFIOE9AE,Service_beiakklem1vi3j5fejng,150,2,0.0060246579,0
1537406160,Prod-EcsStagingCluster-EcsCluster-1AAGQRFIOE9AE,Service_beiakklem1vi3j5fejng,150,2,0.0040550292,0
1537379580,Prod-EcsStagingCluster-EcsCluster-1AAGQRFIOE9AE,Service_beiakklem1vi3j5fejng,150,2,0.0057046001,0
1537385940,Prod-EcsStagingCluster-EcsCluster-1AAGQRFIOE9AE,Service_beiakklem1vi3j5fejng,150,2,0.0054109477,0
1537417800,Prod-EcsStagingCluster-EcsCluster-1AAGQRFIOE9AE,Service_beiakklem1vi3j5fejng,150,2,0.0056561565,0
1537424160,Prod-EcsStagingCluster-EcsCluster-1AAGQRFIOE9AE,Service_beiakklem1vi3j5fejng,150,2,0.0056521577,0
1537400760,Prod-EcsStagingCluster-EcsCluster-1AAGQRFIOE9AE,Service_beiakklem1vi3j5fejng,150,2,0.0040356791,0
1537407120,Prod-EcsStagingCluster-EcsCluster-1AAGQRFIOE9AE,Service_beiakklem1vi3j5fejng,150,2,0.0044858309,0
1537383720,Prod-EcsStagingCluster-EcsCluster-1AAGQRFIOE9AE,Service_beiakklem1vi3j5fejng,150,2,0.0056973220,0
1537351860,Prod-EcsStagingCluster-EcsCluster-1AAGQRFIOE9AE,Service_beiakklem1vi3j5fejng,150,2,0.0046534034,0
1537345500,Prod-EcsStagingCluster-EcsCluster-1AAGQRFIOE9AE,Service_beiakklem1vi3j5fejng,150,2,0.0078276823,0
1537390080,Prod-EcsStagingCluster-EcsCluster-1AAGQRFIOE9AE,Service_beiakklem1vi3j5fejng,150,2,0.0056488584,0
1537419780,Prod-EcsStagingCluster-EcsCluster-1AAGQRFIOE9AE,Service_beiakklem1vi3j5fejng,150,2,0.0055393308,0
1537356000,Prod-EcsStagingCluster-EcsCluster-1AAGQRFIOE9AE,Service_beiakklem1vi3j5fejng,150,2,0.0054499962,0
1537423920,Prod-EcsStagingCluster-EcsCluster-1AAGQRFIOE9AE,Service_beiakklem1vi3j5fejng,150,2,0.0052437559,0
1537349640,Prod-EcsStagingCluster-EcsCluster-1AAGQRFIOE9AE,Service_beiakklem1vi3j5fejng,150,2,0.0052755746,0
1537417560,Prod-EcsStagingCluster-EcsCluster-1AAGQRFIOE9AE,Service_beiakklem1vi3j5fejng,150,2,0.0062044021,0
1537404780,Prod-EcsStagingCluster-EcsCluster-1AAGQRFIOE9AE,Service_beiakklem1vi3j5fejng,150,2,0.0028551926,0
1537351620,Prod-EcsStagingCluster-EcsCluster-1AAGQRFIOE9AE,Service_beiakklem1vi3j5fejng,150,2,0.0051683810,0
1537419540,Prod-EcsStagingCluster-EcsCluster-1AAGQRFIOE9AE,Service_beiakklem1vi3j5fejng,150,2,0.0063193959,0
1537413180,Prod-EcsStagingCluster-EcsCluster-1AAGQRFIOE9AE,Service_beiakklem1vi3j5fejng,150,2,0.0054536289,0
1537370700,Prod-EcsStagingCluster-EcsCluster-1AAGQRFIOE9AE,Service_beiakklem1vi3j5fejng,150,2,0.0040975010,0
1537355760,Prod-EcsStagingCluster-EcsCluster-1AAGQRFIOE9AE,Service_beiakklem1vi3j5fejng,150,2,0.0052045729,0
1537349400,Prod-EcsStagingCluster-EcsCluster-1AAGQRFIOE9AE,Service_beiakklem1vi3j5fejng,150,2,0.0050161474,0
1537417320,Prod-EcsStagingCluster-EcsCluster-1AAGQRFIOE9AE,Service_beiakklem1vi3j5fejng,150,2,0.0057870051,0
1537423680,Prod-EcsStagingCluster-EcsCluster-1AAGQRFIOE9AE,Service_beiakklem1vi3j5fejng,150,2,0.0060408072,0
1537379100,Prod-EcsStagingCluster-EcsCluster-1AAGQRFIOE9AE,Service_beiakklem1vi3j5fejng,150,2,0.0052981455,0
1537385460,Prod-EcsStagingCluster-EcsCluster-1AAGQRFIOE9AE,Service_beiakklem1vi3j5fejng,150,2,0.0056194708,0
1537353540,Prod-EcsStagingCluster-EcsCluster-1AAGQRFIOE9AE,Service_beiakklem1vi3j5fejng,150,2,0.0055000384,0
1537350360,Prod-EcsStagingCluster-EcsCluster-1AAGQRFIOE9AE,Service_beiakklem1vi3j5fejng,150,2,0.0059000921,0
1537418280,Prod-EcsStagingCluster-EcsCluster-1AAGQRFIOE9AE,Service_beiakklem1vi3j5fejng,150,2,0.0058219226,0
1537421460,Prod-EcsStagingCluster-EcsCluster-1AAGQRFIOE9AE,Service_beiakklem1vi3j5fejng,150,2,0.0054640789,0
1537371600,Prod-EcsStagingCluster-EcsCluster-1AAGQRFIOE9AE,Service_beiakklem1vi3j5fejng,150,2,0.0044809547,0
1537354560,Prod-EcsStagingCluster-EcsCluster-1AAGQRFIOE9AE,Service_beiakklem1vi3j5fejng,150,2,0.0054370696,0
1537384200,Prod-EcsStagingCluster-EcsCluster-1AAGQRFIOE9AE,Service_beiakklem1vi3j5fejng,150,2,0.0058153357,0
1537387380,Prod-EcsStagingCluster-EcsCluster-1AAGQRFIOE9AE,Service_beiakklem1vi3j5fejng,150,2,0.0056887105,0
1537388400,Prod-EcsStagingCluster-EcsCluster-1AAGQRFIOE9AE,Service_beiakklem1vi3j5fejng,150,2,0.0056117265,0
1537367160,Prod-EcsStagingCluster-EcsCluster-1AAGQRFIOE9AE,Service_beiakklem1vi3j5fejng,150,2,0.0053312316,0
1537370340,Prod-EcsStagingCluster-EcsCluster-1AAGQRFIOE9AE,Service_beiakklem1vi3j5fejng,150,2,0.0060849906,0
1537404300,Prod-EcsStagingCluster-EcsCluster-1AAGQRFIOE9AE,Service_beiakklem1vi3j5fejng,150,2,0.0039852943,0
1537412700,Prod-EcsStagingCluster-EcsCluster-1AAGQRFIOE9AE,Service_beiakklem1vi3j5fejng,150,2,0.0055602709,0
1537350120,Prod-EcsStagingCluster-EcsCluster-1AAGQRFIOE9AE,Service_beiakklem1vi3j5fejng,150,2,0.0057196661,0
1537353300,Prod-EcsStagingCluster-EcsCluster-1AAGQRFIOE9AE,Service_beiakklem1vi3j5fejng,150,2,0.0055544401,0
1537370220,Prod-EcsStagingCluster-EcsCluster-1AAGQRFIOE9AE,Service_beiakklem1vi3j5fejng,150,2,0.0053696168,0
1537422240,Prod-EcsStagingCluster-EcsCluster-1AAGQRFIOE9AE,Service_beiakklem1vi3j5fejng,150,2,0.0051955191,0
1537383960,Prod-EcsStagingCluster-EcsCluster-1AAGQRFIOE9AE,Service_beiakklem1vi3j5fejng,150,2,0.0056523654,0
1537387140,Prod-EcsStagingCluster-EcsCluster-1AAGQRFIOE9AE,Service_beiakklem1vi3j5fejng,150,2,0.0060041915,0
1537405200,Prod-EcsStagingCluster-EcsCluster-1AAGQRFIOE9AE,Service_beiakklem1vi3j5fejng,150,2,0.0042147209,0
1537378620,Prod-EcsStagingCluster-EcsCluster-1AAGQRFIOE9AE,Service_beiakklem1vi3j5fejng,150,2,0.0059128410,0
1537388160,Prod-EcsStagingCluster-EcsCluster-1AAGQRFIOE9AE,Service_beiakklem1vi3j5fejng,150,2,0.0058471589,0
1537420980,Prod-EcsStagingCluster-EcsCluster-1AAGQRFIOE9AE,Service_beiakklem1vi3j5fejng,150,2,0.0060263468,0
1537389120,Prod-EcsStagingCluster-EcsCluster-1AAGQRFIOE9AE,Service_beiakklem1vi3j5fejng,150,2,0.0059314565,0
1537403940,Prod-EcsStagingCluster-EcsCluster-1AAGQRFIOE9AE,Service_beiakklem1vi3j5fejng,150,2,0.0027656233,0
1537386900,Prod-EcsStagingCluster-EcsCluster-1AAGQRFIOE9AE,Service_beiakklem1vi3j5fejng,150,2,0.0060862069,0
1537418760,Prod-EcsStagingCluster-EcsCluster-1AAGQRFIOE9AE,Service_beiakklem1vi3j5fejng,150,2,0.0060136061,0
1537355040,Prod-EcsStagingCluster-EcsCluster-1AAGQRFIOE9AE,Service_beiakklem1vi3j5fejng,150,2,0.0053998962,0
1537422960,Prod-EcsStagingCluster-EcsCluster-1AAGQRFIOE9AE,Service_beiakklem1vi3j5fejng,150,2,0.0057172701,0
1537403820,Prod-EcsStagingCluster-EcsCluster-1AAGQRFIOE9AE,Service_beiakklem1vi3j5fejng,150,2,0.0046600174,0
1537401720,Prod-EcsStagingCluster-EcsCluster-1AAGQRFIOE9AE,Service_beiakklem1vi3j5fejng,150,2,0.0040502090,0
1537384680,Prod-EcsStagingCluster-EcsCluster-1AAGQRFIOE9AE,Service_beiakklem1vi3j5fejng,150,2,0.0053550854,0
1537352820,Prod-EcsStagingCluster-EcsCluster-1AAGQRFIOE9AE,Service_beiakklem1vi3j5fejng,150,2,0.0071440031,0
1537420740,Prod-EcsStagingCluster-EcsCluster-1AAGQRFIOE9AE,Service_beiakklem1vi3j5fejng,150,2,0.0056151458,0
1537412220,Prod-EcsStagingCluster-EcsCluster-1AAGQRFIOE9AE,Service_beiakklem1vi3j5fejng,150,2,0.0051138683,0
1537369740,Prod-EcsStagingCluster-EcsCluster-1AAGQRFIOE9AE,Service_beiakklem1vi3j5fejng,150,2,0.0059512195,0
1537350600,Prod-EcsStagingCluster-EcsCluster-1AAGQRFIOE9AE,Service_beiakklem1vi3j5fejng,150,2,0.0057806761,0
1537418520,Prod-EcsStagingCluster-EcsCluster-1AAGQRFIOE9AE,Service_beiakklem1vi3j5fejng,150,2,0.0058204366,0
1537354800,Prod-EcsStagingCluster-EcsCluster-1AAGQRFIOE9AE,Service_beiakklem1vi3j5fejng,150,2,0.0062595101,0
1537422720,Prod-EcsStagingCluster-EcsCluster-1AAGQRFIOE9AE,Service_beiakklem1vi3j5fejng,150,2,0.0059028332,0
1537378140,Prod-EcsStagingCluster-EcsCluster-1AAGQRFIOE9AE,Service_beiakklem1vi3j5fejng,150,2,0.0050973329,0
1537352580,Prod-EcsStagingCluster-EcsCluster-1AAGQRFIOE9AE,Service_beiakklem1vi3j5fejng,150,2,0.0050046017,0
1537420500,Prod-EcsStagingCluster-EcsCluster-1AAGQRFIOE9AE,Service_beiakklem1vi3j5fejng,150,2,0.0057358629,0
1537388640,Prod-EcsStagingCluster-EcsCluster-1AAGQRFIOE9AE,Service_beiakklem1vi3j5fejng,150,2,0.0055153460,0
1537350420,Prod-EcsStagingCluster-EcsCluster-1AAGQRFIOE9AE,Service_beiakklem1vi3j5fejng,150,2,0.0059436303,0
1537353600,Prod-EcsStagingCluster-EcsCluster-1AAGQRFIOE9AE,Service_beiakklem1vi3j5fejng,150,2,0.0068787357,0
1537351320,Prod-EcsStagingCluster-EcsCluster-1AAGQRFIOE9AE,Service_beiakklem1vi3j5fejng,150,2,0.0055553694,0
1537354500,Prod-EcsStagingCluster-EcsCluster-1AAGQRFIOE9AE,Service_beiakklem1vi3j5fejng,150,2,0.0060376753,0
1537416060,Prod-EcsStagingCluster-EcsCluster-1AAGQRFIOE9AE,Service_beiakklem1vi3j5fejng,150,2,0.0058719618,0
1537403340,Prod-EcsStagingCluster-EcsCluster-1AAGQRFIOE9AE,Service_beiakklem1vi3j5fejng,150,2,0.0049589716,0
1537357680,Prod-EcsStagingCluster-EcsCluster-1AAGQRFIOE9AE,Service_beiakklem1vi3j5fejng,150,2,0.0055229851,0
1537414920,Prod-EcsStagingCluster-EcsCluster-1AAGQRFIOE9AE,Service_beiakklem1vi3j5fejng,150,2,0.0052889048,0
1537369260,Prod-EcsStagingCluster-EcsCluster-1AAGQRFIOE9AE,Service_beiakklem1vi3j5fejng,150,2,0.0056766393,0
1537418100,Prod-EcsStagingCluster-EcsCluster-1AAGQRFIOE9AE,Service_beiakklem1vi3j5fejng,150,2,0.0054209301,0
1537421280,Prod-EcsStagingCluster-EcsCluster-1AAGQRFIOE9AE,Service_beiakklem1vi3j5fejng,150,2,0.0057722585,0
1537381980,Prod-EcsStagingCluster-EcsCluster-1AAGQRFIOE9AE,Service_beiakklem1vi3j5fejng,150,2,0.0059448639,0
1537374480,Prod-EcsStagingCluster-EcsCluster-1AAGQRFIOE9AE,Service_beiakklem1vi3j5fejng,150,2,0.0055469182,0
1537380840,Prod-EcsStagingCluster-EcsCluster-1AAGQRFIOE9AE,Service_beiakklem1vi3j5fejng,150,2,0.0053605994,0
1537384020,Prod-EcsStagingCluster-EcsCluster-1AAGQRFIOE9AE,Service_beiakklem1vi3j5fejng,150,2,0.0044848657,0
1537387200,Prod-EcsStagingCluster-EcsCluster-1AAGQRFIOE9AE,Service_beiakklem1vi3j5fejng,150,2,0.0053653449,0
1537368120,Prod-EcsStagingCluster-EcsCluster-1AAGQRFIOE9AE,Service_beiakklem1vi3j5fejng,150,2,0.0054912305,0
1537371300,Prod-EcsStagingCluster-EcsCluster-1AAGQRFIOE9AE,Service_beiakklem1vi3j5fejng,150,2,0.0043140981,0
1537347900,Prod-EcsStagingCluster-EcsCluster-1AAGQRFIOE9AE,Service_beiakklem1vi3j5fejng,150,2,0.0054675347,0
1537353120,Prod-EcsStagingCluster-EcsCluster-1AAGQRFIOE9AE,Service_beiakklem1vi3j5fejng,150,2,0.0056331945,0
1537346760,Prod-EcsStagingCluster-EcsCluster-1AAGQRFIOE9AE,Service_beiakklem1vi3j5fejng,150,2,0.0052777903,0
1537349940,Prod-EcsStagingCluster-EcsCluster-1AAGQRFIOE9AE,Service_beiakklem1vi3j5fejng,150,2,0.0055070120,0
1537384920,Prod-EcsStagingCluster-EcsCluster-1AAGQRFIOE9AE,Service_beiakklem1vi3j5fejng,150,2,0.0052715222,0
1537388100,Prod-EcsStagingCluster-EcsCluster-1AAGQRFIOE9AE,Service_beiakklem1vi3j5fejng,150,2,0.0062457642,0
1537391280,Prod-EcsStagingCluster-EcsCluster-1AAGQRFIOE9AE,Service_beiakklem1vi3j5fejng,150,2,0.0051464016,0
1537354080,Prod-EcsStagingCluster-EcsCluster-1AAGQRFIOE9AE,Service_beiakklem1vi3j5fejng,150,2,0.0056210153,0
1537347720,Prod-EcsStagingCluster-EcsCluster-1AAGQRFIOE9AE,Service_beiakklem1vi3j5fejng,150,2,0.0057716462,0
1537385880,Prod-EcsStagingCluster-EcsCluster-1AAGQRFIOE9AE,Service_beiakklem1vi3j5fejng,150,2,0.0055238439,0
1537392240,Prod-EcsStagingCluster-EcsCluster-1AAGQRFIOE9AE,Service_beiakklem1vi3j5fejng,150,2,0.0057574783,0
1537402860,Prod-EcsStagingCluster-EcsCluster-1AAGQRFIOE9AE,Service_beiakklem1vi3j5fejng,150,2,0.0053923680,0
1537415580,Prod-EcsStagingCluster-EcsCluster-1AAGQRFIOE9AE,Service_beiakklem1vi3j5fejng,150,2,0.0060848885,0
1537417620,Prod-EcsStagingCluster-EcsCluster-1AAGQRFIOE9AE,Service_beiakklem1vi3j5fejng,150,2,0.0060427685,0
1537404900,Prod-EcsStagingCluster-EcsCluster-1AAGQRFIOE9AE,Service_beiakklem1vi3j5fejng,150,2,0.0041342500,0
1537381500,Prod-EcsStagingCluster-EcsCluster-1AAGQRFIOE9AE,Service_beiakklem1vi3j5fejng,150,2,0.0058667850,0
1537368780,Prod-EcsStagingCluster-EcsCluster-1AAGQRFIOE9AE,Service_beiakklem1vi3j5fejng,150,2,0.0057050683,0
1537415400,Prod-EcsStagingCluster-EcsCluster-1AAGQRFIOE9AE,Service_beiakklem1vi3j5fejng,150,2,0.0061337248,0
1537421760,Prod-EcsStagingCluster-EcsCluster-1AAGQRFIOE9AE,Service_beiakklem1vi3j5fejng,150,2,0.0061023606,0
1537402680,Prod-EcsStagingCluster-EcsCluster-1AAGQRFIOE9AE,Service_beiakklem1vi3j5fejng,150,2,0.0049211945,0
1537409040,Prod-EcsStagingCluster-EcsCluster-1AAGQRFIOE9AE,Service_beiakklem1vi3j5fejng,150,2,0.0054498860,0
1537383540,Prod-EcsStagingCluster-EcsCluster-1AAGQRFIOE9AE,Service_beiakklem1vi3j5fejng,150,2,0.0055415315,0
1537347420,Prod-EcsStagingCluster-EcsCluster-1AAGQRFIOE9AE,Service_beiakklem1vi3j5fejng,150,2,0.0057351966,0
1537421700,Prod-EcsStagingCluster-EcsCluster-1AAGQRFIOE9AE,Service_beiakklem1vi3j5fejng,150,2,0.0055625064,0
1537381320,Prod-EcsStagingCluster-EcsCluster-1AAGQRFIOE9AE,Service_beiakklem1vi3j5fejng,150,2,0.0056587238,0
1537387680,Prod-EcsStagingCluster-EcsCluster-1AAGQRFIOE9AE,Service_beiakklem1vi3j5fejng,150,2,0.0056512221,0
1537425840,Prod-EcsStagingCluster-EcsCluster-1AAGQRFIOE9AE,Service_beiakklem1vi3j5fejng,150,2,0.0059395624,0
1537349460,Prod-EcsStagingCluster-EcsCluster-1AAGQRFIOE9AE,Service_beiakklem1vi3j5fejng,150,2,0.0059010201,0
1537419480,Prod-EcsStagingCluster-EcsCluster-1AAGQRFIOE9AE,Service_beiakklem1vi3j5fejng,150,2,0.0054253411,0
1537347240,Prod-EcsStagingCluster-EcsCluster-1AAGQRFIOE9AE,Service_beiakklem1vi3j5fejng,150,2,0.0058971465,0
1537423620,Prod-EcsStagingCluster-EcsCluster-1AAGQRFIOE9AE,Service_beiakklem1vi3j5fejng,150,2,0.0057795290,0
1537420440,Prod-EcsStagingCluster-EcsCluster-1AAGQRFIOE9AE,Service_beiakklem1vi3j5fejng,150,2,0.0056316551,0
1537356720,Prod-EcsStagingCluster-EcsCluster-1AAGQRFIOE9AE,Service_beiakklem1vi3j5fejng,150,2,0.0055943902,0
1537415100,Prod-EcsStagingCluster-EcsCluster-1AAGQRFIOE9AE,Service_beiakklem1vi3j5fejng,150,2,0.0056825010,0
1537402380,Prod-EcsStagingCluster-EcsCluster-1AAGQRFIOE9AE,Service_beiakklem1vi3j5fejng,150,2,0.0038294255,0
1537348200,Prod-EcsStagingCluster-EcsCluster-1AAGQRFIOE9AE,Service_beiakklem1vi3j5fejng,150,2,0.0060290236,0
1537351380,Prod-EcsStagingCluster-EcsCluster-1AAGQRFIOE9AE,Service_beiakklem1vi3j5fejng,150,2,0.0068642258,0
1537368300,Prod-EcsStagingCluster-EcsCluster-1AAGQRFIOE9AE,Service_beiakklem1vi3j5fejng,150,2,0.0055955069,0
1537420320,Prod-EcsStagingCluster-EcsCluster-1AAGQRFIOE9AE,Service_beiakklem1vi3j5fejng,150,2,0.0059323147,0
1537381020,Prod-EcsStagingCluster-EcsCluster-1AAGQRFIOE9AE,Service_beiakklem1vi3j5fejng,150,2,0.0057591327,0
1537352280,Prod-EcsStagingCluster-EcsCluster-1AAGQRFIOE9AE,Service_beiakklem1vi3j5fejng,150,2,0.0053355344,0
1537355460,Prod-EcsStagingCluster-EcsCluster-1AAGQRFIOE9AE,Service_beiakklem1vi3j5fejng,150,2,0.0053830861,0
1537386240,Prod-EcsStagingCluster-EcsCluster-1AAGQRFIOE9AE,Service_beiakklem1vi3j5fejng,150,2,0.0063039642,0
1537373520,Prod-EcsStagingCluster-EcsCluster-1AAGQRFIOE9AE,Service_beiakklem1vi3j5fejng,150,2,0.0045727342,0
1537346940,Prod-EcsStagingCluster-EcsCluster-1AAGQRFIOE9AE,Service_beiakklem1vi3j5fejng,150,2,0.0056145040,0
1537415880,Prod-EcsStagingCluster-EcsCluster-1AAGQRFIOE9AE,Service_beiakklem1vi3j5fejng,150,2,0.0059235584,0
1537419060,Prod-EcsStagingCluster-EcsCluster-1AAGQRFIOE9AE,Service_beiakklem1vi3j5fejng,150,2,0.0058586420,0
1537352160,Prod-EcsStagingCluster-EcsCluster-1AAGQRFIOE9AE,Service_beiakklem1vi3j5fejng,150,2,0.0055675124,0
1537390320,Prod-EcsStagingCluster-EcsCluster-1AAGQRFIOE9AE,Service_beiakklem1vi3j5fejng,150,2,0.0056310199,0
1537381800,Prod-EcsStagingCluster-EcsCluster-1AAGQRFIOE9AE,Service_beiakklem1vi3j5fejng,150,2,0.0048236198,0
1537384980,Prod-EcsStagingCluster-EcsCluster-1AAGQRFIOE9AE,Service_beiakklem1vi3j5fejng,150,2,0.0054350802,0
1537369080,Prod-EcsStagingCluster-EcsCluster-1AAGQRFIOE9AE,Service_beiakklem1vi3j5fejng,150,2,0.0047183836,0
1537372260,Prod-EcsStagingCluster-EcsCluster-1AAGQRFIOE9AE,Service_beiakklem1vi3j5fejng,150,2,0.0042466516,0
1537401900,Prod-EcsStagingCluster-EcsCluster-1AAGQRFIOE9AE,Service_beiakklem1vi3j5fejng,150,2,0.0041020467,0
1537414620,Prod-EcsStagingCluster-EcsCluster-1AAGQRFIOE9AE,Service_beiakklem1vi3j5fejng,150,2,0.0055429722,0
1537382760,Prod-EcsStagingCluster-EcsCluster-1AAGQRFIOE9AE,Service_beiakklem1vi3j5fejng,150,2,0.0058716598,0
1537370040,Prod-EcsStagingCluster-EcsCluster-1AAGQRFIOE9AE,Service_beiakklem1vi3j5fejng,150,2,0.0052585062,0
1537350900,Prod-EcsStagingCluster-EcsCluster-1AAGQRFIOE9AE,Service_beiakklem1vi3j5fejng,150,2,0.0055152022,0
1537389060,Prod-EcsStagingCluster-EcsCluster-1AAGQRFIOE9AE,Service_beiakklem1vi3j5fejng,150,2,0.0052568844,0
1537380540,Prod-EcsStagingCluster-EcsCluster-1AAGQRFIOE9AE,Service_beiakklem1vi3j5fejng,150,2,0.0055538473,0
1537367820,Prod-EcsStagingCluster-EcsCluster-1AAGQRFIOE9AE,Service_beiakklem1vi3j5fejng,150,2,0.0054860740,0
1537348680,Prod-EcsStagingCluster-EcsCluster-1AAGQRFIOE9AE,Service_beiakklem1vi3j5fejng,150,2,0.0054851983,0
1537386840,Prod-EcsStagingCluster-EcsCluster-1AAGQRFIOE9AE,Service_beiakklem1vi3j5fejng,150,2,0.0056105381,0
1537420800,Prod-EcsStagingCluster-EcsCluster-1AAGQRFIOE9AE,Service_beiakklem1vi3j5fejng,150,2,0.0061051828,0
1537408080,Prod-EcsStagingCluster-EcsCluster-1AAGQRFIOE9AE,Service_beiakklem1vi3j5fejng,150,2,0.0058303465,0
1537346460,Prod-EcsStagingCluster-EcsCluster-1AAGQRFIOE9AE,Service_beiakklem1vi3j5fejng,150,2,0.0072387711,0
1537418580,Prod-EcsStagingCluster-EcsCluster-1AAGQRFIOE9AE,Service_beiakklem1vi3j5fejng,150,2,0.0073198693,0
1537405860,Prod-EcsStagingCluster-EcsCluster-1AAGQRFIOE9AE,Service_beiakklem1vi3j5fejng,150,2,0.0038471045,0
1537386720,Prod-EcsStagingCluster-EcsCluster-1AAGQRFIOE9AE,Service_beiakklem1vi3j5fejng,150,2,0.0050671779,0
1537424880,Prod-EcsStagingCluster-EcsCluster-1AAGQRFIOE9AE,Service_beiakklem1vi3j5fejng,150,2,0.0056718234,0
1537416360,Prod-EcsStagingCluster-EcsCluster-1AAGQRFIOE9AE,Service_beiakklem1vi3j5fejng,150,2,0.0055769968,0
1537403640,Prod-EcsStagingCluster-EcsCluster-1AAGQRFIOE9AE,Service_beiakklem1vi3j5fejng,150,2,0.0054357874,0
1537384500,Prod-EcsStagingCluster-EcsCluster-1AAGQRFIOE9AE,Service_beiakklem1vi3j5fejng,150,2,0.0053634727,0
1537422660,Prod-EcsStagingCluster-EcsCluster-1AAGQRFIOE9AE,Service_beiakklem1vi3j5fejng,150,2,0.0060181057,0
1537352640,Prod-EcsStagingCluster-EcsCluster-1AAGQRFIOE9AE,Service_beiakklem1vi3j5fejng,150,2,0.0055767317,0
1537414140,Prod-EcsStagingCluster-EcsCluster-1AAGQRFIOE9AE,Service_beiakklem1vi3j5fejng,150,2,0.0058601405,0
1537401420,Prod-EcsStagingCluster-EcsCluster-1AAGQRFIOE9AE,Service_beiakklem1vi3j5fejng,150,2,0.0040584569,0
1537382280,Prod-EcsStagingCluster-EcsCluster-1AAGQRFIOE9AE,Service_beiakklem1vi3j5fejng,150,2,0.0062549413,0
1537409820,Prod-EcsStagingCluster-EcsCluster-1AAGQRFIOE9AE,Service_beiakklem1vi3j5fejng,150,2,0.0055754681,0
1537416180,Prod-EcsStagingCluster-EcsCluster-1AAGQRFIOE9AE,Service_beiakklem1vi3j5fejng,150,2,0.0058342384,0
1537387560,Prod-EcsStagingCluster-EcsCluster-1AAGQRFIOE9AE,Service_beiakklem1vi3j5fejng,150,2,0.0058255902,0
1537393920,Prod-EcsStagingCluster-EcsCluster-1AAGQRFIOE9AE,Service_beiakklem1vi3j5fejng,150,2,0.0055465450,0
1537373700,Prod-EcsStagingCluster-EcsCluster-1AAGQRFIOE9AE,Service_beiakklem1vi3j5fejng,150,2,0.0044691349,0
1537348260,Prod-EcsStagingCluster-EcsCluster-1AAGQRFIOE9AE,Service_beiakklem1vi3j5fejng,150,2,0.0056699347,0
1537392780,Prod-EcsStagingCluster-EcsCluster-1AAGQRFIOE9AE,Service_beiakklem1vi3j5fejng,150,2,0.0055065023,0
1537399140,Prod-EcsStagingCluster-EcsCluster-1AAGQRFIOE9AE,Service_beiakklem1vi3j5fejng,150,2,0.0059350721,0
1537424580,Prod-EcsStagingCluster-EcsCluster-1AAGQRFIOE9AE,Service_beiakklem1vi3j5fejng,150,2,0.0058148845,0
1537351200,Prod-EcsStagingCluster-EcsCluster-1AAGQRFIOE9AE,Service_beiakklem1vi3j5fejng,150,2,0.0055870432,0
1537395720,Prod-EcsStagingCluster-EcsCluster-1AAGQRFIOE9AE,Service_beiakklem1vi3j5fejng,150,2,0.0053818445,0
1537373460,Prod-EcsStagingCluster-EcsCluster-1AAGQRFIOE9AE,Service_beiakklem1vi3j5fejng,150,2,0.0047023384,0
1537367100,Prod-EcsStagingCluster-EcsCluster-1AAGQRFIOE9AE,Service_beiakklem1vi3j5fejng,150,2,0.0051981795,0
1537350060,Prod-EcsStagingCluster-EcsCluster-1AAGQRFIOE9AE,Service_beiakklem1vi3j5fejng,150,2,0.0055914855,0
1537353240,Prod-EcsStagingCluster-EcsCluster-1AAGQRFIOE9AE,Service_beiakklem1vi3j5fejng,150,2,0.0061064113,0
1537417980,Prod-EcsStagingCluster-EcsCluster-1AAGQRFIOE9AE,Service_beiakklem1vi3j5fejng,150,2,0.0059240359,0
1537424340,Prod-EcsStagingCluster-EcsCluster-1AAGQRFIOE9AE,Service_beiakklem1vi3j5fejng,150,2,0.0058810552,0
1537402080,Prod-EcsStagingCluster-EcsCluster-1AAGQRFIOE9AE,Service_beiakklem1vi3j5fejng,150,2,0.0041092837,0
1537378680,Prod-EcsStagingCluster-EcsCluster-1AAGQRFIOE9AE,Service_beiakklem1vi3j5fejng,150,2,0.0056675758,0
1537359600,Prod-EcsStagingCluster-EcsCluster-1AAGQRFIOE9AE,Service_beiakklem1vi3j5fejng,150,2,0.0040473240,0
1537404120,Prod-EcsStagingCluster-EcsCluster-1AAGQRFIOE9AE,Service_beiakklem1vi3j5fejng,150,2,0.0040136466,0
1537410480,Prod-EcsStagingCluster-EcsCluster-1AAGQRFIOE9AE,Service_beiakklem1vi3j5fejng,150,2,0.0056451851,0
1537385040,Prod-EcsStagingCluster-EcsCluster-1AAGQRFIOE9AE,Service_beiakklem1vi3j5fejng,150,2,0.0050514643,0
1537400940,Prod-EcsStagingCluster-EcsCluster-1AAGQRFIOE9AE,Service_beiakklem1vi3j5fejng,150,2,0.0043313113,0
1537429560,Prod-EcsStagingCluster-EcsCluster-1AAGQRFIOE9AE,Service_beiakklem1vi3j5fejng,150,2,0.0054670925,0
1537375260,Prod-EcsStagingCluster-EcsCluster-1AAGQRFIOE9AE,Service_beiakklem1vi3j5fejng,150,2,0.0054180103,0
1537381620,Prod-EcsStagingCluster-EcsCluster-1AAGQRFIOE9AE,Service_beiakklem1vi3j5fejng,150,2,0.0063427422,0
1537358220,Prod-EcsStagingCluster-EcsCluster-1AAGQRFIOE9AE,Service_beiakklem1vi3j5fejng,150,2,0.0049283003,0
1537426140,Prod-EcsStagingCluster-EcsCluster-1AAGQRFIOE9AE,Service_beiakklem1vi3j5fejng,150,2,0.0058638397,0
1537390020,Prod-EcsStagingCluster-EcsCluster-1AAGQRFIOE9AE,Service_beiakklem1vi3j5fejng,150,2,0.0058665706,0
1537364580,Prod-EcsStagingCluster-EcsCluster-1AAGQRFIOE9AE,Service_beiakklem1vi3j5fejng,150,2,0.0053452708,0
1537409100,Prod-EcsStagingCluster-EcsCluster-1AAGQRFIOE9AE,Service_beiakklem1vi3j5fejng,150,2,0.0056797538,0
1537415460,Prod-EcsStagingCluster-EcsCluster-1AAGQRFIOE9AE,Service_beiakklem1vi3j5fejng,150,2,0.0062371492,0
1537379400,Prod-EcsStagingCluster-EcsCluster-1AAGQRFIOE9AE,Service_beiakklem1vi3j5fejng,150,2,0.0055249811,0
1537385760,Prod-EcsStagingCluster-EcsCluster-1AAGQRFIOE9AE,Service_beiakklem1vi3j5fejng,150,2,0.0058463030,0
1537362360,Prod-EcsStagingCluster-EcsCluster-1AAGQRFIOE9AE,Service_beiakklem1vi3j5fejng,150,2,0.0054972913,0
1537430280,Prod-EcsStagingCluster-EcsCluster-1AAGQRFIOE9AE,Service_beiakklem1vi3j5fejng,150,2,0.0054674204,0
1537387800,Prod-EcsStagingCluster-EcsCluster-1AAGQRFIOE9AE,Service_beiakklem1vi3j5fejng,150,2,0.0054986892,0
1537394160,Prod-EcsStagingCluster-EcsCluster-1AAGQRFIOE9AE,Service_beiakklem1vi3j5fejng,150,2,0.0053844395,0
1537368720,Prod-EcsStagingCluster-EcsCluster-1AAGQRFIOE9AE,Service_beiakklem1vi3j5fejng,150,2,0.0054946355,0
1537413240,Prod-EcsStagingCluster-EcsCluster-1AAGQRFIOE9AE,Service_beiakklem1vi3j5fejng,150,2,0.0056232708,0
1537419600,Prod-EcsStagingCluster-EcsCluster-1AAGQRFIOE9AE,Service_beiakklem1vi3j5fejng,150,2,0.0060152840,0
1537383420,Prod-EcsStagingCluster-EcsCluster-1AAGQRFIOE9AE,Service_beiakklem1vi3j5fejng,150,2,0.0046281834,0
1537389780,Prod-EcsStagingCluster-EcsCluster-1AAGQRFIOE9AE,Service_beiakklem1vi3j5fejng,150,2,0.0056388356,0
1537366380,Prod-EcsStagingCluster-EcsCluster-1AAGQRFIOE9AE,Service_beiakklem1vi3j5fejng,150,2,0.0053585457,0
1537426800,Prod-EcsStagingCluster-EcsCluster-1AAGQRFIOE9AE,Service_beiakklem1vi3j5fejng,150,2,0.0058775801,0
1537417260,Prod-EcsStagingCluster-EcsCluster-1AAGQRFIOE9AE,Service_beiakklem1vi3j5fejng,150,2,0.0060938459,0
1537363080,Prod-EcsStagingCluster-EcsCluster-1AAGQRFIOE9AE,Service_beiakklem1vi3j5fejng,150,2,0.0051982836,0
1537413960,Prod-EcsStagingCluster-EcsCluster-1AAGQRFIOE9AE,Service_beiakklem1vi3j5fejng,150,2,0.0058112251,0
1537391700,Prod-EcsStagingCluster-EcsCluster-1AAGQRFIOE9AE,Service_beiakklem1vi3j5fejng,150,2,0.0044703309,0
1537371480,Prod-EcsStagingCluster-EcsCluster-1AAGQRFIOE9AE,Service_beiakklem1vi3j5fejng,150,2,0.0040323386,0
1537346040,Prod-EcsStagingCluster-EcsCluster-1AAGQRFIOE9AE,Service_beiakklem1vi3j5fejng,150,2,0.0086667854,0
1537396920,Prod-EcsStagingCluster-EcsCluster-1AAGQRFIOE9AE,Service_beiakklem1vi3j5fejng,150,2,0.0060250378,0
1537391580,Prod-EcsStagingCluster-EcsCluster-1AAGQRFIOE9AE,Service_beiakklem1vi3j5fejng,150,2,0.0052078936,0
1537422360,Prod-EcsStagingCluster-EcsCluster-1AAGQRFIOE9AE,Service_beiakklem1vi3j5fejng,150,2,0.0059548142,0
1537375680,Prod-EcsStagingCluster-EcsCluster-1AAGQRFIOE9AE,Service_beiakklem1vi3j5fejng,150,2,0.0056817556,0
1537374540,Prod-EcsStagingCluster-EcsCluster-1AAGQRFIOE9AE,Service_beiakklem1vi3j5fejng,150,2,0.0056125514,0
1537426560,Prod-EcsStagingCluster-EcsCluster-1AAGQRFIOE9AE,Service_beiakklem1vi3j5fejng,150,2,0.0056434268,0
1537425420,Prod-EcsStagingCluster-EcsCluster-1AAGQRFIOE9AE,Service_beiakklem1vi3j5fejng,150,2,0.0058421292,0
1537348980,Prod-EcsStagingCluster-EcsCluster-1AAGQRFIOE9AE,Service_beiakklem1vi3j5fejng,150,2,0.0055527521,0
1537371240,Prod-EcsStagingCluster-EcsCluster-1AAGQRFIOE9AE,Service_beiakklem1vi3j5fejng,150,2,0.0047718252,0
1537422120,Prod-EcsStagingCluster-EcsCluster-1AAGQRFIOE9AE,Service_beiakklem1vi3j5fejng,150,2,0.0055672900,0
1537399860,Prod-EcsStagingCluster-EcsCluster-1AAGQRFIOE9AE,Service_beiakklem1vi3j5fejng,150,2,0.0050236988,0
1537357380,Prod-EcsStagingCluster-EcsCluster-1AAGQRFIOE9AE,Service_beiakklem1vi3j5fejng,150,2,0.0052368782,0
1537408260,Prod-EcsStagingCluster-EcsCluster-1AAGQRFIOE9AE,Service_beiakklem1vi3j5fejng,150,2,0.0055962719,0
1537348860,Prod-EcsStagingCluster-EcsCluster-1AAGQRFIOE9AE,Service_beiakklem1vi3j5fejng,150,2,0.0055781237,0
1537382820,Prod-EcsStagingCluster-EcsCluster-1AAGQRFIOE9AE,Service_beiakklem1vi3j5fejng,150,2,0.0056422265,0
1537355160,Prod-EcsStagingCluster-EcsCluster-1AAGQRFIOE9AE,Service_beiakklem1vi3j5fejng,150,2,0.0058323735,0
1537399740,Prod-EcsStagingCluster-EcsCluster-1AAGQRFIOE9AE,Service_beiakklem1vi3j5fejng,150,2,0.0054928563,0
1537380600,Prod-EcsStagingCluster-EcsCluster-1AAGQRFIOE9AE,Service_beiakklem1vi3j5fejng,150,2,0.0055102044,0
1537406040,Prod-EcsStagingCluster-EcsCluster-1AAGQRFIOE9AE,Service_beiakklem1vi3j5fejng,150,2,0.0040047381,0
1537359360,Prod-EcsStagingCluster-EcsCluster-1AAGQRFIOE9AE,Service_beiakklem1vi3j5fejng,150,2,0.0043367738,0
1537382700,Prod-EcsStagingCluster-EcsCluster-1AAGQRFIOE9AE,Service_beiakklem1vi3j5fejng,150,2,0.0060540977,0
1537431480,Prod-EcsStagingCluster-EcsCluster-1AAGQRFIOE9AE,Service_beiakklem1vi3j5fejng,150,2,0.0053732137,0
1537410240,Prod-EcsStagingCluster-EcsCluster-1AAGQRFIOE9AE,Service_beiakklem1vi3j5fejng,150,2,0.0054680075,0
1537357140,Prod-EcsStagingCluster-EcsCluster-1AAGQRFIOE9AE,Service_beiakklem1vi3j5fejng,150,2,0.0054405109,0
1537408020,Prod-EcsStagingCluster-EcsCluster-1AAGQRFIOE9AE,Service_beiakklem1vi3j5fejng,150,2,0.0055320203,0
1537357020,Prod-EcsStagingCluster-EcsCluster-1AAGQRFIOE9AE,Service_beiakklem1vi3j5fejng,150,2,0.0058283074,0
1537354920,Prod-EcsStagingCluster-EcsCluster-1AAGQRFIOE9AE,Service_beiakklem1vi3j5fejng,150,2,0.0051755289,0
1537407900,Prod-EcsStagingCluster-EcsCluster-1AAGQRFIOE9AE,Service_beiakklem1vi3j5fejng,150,2,0.0061516656,0
1537405800,Prod-EcsStagingCluster-EcsCluster-1AAGQRFIOE9AE,Service_beiakklem1vi3j5fejng,150,2,0.0041213824,0
1537390860,Prod-EcsStagingCluster-EcsCluster-1AAGQRFIOE9AE,Service_beiakklem1vi3j5fejng,150,2,0.0056577590,0
1537367520,Prod-EcsStagingCluster-EcsCluster-1AAGQRFIOE9AE,Service_beiakklem1vi3j5fejng,150,2,0.0047051550,0
1537418400,Prod-EcsStagingCluster-EcsCluster-1AAGQRFIOE9AE,Service_beiakklem1vi3j5fejng,150,2,0.0058397688,0
1537375920,Prod-EcsStagingCluster-EcsCluster-1AAGQRFIOE9AE,Service_beiakklem1vi3j5fejng,150,2,0.0056424606,0
1537350480,Prod-EcsStagingCluster-EcsCluster-1AAGQRFIOE9AE,Service_beiakklem1vi3j5fejng,150,2,0.0059002101,0
1537401360,Prod-EcsStagingCluster-EcsCluster-1AAGQRFIOE9AE,Service_beiakklem1vi3j5fejng,150,2,0.0044568081,0
1537365300,Prod-EcsStagingCluster-EcsCluster-1AAGQRFIOE9AE,Service_beiakklem1vi3j5fejng,150,2,0.0048837078,0
1537421520,Prod-EcsStagingCluster-EcsCluster-1AAGQRFIOE9AE,Service_beiakklem1vi3j5fejng,150,2,0.0055580773,0
1537349280,Prod-EcsStagingCluster-EcsCluster-1AAGQRFIOE9AE,Service_beiakklem1vi3j5fejng,150,2,0.0057386076,0
1537393800,Prod-EcsStagingCluster-EcsCluster-1AAGQRFIOE9AE,Service_beiakklem1vi3j5fejng,150,2,0.0046543961,0
1537371540,Prod-EcsStagingCluster-EcsCluster-1AAGQRFIOE9AE,Service_beiakklem1vi3j5fejng,150,2,0.0044356564,0
1537348140,Prod-EcsStagingCluster-EcsCluster-1AAGQRFIOE9AE,Service_beiakklem1vi3j5fejng,150,2,0.0050879091,0
1537422420,Prod-EcsStagingCluster-EcsCluster-1AAGQRFIOE9AE,Service_beiakklem1vi3j5fejng,150,2,0.0057275358,0
1537400160,Prod-EcsStagingCluster-EcsCluster-1AAGQRFIOE9AE,Service_beiakklem1vi3j5fejng,150,2,0.0058170549,0
1537360860,Prod-EcsStagingCluster-EcsCluster-1AAGQRFIOE9AE,Service_beiakklem1vi3j5fejng,150,2,0.0049146770,0
1537411740,Prod-EcsStagingCluster-EcsCluster-1AAGQRFIOE9AE,Service_beiakklem1vi3j5fejng,150,2,0.0054637954,0
1537399020,Prod-EcsStagingCluster-EcsCluster-1AAGQRFIOE9AE,Service_beiakklem1vi3j5fejng,150,2,0.0054555017,0
1537350180,Prod-EcsStagingCluster-EcsCluster-1AAGQRFIOE9AE,Service_beiakklem1vi3j5fejng,150,2,0.0069091633,0
1537401060,Prod-EcsStagingCluster-EcsCluster-1AAGQRFIOE9AE,Service_beiakklem1vi3j5fejng,150,2,0.0040866920,0
1537375620,Prod-EcsStagingCluster-EcsCluster-1AAGQRFIOE9AE,Service_beiakklem1vi3j5fejng,150,2,0.0055625815,0
1537426500,Prod-EcsStagingCluster-EcsCluster-1AAGQRFIOE9AE,Service_beiakklem1vi3j5fejng,150,2,0.0058474261,0
1537379700,Prod-EcsStagingCluster-EcsCluster-1AAGQRFIOE9AE,Service_beiakklem1vi3j5fejng,150,2,0.0047618541,0
1537357440,Prod-EcsStagingCluster-EcsCluster-1AAGQRFIOE9AE,Service_beiakklem1vi3j5fejng,150,2,0.0052986267,0
1537351080,Prod-EcsStagingCluster-EcsCluster-1AAGQRFIOE9AE,Service_beiakklem1vi3j5fejng,150,2,0.0056524435,0
1537401960,Prod-EcsStagingCluster-EcsCluster-1AAGQRFIOE9AE,Service_beiakklem1vi3j5fejng,150,2,0.0032608310,0
1537356300,Prod-EcsStagingCluster-EcsCluster-1AAGQRFIOE9AE,Service_beiakklem1vi3j5fejng,150,2,0.0047473006,0
1537430580,Prod-EcsStagingCluster-EcsCluster-1AAGQRFIOE9AE,Service_beiakklem1vi3j5fejng,150,2,0.0045672379,0
1537408320,Prod-EcsStagingCluster-EcsCluster-1AAGQRFIOE9AE,Service_beiakklem1vi3j5fejng,150,2,0.0056678552,0
1537369020,Prod-EcsStagingCluster-EcsCluster-1AAGQRFIOE9AE,Service_beiakklem1vi3j5fejng,150,2,0.0053960956,0
1537419900,Prod-EcsStagingCluster-EcsCluster-1AAGQRFIOE9AE,Service_beiakklem1vi3j5fejng,150,2,0.0056353404,0
1537383840,Prod-EcsStagingCluster-EcsCluster-1AAGQRFIOE9AE,Service_beiakklem1vi3j5fejng,150,2,0.0057418054,0
1537407180,Prod-EcsStagingCluster-EcsCluster-1AAGQRFIOE9AE,Service_beiakklem1vi3j5fejng,150,2,0.0056504564,0
1537428360,Prod-EcsStagingCluster-EcsCluster-1AAGQRFIOE9AE,Service_beiakklem1vi3j5fejng,150,2,0.0058327817,0
1537387860,Prod-EcsStagingCluster-EcsCluster-1AAGQRFIOE9AE,Service_beiakklem1vi3j5fejng,150,2,0.0057816742,0
1537364460,Prod-EcsStagingCluster-EcsCluster-1AAGQRFIOE9AE,Service_beiakklem1vi3j5fejng,150,2,0.0053102395,0
1537377180,Prod-EcsStagingCluster-EcsCluster-1AAGQRFIOE9AE,Service_beiakklem1vi3j5fejng,150,2,0.0054324242,0
1537385640,Prod-EcsStagingCluster-EcsCluster-1AAGQRFIOE9AE,Service_beiakklem1vi3j5fejng,150,2,0.0053113026,0
1537428060,Prod-EcsStagingCluster-EcsCluster-1AAGQRFIOE9AE,Service_beiakklem1vi3j5fejng,150,2,0.0055659980,0
1537392000,Prod-EcsStagingCluster-EcsCluster-1AAGQRFIOE9AE,Service_beiakklem1vi3j5fejng,150,2,0.0057583211,0
1537415340,Prod-EcsStagingCluster-EcsCluster-1AAGQRFIOE9AE,Service_beiakklem1vi3j5fejng,150,2,0.0059663196,0
1537391940,Prod-EcsStagingCluster-EcsCluster-1AAGQRFIOE9AE,Service_beiakklem1vi3j5fejng,150,2,0.0055269212,0
1537366500,Prod-EcsStagingCluster-EcsCluster-1AAGQRFIOE9AE,Service_beiakklem1vi3j5fejng,150,2,0.0047546671,0
1537417380,Prod-EcsStagingCluster-EcsCluster-1AAGQRFIOE9AE,Service_beiakklem1vi3j5fejng,150,2,0.0056916735,0
1537389720,Prod-EcsStagingCluster-EcsCluster-1AAGQRFIOE9AE,Service_beiakklem1vi3j5fejng,150,2,0.0056817402,0
1537364280,Prod-EcsStagingCluster-EcsCluster-1AAGQRFIOE9AE,Service_beiakklem1vi3j5fejng,150,2,0.0054770687,0
1537370640,Prod-EcsStagingCluster-EcsCluster-1AAGQRFIOE9AE,Service_beiakklem1vi3j5fejng,150,2,0.0041181095,0
1537415160,Prod-EcsStagingCluster-EcsCluster-1AAGQRFIOE9AE,Service_beiakklem1vi3j5fejng,150,2,0.0051096587,0
1537396080,Prod-EcsStagingCluster-EcsCluster-1AAGQRFIOE9AE,Service_beiakklem1vi3j5fejng,150,2,0.0052661592,0
1537373760,Prod-EcsStagingCluster-EcsCluster-1AAGQRFIOE9AE,Service_beiakklem1vi3j5fejng,150,2,0.0042200744,0
1537393860,Prod-EcsStagingCluster-EcsCluster-1AAGQRFIOE9AE,Service_beiakklem1vi3j5fejng,150,2,0.0056072995,0
1537424640,Prod-EcsStagingCluster-EcsCluster-1AAGQRFIOE9AE,Service_beiakklem1vi3j5fejng,150,2,0.0045165806,0
1537368420,Prod-EcsStagingCluster-EcsCluster-1AAGQRFIOE9AE,Service_beiakklem1vi3j5fejng,150,2,0.0050596601,0
1537372620,Prod-EcsStagingCluster-EcsCluster-1AAGQRFIOE9AE,Service_beiakklem1vi3j5fejng,150,2,0.0046368574,0
1537419300,Prod-EcsStagingCluster-EcsCluster-1AAGQRFIOE9AE,Service_beiakklem1vi3j5fejng,150,2,0.0061425363,0
1537385340,Prod-EcsStagingCluster-EcsCluster-1AAGQRFIOE9AE,Service_beiakklem1vi3j5fejng,150,2,0.0049199864,0
1537352400,Prod-EcsStagingCluster-EcsCluster-1AAGQRFIOE9AE,Service_beiakklem1vi3j5fejng,150,2,0.0057587462,0
1537423500,Prod-EcsStagingCluster-EcsCluster-1AAGQRFIOE9AE,Service_beiakklem1vi3j5fejng,150,2,0.0058717791,0
1537347060,Prod-EcsStagingCluster-EcsCluster-1AAGQRFIOE9AE,Service_beiakklem1vi3j5fejng,150,2,0.0055291852,0
1537377840,Prod-EcsStagingCluster-EcsCluster-1AAGQRFIOE9AE,Service_beiakklem1vi3j5fejng,150,2,0.0052783407,0
1537397940,Prod-EcsStagingCluster-EcsCluster-1AAGQRFIOE9AE,Service_beiakklem1vi3j5fejng,150,2,0.0055076503,0
1537428720,Prod-EcsStagingCluster-EcsCluster-1AAGQRFIOE9AE,Service_beiakklem1vi3j5fejng,150,2,0.0056742552,0
1537369320,Prod-EcsStagingCluster-EcsCluster-1AAGQRFIOE9AE,Service_beiakklem1vi3j5fejng,150,2,0.0054866185,0
1537403280,Prod-EcsStagingCluster-EcsCluster-1AAGQRFIOE9AE,Service_beiakklem1vi3j5fejng,150,2,0.0056245246,0
1537420200,Prod-EcsStagingCluster-EcsCluster-1AAGQRFIOE9AE,Service_beiakklem1vi3j5fejng,150,2,0.0051298682,0
1537373400,Prod-EcsStagingCluster-EcsCluster-1AAGQRFIOE9AE,Service_beiakklem1vi3j5fejng,150,2,0.0042077893,0
1537347960,Prod-EcsStagingCluster-EcsCluster-1AAGQRFIOE9AE,Service_beiakklem1vi3j5fejng,150,2,0.0068032969,0
1537381920,Prod-EcsStagingCluster-EcsCluster-1AAGQRFIOE9AE,Service_beiakklem1vi3j5fejng,150,2,0.0057176770,0
1537398840,Prod-EcsStagingCluster-EcsCluster-1AAGQRFIOE9AE,Service_beiakklem1vi3j5fejng,150,2,0.0060156364,0
1537393500,Prod-EcsStagingCluster-EcsCluster-1AAGQRFIOE9AE,Service_beiakklem1vi3j5fejng,150,2,0.0054838014,0
1537424280,Prod-EcsStagingCluster-EcsCluster-1AAGQRFIOE9AE,Service_beiakklem1vi3j5fejng,150,2,0.0057956286,0
1537380780,Prod-EcsStagingCluster-EcsCluster-1AAGQRFIOE9AE,Service_beiakklem1vi3j5fejng,150,2,0.0056716996,0
1537431660,Prod-EcsStagingCluster-EcsCluster-1AAGQRFIOE9AE,Service_beiakklem1vi3j5fejng,150,2,0.0053373202,0
1537377480,Prod-EcsStagingCluster-EcsCluster-1AAGQRFIOE9AE,Service_beiakklem1vi3j5fejng,150,2,0.0067873201,0
1537355220,Prod-EcsStagingCluster-EcsCluster-1AAGQRFIOE9AE,Service_beiakklem1vi3j5fejng,150,2,0.0055734269,0
1537361520,Prod-EcsStagingCluster-EcsCluster-1AAGQRFIOE9AE,Service_beiakklem1vi3j5fejng,150,2,0.0032254793,0
1537406100,Prod-EcsStagingCluster-EcsCluster-1AAGQRFIOE9AE,Service_beiakklem1vi3j5fejng,150,2,0.0037039007,0
1537412400,Prod-EcsStagingCluster-EcsCluster-1AAGQRFIOE9AE,Service_beiakklem1vi3j5fejng,150,2,0.0055524393,0
1537353000,Prod-EcsStagingCluster-EcsCluster-1AAGQRFIOE9AE,Service_beiakklem1vi3j5fejng,150,2,0.0055499533,0
1537386960,Prod-EcsStagingCluster-EcsCluster-1AAGQRFIOE9AE,Service_beiakklem1vi3j5fejng,150,2,0.0055240876,0
1537403880,Prod-EcsStagingCluster-EcsCluster-1AAGQRFIOE9AE,Service_beiakklem1vi3j5fejng,150,2,0.0039748456,0
1537359300,Prod-EcsStagingCluster-EcsCluster-1AAGQRFIOE9AE,Service_beiakklem1vi3j5fejng,150,2,0.0041279396,0
1537410180,Prod-EcsStagingCluster-EcsCluster-1AAGQRFIOE9AE,Service_beiakklem1vi3j5fejng,150,2,0.0050474776,0
1537350780,Prod-EcsStagingCluster-EcsCluster-1AAGQRFIOE9AE,Service_beiakklem1vi3j5fejng,150,2,0.0065676012,0
1537384740,Prod-EcsStagingCluster-EcsCluster-1AAGQRFIOE9AE,Service_beiakklem1vi3j5fejng,150,2,0.0058604601,0
1537401660,Prod-EcsStagingCluster-EcsCluster-1AAGQRFIOE9AE,Service_beiakklem1vi3j5fejng,150,2,0.0038796874,0
1537365600,Prod-EcsStagingCluster-EcsCluster-1AAGQRFIOE9AE,Service_beiakklem1vi3j5fejng,150,2,0.0052303821,0
1537388940,Prod-EcsStagingCluster-EcsCluster-1AAGQRFIOE9AE,Service_beiakklem1vi3j5fejng,150,2,0.0058773669,0
1537416480,Prod-EcsStagingCluster-EcsCluster-1AAGQRFIOE9AE,Service_beiakklem1vi3j5fejng,150,2,0.0060912954,0
1537357080,Prod-EcsStagingCluster-EcsCluster-1AAGQRFIOE9AE,Service_beiakklem1vi3j5fejng,150,2,0.0057178175,0
1537407960,Prod-EcsStagingCluster-EcsCluster-1AAGQRFIOE9AE,Service_beiakklem1vi3j5fejng,150,2,0.0057622263,0
1537382520,Prod-EcsStagingCluster-EcsCluster-1AAGQRFIOE9AE,Service_beiakklem1vi3j5fejng,150,2,0.0054359172,0
1537363380,Prod-EcsStagingCluster-EcsCluster-1AAGQRFIOE9AE,Service_beiakklem1vi3j5fejng,150,2,0.0053236806,0
1537414260,Prod-EcsStagingCluster-EcsCluster-1AAGQRFIOE9AE,Service_beiakklem1vi3j5fejng,150,2,0.0057670778,0
1537361160,Prod-EcsStagingCluster-EcsCluster-1AAGQRFIOE9AE,Service_beiakklem1vi3j5fejng,150,2,0.0039011959,0
1537412040,Prod-EcsStagingCluster-EcsCluster-1AAGQRFIOE9AE,Service_beiakklem1vi3j5fejng,150,2,0.0054688443,0
1537346220,Prod-EcsStagingCluster-EcsCluster-1AAGQRFIOE9AE,Service_beiakklem1vi3j5fejng,150,2,0.0051622104,0
1537358940,Prod-EcsStagingCluster-EcsCluster-1AAGQRFIOE9AE,Service_beiakklem1vi3j5fejng,150,2,0.0054784039,0
1537397100,Prod-EcsStagingCluster-EcsCluster-1AAGQRFIOE9AE,Service_beiakklem1vi3j5fejng,150,2,0.0052494683,0
1537360980,Prod-EcsStagingCluster-EcsCluster-1AAGQRFIOE9AE,Service_beiakklem1vi3j5fejng,150,2,0.0041589657,0
1537354620,Prod-EcsStagingCluster-EcsCluster-1AAGQRFIOE9AE,Service_beiakklem1vi3j5fejng,150,2,0.0055241890,0
1537425720,Prod-EcsStagingCluster-EcsCluster-1AAGQRFIOE9AE,Service_beiakklem1vi3j5fejng,150,2,0.0061557442,0
1537347120,Prod-EcsStagingCluster-EcsCluster-1AAGQRFIOE9AE,Service_beiakklem1vi3j5fejng,150,2,0.0054383319,0
1537405500,Prod-EcsStagingCluster-EcsCluster-1AAGQRFIOE9AE,Service_beiakklem1vi3j5fejng,150,2,0.0044443920,0
1537411860,Prod-EcsStagingCluster-EcsCluster-1AAGQRFIOE9AE,Service_beiakklem1vi3j5fejng,150,2,0.0057880289,0
1537391640,Prod-EcsStagingCluster-EcsCluster-1AAGQRFIOE9AE,Service_beiakklem1vi3j5fejng,150,2,0.0057310430,0
1537398000,Prod-EcsStagingCluster-EcsCluster-1AAGQRFIOE9AE,Service_beiakklem1vi3j5fejng,150,2,0.0057378252,0
1537371420,Prod-EcsStagingCluster-EcsCluster-1AAGQRFIOE9AE,Service_beiakklem1vi3j5fejng,150,2,0.0041345981,0
1537377780,Prod-EcsStagingCluster-EcsCluster-1AAGQRFIOE9AE,Service_beiakklem1vi3j5fejng,150,2,0.0055341982,0
1537360740,Prod-EcsStagingCluster-EcsCluster-1AAGQRFIOE9AE,Service_beiakklem1vi3j5fejng,150,2,0.0057253871,0
1537428660,Prod-EcsStagingCluster-EcsCluster-1AAGQRFIOE9AE,Service_beiakklem1vi3j5fejng,150,2,0.0059398450,0
1537422300,Prod-EcsStagingCluster-EcsCluster-1AAGQRFIOE9AE,Service_beiakklem1vi3j5fejng,150,2,0.0055043034,0
1537346880,Prod-EcsStagingCluster-EcsCluster-1AAGQRFIOE9AE,Service_beiakklem1vi3j5fejng,150,2,0.0055489806,0
1537411620,Prod-EcsStagingCluster-EcsCluster-1AAGQRFIOE9AE,Service_beiakklem1vi3j5fejng,150,2,0.0052065548,0
1537397760,Prod-EcsStagingCluster-EcsCluster-1AAGQRFIOE9AE,Service_beiakklem1vi3j5fejng,150,2,0.0057903532,0
1537391400,Prod-EcsStagingCluster-EcsCluster-1AAGQRFIOE9AE,Service_beiakklem1vi3j5fejng,150,2,0.0055403316,0
1537345740,Prod-EcsStagingCluster-EcsCluster-1AAGQRFIOE9AE,Service_beiakklem1vi3j5fejng,150,2,0.0081633606,0
1537396620,Prod-EcsStagingCluster-EcsCluster-1AAGQRFIOE9AE,Service_beiakklem1vi3j5fejng,150,2,0.0063193740,0
1537377540,Prod-EcsStagingCluster-EcsCluster-1AAGQRFIOE9AE,Service_beiakklem1vi3j5fejng,150,2,0.0050108234,0
1537357320,Prod-EcsStagingCluster-EcsCluster-1AAGQRFIOE9AE,Service_beiakklem1vi3j5fejng,150,2,0.0055071612,0
1537428420,Prod-EcsStagingCluster-EcsCluster-1AAGQRFIOE9AE,Service_beiakklem1vi3j5fejng,150,2,0.0053887712,0
1537375320,Prod-EcsStagingCluster-EcsCluster-1AAGQRFIOE9AE,Service_beiakklem1vi3j5fejng,150,2,0.0054160015,0
1537381680,Prod-EcsStagingCluster-EcsCluster-1AAGQRFIOE9AE,Service_beiakklem1vi3j5fejng,150,2,0.0060799934,0
1537426200,Prod-EcsStagingCluster-EcsCluster-1AAGQRFIOE9AE,Service_beiakklem1vi3j5fejng,150,2,0.0059637202,0
1537362540,Prod-EcsStagingCluster-EcsCluster-1AAGQRFIOE9AE,Service_beiakklem1vi3j5fejng,150,2,0.0055270425,0
1537413420,Prod-EcsStagingCluster-EcsCluster-1AAGQRFIOE9AE,Service_beiakklem1vi3j5fejng,150,2,0.0054389122,0
1537370940,Prod-EcsStagingCluster-EcsCluster-1AAGQRFIOE9AE,Service_beiakklem1vi3j5fejng,150,2,0.0041916472,0
1537377300,Prod-EcsStagingCluster-EcsCluster-1AAGQRFIOE9AE,Service_beiakklem1vi3j5fejng,150,2,0.0055308794,0
1537421820,Prod-EcsStagingCluster-EcsCluster-1AAGQRFIOE9AE,Service_beiakklem1vi3j5fejng,150,2,0.0060274871,0
1537428180,Prod-EcsStagingCluster-EcsCluster-1AAGQRFIOE9AE,Service_beiakklem1vi3j5fejng,150,2,0.0055709915,0
1537381440,Prod-EcsStagingCluster-EcsCluster-1AAGQRFIOE9AE,Service_beiakklem1vi3j5fejng,150,2,0.0055519231,0
1537375080,Prod-EcsStagingCluster-EcsCluster-1AAGQRFIOE9AE,Service_beiakklem1vi3j5fejng,150,2,0.0054300676,0
1537387740,Prod-EcsStagingCluster-EcsCluster-1AAGQRFIOE9AE,Service_beiakklem1vi3j5fejng,150,2,0.0050398399,0
1537394100,Prod-EcsStagingCluster-EcsCluster-1AAGQRFIOE9AE,Service_beiakklem1vi3j5fejng,150,2,0.0054288685,0
1537425960,Prod-EcsStagingCluster-EcsCluster-1AAGQRFIOE9AE,Service_beiakklem1vi3j5fejng,150,2,0.0063366040,0
1537377060,Prod-EcsStagingCluster-EcsCluster-1AAGQRFIOE9AE,Service_beiakklem1vi3j5fejng,150,2,0.0054204825,0
1537347360,Prod-EcsStagingCluster-EcsCluster-1AAGQRFIOE9AE,Service_beiakklem1vi3j5fejng,150,2,0.0056069221,0
1537391880,Prod-EcsStagingCluster-EcsCluster-1AAGQRFIOE9AE,Service_beiakklem1vi3j5fejng,150,2,0.0054651191,0
1537398240,Prod-EcsStagingCluster-EcsCluster-1AAGQRFIOE9AE,Service_beiakklem1vi3j5fejng,150,2,0.0054731984,0
1537427940,Prod-EcsStagingCluster-EcsCluster-1AAGQRFIOE9AE,Service_beiakklem1vi3j5fejng,150,2,0.0054125642,0
1537374840,Prod-EcsStagingCluster-EcsCluster-1AAGQRFIOE9AE,Service_beiakklem1vi3j5fejng,150,2,0.0057999030,0
1537381200,Prod-EcsStagingCluster-EcsCluster-1AAGQRFIOE9AE,Service_beiakklem1vi3j5fejng,150,2,0.0055932941,0
1537396020,Prod-EcsStagingCluster-EcsCluster-1AAGQRFIOE9AE,Service_beiakklem1vi3j5fejng,150,2,0.0057006931,0
1537414080,Prod-EcsStagingCluster-EcsCluster-1AAGQRFIOE9AE,Service_beiakklem1vi3j5fejng,150,2,0.0059737567,0
1537362060,Prod-EcsStagingCluster-EcsCluster-1AAGQRFIOE9AE,Service_beiakklem1vi3j5fejng,150,2,0.0053507730,0
1537378980,Prod-EcsStagingCluster-EcsCluster-1AAGQRFIOE9AE,Service_beiakklem1vi3j5fejng,150,2,0.0057757454,0
1537412940,Prod-EcsStagingCluster-EcsCluster-1AAGQRFIOE9AE,Service_beiakklem1vi3j5fejng,150,2,0.0057078262,0
1537380000,Prod-EcsStagingCluster-EcsCluster-1AAGQRFIOE9AE,Service_beiakklem1vi3j5fejng,150,2,0.0055462317,0
1537358760,Prod-EcsStagingCluster-EcsCluster-1AAGQRFIOE9AE,Service_beiakklem1vi3j5fejng,150,2,0.0057462739,0
1537429860,Prod-EcsStagingCluster-EcsCluster-1AAGQRFIOE9AE,Service_beiakklem1vi3j5fejng,150,2,0.0052243978,0
1537362960,Prod-EcsStagingCluster-EcsCluster-1AAGQRFIOE9AE,Service_beiakklem1vi3j5fejng,150,2,0.0054841631,0
1537430880,Prod-EcsStagingCluster-EcsCluster-1AAGQRFIOE9AE,Service_beiakklem1vi3j5fejng,150,2,0.0054521459,0
1537378860,Prod-EcsStagingCluster-EcsCluster-1AAGQRFIOE9AE,Service_beiakklem1vi3j5fejng,150,2,0.0048598748,0
1537409640,Prod-EcsStagingCluster-EcsCluster-1AAGQRFIOE9AE,Service_beiakklem1vi3j5fejng,150,2,0.0053510425,0
1537413840,Prod-EcsStagingCluster-EcsCluster-1AAGQRFIOE9AE,Service_beiakklem1vi3j5fejng,150,2,0.0054916797,0
1537429740,Prod-EcsStagingCluster-EcsCluster-1AAGQRFIOE9AE,Service_beiakklem1vi3j5fejng,150,2,0.0055633256,0
1537395780,Prod-EcsStagingCluster-EcsCluster-1AAGQRFIOE9AE,Service_beiakklem1vi3j5fejng,150,2,0.0054959225,0
1537375560,Prod-EcsStagingCluster-EcsCluster-1AAGQRFIOE9AE,Service_beiakklem1vi3j5fejng,150,2,0.0055039195,0
1537387260,Prod-EcsStagingCluster-EcsCluster-1AAGQRFIOE9AE,Service_beiakklem1vi3j5fejng,150,2,0.0057027707,0
1537358520,Prod-EcsStagingCluster-EcsCluster-1AAGQRFIOE9AE,Service_beiakklem1vi3j5fejng,150,2,0.0059726099,0
1537426440,Prod-EcsStagingCluster-EcsCluster-1AAGQRFIOE9AE,Service_beiakklem1vi3j5fejng,150,2,0.0056685776,0
1537379760,Prod-EcsStagingCluster-EcsCluster-1AAGQRFIOE9AE,Service_beiakklem1vi3j5fejng,150,2,0.0052893036,0
1537353180,Prod-EcsStagingCluster-EcsCluster-1AAGQRFIOE9AE,Service_beiakklem1vi3j5fejng,150,2,0.0052808775,0
1537430640,Prod-EcsStagingCluster-EcsCluster-1AAGQRFIOE9AE,Service_beiakklem1vi3j5fejng,150,2,0.0054176148,0
1537409400,Prod-EcsStagingCluster-EcsCluster-1AAGQRFIOE9AE,Service_beiakklem1vi3j5fejng,150,2,0.0056902279,0
1537404060,Prod-EcsStagingCluster-EcsCluster-1AAGQRFIOE9AE,Service_beiakklem1vi3j5fejng,150,2,0.0040350491,0
1537395540,Prod-EcsStagingCluster-EcsCluster-1AAGQRFIOE9AE,Service_beiakklem1vi3j5fejng,150,2,0.0055569554,0
1537363680,Prod-EcsStagingCluster-EcsCluster-1AAGQRFIOE9AE,Service_beiakklem1vi3j5fejng,150,2,0.0056424254,0
1537414560,Prod-EcsStagingCluster-EcsCluster-1AAGQRFIOE9AE,Service_beiakklem1vi3j5fejng,150,2,0.0050375940,0
1537346640,Prod-EcsStagingCluster-EcsCluster-1AAGQRFIOE9AE,Service_beiakklem1vi3j5fejng,150,2,0.0056719067,0
1537393320,Prod-EcsStagingCluster-EcsCluster-1AAGQRFIOE9AE,Service_beiakklem1vi3j5fejng,150,2,0.0058506787,0
1537397520,Prod-EcsStagingCluster-EcsCluster-1AAGQRFIOE9AE,Service_beiakklem1vi3j5fejng,150,2,0.0058280200,0
1537361460,Prod-EcsStagingCluster-EcsCluster-1AAGQRFIOE9AE,Service_beiakklem1vi3j5fejng,150,2,0.0042637393,0
1537378380,Prod-EcsStagingCluster-EcsCluster-1AAGQRFIOE9AE,Service_beiakklem1vi3j5fejng,150,2,0.0062473312,0
1537412340,Prod-EcsStagingCluster-EcsCluster-1AAGQRFIOE9AE,Service_beiakklem1vi3j5fejng,150,2,0.0061870003,0
1537359240,Prod-EcsStagingCluster-EcsCluster-1AAGQRFIOE9AE,Service_beiakklem1vi3j5fejng,150,2,0.0037593240,0
1537395300,Prod-EcsStagingCluster-EcsCluster-1AAGQRFIOE9AE,Service_beiakklem1vi3j5fejng,150,2,0.0057000021,0
1537429260,Prod-EcsStagingCluster-EcsCluster-1AAGQRFIOE9AE,Service_beiakklem1vi3j5fejng,150,2,0.0055117086,0
1537410120,Prod-EcsStagingCluster-EcsCluster-1AAGQRFIOE9AE,Service_beiakklem1vi3j5fejng,150,2,0.0057534560,0
1537363440,Prod-EcsStagingCluster-EcsCluster-1AAGQRFIOE9AE,Service_beiakklem1vi3j5fejng,150,2,0.0055115498,0
1537393080,Prod-EcsStagingCluster-EcsCluster-1AAGQRFIOE9AE,Service_beiakklem1vi3j5fejng,150,2,0.0059341232,0
1537414320,Prod-EcsStagingCluster-EcsCluster-1AAGQRFIOE9AE,Service_beiakklem1vi3j5fejng,150,2,0.0057792690,0
1537361220,Prod-EcsStagingCluster-EcsCluster-1AAGQRFIOE9AE,Service_beiakklem1vi3j5fejng,150,2,0.0038202092,0
1537395180,Prod-EcsStagingCluster-EcsCluster-1AAGQRFIOE9AE,Service_beiakklem1vi3j5fejng,150,2,0.0052608328,0
1537412100,Prod-EcsStagingCluster-EcsCluster-1AAGQRFIOE9AE,Service_beiakklem1vi3j5fejng,150,2,0.0054752734,0
1537352700,Prod-EcsStagingCluster-EcsCluster-1AAGQRFIOE9AE,Service_beiakklem1vi3j5fejng,150,2,0.0056908604,0
1537403580,Prod-EcsStagingCluster-EcsCluster-1AAGQRFIOE9AE,Service_beiakklem1vi3j5fejng,150,2,0.0056353967,0
1537359000,Prod-EcsStagingCluster-EcsCluster-1AAGQRFIOE9AE,Service_beiakklem1vi3j5fejng,150,2,0.0059961336,0
1537363200,Prod-EcsStagingCluster-EcsCluster-1AAGQRFIOE9AE,Service_beiakklem1vi3j5fejng,150,2,0.0054007801,0
1537409880,Prod-EcsStagingCluster-EcsCluster-1AAGQRFIOE9AE,Service_beiakklem1vi3j5fejng,150,2,0.0054480634,0
1537375860,Prod-EcsStagingCluster-EcsCluster-1AAGQRFIOE9AE,Service_beiakklem1vi3j5fejng,150,2,0.0054353072,0
1537363140,Prod-EcsStagingCluster-EcsCluster-1AAGQRFIOE9AE,Service_beiakklem1vi3j5fejng,150,2,0.0052895846,0
1537414020,Prod-EcsStagingCluster-EcsCluster-1AAGQRFIOE9AE,Service_beiakklem1vi3j5fejng,150,2,0.0060189308,0
1537426740,Prod-EcsStagingCluster-EcsCluster-1AAGQRFIOE9AE,Service_beiakklem1vi3j5fejng,150,2,0.0052098501,0
1537376760,Prod-EcsStagingCluster-EcsCluster-1AAGQRFIOE9AE,Service_beiakklem1vi3j5fejng,150,2,0.0053463586,0
1537383120,Prod-EcsStagingCluster-EcsCluster-1AAGQRFIOE9AE,Service_beiakklem1vi3j5fejng,150,2,0.0056902739,0
1537389480,Prod-EcsStagingCluster-EcsCluster-1AAGQRFIOE9AE,Service_beiakklem1vi3j5fejng,150,2,0.0057208843,0
1537395840,Prod-EcsStagingCluster-EcsCluster-1AAGQRFIOE9AE,Service_beiakklem1vi3j5fejng,150,2,0.0058375318,0
1537356540,Prod-EcsStagingCluster-EcsCluster-1AAGQRFIOE9AE,Service_beiakklem1vi3j5fejng,150,2,0.0061494398,0
1537427640,Prod-EcsStagingCluster-EcsCluster-1AAGQRFIOE9AE,Service_beiakklem1vi3j5fejng,150,2,0.0060102608,0
1537394700,Prod-EcsStagingCluster-EcsCluster-1AAGQRFIOE9AE,Service_beiakklem1vi3j5fejng,150,2,0.0054760889,0
1537355400,Prod-EcsStagingCluster-EcsCluster-1AAGQRFIOE9AE,Service_beiakklem1vi3j5fejng,150,2,0.0055758094,0
1537349040,Prod-EcsStagingCluster-EcsCluster-1AAGQRFIOE9AE,Service_beiakklem1vi3j5fejng,150,2,0.0053917174,0
1537361760,Prod-EcsStagingCluster-EcsCluster-1AAGQRFIOE9AE,Service_beiakklem1vi3j5fejng,150,2,0.0040514960,0
1537407420,Prod-EcsStagingCluster-EcsCluster-1AAGQRFIOE9AE,Service_beiakklem1vi3j5fejng,150,2,0.0058694731,0
1537412640,Prod-EcsStagingCluster-EcsCluster-1AAGQRFIOE9AE,Service_beiakklem1vi3j5fejng,150,2,0.0058899021,0
1537393560,Prod-EcsStagingCluster-EcsCluster-1AAGQRFIOE9AE,Service_beiakklem1vi3j5fejng,150,2,0.0055137922,0
1537399920,Prod-EcsStagingCluster-EcsCluster-1AAGQRFIOE9AE,Service_beiakklem1vi3j5fejng,150,2,0.0054788780,0
1537406280,Prod-EcsStagingCluster-EcsCluster-1AAGQRFIOE9AE,Service_beiakklem1vi3j5fejng,150,2,0.0041091821,0
1537373340,Prod-EcsStagingCluster-EcsCluster-1AAGQRFIOE9AE,Service_beiakklem1vi3j5fejng,150,2,0.0045786739,0
1537360620,Prod-EcsStagingCluster-EcsCluster-1AAGQRFIOE9AE,Service_beiakklem1vi3j5fejng,150,2,0.0040844927,0
1537362660,Prod-EcsStagingCluster-EcsCluster-1AAGQRFIOE9AE,Service_beiakklem1vi3j5fejng,150,2,0.0053730547,0
1537411500,Prod-EcsStagingCluster-EcsCluster-1AAGQRFIOE9AE,Service_beiakklem1vi3j5fejng,150,2,0.0058354144,0
1537424220,Prod-EcsStagingCluster-EcsCluster-1AAGQRFIOE9AE,Service_beiakklem1vi3j5fejng,150,2,0.0057693919,0
1537375380,Prod-EcsStagingCluster-EcsCluster-1AAGQRFIOE9AE,Service_beiakklem1vi3j5fejng,150,2,0.0049765348,0
1537413540,Prod-EcsStagingCluster-EcsCluster-1AAGQRFIOE9AE,Service_beiakklem1vi3j5fejng,150,2,0.0054580004,0
1537360440,Prod-EcsStagingCluster-EcsCluster-1AAGQRFIOE9AE,Service_beiakklem1vi3j5fejng,150,2,0.0040665138,0
1537426260,Prod-EcsStagingCluster-EcsCluster-1AAGQRFIOE9AE,Service_beiakklem1vi3j5fejng,150,2,0.0058836898,0
1537379520,Prod-EcsStagingCluster-EcsCluster-1AAGQRFIOE9AE,Service_beiakklem1vi3j5fejng,150,2,0.0057773869,0
1537373160,Prod-EcsStagingCluster-EcsCluster-1AAGQRFIOE9AE,Service_beiakklem1vi3j5fejng,150,2,0.0043584696,0
1537366800,Prod-EcsStagingCluster-EcsCluster-1AAGQRFIOE9AE,Service_beiakklem1vi3j5fejng,150,2,0.0042751185,0
1537411320,Prod-EcsStagingCluster-EcsCluster-1AAGQRFIOE9AE,Service_beiakklem1vi3j5fejng,150,2,0.0054496444,0
1537417680,Prod-EcsStagingCluster-EcsCluster-1AAGQRFIOE9AE,Service_beiakklem1vi3j5fejng,150,2,0.0058110690,0
1537392180,Prod-EcsStagingCluster-EcsCluster-1AAGQRFIOE9AE,Service_beiakklem1vi3j5fejng,150,2,0.0055154133,0
1537379460,Prod-EcsStagingCluster-EcsCluster-1AAGQRFIOE9AE,Service_beiakklem1vi3j5fejng,150,2,0.0057263957,0
1537424040,Prod-EcsStagingCluster-EcsCluster-1AAGQRFIOE9AE,Service_beiakklem1vi3j5fejng,150,2,0.0055775136,0
1537430400,Prod-EcsStagingCluster-EcsCluster-1AAGQRFIOE9AE,Service_beiakklem1vi3j5fejng,150,2,0.0058069447,0
1537430340,Prod-EcsStagingCluster-EcsCluster-1AAGQRFIOE9AE,Service_beiakklem1vi3j5fejng,150,2,0.0051516216,0
1537345440,Prod-EcsStagingCluster-EcsCluster-1AAGQRFIOE9AE,Service_beiakklem1vi3j5fejng,150,2,0.0077249129,0
1537389960,Prod-EcsStagingCluster-EcsCluster-1AAGQRFIOE9AE,Service_beiakklem1vi3j5fejng,150,2,0.0052264127,0
1537396320,Prod-EcsStagingCluster-EcsCluster-1AAGQRFIOE9AE,Service_beiakklem1vi3j5fejng,150,2,0.0062516079,0
1537377240,Prod-EcsStagingCluster-EcsCluster-1AAGQRFIOE9AE,Service_beiakklem1vi3j5fejng,150,2,0.0058554425,0
1537383600,Prod-EcsStagingCluster-EcsCluster-1AAGQRFIOE9AE,Service_beiakklem1vi3j5fejng,150,2,0.0052844333,0
1537428120,Prod-EcsStagingCluster-EcsCluster-1AAGQRFIOE9AE,Service_beiakklem1vi3j5fejng,150,2,0.0055052695,0
1537360140,Prod-EcsStagingCluster-EcsCluster-1AAGQRFIOE9AE,Service_beiakklem1vi3j5fejng,150,2,0.0040377491,0
1537372860,Prod-EcsStagingCluster-EcsCluster-1AAGQRFIOE9AE,Service_beiakklem1vi3j5fejng,150,2,0.0045250407,0
1537411020,Prod-EcsStagingCluster-EcsCluster-1AAGQRFIOE9AE,Service_beiakklem1vi3j5fejng,150,2,0.0055607187,0
1537423740,Prod-EcsStagingCluster-EcsCluster-1AAGQRFIOE9AE,Service_beiakklem1vi3j5fejng,150,2,0.0052019720,0
1537389660,Prod-EcsStagingCluster-EcsCluster-1AAGQRFIOE9AE,Service_beiakklem1vi3j5fejng,150,2,0.0044410719,0
1537376940,Prod-EcsStagingCluster-EcsCluster-1AAGQRFIOE9AE,Service_beiakklem1vi3j5fejng,150,2,0.0058501266,0
1537407720,Prod-EcsStagingCluster-EcsCluster-1AAGQRFIOE9AE,Service_beiakklem1vi3j5fejng,150,2,0.0058132785,0
1537427820,Prod-EcsStagingCluster-EcsCluster-1AAGQRFIOE9AE,Service_beiakklem1vi3j5fejng,150,2,0.0053360798,0
1537373640,Prod-EcsStagingCluster-EcsCluster-1AAGQRFIOE9AE,Service_beiakklem1vi3j5fejng,150,2,0.0044301001,0
1537360920,Prod-EcsStagingCluster-EcsCluster-1AAGQRFIOE9AE,Service_beiakklem1vi3j5fejng,150,2,0.0036349911,0
1537411800,Prod-EcsStagingCluster-EcsCluster-1AAGQRFIOE9AE,Service_beiakklem1vi3j5fejng,150,2,0.0054606799,0
1537424520,Prod-EcsStagingCluster-EcsCluster-1AAGQRFIOE9AE,Service_beiakklem1vi3j5fejng,150,2,0.0058236447,0
1537380900,Prod-EcsStagingCluster-EcsCluster-1AAGQRFIOE9AE,Service_beiakklem1vi3j5fejng,150,2,0.0052831302,0
1537393620,Prod-EcsStagingCluster-EcsCluster-1AAGQRFIOE9AE,Service_beiakklem1vi3j5fejng,150,2,0.0053853676,0
1537346820,Prod-EcsStagingCluster-EcsCluster-1AAGQRFIOE9AE,Service_beiakklem1vi3j5fejng,150,2,0.0051599022,0
1537359540,Prod-EcsStagingCluster-EcsCluster-1AAGQRFIOE9AE,Service_beiakklem1vi3j5fejng,150,2,0.0039342139,0
1537364880,Prod-EcsStagingCluster-EcsCluster-1AAGQRFIOE9AE,Service_beiakklem1vi3j5fejng,150,2,0.0055930245,0
1537377600,Prod-EcsStagingCluster-EcsCluster-1AAGQRFIOE9AE,Service_beiakklem1vi3j5fejng,150,2,0.0058685203,0
1537415760,Prod-EcsStagingCluster-EcsCluster-1AAGQRFIOE9AE,Service_beiakklem1vi3j5fejng,150,2,0.0059010351,0
1537376460,Prod-EcsStagingCluster-EcsCluster-1AAGQRFIOE9AE,Service_beiakklem1vi3j5fejng,150,2,0.0056070014,0
1537410420,Prod-EcsStagingCluster-EcsCluster-1AAGQRFIOE9AE,Service_beiakklem1vi3j5fejng,150,2,0.0057040073,0
1537397700,Prod-EcsStagingCluster-EcsCluster-1AAGQRFIOE9AE,Service_beiakklem1vi3j5fejng,150,2,0.0051424340,0
1537428480,Prod-EcsStagingCluster-EcsCluster-1AAGQRFIOE9AE,Service_beiakklem1vi3j5fejng,150,2,0.0047164861,0
1537389180,Prod-EcsStagingCluster-EcsCluster-1AAGQRFIOE9AE,Service_beiakklem1vi3j5fejng,150,2,0.0058812742,0
1537427340,Prod-EcsStagingCluster-EcsCluster-1AAGQRFIOE9AE,Service_beiakklem1vi3j5fejng,150,2,0.0059376359,0
1537408200,Prod-EcsStagingCluster-EcsCluster-1AAGQRFIOE9AE,Service_beiakklem1vi3j5fejng,150,2,0.0057319102,0
1537395480,Prod-EcsStagingCluster-EcsCluster-1AAGQRFIOE9AE,Service_beiakklem1vi3j5fejng,150,2,0.0047917148,0
1537355100,Prod-EcsStagingCluster-EcsCluster-1AAGQRFIOE9AE,Service_beiakklem1vi3j5fejng,150,2,0.0056609622,0
1537393260,Prod-EcsStagingCluster-EcsCluster-1AAGQRFIOE9AE,Service_beiakklem1vi3j5fejng,150,2,0.0051760385,0
1537405980,Prod-EcsStagingCluster-EcsCluster-1AAGQRFIOE9AE,Service_beiakklem1vi3j5fejng,150,2,0.0038425250,0
1537361280,Prod-EcsStagingCluster-EcsCluster-1AAGQRFIOE9AE,Service_beiakklem1vi3j5fejng,150,2,0.0040718905,0
1537348560,Prod-EcsStagingCluster-EcsCluster-1AAGQRFIOE9AE,Service_beiakklem1vi3j5fejng,150,2,0.0056775720,0
1537399440,Prod-EcsStagingCluster-EcsCluster-1AAGQRFIOE9AE,Service_beiakklem1vi3j5fejng,150,2,0.0058668883,0
1537412160,Prod-EcsStagingCluster-EcsCluster-1AAGQRFIOE9AE,Service_beiakklem1vi3j5fejng,150,2,0.0055603001,0
1537359060,Prod-EcsStagingCluster-EcsCluster-1AAGQRFIOE9AE,Service_beiakklem1vi3j5fejng,150,2,0.0039922232,0
1537346340,Prod-EcsStagingCluster-EcsCluster-1AAGQRFIOE9AE,Service_beiakklem1vi3j5fejng,150,2,0.0068370885,0
1537397220,Prod-EcsStagingCluster-EcsCluster-1AAGQRFIOE9AE,Service_beiakklem1vi3j5fejng,150,2,0.0055117242,0
1537378080,Prod-EcsStagingCluster-EcsCluster-1AAGQRFIOE9AE,Service_beiakklem1vi3j5fejng,150,2,0.0053115777,0
1537365360,Prod-EcsStagingCluster-EcsCluster-1AAGQRFIOE9AE,Service_beiakklem1vi3j5fejng,150,2,0.0057000125,0
1537409940,Prod-EcsStagingCluster-EcsCluster-1AAGQRFIOE9AE,Service_beiakklem1vi3j5fejng,150,2,0.0067154244,0
1537356840,Prod-EcsStagingCluster-EcsCluster-1AAGQRFIOE9AE,Service_beiakklem1vi3j5fejng,150,2,0.0055431630,0
1537395000,Prod-EcsStagingCluster-EcsCluster-1AAGQRFIOE9AE,Service_beiakklem1vi3j5fejng,150,2,0.0056477758,0
1537428960,Prod-EcsStagingCluster-EcsCluster-1AAGQRFIOE9AE,Service_beiakklem1vi3j5fejng,150,2,0.0055203037,0
1537416240,Prod-EcsStagingCluster-EcsCluster-1AAGQRFIOE9AE,Service_beiakklem1vi3j5fejng,150,2,0.0058571218,0
1537410720,Prod-EcsStagingCluster-EcsCluster-1AAGQRFIOE9AE,Service_beiakklem1vi3j5fejng,150,2,0.0064939371,0
1537401180,Prod-EcsStagingCluster-EcsCluster-1AAGQRFIOE9AE,Service_beiakklem1vi3j5fejng,150,2,0.0041745596,0
1537404360,Prod-EcsStagingCluster-EcsCluster-1AAGQRFIOE9AE,Service_beiakklem1vi3j5fejng,150,2,0.0045859124,0
1537407540,Prod-EcsStagingCluster-EcsCluster-1AAGQRFIOE9AE,Service_beiakklem1vi3j5fejng,150,2,0.0058765067,0
1537368240,Prod-EcsStagingCluster-EcsCluster-1AAGQRFIOE9AE,Service_beiakklem1vi3j5fejng,150,2,0.0051253568,0
1537358700,Prod-EcsStagingCluster-EcsCluster-1AAGQRFIOE9AE,Service_beiakklem1vi3j5fejng,150,2,0.0055750353,0
1537361880,Prod-EcsStagingCluster-EcsCluster-1AAGQRFIOE9AE,Service_beiakklem1vi3j5fejng,150,2,0.0041517808,0
1537365060,Prod-EcsStagingCluster-EcsCluster-1AAGQRFIOE9AE,Service_beiakklem1vi3j5fejng,150,2,0.0058666593,0
1537426620,Prod-EcsStagingCluster-EcsCluster-1AAGQRFIOE9AE,Service_beiakklem1vi3j5fejng,150,2,0.0056037874,0
1537429800,Prod-EcsStagingCluster-EcsCluster-1AAGQRFIOE9AE,Service_beiakklem1vi3j5fejng,150,2,0.0054625748,0
1537393680,Prod-EcsStagingCluster-EcsCluster-1AAGQRFIOE9AE,Service_beiakklem1vi3j5fejng,150,2,0.0058640068,0
1537384140,Prod-EcsStagingCluster-EcsCluster-1AAGQRFIOE9AE,Service_beiakklem1vi3j5fejng,150,2,0.0056799205,0
1537387320,Prod-EcsStagingCluster-EcsCluster-1AAGQRFIOE9AE,Service_beiakklem1vi3j5fejng,150,2,0.0045556741,0
1537390500,Prod-EcsStagingCluster-EcsCluster-1AAGQRFIOE9AE,Service_beiakklem1vi3j5fejng,150,2,0.0053000016,0
1537358460,Prod-EcsStagingCluster-EcsCluster-1AAGQRFIOE9AE,Service_beiakklem1vi3j5fejng,150,2,0.0057236327,0
1537361640,Prod-EcsStagingCluster-EcsCluster-1AAGQRFIOE9AE,Service_beiakklem1vi3j5fejng,150,2,0.0039522568,0
1537364820,Prod-EcsStagingCluster-EcsCluster-1AAGQRFIOE9AE,Service_beiakklem1vi3j5fejng,150,2,0.0057606494,0
1537368000,Prod-EcsStagingCluster-EcsCluster-1AAGQRFIOE9AE,Service_beiakklem1vi3j5fejng,150,2,0.0060199939,0
1537368960,Prod-EcsStagingCluster-EcsCluster-1AAGQRFIOE9AE,Service_beiakklem1vi3j5fejng,150,2,0.0055374084,0
1537362600,Prod-EcsStagingCluster-EcsCluster-1AAGQRFIOE9AE,Service_beiakklem1vi3j5fejng,150,2,0.0051697590,0
1537417740,Prod-EcsStagingCluster-EcsCluster-1AAGQRFIOE9AE,Service_beiakklem1vi3j5fejng,150,2,0.0057480277,0
1537392300,Prod-EcsStagingCluster-EcsCluster-1AAGQRFIOE9AE,Service_beiakklem1vi3j5fejng,150,2,0.0056635477,0
1537398660,Prod-EcsStagingCluster-EcsCluster-1AAGQRFIOE9AE,Service_beiakklem1vi3j5fejng,150,2,0.0053841308,0
1537424100,Prod-EcsStagingCluster-EcsCluster-1AAGQRFIOE9AE,Service_beiakklem1vi3j5fejng,150,2,0.0057274127,0
1537396440,Prod-EcsStagingCluster-EcsCluster-1AAGQRFIOE9AE,Service_beiakklem1vi3j5fejng,150,2,0.0053822910,0
1537402800,Prod-EcsStagingCluster-EcsCluster-1AAGQRFIOE9AE,Service_beiakklem1vi3j5fejng,150,2,0.0057310267,0
1537421880,Prod-EcsStagingCluster-EcsCluster-1AAGQRFIOE9AE,Service_beiakklem1vi3j5fejng,150,2,0.0058575197,0
1537428240,Prod-EcsStagingCluster-EcsCluster-1AAGQRFIOE9AE,Service_beiakklem1vi3j5fejng,150,2,0.0054532458,0
1537372980,Prod-EcsStagingCluster-EcsCluster-1AAGQRFIOE9AE,Service_beiakklem1vi3j5fejng,150,2,0.0044630507,0
1537366620,Prod-EcsStagingCluster-EcsCluster-1AAGQRFIOE9AE,Service_beiakklem1vi3j5fejng,150,2,0.0045027752,0
1537398420,Prod-EcsStagingCluster-EcsCluster-1AAGQRFIOE9AE,Service_beiakklem1vi3j5fejng,150,2,0.0052887487,0
1537392060,Prod-EcsStagingCluster-EcsCluster-1AAGQRFIOE9AE,Service_beiakklem1vi3j5fejng,150,2,0.0054481866,0
1537355940,Prod-EcsStagingCluster-EcsCluster-1AAGQRFIOE9AE,Service_beiakklem1vi3j5fejng,150,2,0.0053929787,0
1537349580,Prod-EcsStagingCluster-EcsCluster-1AAGQRFIOE9AE,Service_beiakklem1vi3j5fejng,150,2,0.0054890276,0
1537370760,Prod-EcsStagingCluster-EcsCluster-1AAGQRFIOE9AE,Service_beiakklem1vi3j5fejng,150,2,0.0038784571,0
1537377120,Prod-EcsStagingCluster-EcsCluster-1AAGQRFIOE9AE,Service_beiakklem1vi3j5fejng,150,2,0.0057244624,0
1537396200,Prod-EcsStagingCluster-EcsCluster-1AAGQRFIOE9AE,Service_beiakklem1vi3j5fejng,150,2,0.0058099217,0
1537402560,Prod-EcsStagingCluster-EcsCluster-1AAGQRFIOE9AE,Service_beiakklem1vi3j5fejng,150,2,0.0038168398,0
1537425900,Prod-EcsStagingCluster-EcsCluster-1AAGQRFIOE9AE,Service_beiakklem1vi3j5fejng,150,2,0.0060678165,0
1537353720,Prod-EcsStagingCluster-EcsCluster-1AAGQRFIOE9AE,Service_beiakklem1vi3j5fejng,150,2,0.0055575247,0
1537360080,Prod-EcsStagingCluster-EcsCluster-1AAGQRFIOE9AE,Service_beiakklem1vi3j5fejng,150,2,0.0042582329,0
1537430040,Prod-EcsStagingCluster-EcsCluster-1AAGQRFIOE9AE,Service_beiakklem1vi3j5fejng,150,2,0.0053366867,0
1537409760,Prod-EcsStagingCluster-EcsCluster-1AAGQRFIOE9AE,Service_beiakklem1vi3j5fejng,150,2,0.0054771122,0
1537400220,Prod-EcsStagingCluster-EcsCluster-1AAGQRFIOE9AE,Service_beiakklem1vi3j5fejng,150,2,0.0049539926,0
1537431000,Prod-EcsStagingCluster-EcsCluster-1AAGQRFIOE9AE,Service_beiakklem1vi3j5fejng,150,2,0.0057137753,0
1537367280,Prod-EcsStagingCluster-EcsCluster-1AAGQRFIOE9AE,Service_beiakklem1vi3j5fejng,150,2,0.0054646601,0
1537357740,Prod-EcsStagingCluster-EcsCluster-1AAGQRFIOE9AE,Service_beiakklem1vi3j5fejng,150,2,0.0056483510,0
1537425660,Prod-EcsStagingCluster-EcsCluster-1AAGQRFIOE9AE,Service_beiakklem1vi3j5fejng,150,2,0.0055150875,0
1537392720,Prod-EcsStagingCluster-EcsCluster-1AAGQRFIOE9AE,Service_beiakklem1vi3j5fejng,150,2,0.0053233853,0
1537383180,Prod-EcsStagingCluster-EcsCluster-1AAGQRFIOE9AE,Service_beiakklem1vi3j5fejng,150,2,0.0055739640,0
1537408500,Prod-EcsStagingCluster-EcsCluster-1AAGQRFIOE9AE,Service_beiakklem1vi3j5fejng,150,2,0.0066265558,0
1537405320,Prod-EcsStagingCluster-EcsCluster-1AAGQRFIOE9AE,Service_beiakklem1vi3j5fejng,150,2,0.0039832498,0
1537366020,Prod-EcsStagingCluster-EcsCluster-1AAGQRFIOE9AE,Service_beiakklem1vi3j5fejng,150,2,0.0056183621,0
1537362840,Prod-EcsStagingCluster-EcsCluster-1AAGQRFIOE9AE,Service_beiakklem1vi3j5fejng,150,2,0.0056130911,0
1537430760,Prod-EcsStagingCluster-EcsCluster-1AAGQRFIOE9AE,Service_beiakklem1vi3j5fejng,150,2,0.0054174356,0
1537357500,Prod-EcsStagingCluster-EcsCluster-1AAGQRFIOE9AE,Service_beiakklem1vi3j5fejng,150,2,0.0052993107,0
1537367040,Prod-EcsStagingCluster-EcsCluster-1AAGQRFIOE9AE,Service_beiakklem1vi3j5fejng,150,2,0.0039271719,0
1537388280,Prod-EcsStagingCluster-EcsCluster-1AAGQRFIOE9AE,Service_beiakklem1vi3j5fejng,150,2,0.0058667194,0
1537391460,Prod-EcsStagingCluster-EcsCluster-1AAGQRFIOE9AE,Service_beiakklem1vi3j5fejng,150,2,0.0054530625,0
1537391340,Prod-EcsStagingCluster-EcsCluster-1AAGQRFIOE9AE,Service_beiakklem1vi3j5fejng,150,2,0.0054816916,0
1537416780,Prod-EcsStagingCluster-EcsCluster-1AAGQRFIOE9AE,Service_beiakklem1vi3j5fejng,150,2,0.0057883694,0
1537400880,Prod-EcsStagingCluster-EcsCluster-1AAGQRFIOE9AE,Service_beiakklem1vi3j5fejng,150,2,0.0043037281,0
1537426320,Prod-EcsStagingCluster-EcsCluster-1AAGQRFIOE9AE,Service_beiakklem1vi3j5fejng,150,2,0.0058983141,0
1537365780,Prod-EcsStagingCluster-EcsCluster-1AAGQRFIOE9AE,Service_beiakklem1vi3j5fejng,150,2,0.0056437768,0
1537401840,Prod-EcsStagingCluster-EcsCluster-1AAGQRFIOE9AE,Service_beiakklem1vi3j5fejng,150,2,0.0040386806,0
1537427280,Prod-EcsStagingCluster-EcsCluster-1AAGQRFIOE9AE,Service_beiakklem1vi3j5fejng,150,2,0.0056796195,0
1537363560,Prod-EcsStagingCluster-EcsCluster-1AAGQRFIOE9AE,Service_beiakklem1vi3j5fejng,150,2,0.0054638563,0
1537365660,Prod-EcsStagingCluster-EcsCluster-1AAGQRFIOE9AE,Service_beiakklem1vi3j5fejng,150,2,0.0059308852,0
1537399620,Prod-EcsStagingCluster-EcsCluster-1AAGQRFIOE9AE,Service_beiakklem1vi3j5fejng,150,2,0.0057869022,0
1537391100,Prod-EcsStagingCluster-EcsCluster-1AAGQRFIOE9AE,Service_beiakklem1vi3j5fejng,150,2,0.0056217936,0
1537425060,Prod-EcsStagingCluster-EcsCluster-1AAGQRFIOE9AE,Service_beiakklem1vi3j5fejng,150,2,0.0059484244,0
1537348620,Prod-EcsStagingCluster-EcsCluster-1AAGQRFIOE9AE,Service_beiakklem1vi3j5fejng,150,2,0.0054589070,0
1537376160,Prod-EcsStagingCluster-EcsCluster-1AAGQRFIOE9AE,Service_beiakklem1vi3j5fejng,150,2,0.0054621598,0
1537397400,Prod-EcsStagingCluster-EcsCluster-1AAGQRFIOE9AE,Service_beiakklem1vi3j5fejng,150,2,0.0047057815,0
1537401600,Prod-EcsStagingCluster-EcsCluster-1AAGQRFIOE9AE,Service_beiakklem1vi3j5fejng,150,2,0.0039503044,0
1537424940,Prod-EcsStagingCluster-EcsCluster-1AAGQRFIOE9AE,Service_beiakklem1vi3j5fejng,150,2,0.0056160619,0
1537422840,Prod-EcsStagingCluster-EcsCluster-1AAGQRFIOE9AE,Service_beiakklem1vi3j5fejng,150,2,0.0061337672,0
1537359120,Prod-EcsStagingCluster-EcsCluster-1AAGQRFIOE9AE,Service_beiakklem1vi3j5fejng,150,2,0.0038484600,0
1537373940,Prod-EcsStagingCluster-EcsCluster-1AAGQRFIOE9AE,Service_beiakklem1vi3j5fejng,150,2,0.0027577280,0
1537399380,Prod-EcsStagingCluster-EcsCluster-1AAGQRFIOE9AE,Service_beiakklem1vi3j5fejng,150,2,0.0068533192,0
1537356900,Prod-EcsStagingCluster-EcsCluster-1AAGQRFIOE9AE,Service_beiakklem1vi3j5fejng,150,2,0.0055009593,0
1537371720,Prod-EcsStagingCluster-EcsCluster-1AAGQRFIOE9AE,Service_beiakklem1vi3j5fejng,150,2,0.0039867768,0
1537397160,Prod-EcsStagingCluster-EcsCluster-1AAGQRFIOE9AE,Service_beiakklem1vi3j5fejng,150,2,0.0055080033,0
1537354680,Prod-EcsStagingCluster-EcsCluster-1AAGQRFIOE9AE,Service_beiakklem1vi3j5fejng,150,2,0.0055786088,0
1537399260,Prod-EcsStagingCluster-EcsCluster-1AAGQRFIOE9AE,Service_beiakklem1vi3j5fejng,150,2,0.0052718402,0
1537369500,Prod-EcsStagingCluster-EcsCluster-1AAGQRFIOE9AE,Service_beiakklem1vi3j5fejng,150,2,0.0057487520,0
1537356780,Prod-EcsStagingCluster-EcsCluster-1AAGQRFIOE9AE,Service_beiakklem1vi3j5fejng,150,2,0.0056948130,0
1537427880,Prod-EcsStagingCluster-EcsCluster-1AAGQRFIOE9AE,Service_beiakklem1vi3j5fejng,150,2,0.0053158878,0
1537431060,Prod-EcsStagingCluster-EcsCluster-1AAGQRFIOE9AE,Service_beiakklem1vi3j5fejng,150,2,0.0054310331,0
1537394940,Prod-EcsStagingCluster-EcsCluster-1AAGQRFIOE9AE,Service_beiakklem1vi3j5fejng,150,2,0.0054873401,0
1537382220,Prod-EcsStagingCluster-EcsCluster-1AAGQRFIOE9AE,Service_beiakklem1vi3j5fejng,150,2,0.0056989705,0
1537355640,Prod-EcsStagingCluster-EcsCluster-1AAGQRFIOE9AE,Service_beiakklem1vi3j5fejng,150,2,0.0055843163,0
1537358820,Prod-EcsStagingCluster-EcsCluster-1AAGQRFIOE9AE,Service_beiakklem1vi3j5fejng,150,2,0.0055807049,0
1537362000,Prod-EcsStagingCluster-EcsCluster-1AAGQRFIOE9AE,Service_beiakklem1vi3j5fejng,150,2,0.0054391554,0
1537359720,Prod-EcsStagingCluster-EcsCluster-1AAGQRFIOE9AE,Service_beiakklem1vi3j5fejng,150,2,0.0040748803,0
1537362900,Prod-EcsStagingCluster-EcsCluster-1AAGQRFIOE9AE,Service_beiakklem1vi3j5fejng,150,2,0.0053167370,0
1537366080,Prod-EcsStagingCluster-EcsCluster-1AAGQRFIOE9AE,Service_beiakklem1vi3j5fejng,150,2,0.0049386204,0
1537390380,Prod-EcsStagingCluster-EcsCluster-1AAGQRFIOE9AE,Service_beiakklem1vi3j5fejng,150,2,0.0055021022,0
1537415820,Prod-EcsStagingCluster-EcsCluster-1AAGQRFIOE9AE,Service_beiakklem1vi3j5fejng,150,2,0.0081316221,0
1537403100,Prod-EcsStagingCluster-EcsCluster-1AAGQRFIOE9AE,Service_beiakklem1vi3j5fejng,150,2,0.0060354624,0
1537366980,Prod-EcsStagingCluster-EcsCluster-1AAGQRFIOE9AE,Service_beiakklem1vi3j5fejng,150,2,0.0057357184,0
1537370160,Prod-EcsStagingCluster-EcsCluster-1AAGQRFIOE9AE,Service_beiakklem1vi3j5fejng,150,2,0.0054702701,0
1537363800,Prod-EcsStagingCluster-EcsCluster-1AAGQRFIOE9AE,Service_beiakklem1vi3j5fejng,150,2,0.0054980987,0
1537428540,Prod-EcsStagingCluster-EcsCluster-1AAGQRFIOE9AE,Service_beiakklem1vi3j5fejng,150,2,0.0055218141,0
1537392420,Prod-EcsStagingCluster-EcsCluster-1AAGQRFIOE9AE,Service_beiakklem1vi3j5fejng,150,2,0.0059777562,0
1537395600,Prod-EcsStagingCluster-EcsCluster-1AAGQRFIOE9AE,Service_beiakklem1vi3j5fejng,150,2,0.0057533879,0
1537389240,Prod-EcsStagingCluster-EcsCluster-1AAGQRFIOE9AE,Service_beiakklem1vi3j5fejng,150,2,0.0055788442,0
1537396560,Prod-EcsStagingCluster-EcsCluster-1AAGQRFIOE9AE,Service_beiakklem1vi3j5fejng,150,2,0.0058999627,0
1537390200,Prod-EcsStagingCluster-EcsCluster-1AAGQRFIOE9AE,Service_beiakklem1vi3j5fejng,150,2,0.0057431570,0
1537371060,Prod-EcsStagingCluster-EcsCluster-1AAGQRFIOE9AE,Service_beiakklem1vi3j5fejng,150,2,0.0043851770,0
1537396500,Prod-EcsStagingCluster-EcsCluster-1AAGQRFIOE9AE,Service_beiakklem1vi3j5fejng,150,2,0.0057434825,0
1537360380,Prod-EcsStagingCluster-EcsCluster-1AAGQRFIOE9AE,Service_beiakklem1vi3j5fejng,150,2,0.0040534209,0
1537347660,Prod-EcsStagingCluster-EcsCluster-1AAGQRFIOE9AE,Service_beiakklem1vi3j5fejng,150,2,0.0067116034,0
1537375200,Prod-EcsStagingCluster-EcsCluster-1AAGQRFIOE9AE,Service_beiakklem1vi3j5fejng,150,2,0.0054130967,0
1537368840,Prod-EcsStagingCluster-EcsCluster-1AAGQRFIOE9AE,Service_beiakklem1vi3j5fejng,150,2,0.0045817954,0
1537400640,Prod-EcsStagingCluster-EcsCluster-1AAGQRFIOE9AE,Service_beiakklem1vi3j5fejng,150,2,0.0031050771,0
1537423980,Prod-EcsStagingCluster-EcsCluster-1AAGQRFIOE9AE,Service_beiakklem1vi3j5fejng,150,2,0.0055524638,0
1537394280,Prod-EcsStagingCluster-EcsCluster-1AAGQRFIOE9AE,Service_beiakklem1vi3j5fejng,150,2,0.0056985257,0
1537400580,Prod-EcsStagingCluster-EcsCluster-1AAGQRFIOE9AE,Service_beiakklem1vi3j5fejng,150,2,0.0040694600,0
1537426020,Prod-EcsStagingCluster-EcsCluster-1AAGQRFIOE9AE,Service_beiakklem1vi3j5fejng,150,2,0.0048946977,0
1537404720,Prod-EcsStagingCluster-EcsCluster-1AAGQRFIOE9AE,Service_beiakklem1vi3j5fejng,150,2,0.0059918354,0
1537398360,Prod-EcsStagingCluster-EcsCluster-1AAGQRFIOE9AE,Service_beiakklem1vi3j5fejng,150,2,0.0059217291,0
1537423800,Prod-EcsStagingCluster-EcsCluster-1AAGQRFIOE9AE,Service_beiakklem1vi3j5fejng,150,2,0.0052271920,0
1537430160,Prod-EcsStagingCluster-EcsCluster-1AAGQRFIOE9AE,Service_beiakklem1vi3j5fejng,150,2,0.0052971780,0
1537404660,Prod-EcsStagingCluster-EcsCluster-1AAGQRFIOE9AE,Service_beiakklem1vi3j5fejng,150,2,0.0041654745,0
1537355820,Prod-EcsStagingCluster-EcsCluster-1AAGQRFIOE9AE,Service_beiakklem1vi3j5fejng,150,2,0.0057459751,0
1537368540,Prod-EcsStagingCluster-EcsCluster-1AAGQRFIOE9AE,Service_beiakklem1vi3j5fejng,150,2,0.0055084707,0
1537430100,Prod-EcsStagingCluster-EcsCluster-1AAGQRFIOE9AE,Service_beiakklem1vi3j5fejng,150,2,0.0054667964,0
1537381260,Prod-EcsStagingCluster-EcsCluster-1AAGQRFIOE9AE,Service_beiakklem1vi3j5fejng,150,2,0.0049861689,0
1537393980,Prod-EcsStagingCluster-EcsCluster-1AAGQRFIOE9AE,Service_beiakklem1vi3j5fejng,150,2,0.0055939143,0
1537357860,Prod-EcsStagingCluster-EcsCluster-1AAGQRFIOE9AE,Service_beiakklem1vi3j5fejng,150,2,0.0046075096,0
1537402440,Prod-EcsStagingCluster-EcsCluster-1AAGQRFIOE9AE,Service_beiakklem1vi3j5fejng,150,2,0.0057136299,0
1537408800,Prod-EcsStagingCluster-EcsCluster-1AAGQRFIOE9AE,Service_beiakklem1vi3j5fejng,150,2,0.0054988267,0
1537403400,Prod-EcsStagingCluster-EcsCluster-1AAGQRFIOE9AE,Service_beiakklem1vi3j5fejng,150,2,0.0052549370,0
1537406580,Prod-EcsStagingCluster-EcsCluster-1AAGQRFIOE9AE,Service_beiakklem1vi3j5fejng,150,2,0.0041207884,0
1537428840,Prod-EcsStagingCluster-EcsCluster-1AAGQRFIOE9AE,Service_beiakklem1vi3j5fejng,150,2,0.0052344435,0
1537365120,Prod-EcsStagingCluster-EcsCluster-1AAGQRFIOE9AE,Service_beiakklem1vi3j5fejng,150,2,0.0058129251,0
1537359780,Prod-EcsStagingCluster-EcsCluster-1AAGQRFIOE9AE,Service_beiakklem1vi3j5fejng,150,2,0.0042329784,0
1537356600,Prod-EcsStagingCluster-EcsCluster-1AAGQRFIOE9AE,Service_beiakklem1vi3j5fejng,150,2,0.0054817626,0
1537389420,Prod-EcsStagingCluster-EcsCluster-1AAGQRFIOE9AE,Service_beiakklem1vi3j5fejng,150,2,0.0056078290,0
1537414860,Prod-EcsStagingCluster-EcsCluster-1AAGQRFIOE9AE,Service_beiakklem1vi3j5fejng,150,2,0.0058864754,0
1537402140,Prod-EcsStagingCluster-EcsCluster-1AAGQRFIOE9AE,Service_beiakklem1vi3j5fejng,150,2,0.0038268522,0
1537369200,Prod-EcsStagingCluster-EcsCluster-1AAGQRFIOE9AE,Service_beiakklem1vi3j5fejng,150,2,0.0057041594,0
1537427580,Prod-EcsStagingCluster-EcsCluster-1AAGQRFIOE9AE,Service_beiakklem1vi3j5fejng,150,2,0.0055268670,0
1537360680,Prod-EcsStagingCluster-EcsCluster-1AAGQRFIOE9AE,Service_beiakklem1vi3j5fejng,150,2,0.0056000954,0
1537363860,Prod-EcsStagingCluster-EcsCluster-1AAGQRFIOE9AE,Service_beiakklem1vi3j5fejng,150,2,0.0053557587,0
1537394640,Prod-EcsStagingCluster-EcsCluster-1AAGQRFIOE9AE,Service_beiakklem1vi3j5fejng,150,2,0.0053106356,0
1537373280,Prod-EcsStagingCluster-EcsCluster-1AAGQRFIOE9AE,Service_beiakklem1vi3j5fejng,150,2,0.0044354691,0
1537367940,Prod-EcsStagingCluster-EcsCluster-1AAGQRFIOE9AE,Service_beiakklem1vi3j5fejng,150,2,0.0052287939,0
1537398720,Prod-EcsStagingCluster-EcsCluster-1AAGQRFIOE9AE,Service_beiakklem1vi3j5fejng,150,2,0.0056766663,0
1537364760,Prod-EcsStagingCluster-EcsCluster-1AAGQRFIOE9AE,Service_beiakklem1vi3j5fejng,150,2,0.0048262037,0
1537359420,Prod-EcsStagingCluster-EcsCluster-1AAGQRFIOE9AE,Service_beiakklem1vi3j5fejng,150,2,0.0040394616,0
1537393380,Prod-EcsStagingCluster-EcsCluster-1AAGQRFIOE9AE,Service_beiakklem1vi3j5fejng,150,2,0.0058391542,0
1537346700,Prod-EcsStagingCluster-EcsCluster-1AAGQRFIOE9AE,Service_beiakklem1vi3j5fejng,150,2,0.0054191235,0
1537374240,Prod-EcsStagingCluster-EcsCluster-1AAGQRFIOE9AE,Service_beiakklem1vi3j5fejng,150,2,0.0043282926,0
1537365720,Prod-EcsStagingCluster-EcsCluster-1AAGQRFIOE9AE,Service_beiakklem1vi3j5fejng,150,2,0.0054526402,0
1537399680,Prod-EcsStagingCluster-EcsCluster-1AAGQRFIOE9AE,Service_beiakklem1vi3j5fejng,150,2,0.0057279300,0
1537423020,Prod-EcsStagingCluster-EcsCluster-1AAGQRFIOE9AE,Service_beiakklem1vi3j5fejng,150,2,0.0056423661,0
1537391160,Prod-EcsStagingCluster-EcsCluster-1AAGQRFIOE9AE,Service_beiakklem1vi3j5fejng,150,2,0.0053523303,0
1537372020,Prod-EcsStagingCluster-EcsCluster-1AAGQRFIOE9AE,Service_beiakklem1vi3j5fejng,150,2,0.0048507415,0
1537397460,Prod-EcsStagingCluster-EcsCluster-1AAGQRFIOE9AE,Service_beiakklem1vi3j5fejng,150,2,0.0054974323,0
1537369800,Prod-EcsStagingCluster-EcsCluster-1AAGQRFIOE9AE,Service_beiakklem1vi3j5fejng,150,2,0.0052810214,0
1537403760,Prod-EcsStagingCluster-EcsCluster-1AAGQRFIOE9AE,Service_beiakklem1vi3j5fejng,150,2,0.0055293863,0
1537395240,Prod-EcsStagingCluster-EcsCluster-1AAGQRFIOE9AE,Service_beiakklem1vi3j5fejng,150,2,0.0058385565,0
1537429200,Prod-EcsStagingCluster-EcsCluster-1AAGQRFIOE9AE,Service_beiakklem1vi3j5fejng,150,2,0.0051523294,0
1537380300,Prod-EcsStagingCluster-EcsCluster-1AAGQRFIOE9AE,Service_beiakklem1vi3j5fejng,150,2,0.0057776359,0
1537354860,Prod-EcsStagingCluster-EcsCluster-1AAGQRFIOE9AE,Service_beiakklem1vi3j5fejng,150,2,0.0056834941,0
1537367580,Prod-EcsStagingCluster-EcsCluster-1AAGQRFIOE9AE,Service_beiakklem1vi3j5fejng,150,2,0.0056099607,0
1537401540,Prod-EcsStagingCluster-EcsCluster-1AAGQRFIOE9AE,Service_beiakklem1vi3j5fejng,150,2,0.0057949280,0
1537393020,Prod-EcsStagingCluster-EcsCluster-1AAGQRFIOE9AE,Service_beiakklem1vi3j5fejng,150,2,0.0054523397,0
1537426980,Prod-EcsStagingCluster-EcsCluster-1AAGQRFIOE9AE,Service_beiakklem1vi3j5fejng,150,2,0.0058185338,0
1537407840,Prod-EcsStagingCluster-EcsCluster-1AAGQRFIOE9AE,Service_beiakklem1vi3j5fejng,150,2,0.0055915757,0
1537399320,Prod-EcsStagingCluster-EcsCluster-1AAGQRFIOE9AE,Service_beiakklem1vi3j5fejng,150,2,0.0055645925,0
1537424760,Prod-EcsStagingCluster-EcsCluster-1AAGQRFIOE9AE,Service_beiakklem1vi3j5fejng,150,2,0.0059229337,0
1537361040,Prod-EcsStagingCluster-EcsCluster-1AAGQRFIOE9AE,Service_beiakklem1vi3j5fejng,150,2,0.0038798752,0
1537405620,Prod-EcsStagingCluster-EcsCluster-1AAGQRFIOE9AE,Service_beiakklem1vi3j5fejng,150,2,0.0037980609,0
1537406640,Prod-EcsStagingCluster-EcsCluster-1AAGQRFIOE9AE,Service_beiakklem1vi3j5fejng,150,2,0.0036895352,0
1537400280,Prod-EcsStagingCluster-EcsCluster-1AAGQRFIOE9AE,Service_beiakklem1vi3j5fejng,150,2,0.0058933985,0
1537403460,Prod-EcsStagingCluster-EcsCluster-1AAGQRFIOE9AE,Service_beiakklem1vi3j5fejng,150,2,0.0059796595,0
1537422540,Prod-EcsStagingCluster-EcsCluster-1AAGQRFIOE9AE,Service_beiakklem1vi3j5fejng,150,2,0.0056963843,0
1537430940,Prod-EcsStagingCluster-EcsCluster-1AAGQRFIOE9AE,Service_beiakklem1vi3j5fejng,150,2,0.0053046682,0
1537388460,Prod-EcsStagingCluster-EcsCluster-1AAGQRFIOE9AE,Service_beiakklem1vi3j5fejng,150,2,0.0057385872,0
1537417080,Prod-EcsStagingCluster-EcsCluster-1AAGQRFIOE9AE,Service_beiakklem1vi3j5fejng,150,2,0.0057561594,0
1537420260,Prod-EcsStagingCluster-EcsCluster-1AAGQRFIOE9AE,Service_beiakklem1vi3j5fejng,150,2,0.0059977154,0
1537423440,Prod-EcsStagingCluster-EcsCluster-1AAGQRFIOE9AE,Service_beiakklem1vi3j5fejng,150,2,0.0056801895,0
1537396860,Prod-EcsStagingCluster-EcsCluster-1AAGQRFIOE9AE,Service_beiakklem1vi3j5fejng,150,2,0.0059730438,0
1537400040,Prod-EcsStagingCluster-EcsCluster-1AAGQRFIOE9AE,Service_beiakklem1vi3j5fejng,150,2,0.0058162445,0
1537403220,Prod-EcsStagingCluster-EcsCluster-1AAGQRFIOE9AE,Service_beiakklem1vi3j5fejng,150,2,0.0058827140,0
1537406400,Prod-EcsStagingCluster-EcsCluster-1AAGQRFIOE9AE,Service_beiakklem1vi3j5fejng,150,2,0.0029165338,0
1537354380,Prod-EcsStagingCluster-EcsCluster-1AAGQRFIOE9AE,Service_beiakklem1vi3j5fejng,150,2,0.0058737480,0
1537372320,Prod-EcsStagingCluster-EcsCluster-1AAGQRFIOE9AE,Service_beiakklem1vi3j5fejng,150,2,0.0042289868,0
1537362780,Prod-EcsStagingCluster-EcsCluster-1AAGQRFIOE9AE,Service_beiakklem1vi3j5fejng,150,2,0.0059661535,0
1537365960,Prod-EcsStagingCluster-EcsCluster-1AAGQRFIOE9AE,Service_beiakklem1vi3j5fejng,150,2,0.0056111052,0
1537369140,Prod-EcsStagingCluster-EcsCluster-1AAGQRFIOE9AE,Service_beiakklem1vi3j5fejng,150,2,0.0056155053,0
1537355280,Prod-EcsStagingCluster-EcsCluster-1AAGQRFIOE9AE,Service_beiakklem1vi3j5fejng,150,2,0.0054240040,0
1537348920,Prod-EcsStagingCluster-EcsCluster-1AAGQRFIOE9AE,Service_beiakklem1vi3j5fejng,150,2,0.0054327886,0
1537352100,Prod-EcsStagingCluster-EcsCluster-1AAGQRFIOE9AE,Service_beiakklem1vi3j5fejng,150,2,0.0063932837,0
1537422060,Prod-EcsStagingCluster-EcsCluster-1AAGQRFIOE9AE,Service_beiakklem1vi3j5fejng,150,2,0.0056891376,0
1537356240,Prod-EcsStagingCluster-EcsCluster-1AAGQRFIOE9AE,Service_beiakklem1vi3j5fejng,150,2,0.0057593868,0
1537349880,Prod-EcsStagingCluster-EcsCluster-1AAGQRFIOE9AE,Service_beiakklem1vi3j5fejng,150,2,0.0052188782,0
1537368900,Prod-EcsStagingCluster-EcsCluster-1AAGQRFIOE9AE,Service_beiakklem1vi3j5fejng,150,2,0.0056113720,0
1537430460,Prod-EcsStagingCluster-EcsCluster-1AAGQRFIOE9AE,Service_beiakklem1vi3j5fejng,150,2,0.0057403064,0
1537387980,Prod-EcsStagingCluster-EcsCluster-1AAGQRFIOE9AE,Service_beiakklem1vi3j5fejng,150,2,0.0057728204,0
1537366680,Prod-EcsStagingCluster-EcsCluster-1AAGQRFIOE9AE,Service_beiakklem1vi3j5fejng,150,2,0.0043883137,0
1537373040,Prod-EcsStagingCluster-EcsCluster-1AAGQRFIOE9AE,Service_beiakklem1vi3j5fejng,150,2,0.0043417876,0
1537396380,Prod-EcsStagingCluster-EcsCluster-1AAGQRFIOE9AE,Service_beiakklem1vi3j5fejng,150,2,0.0058171553,0
1537353900,Prod-EcsStagingCluster-EcsCluster-1AAGQRFIOE9AE,Service_beiakklem1vi3j5fejng,150,2,0.0057527008,0
1537402740,Prod-EcsStagingCluster-EcsCluster-1AAGQRFIOE9AE,Service_beiakklem1vi3j5fejng,150,2,0.0059846567,0
1537385700,Prod-EcsStagingCluster-EcsCluster-1AAGQRFIOE9AE,Service_beiakklem1vi3j5fejng,150,2,0.0062673562,0
1537362300,Prod-EcsStagingCluster-EcsCluster-1AAGQRFIOE9AE,Service_beiakklem1vi3j5fejng,150,2,0.0049619315,0
1537400520,Prod-EcsStagingCluster-EcsCluster-1AAGQRFIOE9AE,Service_beiakklem1vi3j5fejng,150,2,0.0041717373,0
1537406880,Prod-EcsStagingCluster-EcsCluster-1AAGQRFIOE9AE,Service_beiakklem1vi3j5fejng,150,2,0.0039657477,0
1537368660,Prod-EcsStagingCluster-EcsCluster-1AAGQRFIOE9AE,Service_beiakklem1vi3j5fejng,150,2,0.0057097025,0
1537383480,Prod-EcsStagingCluster-EcsCluster-1AAGQRFIOE9AE,Service_beiakklem1vi3j5fejng,150,2,0.0053867416,0
1537389840,Prod-EcsStagingCluster-EcsCluster-1AAGQRFIOE9AE,Service_beiakklem1vi3j5fejng,150,2,0.0055366053,0
1537366440,Prod-EcsStagingCluster-EcsCluster-1AAGQRFIOE9AE,Service_beiakklem1vi3j5fejng,150,2,0.0057137865,0
1537372800,Prod-EcsStagingCluster-EcsCluster-1AAGQRFIOE9AE,Service_beiakklem1vi3j5fejng,150,2,0.0044426474,0
1537402500,Prod-EcsStagingCluster-EcsCluster-1AAGQRFIOE9AE,Service_beiakklem1vi3j5fejng,150,2,0.0056661339,0
1537421580,Prod-EcsStagingCluster-EcsCluster-1AAGQRFIOE9AE,Service_beiakklem1vi3j5fejng,150,2,0.0055717371,0
1537429980,Prod-EcsStagingCluster-EcsCluster-1AAGQRFIOE9AE,Service_beiakklem1vi3j5fejng,150,2,0.0048400625,0
1537367400,Prod-EcsStagingCluster-EcsCluster-1AAGQRFIOE9AE,Service_beiakklem1vi3j5fejng,150,2,0.0053787186,0
1537370580,Prod-EcsStagingCluster-EcsCluster-1AAGQRFIOE9AE,Service_beiakklem1vi3j5fejng,150,2,0.0042813403,0
1537387500,Prod-EcsStagingCluster-EcsCluster-1AAGQRFIOE9AE,Service_beiakklem1vi3j5fejng,150,2,0.0056201966,0
1537404420,Prod-EcsStagingCluster-EcsCluster-1AAGQRFIOE9AE,Service_beiakklem1vi3j5fejng,150,2,0.0039965945,0
1537401240,Prod-EcsStagingCluster-EcsCluster-1AAGQRFIOE9AE,Service_beiakklem1vi3j5fejng,150,2,0.0029159241,0
1537422480,Prod-EcsStagingCluster-EcsCluster-1AAGQRFIOE9AE,Service_beiakklem1vi3j5fejng,150,2,0.0057098499,0
1537395900,Prod-EcsStagingCluster-EcsCluster-1AAGQRFIOE9AE,Service_beiakklem1vi3j5fejng,150,2,0.0059202105,0
1537405440,Prod-EcsStagingCluster-EcsCluster-1AAGQRFIOE9AE,Service_beiakklem1vi3j5fejng,150,2,0.0039243685,0
1537353420,Prod-EcsStagingCluster-EcsCluster-1AAGQRFIOE9AE,Service_beiakklem1vi3j5fejng,150,2,0.0055855494,0
1537371360,Prod-EcsStagingCluster-EcsCluster-1AAGQRFIOE9AE,Service_beiakklem1vi3j5fejng,150,2,0.0043765299,0
1537418040,Prod-EcsStagingCluster-EcsCluster-1AAGQRFIOE9AE,Service_beiakklem1vi3j5fejng,150,2,0.0053481040,0
1537361820,Prod-EcsStagingCluster-EcsCluster-1AAGQRFIOE9AE,Service_beiakklem1vi3j5fejng,150,2,0.0041594365,0
1537421220,Prod-EcsStagingCluster-EcsCluster-1AAGQRFIOE9AE,Service_beiakklem1vi3j5fejng,150,2,0.0062273133,0
1537401000,Prod-EcsStagingCluster-EcsCluster-1AAGQRFIOE9AE,Service_beiakklem1vi3j5fejng,150,2,0.0041938840,0
1537404180,Prod-EcsStagingCluster-EcsCluster-1AAGQRFIOE9AE,Service_beiakklem1vi3j5fejng,150,2,0.0041017232,0
1537354320,Prod-EcsStagingCluster-EcsCluster-1AAGQRFIOE9AE,Service_beiakklem1vi3j5fejng,150,2,0.0057391856,0
1537421100,Prod-EcsStagingCluster-EcsCluster-1AAGQRFIOE9AE,Service_beiakklem1vi3j5fejng,150,2,0.0059354392,0
1537370100,Prod-EcsStagingCluster-EcsCluster-1AAGQRFIOE9AE,Service_beiakklem1vi3j5fejng,150,2,0.0057756311,0
1537366920,Prod-EcsStagingCluster-EcsCluster-1AAGQRFIOE9AE,Service_beiakklem1vi3j5fejng,150,2,0.0056438259,0
1537371120,Prod-EcsStagingCluster-EcsCluster-1AAGQRFIOE9AE,Service_beiakklem1vi3j5fejng,150,2,0.0040907421,0
1537429500,Prod-EcsStagingCluster-EcsCluster-1AAGQRFIOE9AE,Service_beiakklem1vi3j5fejng,150,2,0.0052317000,0
1537353060,Prod-EcsStagingCluster-EcsCluster-1AAGQRFIOE9AE,Service_beiakklem1vi3j5fejng,150,2,0.0055213541,0
1537387020,Prod-EcsStagingCluster-EcsCluster-1AAGQRFIOE9AE,Service_beiakklem1vi3j5fejng,150,2,0.0055670960,0
1537367880,Prod-EcsStagingCluster-EcsCluster-1AAGQRFIOE9AE,Service_beiakklem1vi3j5fejng,150,2,0.0054351601,0
1537372080,Prod-EcsStagingCluster-EcsCluster-1AAGQRFIOE9AE,Service_beiakklem1vi3j5fejng,150,2,0.0042581666,0
1537395420,Prod-EcsStagingCluster-EcsCluster-1AAGQRFIOE9AE,Service_beiakklem1vi3j5fejng,150,2,0.0055361178,0
1537352940,Prod-EcsStagingCluster-EcsCluster-1AAGQRFIOE9AE,Service_beiakklem1vi3j5fejng,150,2,0.0055318762,0
1537350840,Prod-EcsStagingCluster-EcsCluster-1AAGQRFIOE9AE,Service_beiakklem1vi3j5fejng,150,2,0.0052627285,0
1537369860,Prod-EcsStagingCluster-EcsCluster-1AAGQRFIOE9AE,Service_beiakklem1vi3j5fejng,150,2,0.0054952405,0
1537361340,Prod-EcsStagingCluster-EcsCluster-1AAGQRFIOE9AE,Service_beiakklem1vi3j5fejng,150,2,0.0041227976,0
1537405920,Prod-EcsStagingCluster-EcsCluster-1AAGQRFIOE9AE,Service_beiakklem1vi3j5fejng,150,2,0.0040126911,0
1537367640,Prod-EcsStagingCluster-EcsCluster-1AAGQRFIOE9AE,Service_beiakklem1vi3j5fejng,150,2,0.0059792255,0
1537388880,Prod-EcsStagingCluster-EcsCluster-1AAGQRFIOE9AE,Service_beiakklem1vi3j5fejng,150,2,0.0045930228,0
1537403700,Prod-EcsStagingCluster-EcsCluster-1AAGQRFIOE9AE,Service_beiakklem1vi3j5fejng,150,2,0.0059871699,0
1537371840,Prod-EcsStagingCluster-EcsCluster-1AAGQRFIOE9AE,Service_beiakklem1vi3j5fejng,150,2,0.0040060616,0
1537386660,Prod-EcsStagingCluster-EcsCluster-1AAGQRFIOE9AE,Service_beiakklem1vi3j5fejng,150,2,0.0053832196,0
1537420620,Prod-EcsStagingCluster-EcsCluster-1AAGQRFIOE9AE,Service_beiakklem1vi3j5fejng,150,2,0.0059051749,0
1537401480,Prod-EcsStagingCluster-EcsCluster-1AAGQRFIOE9AE,Service_beiakklem1vi3j5fejng,150,2,0.0043805038,0
1537405680,Prod-EcsStagingCluster-EcsCluster-1AAGQRFIOE9AE,Service_beiakklem1vi3j5fejng,150,2,0.0041004617,0
1537429020,Prod-EcsStagingCluster-EcsCluster-1AAGQRFIOE9AE,Service_beiakklem1vi3j5fejng,150,2,0.0054754166,0
1537369620,Prod-EcsStagingCluster-EcsCluster-1AAGQRFIOE9AE,Service_beiakklem1vi3j5fejng,150,2,0.0055585311,0
1537386540,Prod-EcsStagingCluster-EcsCluster-1AAGQRFIOE9AE,Service_beiakklem1vi3j5fejng,150,2,0.0055856795,0
1537384440,Prod-EcsStagingCluster-EcsCluster-1AAGQRFIOE9AE,Service_beiakklem1vi3j5fejng,150,2,0.0058671042,0
1537398120,Prod-EcsStagingCluster-EcsCluster-1AAGQRFIOE9AE,Service_beiakklem1vi3j5fejng,150,2,0.0056206493,0
1537401300,Prod-EcsStagingCluster-EcsCluster-1AAGQRFIOE9AE,Service_beiakklem1vi3j5fejng,150,2,0.0042518461,0
1537404480,Prod-EcsStagingCluster-EcsCluster-1AAGQRFIOE9AE,Service_beiakklem1vi3j5fejng,150,2,0.0042588563,0
1537385400,Prod-EcsStagingCluster-EcsCluster-1AAGQRFIOE9AE,Service_beiakklem1vi3j5fejng,150,2,0.0063751825,0
1537388580,Prod-EcsStagingCluster-EcsCluster-1AAGQRFIOE9AE,Service_beiakklem1vi3j5fejng,150,2,0.0056291672,0
1537391760,Prod-EcsStagingCluster-EcsCluster-1AAGQRFIOE9AE,Service_beiakklem1vi3j5fejng,150,2,0.0055749105,0
1537352460,Prod-EcsStagingCluster-EcsCluster-1AAGQRFIOE9AE,Service_beiakklem1vi3j5fejng,150,2,0.0054257227,0
1537365180,Prod-EcsStagingCluster-EcsCluster-1AAGQRFIOE9AE,Service_beiakklem1vi3j5fejng,150,2,0.0056792966,0
1537364040,Prod-EcsStagingCluster-EcsCluster-1AAGQRFIOE9AE,Service_beiakklem1vi3j5fejng,150,2,0.0055296460,0
1537367220,Prod-EcsStagingCluster-EcsCluster-1AAGQRFIOE9AE,Service_beiakklem1vi3j5fejng,150,2,0.0055159420,0
1537370400,Prod-EcsStagingCluster-EcsCluster-1AAGQRFIOE9AE,Service_beiakklem1vi3j5fejng,150,2,0.0058689779,0
1537405380,Prod-EcsStagingCluster-EcsCluster-1AAGQRFIOE9AE,Service_beiakklem1vi3j5fejng,150,2,0.0040322783,0
1537408560,Prod-EcsStagingCluster-EcsCluster-1AAGQRFIOE9AE,Service_beiakklem1vi3j5fejng,150,2,0.0059370982,0
1537402200,Prod-EcsStagingCluster-EcsCluster-1AAGQRFIOE9AE,Service_beiakklem1vi3j5fejng,150,2,0.0056080606,0
1537420140,Prod-EcsStagingCluster-EcsCluster-1AAGQRFIOE9AE,Service_beiakklem1vi3j5fejng,150,2,0.0058261063,0
1537419000,Prod-EcsStagingCluster-EcsCluster-1AAGQRFIOE9AE,Service_beiakklem1vi3j5fejng,150,2,0.0055223920,0
1537422180,Prod-EcsStagingCluster-EcsCluster-1AAGQRFIOE9AE,Service_beiakklem1vi3j5fejng,150,2,0.0057832947,0
1537425360,Prod-EcsStagingCluster-EcsCluster-1AAGQRFIOE9AE,Service_beiakklem1vi3j5fejng,150,2,0.0055771370,0
1537398780,Prod-EcsStagingCluster-EcsCluster-1AAGQRFIOE9AE,Service_beiakklem1vi3j5fejng,150,2,0.0047941501,0
1537386060,Prod-EcsStagingCluster-EcsCluster-1AAGQRFIOE9AE,Service_beiakklem1vi3j5fejng,150,2,0.0050789244,0
1537397640,Prod-EcsStagingCluster-EcsCluster-1AAGQRFIOE9AE,Service_beiakklem1vi3j5fejng,150,2,0.0058647322,0
1537351980,Prod-EcsStagingCluster-EcsCluster-1AAGQRFIOE9AE,Service_beiakklem1vi3j5fejng,150,2,0.0057839592,0
1537400820,Prod-EcsStagingCluster-EcsCluster-1AAGQRFIOE9AE,Service_beiakklem1vi3j5fejng,150,2,0.0040032898,0
1537364700,Prod-EcsStagingCluster-EcsCluster-1AAGQRFIOE9AE,Service_beiakklem1vi3j5fejng,150,2,0.0051312420,0
1537354020,Prod-EcsStagingCluster-EcsCluster-1AAGQRFIOE9AE,Service_beiakklem1vi3j5fejng,150,2,0.0056330950,0
1537366740,Prod-EcsStagingCluster-EcsCluster-1AAGQRFIOE9AE,Service_beiakklem1vi3j5fejng,150,2,0.0040376178,0
1537398600,Prod-EcsStagingCluster-EcsCluster-1AAGQRFIOE9AE,Service_beiakklem1vi3j5fejng,150,2,0.0055118621,0
1537404960,Prod-EcsStagingCluster-EcsCluster-1AAGQRFIOE9AE,Service_beiakklem1vi3j5fejng,150,2,0.0039320637,0
1537364520,Prod-EcsStagingCluster-EcsCluster-1AAGQRFIOE9AE,Service_beiakklem1vi3j5fejng,150,2,0.0054561752,0
1537358160,Prod-EcsStagingCluster-EcsCluster-1AAGQRFIOE9AE,Service_beiakklem1vi3j5fejng,150,2,0.0057875584,0
1537351800,Prod-EcsStagingCluster-EcsCluster-1AAGQRFIOE9AE,Service_beiakklem1vi3j5fejng,150,2,0.0052777916,0
1537370880,Prod-EcsStagingCluster-EcsCluster-1AAGQRFIOE9AE,Service_beiakklem1vi3j5fejng,150,2,0.0041457703,0
1537370820,Prod-EcsStagingCluster-EcsCluster-1AAGQRFIOE9AE,Service_beiakklem1vi3j5fejng,150,2,0.0041834757,0
1537419660,Prod-EcsStagingCluster-EcsCluster-1AAGQRFIOE9AE,Service_beiakklem1vi3j5fejng,150,2,0.0059696749,0
1537368600,Prod-EcsStagingCluster-EcsCluster-1AAGQRFIOE9AE,Service_beiakklem1vi3j5fejng,150,2,0.0054857730,0
1537374960,Prod-EcsStagingCluster-EcsCluster-1AAGQRFIOE9AE,Service_beiakklem1vi3j5fejng,150,2,0.0056699055,0
1537385580,Prod-EcsStagingCluster-EcsCluster-1AAGQRFIOE9AE,Service_beiakklem1vi3j5fejng,150,2,0.0060007054,0
1537398300,Prod-EcsStagingCluster-EcsCluster-1AAGQRFIOE9AE,Service_beiakklem1vi3j5fejng,150,2,0.0060988346,0
1537400340,Prod-EcsStagingCluster-EcsCluster-1AAGQRFIOE9AE,Service_beiakklem1vi3j5fejng,150,2,0.0041297808,0
1537387620,Prod-EcsStagingCluster-EcsCluster-1AAGQRFIOE9AE,Service_beiakklem1vi3j5fejng,150,2,0.0055458923,0
1537364220,Prod-EcsStagingCluster-EcsCluster-1AAGQRFIOE9AE,Service_beiakklem1vi3j5fejng,150,2,0.0056989400,0
1537351500,Prod-EcsStagingCluster-EcsCluster-1AAGQRFIOE9AE,Service_beiakklem1vi3j5fejng,150,2,0.0066950620,0
1537369440,Prod-EcsStagingCluster-EcsCluster-1AAGQRFIOE9AE,Service_beiakklem1vi3j5fejng,150,2,0.0054778358,0
1537407600,Prod-EcsStagingCluster-EcsCluster-1AAGQRFIOE9AE,Service_beiakklem1vi3j5fejng,150,2,0.0057972447,0
1537399080,Prod-EcsStagingCluster-EcsCluster-1AAGQRFIOE9AE,Service_beiakklem1vi3j5fejng,150,2,0.0055862054,0
1537402260,Prod-EcsStagingCluster-EcsCluster-1AAGQRFIOE9AE,Service_beiakklem1vi3j5fejng,150,2,0.0042200472,0
1537386360,Prod-EcsStagingCluster-EcsCluster-1AAGQRFIOE9AE,Service_beiakklem1vi3j5fejng,150,2,0.0056696359,0
1537389540,Prod-EcsStagingCluster-EcsCluster-1AAGQRFIOE9AE,Service_beiakklem1vi3j5fejng,150,2,0.0055364733,0
1537419180,Prod-EcsStagingCluster-EcsCluster-1AAGQRFIOE9AE,Service_beiakklem1vi3j5fejng,150,2,0.0058811445,0
1537365000,Prod-EcsStagingCluster-EcsCluster-1AAGQRFIOE9AE,Service_beiakklem1vi3j5fejng,150,2,0.0058291100,0
1537368180,Prod-EcsStagingCluster-EcsCluster-1AAGQRFIOE9AE,Service_beiakklem1vi3j5fejng,150,2,0.0052151303,0
1537403160,Prod-EcsStagingCluster-EcsCluster-1AAGQRFIOE9AE,Service_beiakklem1vi3j5fejng,150,2,0.0069060873,0
1537406340,Prod-EcsStagingCluster-EcsCluster-1AAGQRFIOE9AE,Service_beiakklem1vi3j5fejng,150,2,0.0054836408,0
1537424400,Prod-EcsStagingCluster-EcsCluster-1AAGQRFIOE9AE,Service_beiakklem1vi3j5fejng,150,2,0.0055410267,0
1537397820,Prod-EcsStagingCluster-EcsCluster-1AAGQRFIOE9AE,Service_beiakklem1vi3j5fejng,150,2,0.0058552189,0
1537385100,Prod-EcsStagingCluster-EcsCluster-1AAGQRFIOE9AE,Service_beiakklem1vi3j5fejng,150,2,0.0059026750,0
1537351020,Prod-EcsStagingCluster-EcsCluster-1AAGQRFIOE9AE,Service_beiakklem1vi3j5fejng,150,2,0.0056403733,0
1537403040,Prod-EcsStagingCluster-EcsCluster-1AAGQRFIOE9AE,Service_beiakklem1vi3j5fejng,150,2,0.0056574166,0
1537363740,Prod-EcsStagingCluster-EcsCluster-1AAGQRFIOE9AE,Service_beiakklem1vi3j5fejng,150,2,0.0047803491,0
1537419960,Prod-EcsStagingCluster-EcsCluster-1AAGQRFIOE9AE,Service_beiakklem1vi3j5fejng,150,2,0.0058804440,0
1537423140,Prod-EcsStagingCluster-EcsCluster-1AAGQRFIOE9AE,Service_beiakklem1vi3j5fejng,150,2,0.0053545095,0
1537404000,Prod-EcsStagingCluster-EcsCluster-1AAGQRFIOE9AE,Service_beiakklem1vi3j5fejng,150,2,0.0037599267,0
1537420920,Prod-EcsStagingCluster-EcsCluster-1AAGQRFIOE9AE,Service_beiakklem1vi3j5fejng,150,2,0.0050592565,0
1537357200,Prod-EcsStagingCluster-EcsCluster-1AAGQRFIOE9AE,Service_beiakklem1vi3j5fejng,150,2,0.0054356992,0
1537401780,Prod-EcsStagingCluster-EcsCluster-1AAGQRFIOE9AE,Service_beiakklem1vi3j5fejng,150,2,0.0040511993,0
1537369920,Prod-EcsStagingCluster-EcsCluster-1AAGQRFIOE9AE,Service_beiakklem1vi3j5fejng,150,2,0.0054315026,0
1537418700,Prod-EcsStagingCluster-EcsCluster-1AAGQRFIOE9AE,Service_beiakklem1vi3j5fejng,150,2,0.0059028469,0
1537431420,Prod-EcsStagingCluster-EcsCluster-1AAGQRFIOE9AE,Service_beiakklem1vi3j5fejng,150,2,0.0051850902,0
1537354980,Prod-EcsStagingCluster-EcsCluster-1AAGQRFIOE9AE,Service_beiakklem1vi3j5fejng,150,2,0.0054341789,0
1537367700,Prod-EcsStagingCluster-EcsCluster-1AAGQRFIOE9AE,Service_beiakklem1vi3j5fejng,150,2,0.0056329544,0
1537399560,Prod-EcsStagingCluster-EcsCluster-1AAGQRFIOE9AE,Service_beiakklem1vi3j5fejng,150,2,0.0056504919,0
1537374000,Prod-EcsStagingCluster-EcsCluster-1AAGQRFIOE9AE,Service_beiakklem1vi3j5fejng,150,2,0.0043517678,0
1537384620,Prod-EcsStagingCluster-EcsCluster-1AAGQRFIOE9AE,Service_beiakklem1vi3j5fejng,150,2,0.0045729742,0
1537365480,Prod-EcsStagingCluster-EcsCluster-1AAGQRFIOE9AE,Service_beiakklem1vi3j5fejng,150,2,0.0056766634,0
1537352760,Prod-EcsStagingCluster-EcsCluster-1AAGQRFIOE9AE,Service_beiakklem1vi3j5fejng,150,2,0.0056613749,0
1537397340,Prod-EcsStagingCluster-EcsCluster-1AAGQRFIOE9AE,Service_beiakklem1vi3j5fejng,150,2,0.0054112918,0
1537371780,Prod-EcsStagingCluster-EcsCluster-1AAGQRFIOE9AE,Service_beiakklem1vi3j5fejng,150,2,0.0043278571,0
1537363260,Prod-EcsStagingCluster-EcsCluster-1AAGQRFIOE9AE,Service_beiakklem1vi3j5fejng,150,2,0.0054517488,0
1537350540,Prod-EcsStagingCluster-EcsCluster-1AAGQRFIOE9AE,Service_beiakklem1vi3j5fejng,150,2,0.0058013123,0
1537369560,Prod-EcsStagingCluster-EcsCluster-1AAGQRFIOE9AE,Service_beiakklem1vi3j5fejng,150,2,0.0051452849,0
1537403520,Prod-EcsStagingCluster-EcsCluster-1AAGQRFIOE9AE,Service_beiakklem1vi3j5fejng,150,2,0.0054683702,0
1537390800,Prod-EcsStagingCluster-EcsCluster-1AAGQRFIOE9AE,Service_beiakklem1vi3j5fejng,150,2,0.0056539560,0
1537413000,Prod-EcsStagingCluster-EcsCluster-1AAGQRFIOE9AE,Service_beiakklem1vi3j5fejng,150,2,0.0056728598,0
1537390740,Prod-EcsStagingCluster-EcsCluster-1AAGQRFIOE9AE,Service_beiakklem1vi3j5fejng,150,2,0.0060397293,0
1537370520,Prod-EcsStagingCluster-EcsCluster-1AAGQRFIOE9AE,Service_beiakklem1vi3j5fejng,150,2,0.0052708743,0
1537367340,Prod-EcsStagingCluster-EcsCluster-1AAGQRFIOE9AE,Service_beiakklem1vi3j5fejng,150,2,0.0054370953,0
1537351440,Prod-EcsStagingCluster-EcsCluster-1AAGQRFIOE9AE,Service_beiakklem1vi3j5fejng,150,2,0.0055544064,0
1537419360,Prod-EcsStagingCluster-EcsCluster-1AAGQRFIOE9AE,Service_beiakklem1vi3j5fejng,150,2,0.0059367686,0
1537395960,Prod-EcsStagingCluster-EcsCluster-1AAGQRFIOE9AE,Service_beiakklem1vi3j5fejng,150,2,0.0061047912,0
1537376880,Prod-EcsStagingCluster-EcsCluster-1AAGQRFIOE9AE,Service_beiakklem1vi3j5fejng,150,2,0.0049481481,0
1537427760,Prod-EcsStagingCluster-EcsCluster-1AAGQRFIOE9AE,Service_beiakklem1vi3j5fejng,150,2,0.0058455239,0
1537402320,Prod-EcsStagingCluster-EcsCluster-1AAGQRFIOE9AE,Service_beiakklem1vi3j5fejng,150,2,0.0072752043,0
1537418220,Prod-EcsStagingCluster-EcsCluster-1AAGQRFIOE9AE,Service_beiakklem1vi3j5fejng,150,2,0.0055848620,0
1537421400,Prod-EcsStagingCluster-EcsCluster-1AAGQRFIOE9AE,Service_beiakklem1vi3j5fejng,150,2,0.0060533345,0
1537348020,Prod-EcsStagingCluster-EcsCluster-1AAGQRFIOE9AE,Service_beiakklem1vi3j5fejng,150,2,0.0056089389,0
1537392540,Prod-EcsStagingCluster-EcsCluster-1AAGQRFIOE9AE,Service_beiakklem1vi3j5fejng,150,2,0.0056273883,0
1537370280,Prod-EcsStagingCluster-EcsCluster-1AAGQRFIOE9AE,Service_beiakklem1vi3j5fejng,150,2,0.0050329120,0
1537376640,Prod-EcsStagingCluster-EcsCluster-1AAGQRFIOE9AE,Service_beiakklem1vi3j5fejng,150,2,0.0060156995,0
1537421160,Prod-EcsStagingCluster-EcsCluster-1AAGQRFIOE9AE,Service_beiakklem1vi3j5fejng,150,2,0.0057264513,0
1537398900,Prod-EcsStagingCluster-EcsCluster-1AAGQRFIOE9AE,Service_beiakklem1vi3j5fejng,150,2,0.0055838709,0
1537375500,Prod-EcsStagingCluster-EcsCluster-1AAGQRFIOE9AE,Service_beiakklem1vi3j5fejng,150,2,0.0053117326,0
1537381860,Prod-EcsStagingCluster-EcsCluster-1AAGQRFIOE9AE,Service_beiakklem1vi3j5fejng,150,2,0.0060951895,0
1537356420,Prod-EcsStagingCluster-EcsCluster-1AAGQRFIOE9AE,Service_beiakklem1vi3j5fejng,150,2,0.0052386989,0
1537427520,Prod-EcsStagingCluster-EcsCluster-1AAGQRFIOE9AE,Service_beiakklem1vi3j5fejng,150,2,0.0057203223,0
1537407300,Prod-EcsStagingCluster-EcsCluster-1AAGQRFIOE9AE,Service_beiakklem1vi3j5fejng,150,2,0.0058663482,0
1537426380,Prod-EcsStagingCluster-EcsCluster-1AAGQRFIOE9AE,Service_beiakklem1vi3j5fejng,150,2,0.0056665664,0
1537430520,Prod-EcsStagingCluster-EcsCluster-1AAGQRFIOE9AE,Service_beiakklem1vi3j5fejng,150,2,0.0056294482,0
1537349820,Prod-EcsStagingCluster-EcsCluster-1AAGQRFIOE9AE,Service_beiakklem1vi3j5fejng,150,2,0.0056483996,0
1537356180,Prod-EcsStagingCluster-EcsCluster-1AAGQRFIOE9AE,Service_beiakklem1vi3j5fejng,150,2,0.0055990115,0
1537400700,Prod-EcsStagingCluster-EcsCluster-1AAGQRFIOE9AE,Service_beiakklem1vi3j5fejng,150,2,0.0042495510,0
1537407060,Prod-EcsStagingCluster-EcsCluster-1AAGQRFIOE9AE,Service_beiakklem1vi3j5fejng,150,2,0.0037847707,0
1537383660,Prod-EcsStagingCluster-EcsCluster-1AAGQRFIOE9AE,Service_beiakklem1vi3j5fejng,150,2,0.0058795815,0
1537360320,Prod-EcsStagingCluster-EcsCluster-1AAGQRFIOE9AE,Service_beiakklem1vi3j5fejng,150,2,0.0037831215,0
1537353960,Prod-EcsStagingCluster-EcsCluster-1AAGQRFIOE9AE,Service_beiakklem1vi3j5fejng,150,2,0.0053546002,0
1537404840,Prod-EcsStagingCluster-EcsCluster-1AAGQRFIOE9AE,Service_beiakklem1vi3j5fejng,150,2,0.0041638565,0
1537411200,Prod-EcsStagingCluster-EcsCluster-1AAGQRFIOE9AE,Service_beiakklem1vi3j5fejng,150,2,0.0054325302,0
1537357980,Prod-EcsStagingCluster-EcsCluster-1AAGQRFIOE9AE,Service_beiakklem1vi3j5fejng,150,2,0.0059850177,0
1537364340,Prod-EcsStagingCluster-EcsCluster-1AAGQRFIOE9AE,Service_beiakklem1vi3j5fejng,150,2,0.0055298024,0
1537408860,Prod-EcsStagingCluster-EcsCluster-1AAGQRFIOE9AE,Service_beiakklem1vi3j5fejng,150,2,0.0054082784,0
1537415220,Prod-EcsStagingCluster-EcsCluster-1AAGQRFIOE9AE,Service_beiakklem1vi3j5fejng,150,2,0.0059632005,0
1537372740,Prod-EcsStagingCluster-EcsCluster-1AAGQRFIOE9AE,Service_beiakklem1vi3j5fejng,150,2,0.0057193239,0
1537347300,Prod-EcsStagingCluster-EcsCluster-1AAGQRFIOE9AE,Service_beiakklem1vi3j5fejng,150,2,0.0055623840,0
1537391820,Prod-EcsStagingCluster-EcsCluster-1AAGQRFIOE9AE,Service_beiakklem1vi3j5fejng,150,2,0.0053774176,0
1537398180,Prod-EcsStagingCluster-EcsCluster-1AAGQRFIOE9AE,Service_beiakklem1vi3j5fejng,150,2,0.0055391498,0
1537362120,Prod-EcsStagingCluster-EcsCluster-1AAGQRFIOE9AE,Service_beiakklem1vi3j5fejng,150,2,0.0055916460,0
1537368480,Prod-EcsStagingCluster-EcsCluster-1AAGQRFIOE9AE,Service_beiakklem1vi3j5fejng,150,2,0.0055890987,0
1537366260,Prod-EcsStagingCluster-EcsCluster-1AAGQRFIOE9AE,Service_beiakklem1vi3j5fejng,150,2,0.0055949450,0
1537417140,Prod-EcsStagingCluster-EcsCluster-1AAGQRFIOE9AE,Service_beiakklem1vi3j5fejng,150,2,0.0059888603,0
1537388520,Prod-EcsStagingCluster-EcsCluster-1AAGQRFIOE9AE,Service_beiakklem1vi3j5fejng,150,2,0.0048629066,0
1537374660,Prod-EcsStagingCluster-EcsCluster-1AAGQRFIOE9AE,Service_beiakklem1vi3j5fejng,150,2,0.0054746768,0
1537349220,Prod-EcsStagingCluster-EcsCluster-1AAGQRFIOE9AE,Service_beiakklem1vi3j5fejng,150,2,0.0066484541,0
1537366140,Prod-EcsStagingCluster-EcsCluster-1AAGQRFIOE9AE,Service_beiakklem1vi3j5fejng,150,2,0.0053437769,0
1537400100,Prod-EcsStagingCluster-EcsCluster-1AAGQRFIOE9AE,Service_beiakklem1vi3j5fejng,150,2,0.0076851583,0
1537350240,Prod-EcsStagingCluster-EcsCluster-1AAGQRFIOE9AE,Service_beiakklem1vi3j5fejng,150,2,0.0055245928,0
1537425540,Prod-EcsStagingCluster-EcsCluster-1AAGQRFIOE9AE,Service_beiakklem1vi3j5fejng,150,2,0.0060425843,0
1537349100,Prod-EcsStagingCluster-EcsCluster-1AAGQRFIOE9AE,Service_beiakklem1vi3j5fejng,150,2,0.0056557702,0
1537417020,Prod-EcsStagingCluster-EcsCluster-1AAGQRFIOE9AE,Service_beiakklem1vi3j5fejng,150,2,0.0055081920,0
1537401120,Prod-EcsStagingCluster-EcsCluster-1AAGQRFIOE9AE,Service_beiakklem1vi3j5fejng,150,2,0.0040762567,0
1537358640,Prod-EcsStagingCluster-EcsCluster-1AAGQRFIOE9AE,Service_beiakklem1vi3j5fejng,150,2,0.0047439063,0
1537409520,Prod-EcsStagingCluster-EcsCluster-1AAGQRFIOE9AE,Service_beiakklem1vi3j5fejng,150,2,0.0059629078,0
1537384080,Prod-EcsStagingCluster-EcsCluster-1AAGQRFIOE9AE,Service_beiakklem1vi3j5fejng,150,2,0.0059448353,0
1537399980,Prod-EcsStagingCluster-EcsCluster-1AAGQRFIOE9AE,Service_beiakklem1vi3j5fejng,150,2,0.0057462123,0
1537345800,Prod-EcsStagingCluster-EcsCluster-1AAGQRFIOE9AE,Service_beiakklem1vi3j5fejng,150,2,0.0083478031,0
1537396680,Prod-EcsStagingCluster-EcsCluster-1AAGQRFIOE9AE,Service_beiakklem1vi3j5fejng,150,2,0.0056757285,0
1537374420,Prod-EcsStagingCluster-EcsCluster-1AAGQRFIOE9AE,Service_beiakklem1vi3j5fejng,150,2,0.0056300152,0
1537354200,Prod-EcsStagingCluster-EcsCluster-1AAGQRFIOE9AE,Service_beiakklem1vi3j5fejng,150,2,0.0053570774,0
1537379640,Prod-EcsStagingCluster-EcsCluster-1AAGQRFIOE9AE,Service_beiakklem1vi3j5fejng,150,2,0.0052662422,0
1537425300,Prod-EcsStagingCluster-EcsCluster-1AAGQRFIOE9AE,Service_beiakklem1vi3j5fejng,150,2,0.0047498284,0
1537374300,Prod-EcsStagingCluster-EcsCluster-1AAGQRFIOE9AE,Service_beiakklem1vi3j5fejng,150,2,0.0042673410,0
1537405080,Prod-EcsStagingCluster-EcsCluster-1AAGQRFIOE9AE,Service_beiakklem1vi3j5fejng,150,2,0.0039433849,0
1537358400,Prod-EcsStagingCluster-EcsCluster-1AAGQRFIOE9AE,Service_beiakklem1vi3j5fejng,150,2,0.0057584094,0
1537423080,Prod-EcsStagingCluster-EcsCluster-1AAGQRFIOE9AE,Service_beiakklem1vi3j5fejng,150,2,0.0052500377,0
1537357260,Prod-EcsStagingCluster-EcsCluster-1AAGQRFIOE9AE,Service_beiakklem1vi3j5fejng,150,2,0.0055960036,0
1537425180,Prod-EcsStagingCluster-EcsCluster-1AAGQRFIOE9AE,Service_beiakklem1vi3j5fejng,150,2,0.0054350942,0
1537384800,Prod-EcsStagingCluster-EcsCluster-1AAGQRFIOE9AE,Service_beiakklem1vi3j5fejng,150,2,0.0054695568,0
1537408140,Prod-EcsStagingCluster-EcsCluster-1AAGQRFIOE9AE,Service_beiakklem1vi3j5fejng,150,2,0.0059846958,0
1537393200,Prod-EcsStagingCluster-EcsCluster-1AAGQRFIOE9AE,Service_beiakklem1vi3j5fejng,150,2,0.0057816926,0
1537367760,Prod-EcsStagingCluster-EcsCluster-1AAGQRFIOE9AE,Service_beiakklem1vi3j5fejng,150,2,0.0051822696,0
1537418640,Prod-EcsStagingCluster-EcsCluster-1AAGQRFIOE9AE,Service_beiakklem1vi3j5fejng,150,2,0.0061189746,0
1537382580,Prod-EcsStagingCluster-EcsCluster-1AAGQRFIOE9AE,Service_beiakklem1vi3j5fejng,150,2,0.0058175050,0
1537390980,Prod-EcsStagingCluster-EcsCluster-1AAGQRFIOE9AE,Service_beiakklem1vi3j5fejng,150,2,0.0056793806,0
1537365540,Prod-EcsStagingCluster-EcsCluster-1AAGQRFIOE9AE,Service_beiakklem1vi3j5fejng,150,2,0.0058613511,0
1537382460,Prod-EcsStagingCluster-EcsCluster-1AAGQRFIOE9AE,Service_beiakklem1vi3j5fejng,150,2,0.0058995521,0
1537416420,Prod-EcsStagingCluster-EcsCluster-1AAGQRFIOE9AE,Service_beiakklem1vi3j5fejng,150,2,0.0058048777,0
1537380360,Prod-EcsStagingCluster-EcsCluster-1AAGQRFIOE9AE,Service_beiakklem1vi3j5fejng,150,2,0.0054030147,0
1537431240,Prod-EcsStagingCluster-EcsCluster-1AAGQRFIOE9AE,Service_beiakklem1vi3j5fejng,150,2,0.0056809885,0
1537365420,Prod-EcsStagingCluster-EcsCluster-1AAGQRFIOE9AE,Service_beiakklem1vi3j5fejng,150,2,0.0056184896,0
1537388760,Prod-EcsStagingCluster-EcsCluster-1AAGQRFIOE9AE,Service_beiakklem1vi3j5fejng,150,2,0.0057454850,0
1537363320,Prod-EcsStagingCluster-EcsCluster-1AAGQRFIOE9AE,Service_beiakklem1vi3j5fejng,150,2,0.0057205199,0
1537414200,Prod-EcsStagingCluster-EcsCluster-1AAGQRFIOE9AE,Service_beiakklem1vi3j5fejng,150,2,0.0056845763,0
1537392960,Prod-EcsStagingCluster-EcsCluster-1AAGQRFIOE9AE,Service_beiakklem1vi3j5fejng,150,2,0.0044332863,0
1537416300,Prod-EcsStagingCluster-EcsCluster-1AAGQRFIOE9AE,Service_beiakklem1vi3j5fejng,150,2,0.0058903450,0
1537346100,Prod-EcsStagingCluster-EcsCluster-1AAGQRFIOE9AE,Service_beiakklem1vi3j5fejng,150,2,0.0076142175,0
1537396980,Prod-EcsStagingCluster-EcsCluster-1AAGQRFIOE9AE,Service_beiakklem1vi3j5fejng,150,2,0.0057770796,0
1537368360,Prod-EcsStagingCluster-EcsCluster-1AAGQRFIOE9AE,Service_beiakklem1vi3j5fejng,150,2,0.0054708740,0
1537374720,Prod-EcsStagingCluster-EcsCluster-1AAGQRFIOE9AE,Service_beiakklem1vi3j5fejng,150,2,0.0039648026,0
1537419240,Prod-EcsStagingCluster-EcsCluster-1AAGQRFIOE9AE,Service_beiakklem1vi3j5fejng,150,2,0.0061123297,0
1537425600,Prod-EcsStagingCluster-EcsCluster-1AAGQRFIOE9AE,Service_beiakklem1vi3j5fejng,150,2,0.0055213431,0
1537373580,Prod-EcsStagingCluster-EcsCluster-1AAGQRFIOE9AE,Service_beiakklem1vi3j5fejng,150,2,0.0055042789,0
1537386300,Prod-EcsStagingCluster-EcsCluster-1AAGQRFIOE9AE,Service_beiakklem1vi3j5fejng,150,2,0.0058447295,0
1537372440,Prod-EcsStagingCluster-EcsCluster-1AAGQRFIOE9AE,Service_beiakklem1vi3j5fejng,150,2,0.0043851003,0
1537353360,Prod-EcsStagingCluster-EcsCluster-1AAGQRFIOE9AE,Service_beiakklem1vi3j5fejng,150,2,0.0048340775,0
1537347000,Prod-EcsStagingCluster-EcsCluster-1AAGQRFIOE9AE,Service_beiakklem1vi3j5fejng,150,2,0.0053837292,0
1537424460,Prod-EcsStagingCluster-EcsCluster-1AAGQRFIOE9AE,Service_beiakklem1vi3j5fejng,150,2,0.0058387407,0
1537397880,Prod-EcsStagingCluster-EcsCluster-1AAGQRFIOE9AE,Service_beiakklem1vi3j5fejng,150,2,0.0054955916,0
1537378800,Prod-EcsStagingCluster-EcsCluster-1AAGQRFIOE9AE,Service_beiakklem1vi3j5fejng,150,2,0.0063235642,0
1537423320,Prod-EcsStagingCluster-EcsCluster-1AAGQRFIOE9AE,Service_beiakklem1vi3j5fejng,150,2,0.0062326932,0
1537429680,Prod-EcsStagingCluster-EcsCluster-1AAGQRFIOE9AE,Service_beiakklem1vi3j5fejng,150,2,0.0053870759,0
1537404240,Prod-EcsStagingCluster-EcsCluster-1AAGQRFIOE9AE,Service_beiakklem1vi3j5fejng,150,2,0.0037353395,0
1537376520,Prod-EcsStagingCluster-EcsCluster-1AAGQRFIOE9AE,Service_beiakklem1vi3j5fejng,150,2,0.0055266349,0
1537354260,Prod-EcsStagingCluster-EcsCluster-1AAGQRFIOE9AE,Service_beiakklem1vi3j5fejng,150,2,0.0066382383,0
1537405140,Prod-EcsStagingCluster-EcsCluster-1AAGQRFIOE9AE,Service_beiakklem1vi3j5fejng,150,2,0.0038549955,0
1537382880,Prod-EcsStagingCluster-EcsCluster-1AAGQRFIOE9AE,Service_beiakklem1vi3j5fejng,150,2,0.0054309902,0
1537427400,Prod-EcsStagingCluster-EcsCluster-1AAGQRFIOE9AE,Service_beiakklem1vi3j5fejng,150,2,0.0055029403,0
1537394460,Prod-EcsStagingCluster-EcsCluster-1AAGQRFIOE9AE,Service_beiakklem1vi3j5fejng,150,2,0.0058590516,0
1537381740,Prod-EcsStagingCluster-EcsCluster-1AAGQRFIOE9AE,Service_beiakklem1vi3j5fejng,150,2,0.0063399821,0
1537402920,Prod-EcsStagingCluster-EcsCluster-1AAGQRFIOE9AE,Service_beiakklem1vi3j5fejng,150,2,0.0061804062,0
1537358340,Prod-EcsStagingCluster-EcsCluster-1AAGQRFIOE9AE,Service_beiakklem1vi3j5fejng,150,2,0.0054901565,0
1537409280,Prod-EcsStagingCluster-EcsCluster-1AAGQRFIOE9AE,Service_beiakklem1vi3j5fejng,150,2,0.0060011995,0
1537409220,Prod-EcsStagingCluster-EcsCluster-1AAGQRFIOE9AE,Service_beiakklem1vi3j5fejng,150,2,0.0058432962,0
1537383780,Prod-EcsStagingCluster-EcsCluster-1AAGQRFIOE9AE,Service_beiakklem1vi3j5fejng,150,2,0.0054388175,0
1537356120,Prod-EcsStagingCluster-EcsCluster-1AAGQRFIOE9AE,Service_beiakklem1vi3j5fejng,150,2,0.0056610870,0
1537362480,Prod-EcsStagingCluster-EcsCluster-1AAGQRFIOE9AE,Service_beiakklem1vi3j5fejng,150,2,0.0052458050,0
1537407000,Prod-EcsStagingCluster-EcsCluster-1AAGQRFIOE9AE,Service_beiakklem1vi3j5fejng,150,2,0.0058716658,0
1537413360,Prod-EcsStagingCluster-EcsCluster-1AAGQRFIOE9AE,Service_beiakklem1vi3j5fejng,150,2,0.0054392890,0
1537381560,Prod-EcsStagingCluster-EcsCluster-1AAGQRFIOE9AE,Service_beiakklem1vi3j5fejng,150,2,0.0064340783,0
1537387920,Prod-EcsStagingCluster-EcsCluster-1AAGQRFIOE9AE,Service_beiakklem1vi3j5fejng,150,2,0.0058729300,0
1537362420,Prod-EcsStagingCluster-EcsCluster-1AAGQRFIOE9AE,Service_beiakklem1vi3j5fejng,150,2,0.0050746356,0
1537413300,Prod-EcsStagingCluster-EcsCluster-1AAGQRFIOE9AE,Service_beiakklem1vi3j5fejng,150,2,0.0057715593,0
1537351740,Prod-EcsStagingCluster-EcsCluster-1AAGQRFIOE9AE,Service_beiakklem1vi3j5fejng,150,2,0.0054862208,0
1537402620,Prod-EcsStagingCluster-EcsCluster-1AAGQRFIOE9AE,Service_beiakklem1vi3j5fejng,150,2,0.0040214826,0
1537360200,Prod-EcsStagingCluster-EcsCluster-1AAGQRFIOE9AE,Service_beiakklem1vi3j5fejng,150,2,0.0024139452,0
1537366560,Prod-EcsStagingCluster-EcsCluster-1AAGQRFIOE9AE,Service_beiakklem1vi3j5fejng,150,2,0.0043235038,0
1537389900,Prod-EcsStagingCluster-EcsCluster-1AAGQRFIOE9AE,Service_beiakklem1vi3j5fejng,150,2,0.0057609184,0
1537411080,Prod-EcsStagingCluster-EcsCluster-1AAGQRFIOE9AE,Service_beiakklem1vi3j5fejng,150,2,0.0055409700,0
1537417440,Prod-EcsStagingCluster-EcsCluster-1AAGQRFIOE9AE,Service_beiakklem1vi3j5fejng,150,2,0.0049633031,0
1537399200,Prod-EcsStagingCluster-EcsCluster-1AAGQRFIOE9AE,Service_beiakklem1vi3j5fejng,150,2,0.0053820192,0
1537347180,Prod-EcsStagingCluster-EcsCluster-1AAGQRFIOE9AE,Service_beiakklem1vi3j5fejng,150,2,0.0056457164,0
1537390680,Prod-EcsStagingCluster-EcsCluster-1AAGQRFIOE9AE,Service_beiakklem1vi3j5fejng,150,2,0.0055321322,0
1537365240,Prod-EcsStagingCluster-EcsCluster-1AAGQRFIOE9AE,Service_beiakklem1vi3j5fejng,150,2,0.0057276338,0
1537416120,Prod-EcsStagingCluster-EcsCluster-1AAGQRFIOE9AE,Service_beiakklem1vi3j5fejng,150,2,0.0057423265,0
1537359900,Prod-EcsStagingCluster-EcsCluster-1AAGQRFIOE9AE,Service_beiakklem1vi3j5fejng,150,2,0.0040045861,0
1537410780,Prod-EcsStagingCluster-EcsCluster-1AAGQRFIOE9AE,Service_beiakklem1vi3j5fejng,150,2,0.0058234045,0
1537398060,Prod-EcsStagingCluster-EcsCluster-1AAGQRFIOE9AE,Service_beiakklem1vi3j5fejng,150,2,0.0059994393,0
1537394760,Prod-EcsStagingCluster-EcsCluster-1AAGQRFIOE9AE,Service_beiakklem1vi3j5fejng,150,2,0.0054795613,0
1537372500,Prod-EcsStagingCluster-EcsCluster-1AAGQRFIOE9AE,Service_beiakklem1vi3j5fejng,150,2,0.0037869825,0
1537423380,Prod-EcsStagingCluster-EcsCluster-1AAGQRFIOE9AE,Service_beiakklem1vi3j5fejng,150,2,0.0062117797,0
1537356480,Prod-EcsStagingCluster-EcsCluster-1AAGQRFIOE9AE,Service_beiakklem1vi3j5fejng,150,2,0.0055340476,0
1537351140,Prod-EcsStagingCluster-EcsCluster-1AAGQRFIOE9AE,Service_beiakklem1vi3j5fejng,150,2,0.0056659559,0
1537355340,Prod-EcsStagingCluster-EcsCluster-1AAGQRFIOE9AE,Service_beiakklem1vi3j5fejng,150,2,0.0050643908,0
1537376580,Prod-EcsStagingCluster-EcsCluster-1AAGQRFIOE9AE,Service_beiakklem1vi3j5fejng,150,2,0.0057873599,0
1537407360,Prod-EcsStagingCluster-EcsCluster-1AAGQRFIOE9AE,Service_beiakklem1vi3j5fejng,150,2,0.0058796062,0
1537427460,Prod-EcsStagingCluster-EcsCluster-1AAGQRFIOE9AE,Service_beiakklem1vi3j5fejng,150,2,0.0059772565,0
1537368060,Prod-EcsStagingCluster-EcsCluster-1AAGQRFIOE9AE,Service_beiakklem1vi3j5fejng,150,2,0.0055861397,0
1537402020,Prod-EcsStagingCluster-EcsCluster-1AAGQRFIOE9AE,Service_beiakklem1vi3j5fejng,150,2,0.0057091206,0
1537418940,Prod-EcsStagingCluster-EcsCluster-1AAGQRFIOE9AE,Service_beiakklem1vi3j5fejng,150,2,0.0057069331,0
1537406220,Prod-EcsStagingCluster-EcsCluster-1AAGQRFIOE9AE,Service_beiakklem1vi3j5fejng,150,2,0.0039390765,0
1537360560,Prod-EcsStagingCluster-EcsCluster-1AAGQRFIOE9AE,Service_beiakklem1vi3j5fejng,150,2,0.0040843797,0
1537411440,Prod-EcsStagingCluster-EcsCluster-1AAGQRFIOE9AE,Service_beiakklem1vi3j5fejng,150,2,0.0054767931,0
1537352040,Prod-EcsStagingCluster-EcsCluster-1AAGQRFIOE9AE,Service_beiakklem1vi3j5fejng,150,2,0.0056290895,0
1537386000,Prod-EcsStagingCluster-EcsCluster-1AAGQRFIOE9AE,Service_beiakklem1vi3j5fejng,150,2,0.0060728926,0
1537380660,Prod-EcsStagingCluster-EcsCluster-1AAGQRFIOE9AE,Service_beiakklem1vi3j5fejng,150,2,0.0056392897,0
1537431540,Prod-EcsStagingCluster-EcsCluster-1AAGQRFIOE9AE,Service_beiakklem1vi3j5fejng,150,2,0.0056988447,0
1537378440,Prod-EcsStagingCluster-EcsCluster-1AAGQRFIOE9AE,Service_beiakklem1vi3j5fejng,150,2,0.0054820176,0
1537429320,Prod-EcsStagingCluster-EcsCluster-1AAGQRFIOE9AE,Service_beiakklem1vi3j5fejng,150,2,0.0053323902,0
1537376220,Prod-EcsStagingCluster-EcsCluster-1AAGQRFIOE9AE,Service_beiakklem1vi3j5fejng,150,2,0.0055241018,0
1537363500,Prod-EcsStagingCluster-EcsCluster-1AAGQRFIOE9AE,Service_beiakklem1vi3j5fejng,150,2,0.0053071569,0
1537427100,Prod-EcsStagingCluster-EcsCluster-1AAGQRFIOE9AE,Service_beiakklem1vi3j5fejng,150,2,0.0055786419,0
1537391040,Prod-EcsStagingCluster-EcsCluster-1AAGQRFIOE9AE,Service_beiakklem1vi3j5fejng,150,2,0.0047710095,0
1537414380,Prod-EcsStagingCluster-EcsCluster-1AAGQRFIOE9AE,Service_beiakklem1vi3j5fejng,150,2,0.0058809472,0
1537388820,Prod-EcsStagingCluster-EcsCluster-1AAGQRFIOE9AE,Service_beiakklem1vi3j5fejng,150,2,0.0061167168,0
1537369680,Prod-EcsStagingCluster-EcsCluster-1AAGQRFIOE9AE,Service_beiakklem1vi3j5fejng,150,2,0.0057914610,0
1537420560,Prod-EcsStagingCluster-EcsCluster-1AAGQRFIOE9AE,Service_beiakklem1vi3j5fejng,150,2,0.0059159586,0
1537395120,Prod-EcsStagingCluster-EcsCluster-1AAGQRFIOE9AE,Service_beiakklem1vi3j5fejng,150,2,0.0050367755,0
1537386600,Prod-EcsStagingCluster-EcsCluster-1AAGQRFIOE9AE,Service_beiakklem1vi3j5fejng,150,2,0.0057027057,0
1537392900,Prod-EcsStagingCluster-EcsCluster-1AAGQRFIOE9AE,Service_beiakklem1vi3j5fejng,150,2,0.0052327526,0
1537367460,Prod-EcsStagingCluster-EcsCluster-1AAGQRFIOE9AE,Service_beiakklem1vi3j5fejng,150,2,0.0058274378,0
1537371660,Prod-EcsStagingCluster-EcsCluster-1AAGQRFIOE9AE,Service_beiakklem1vi3j5fejng,150,2,0.0045184723,0
1537384380,Prod-EcsStagingCluster-EcsCluster-1AAGQRFIOE9AE,Service_beiakklem1vi3j5fejng,150,2,0.0054195207,0
1537418340,Prod-EcsStagingCluster-EcsCluster-1AAGQRFIOE9AE,Service_beiakklem1vi3j5fejng,150,2,0.0060318109,0
1537348320,Prod-EcsStagingCluster-EcsCluster-1AAGQRFIOE9AE,Service_beiakklem1vi3j5fejng,150,2,0.0061991876,0
1537357800,Prod-EcsStagingCluster-EcsCluster-1AAGQRFIOE9AE,Service_beiakklem1vi3j5fejng,150,2,0.0056449134,0
1537364160,Prod-EcsStagingCluster-EcsCluster-1AAGQRFIOE9AE,Service_beiakklem1vi3j5fejng,150,2,0.0056823850,0
1537428900,Prod-EcsStagingCluster-EcsCluster-1AAGQRFIOE9AE,Service_beiakklem1vi3j5fejng,150,2,0.0056764325,0
1537408680,Prod-EcsStagingCluster-EcsCluster-1AAGQRFIOE9AE,Service_beiakklem1vi3j5fejng,150,2,0.0056177562,0
1537415040,Prod-EcsStagingCluster-EcsCluster-1AAGQRFIOE9AE,Service_beiakklem1vi3j5fejng,150,2,0.0058063248,0
1537363020,Prod-EcsStagingCluster-EcsCluster-1AAGQRFIOE9AE,Service_beiakklem1vi3j5fejng,150,2,0.0053259531,0
1537413900,Prod-EcsStagingCluster-EcsCluster-1AAGQRFIOE9AE,Service_beiakklem1vi3j5fejng,150,2,0.0056704367,0
1537394820,Prod-EcsStagingCluster-EcsCluster-1AAGQRFIOE9AE,Service_beiakklem1vi3j5fejng,150,2,0.0051839308,0
1537374600,Prod-EcsStagingCluster-EcsCluster-1AAGQRFIOE9AE,Service_beiakklem1vi3j5fejng,150,2,0.0054510465,0
1537380960,Prod-EcsStagingCluster-EcsCluster-1AAGQRFIOE9AE,Service_beiakklem1vi3j5fejng,150,2,0.0058135715,0
1537357560,Prod-EcsStagingCluster-EcsCluster-1AAGQRFIOE9AE,Service_beiakklem1vi3j5fejng,150,2,0.0052208459,0
1537363920,Prod-EcsStagingCluster-EcsCluster-1AAGQRFIOE9AE,Service_beiakklem1vi3j5fejng,150,2,0.0048296105,0
1537425480,Prod-EcsStagingCluster-EcsCluster-1AAGQRFIOE9AE,Service_beiakklem1vi3j5fejng,150,2,0.0061211430,0
1537379820,Prod-EcsStagingCluster-EcsCluster-1AAGQRFIOE9AE,Service_beiakklem1vi3j5fejng,150,2,0.0054808234,0
1537414800,Prod-EcsStagingCluster-EcsCluster-1AAGQRFIOE9AE,Service_beiakklem1vi3j5fejng,150,2,0.0057262439,0
1537408440,Prod-EcsStagingCluster-EcsCluster-1AAGQRFIOE9AE,Service_beiakklem1vi3j5fejng,150,2,0.0058167483,0
1537430700,Prod-EcsStagingCluster-EcsCluster-1AAGQRFIOE9AE,Service_beiakklem1vi3j5fejng,150,2,0.0055571450,0
1537388220,Prod-EcsStagingCluster-EcsCluster-1AAGQRFIOE9AE,Service_beiakklem1vi3j5fejng,150,2,0.0058226387,0
1537394580,Prod-EcsStagingCluster-EcsCluster-1AAGQRFIOE9AE,Service_beiakklem1vi3j5fejng,150,2,0.0057465308,0
1537374360,Prod-EcsStagingCluster-EcsCluster-1AAGQRFIOE9AE,Service_beiakklem1vi3j5fejng,150,2,0.0058444376,0
1537380720,Prod-EcsStagingCluster-EcsCluster-1AAGQRFIOE9AE,Service_beiakklem1vi3j5fejng,150,2,0.0055065201,0
1537354140,Prod-EcsStagingCluster-EcsCluster-1AAGQRFIOE9AE,Service_beiakklem1vi3j5fejng,150,2,0.0047323312,0
1537360500,Prod-EcsStagingCluster-EcsCluster-1AAGQRFIOE9AE,Service_beiakklem1vi3j5fejng,150,2,0.0039975940,0
1537425240,Prod-EcsStagingCluster-EcsCluster-1AAGQRFIOE9AE,Service_beiakklem1vi3j5fejng,150,2,0.0051695773,0
1537431600,Prod-EcsStagingCluster-EcsCluster-1AAGQRFIOE9AE,Service_beiakklem1vi3j5fejng,150,2,0.0052503136,0
1537411380,Prod-EcsStagingCluster-EcsCluster-1AAGQRFIOE9AE,Service_beiakklem1vi3j5fejng,150,2,0.0065233590,0
1537405020,Prod-EcsStagingCluster-EcsCluster-1AAGQRFIOE9AE,Service_beiakklem1vi3j5fejng,150,2,0.0041409028,0
1537358280,Prod-EcsStagingCluster-EcsCluster-1AAGQRFIOE9AE,Service_beiakklem1vi3j5fejng,150,2,0.0055819562,0
1537394340,Prod-EcsStagingCluster-EcsCluster-1AAGQRFIOE9AE,Service_beiakklem1vi3j5fejng,150,2,0.0050278568,0
1537364640,Prod-EcsStagingCluster-EcsCluster-1AAGQRFIOE9AE,Service_beiakklem1vi3j5fejng,150,2,0.0054824245,0
1537409160,Prod-EcsStagingCluster-EcsCluster-1AAGQRFIOE9AE,Service_beiakklem1vi3j5fejng,150,2,0.0056013144,0
1537415520,Prod-EcsStagingCluster-EcsCluster-1AAGQRFIOE9AE,Service_beiakklem1vi3j5fejng,150,2,0.0061708188,0
1537347600,Prod-EcsStagingCluster-EcsCluster-1AAGQRFIOE9AE,Service_beiakklem1vi3j5fejng,150,2,0.0058770101,0
1537392120,Prod-EcsStagingCluster-EcsCluster-1AAGQRFIOE9AE,Service_beiakklem1vi3j5fejng,150,2,0.0052448738,0
1537398480,Prod-EcsStagingCluster-EcsCluster-1AAGQRFIOE9AE,Service_beiakklem1vi3j5fejng,150,2,0.0054648357,0
1537379340,Prod-EcsStagingCluster-EcsCluster-1AAGQRFIOE9AE,Service_beiakklem1vi3j5fejng,150,2,0.0055798001,0
1537360260,Prod-EcsStagingCluster-EcsCluster-1AAGQRFIOE9AE,Service_beiakklem1vi3j5fejng,150,2,0.0035819443,0
1537411140,Prod-EcsStagingCluster-EcsCluster-1AAGQRFIOE9AE,Service_beiakklem1vi3j5fejng,150,2,0.0055232202,0
1537430220,Prod-EcsStagingCluster-EcsCluster-1AAGQRFIOE9AE,Service_beiakklem1vi3j5fejng,150,2,0.0054709865,0
1537358040,Prod-EcsStagingCluster-EcsCluster-1AAGQRFIOE9AE,Service_beiakklem1vi3j5fejng,150,2,0.0057158757,0
1537364400,Prod-EcsStagingCluster-EcsCluster-1AAGQRFIOE9AE,Service_beiakklem1vi3j5fejng,150,2,0.0056217880,0
1537408920,Prod-EcsStagingCluster-EcsCluster-1AAGQRFIOE9AE,Service_beiakklem1vi3j5fejng,150,2,0.0056959284,0
1537415280,Prod-EcsStagingCluster-EcsCluster-1AAGQRFIOE9AE,Service_beiakklem1vi3j5fejng,150,2,0.0058067046,0
1537396140,Prod-EcsStagingCluster-EcsCluster-1AAGQRFIOE9AE,Service_beiakklem1vi3j5fejng,150,2,0.0057321743,0
1537360020,Prod-EcsStagingCluster-EcsCluster-1AAGQRFIOE9AE,Service_beiakklem1vi3j5fejng,150,2,0.0044339496,0
1537353660,Prod-EcsStagingCluster-EcsCluster-1AAGQRFIOE9AE,Service_beiakklem1vi3j5fejng,150,2,0.0054828743,0
1537392840,Prod-EcsStagingCluster-EcsCluster-1AAGQRFIOE9AE,Service_beiakklem1vi3j5fejng,150,2,0.0058122458,0
1537346160,Prod-EcsStagingCluster-EcsCluster-1AAGQRFIOE9AE,Service_beiakklem1vi3j5fejng,150,2,0.0079533747,0
1537404540,Prod-EcsStagingCluster-EcsCluster-1AAGQRFIOE9AE,Service_beiakklem1vi3j5fejng,150,2,0.0042944137,0
1537375800,Prod-EcsStagingCluster-EcsCluster-1AAGQRFIOE9AE,Service_beiakklem1vi3j5fejng,150,2,0.0056634177,0
1537397040,Prod-EcsStagingCluster-EcsCluster-1AAGQRFIOE9AE,Service_beiakklem1vi3j5fejng,150,2,0.0057924041,0
1537370460,Prod-EcsStagingCluster-EcsCluster-1AAGQRFIOE9AE,Service_beiakklem1vi3j5fejng,150,2,0.0043338442,0
1537361940,Prod-EcsStagingCluster-EcsCluster-1AAGQRFIOE9AE,Service_beiakklem1vi3j5fejng,150,2,0.0050390834,0
1537426680,Prod-EcsStagingCluster-EcsCluster-1AAGQRFIOE9AE,Service_beiakklem1vi3j5fejng,150,2,0.0053845188,0
1537421340,Prod-EcsStagingCluster-EcsCluster-1AAGQRFIOE9AE,Service_beiakklem1vi3j5fejng,150,2,0.0058760582,0
1537412820,Prod-EcsStagingCluster-EcsCluster-1AAGQRFIOE9AE,Service_beiakklem1vi3j5fejng,150,2,0.0071943033,0
1537345920,Prod-EcsStagingCluster-EcsCluster-1AAGQRFIOE9AE,Service_beiakklem1vi3j5fejng,150,2,0.0086054055,0
1537392600,Prod-EcsStagingCluster-EcsCluster-1AAGQRFIOE9AE,Service_beiakklem1vi3j5fejng,150,2,0.0056690021,0
1537378740,Prod-EcsStagingCluster-EcsCluster-1AAGQRFIOE9AE,Service_beiakklem1vi3j5fejng,150,2,0.0056986526,0
1537396800,Prod-EcsStagingCluster-EcsCluster-1AAGQRFIOE9AE,Service_beiakklem1vi3j5fejng,150,2,0.0058317423,0
1537361700,Prod-EcsStagingCluster-EcsCluster-1AAGQRFIOE9AE,Service_beiakklem1vi3j5fejng,150,2,0.0040735331,0
1537395660,Prod-EcsStagingCluster-EcsCluster-1AAGQRFIOE9AE,Service_beiakklem1vi3j5fejng,150,2,0.0055832612,0
1537429620,Prod-EcsStagingCluster-EcsCluster-1AAGQRFIOE9AE,Service_beiakklem1vi3j5fejng,150,2,0.0054386725,0
1537412580,Prod-EcsStagingCluster-EcsCluster-1AAGQRFIOE9AE,Service_beiakklem1vi3j5fejng,150,2,0.0053289448,0
1537362720,Prod-EcsStagingCluster-EcsCluster-1AAGQRFIOE9AE,Service_beiakklem1vi3j5fejng,150,2,0.0055928819,0
1537413600,Prod-EcsStagingCluster-EcsCluster-1AAGQRFIOE9AE,Service_beiakklem1vi3j5fejng,150,2,0.0070663314,0
1537345680,Prod-EcsStagingCluster-EcsCluster-1AAGQRFIOE9AE,Service_beiakklem1vi3j5fejng,150,2,0.0083960481,0
1537361580,Prod-EcsStagingCluster-EcsCluster-1AAGQRFIOE9AE,Service_beiakklem1vi3j5fejng,150,2,0.0026691130,0
1537392360,Prod-EcsStagingCluster-EcsCluster-1AAGQRFIOE9AE,Service_beiakklem1vi3j5fejng,150,2,0.0047086490,0
1537410360,Prod-EcsStagingCluster-EcsCluster-1AAGQRFIOE9AE,Service_beiakklem1vi3j5fejng,150,2,0.0058576357,0
1537378500,Prod-EcsStagingCluster-EcsCluster-1AAGQRFIOE9AE,Service_beiakklem1vi3j5fejng,150,2,0.0050240685,0
1537412460,Prod-EcsStagingCluster-EcsCluster-1AAGQRFIOE9AE,Service_beiakklem1vi3j5fejng,150,2,0.0052588091,0
1537429380,Prod-EcsStagingCluster-EcsCluster-1AAGQRFIOE9AE,Service_beiakklem1vi3j5fejng,150,2,0.0054127657,0
1537369980,Prod-EcsStagingCluster-EcsCluster-1AAGQRFIOE9AE,Service_beiakklem1vi3j5fejng,150,2,0.0054245278,0
1537420860,Prod-EcsStagingCluster-EcsCluster-1AAGQRFIOE9AE,Service_beiakklem1vi3j5fejng,150,2,0.0055980150,0
1537376280,Prod-EcsStagingCluster-EcsCluster-1AAGQRFIOE9AE,Service_beiakklem1vi3j5fejng,150,2,0.0046327279,0
1537380480,Prod-EcsStagingCluster-EcsCluster-1AAGQRFIOE9AE,Service_beiakklem1vi3j5fejng,150,2,0.0054214482,0
1537427160,Prod-EcsStagingCluster-EcsCluster-1AAGQRFIOE9AE,Service_beiakklem1vi3j5fejng,150,2,0.0057153135,0
1537386780,Prod-EcsStagingCluster-EcsCluster-1AAGQRFIOE9AE,Service_beiakklem1vi3j5fejng,150,2,0.0054143378,0
1537431360,Prod-EcsStagingCluster-EcsCluster-1AAGQRFIOE9AE,Service_beiakklem1vi3j5fejng,150,2,0.0046676605,0
1537378260,Prod-EcsStagingCluster-EcsCluster-1AAGQRFIOE9AE,Service_beiakklem1vi3j5fejng,150,2,0.0058788573,0
1537346400,Prod-EcsStagingCluster-EcsCluster-1AAGQRFIOE9AE,Service_beiakklem1vi3j5fejng,150,2,0.0059635582,0
1537397280,Prod-EcsStagingCluster-EcsCluster-1AAGQRFIOE9AE,Service_beiakklem1vi3j5fejng,150,2,0.0053661532,0
1537429140,Prod-EcsStagingCluster-EcsCluster-1AAGQRFIOE9AE,Service_beiakklem1vi3j5fejng,150,2,0.0054720410,0
1537376040,Prod-EcsStagingCluster-EcsCluster-1AAGQRFIOE9AE,Service_beiakklem1vi3j5fejng,150,2,0.0053162502,0
1537380240,Prod-EcsStagingCluster-EcsCluster-1AAGQRFIOE9AE,Service_beiakklem1vi3j5fejng,150,2,0.0056629581,0
1537361100,Prod-EcsStagingCluster-EcsCluster-1AAGQRFIOE9AE,Service_beiakklem1vi3j5fejng,150,2,0.0038877825,0
1537395060,Prod-EcsStagingCluster-EcsCluster-1AAGQRFIOE9AE,Service_beiakklem1vi3j5fejng,150,2,0.0053788291,0
1537426920,Prod-EcsStagingCluster-EcsCluster-1AAGQRFIOE9AE,Service_beiakklem1vi3j5fejng,150,2,0.0053873174,0
1537431120,Prod-EcsStagingCluster-EcsCluster-1AAGQRFIOE9AE,Service_beiakklem1vi3j5fejng,150,2,0.0054786500,0
1537378020,Prod-EcsStagingCluster-EcsCluster-1AAGQRFIOE9AE,Service_beiakklem1vi3j5fejng,150,2,0.0056299521,0
1537411980,Prod-EcsStagingCluster-EcsCluster-1AAGQRFIOE9AE,Service_beiakklem1vi3j5fejng,150,2,0.0054290329,0
1537372680,Prod-EcsStagingCluster-EcsCluster-1AAGQRFIOE9AE,Service_beiakklem1vi3j5fejng,150,2,0.0043379182,0
1537379040,Prod-EcsStagingCluster-EcsCluster-1AAGQRFIOE9AE,Service_beiakklem1vi3j5fejng,150,2,0.0057795701,0
1537359960,Prod-EcsStagingCluster-EcsCluster-1AAGQRFIOE9AE,Service_beiakklem1vi3j5fejng,150,2,0.0041109208,0
1537366320,Prod-EcsStagingCluster-EcsCluster-1AAGQRFIOE9AE,Service_beiakklem1vi3j5fejng,150,2,0.0052207645,0
1537424700,Prod-EcsStagingCluster-EcsCluster-1AAGQRFIOE9AE,Service_beiakklem1vi3j5fejng,150,2,0.0056928381,0
1537410840,Prod-EcsStagingCluster-EcsCluster-1AAGQRFIOE9AE,Service_beiakklem1vi3j5fejng,150,2,0.0049971434,0
1537429920,Prod-EcsStagingCluster-EcsCluster-1AAGQRFIOE9AE,Service_beiakklem1vi3j5fejng,150,2,0.0054924161,0
1537417200,Prod-EcsStagingCluster-EcsCluster-1AAGQRFIOE9AE,Service_beiakklem1vi3j5fejng,150,2,0.0071709688,0
1537423560,Prod-EcsStagingCluster-EcsCluster-1AAGQRFIOE9AE,Service_beiakklem1vi3j5fejng,150,2,0.0056306012,0
1537390620,Prod-EcsStagingCluster-EcsCluster-1AAGQRFIOE9AE,Service_beiakklem1vi3j5fejng,150,2,0.0057591010,0
1537377900,Prod-EcsStagingCluster-EcsCluster-1AAGQRFIOE9AE,Service_beiakklem1vi3j5fejng,150,2,0.0055783257,0
1537428780,Prod-EcsStagingCluster-EcsCluster-1AAGQRFIOE9AE,Service_beiakklem1vi3j5fejng,150,2,0.0058335462,0
1537379940,Prod-EcsStagingCluster-EcsCluster-1AAGQRFIOE9AE,Service_beiakklem1vi3j5fejng,150,2,0.0054474347,0
1537392660,Prod-EcsStagingCluster-EcsCluster-1AAGQRFIOE9AE,Service_beiakklem1vi3j5fejng,150,2,0.0053769386,0
1537430820,Prod-EcsStagingCluster-EcsCluster-1AAGQRFIOE9AE,Service_beiakklem1vi3j5fejng,150,2,0.0051355673,0
1537358580,Prod-EcsStagingCluster-EcsCluster-1AAGQRFIOE9AE,Service_beiakklem1vi3j5fejng,150,2,0.0056008309,0
1537345860,Prod-EcsStagingCluster-EcsCluster-1AAGQRFIOE9AE,Service_beiakklem1vi3j5fejng,150,2,0.0081081347,0
1537409460,Prod-EcsStagingCluster-EcsCluster-1AAGQRFIOE9AE,Service_beiakklem1vi3j5fejng,150,2,0.0055023917,0
1537396740,Prod-EcsStagingCluster-EcsCluster-1AAGQRFIOE9AE,Service_beiakklem1vi3j5fejng,150,2,0.0058255903,0
1537359480,Prod-EcsStagingCluster-EcsCluster-1AAGQRFIOE9AE,Service_beiakklem1vi3j5fejng,150,2,0.0035613013,0
1537378560,Prod-EcsStagingCluster-EcsCluster-1AAGQRFIOE9AE,Service_beiakklem1vi3j5fejng,150,2,0.0054727753,0
1537372200,Prod-EcsStagingCluster-EcsCluster-1AAGQRFIOE9AE,Service_beiakklem1vi3j5fejng,150,2,0.0043500891,0
1537365840,Prod-EcsStagingCluster-EcsCluster-1AAGQRFIOE9AE,Service_beiakklem1vi3j5fejng,150,2,0.0057091353,0
1537377420,Prod-EcsStagingCluster-EcsCluster-1AAGQRFIOE9AE,Service_beiakklem1vi3j5fejng,150,2,0.0058340649,0
1537390140,Prod-EcsStagingCluster-EcsCluster-1AAGQRFIOE9AE,Service_beiakklem1vi3j5fejng,150,2,0.0055303303,0
1537428300,Prod-EcsStagingCluster-EcsCluster-1AAGQRFIOE9AE,Service_beiakklem1vi3j5fejng,150,2,0.0061672332,0
1537356060,Prod-EcsStagingCluster-EcsCluster-1AAGQRFIOE9AE,Service_beiakklem1vi3j5fejng,150,2,0.0052623813,0
1537406940,Prod-EcsStagingCluster-EcsCluster-1AAGQRFIOE9AE,Service_beiakklem1vi3j5fejng,150,2,0.0041432533,0
1537394220,Prod-EcsStagingCluster-EcsCluster-1AAGQRFIOE9AE,Service_beiakklem1vi3j5fejng,150,2,0.0053343154,0
1537345380,Prod-EcsStagingCluster-EcsCluster-1AAGQRFIOE9AE,Service_beiakklem1vi3j5fejng,150,2,0.0077424260,0
1537358100,Prod-EcsStagingCluster-EcsCluster-1AAGQRFIOE9AE,Service_beiakklem1vi3j5fejng,150,2,0.0057987174,0
1537396260,Prod-EcsStagingCluster-EcsCluster-1AAGQRFIOE9AE,Service_beiakklem1vi3j5fejng,150,2,0.0053554588,0
1537408980,Prod-EcsStagingCluster-EcsCluster-1AAGQRFIOE9AE,Service_beiakklem1vi3j5fejng,150,2,0.0056224437,0
1537362240,Prod-EcsStagingCluster-EcsCluster-1AAGQRFIOE9AE,Service_beiakklem1vi3j5fejng,150,2,0.0058030817,0
1537355880,Prod-EcsStagingCluster-EcsCluster-1AAGQRFIOE9AE,Service_beiakklem1vi3j5fejng,150,2,0.0055866622,0
1537349520,Prod-EcsStagingCluster-EcsCluster-1AAGQRFIOE9AE,Service_beiakklem1vi3j5fejng,150,2,0.0055051800,0
1537394040,Prod-EcsStagingCluster-EcsCluster-1AAGQRFIOE9AE,Service_beiakklem1vi3j5fejng,150,2,0.0051022815,0
1537400400,Prod-EcsStagingCluster-EcsCluster-1AAGQRFIOE9AE,Service_beiakklem1vi3j5fejng,150,2,0.0039519833,0
1537374900,Prod-EcsStagingCluster-EcsCluster-1AAGQRFIOE9AE,Service_beiakklem1vi3j5fejng,150,2,0.0052735205,0
1537362180,Prod-EcsStagingCluster-EcsCluster-1AAGQRFIOE9AE,Service_beiakklem1vi3j5fejng,150,2,0.0048267767,0
1537406760,Prod-EcsStagingCluster-EcsCluster-1AAGQRFIOE9AE,Service_beiakklem1vi3j5fejng,150,2,0.0041420060,0
1537413120,Prod-EcsStagingCluster-EcsCluster-1AAGQRFIOE9AE,Service_beiakklem1vi3j5fejng,150,2,0.0053948654,0
1537413060,Prod-EcsStagingCluster-EcsCluster-1AAGQRFIOE9AE,Service_beiakklem1vi3j5fejng,150,2,0.0056407599,0
1537425780,Prod-EcsStagingCluster-EcsCluster-1AAGQRFIOE9AE,Service_beiakklem1vi3j5fejng,150,2,0.0059158942,0
1537410900,Prod-EcsStagingCluster-EcsCluster-1AAGQRFIOE9AE,Service_beiakklem1vi3j5fejng,150,2,0.0054759900,0
1537382160,Prod-EcsStagingCluster-EcsCluster-1AAGQRFIOE9AE,Service_beiakklem1vi3j5fejng,150,2,0.0055294365,0
1537376820,Prod-EcsStagingCluster-EcsCluster-1AAGQRFIOE9AE,Service_beiakklem1vi3j5fejng,150,2,0.0056380314,0
1537364100,Prod-EcsStagingCluster-EcsCluster-1AAGQRFIOE9AE,Service_beiakklem1vi3j5fejng,150,2,0.0053670399,0
1537394880,Prod-EcsStagingCluster-EcsCluster-1AAGQRFIOE9AE,Service_beiakklem1vi3j5fejng,150,2,0.0054603779,0
1537355580,Prod-EcsStagingCluster-EcsCluster-1AAGQRFIOE9AE,Service_beiakklem1vi3j5fejng,150,2,0.0054449780,0
1537393740,Prod-EcsStagingCluster-EcsCluster-1AAGQRFIOE9AE,Service_beiakklem1vi3j5fejng,150,2,0.0052516638,0
1537427700,Prod-EcsStagingCluster-EcsCluster-1AAGQRFIOE9AE,Service_beiakklem1vi3j5fejng,150,2,0.0057274962,0
1537414980,Prod-EcsStagingCluster-EcsCluster-1AAGQRFIOE9AE,Service_beiakklem1vi3j5fejng,150,2,0.0054084808,0
1537348080,Prod-EcsStagingCluster-EcsCluster-1AAGQRFIOE9AE,Service_beiakklem1vi3j5fejng,150,2,0.0058933956,0
1537360800,Prod-EcsStagingCluster-EcsCluster-1AAGQRFIOE9AE,Service_beiakklem1vi3j5fejng,150,2,0.0055901961,0
1537406460,Prod-EcsStagingCluster-EcsCluster-1AAGQRFIOE9AE,Service_beiakklem1vi3j5fejng,150,2,0.0040447702,0
1537377720,Prod-EcsStagingCluster-EcsCluster-1AAGQRFIOE9AE,Service_beiakklem1vi3j5fejng,150,2,0.0054752581,0
1537411680,Prod-EcsStagingCluster-EcsCluster-1AAGQRFIOE9AE,Service_beiakklem1vi3j5fejng,150,2,0.0057803615,0
1537398960,Prod-EcsStagingCluster-EcsCluster-1AAGQRFIOE9AE,Service_beiakklem1vi3j5fejng,150,2,0.0058493969,0
1537372380,Prod-EcsStagingCluster-EcsCluster-1AAGQRFIOE9AE,Service_beiakklem1vi3j5fejng,150,2,0.0041108524,0
1537359660,Prod-EcsStagingCluster-EcsCluster-1AAGQRFIOE9AE,Service_beiakklem1vi3j5fejng,150,2,0.0041576371,0
1537390440,Prod-EcsStagingCluster-EcsCluster-1AAGQRFIOE9AE,Service_beiakklem1vi3j5fejng,150,2,0.0045428936,0
1537410540,Prod-EcsStagingCluster-EcsCluster-1AAGQRFIOE9AE,Service_beiakklem1vi3j5fejng,150,2,0.0055596253,0
1537428600,Prod-EcsStagingCluster-EcsCluster-1AAGQRFIOE9AE,Service_beiakklem1vi3j5fejng,150,2,0.0054370343,0
1537423260,Prod-EcsStagingCluster-EcsCluster-1AAGQRFIOE9AE,Service_beiakklem1vi3j5fejng,150,2,0.0060930385,0
1537356360,Prod-EcsStagingCluster-EcsCluster-1AAGQRFIOE9AE,Service_beiakklem1vi3j5fejng,150,2,0.0056398693,0
1537394520,Prod-EcsStagingCluster-EcsCluster-1AAGQRFIOE9AE,Service_beiakklem1vi3j5fejng,150,2,0.0058576698,0
1537407240,Prod-EcsStagingCluster-EcsCluster-1AAGQRFIOE9AE,Service_beiakklem1vi3j5fejng,150,2,0.0065794068,0
1537416720,Prod-EcsStagingCluster-EcsCluster-1AAGQRFIOE9AE,Service_beiakklem1vi3j5fejng,150,2,0.0048249699,0
1537429440,Prod-EcsStagingCluster-EcsCluster-1AAGQRFIOE9AE,Service_beiakklem1vi3j5fejng,150,2,0.0053865442,0
1537363620,Prod-EcsStagingCluster-EcsCluster-1AAGQRFIOE9AE,Service_beiakklem1vi3j5fejng,150,2,0.0053572476,0
1537376340,Prod-EcsStagingCluster-EcsCluster-1AAGQRFIOE9AE,Service_beiakklem1vi3j5fejng,150,2,0.0053585934,0
1537414500,Prod-EcsStagingCluster-EcsCluster-1AAGQRFIOE9AE,Service_beiakklem1vi3j5fejng,150,2,0.0056867591,0
1537361400,Prod-EcsStagingCluster-EcsCluster-1AAGQRFIOE9AE,Service_beiakklem1vi3j5fejng,150,2,0.0039666172,0
1537395360,Prod-EcsStagingCluster-EcsCluster-1AAGQRFIOE9AE,Service_beiakklem1vi3j5fejng,150,2,0.0056335866,0
1537382640,Prod-EcsStagingCluster-EcsCluster-1AAGQRFIOE9AE,Service_beiakklem1vi3j5fejng,150,2,0.0064152128,0
1537427220,Prod-EcsStagingCluster-EcsCluster-1AAGQRFIOE9AE,Service_beiakklem1vi3j5fejng,150,2,0.0059572018,0
1537374120,Prod-EcsStagingCluster-EcsCluster-1AAGQRFIOE9AE,Service_beiakklem1vi3j5fejng,150,2,0.0041445763,0
1537412280,Prod-EcsStagingCluster-EcsCluster-1AAGQRFIOE9AE,Service_beiakklem1vi3j5fejng,150,2,0.0057022473,0
1537359180,Prod-EcsStagingCluster-EcsCluster-1AAGQRFIOE9AE,Service_beiakklem1vi3j5fejng,150,2,0.0037247042,0
1537393140,Prod-EcsStagingCluster-EcsCluster-1AAGQRFIOE9AE,Service_beiakklem1vi3j5fejng,150,2,0.0055923514,0
1537380420,Prod-EcsStagingCluster-EcsCluster-1AAGQRFIOE9AE,Service_beiakklem1vi3j5fejng,150,2,0.0047154806,0
1537425000,Prod-EcsStagingCluster-EcsCluster-1AAGQRFIOE9AE,Service_beiakklem1vi3j5fejng,150,2,0.0056204723,0
1537431300,Prod-EcsStagingCluster-EcsCluster-1AAGQRFIOE9AE,Service_beiakklem1vi3j5fejng,150,2,0.0054648037,0
1537371900,Prod-EcsStagingCluster-EcsCluster-1AAGQRFIOE9AE,Service_beiakklem1vi3j5fejng,150,2,0.0035898152,0
1537410060,Prod-EcsStagingCluster-EcsCluster-1AAGQRFIOE9AE,Service_beiakklem1vi3j5fejng,150,2,0.0056329415,0
1537422780,Prod-EcsStagingCluster-EcsCluster-1AAGQRFIOE9AE,Service_beiakklem1vi3j5fejng,150,2,0.0054760164,0
1537390920,Prod-EcsStagingCluster-EcsCluster-1AAGQRFIOE9AE,Service_beiakklem1vi3j5fejng,150,2,0.0056593500,0
1537378200,Prod-EcsStagingCluster-EcsCluster-1AAGQRFIOE9AE,Service_beiakklem1vi3j5fejng,150,2,0.0056357141,0
1537429080,Prod-EcsStagingCluster-EcsCluster-1AAGQRFIOE9AE,Service_beiakklem1vi3j5fejng,150,2,0.0055902860,0
1537388700,Prod-EcsStagingCluster-EcsCluster-1AAGQRFIOE9AE,Service_beiakklem1vi3j5fejng,150,2,0.0055487085,0
1537375980,Prod-EcsStagingCluster-EcsCluster-1AAGQRFIOE9AE,Service_beiakklem1vi3j5fejng,150,2,0.0052280645,0
1537350300,Prod-EcsStagingCluster-EcsCluster-1AAGQRFIOE9AE,Service_beiakklem1vi3j5fejo0,1000,2,0.0747637262,0
1537353480,Prod-EcsStagingCluster-EcsCluster-1AAGQRFIOE9AE,Service_beiakklem1vi3j5fejo0,1000,2,0.0699111848,0
1537356660,Prod-EcsStagingCluster-EcsCluster-1AAGQRFIOE9AE,Service_beiakklem1vi3j5fejo0,1000,2,0.0706173146,0
1537359840,Prod-EcsStagingCluster-EcsCluster-1AAGQRFIOE9AE,Service_beiakklem1vi3j5fejo0,1000,2,0.0618825312,0
1537378920,Prod-EcsStagingCluster-EcsCluster-1AAGQRFIOE9AE,Service_beiakklem1vi3j5fejo0,1000,2,0.0601151177,0
1537382100,Prod-EcsStagingCluster-EcsCluster-1AAGQRFIOE9AE,Service_beiakklem1vi3j5fejo0,1000,2,0.0695337386,0
1537385280,Prod-EcsStagingCluster-EcsCluster-1AAGQRFIOE9AE,Service_beiakklem1vi3j5fejo0,1000,2,0.0491991182,0
1537375740,Prod-EcsStagingCluster-EcsCluster-1AAGQRFIOE9AE,Service_beiakklem1vi3j5fejo0,1000,2,0.0595134510,0
1537409580,Prod-EcsStagingCluster-EcsCluster-1AAGQRFIOE9AE,Service_beiakklem1vi3j5fejo0,1000,2,0.0519809211,0
1537412760,Prod-EcsStagingCluster-EcsCluster-1AAGQRFIOE9AE,Service_beiakklem1vi3j5fejo0,1000,2,0.0658880245,0
1537415940,Prod-EcsStagingCluster-EcsCluster-1AAGQRFIOE9AE,Service_beiakklem1vi3j5fejo0,1000,2,0.0524669937,0
1537419120,Prod-EcsStagingCluster-EcsCluster-1AAGQRFIOE9AE,Service_beiakklem1vi3j5fejo0,1000,2,0.0518820816,0
1537390260,Prod-EcsStagingCluster-EcsCluster-1AAGQRFIOE9AE,Service_beiakklem1vi3j5fejo0,1000,2,0.0627569054,0
1537393440,Prod-EcsStagingCluster-EcsCluster-1AAGQRFIOE9AE,Service_beiakklem1vi3j5fejo0,1000,2,0.0909253329,0
1537383900,Prod-EcsStagingCluster-EcsCluster-1AAGQRFIOE9AE,Service_beiakklem1vi3j5fejo0,1000,2,0.0583681508,0
1537387080,Prod-EcsStagingCluster-EcsCluster-1AAGQRFIOE9AE,Service_beiakklem1vi3j5fejo0,1000,2,0.0492324353,0
1537350960,Prod-EcsStagingCluster-EcsCluster-1AAGQRFIOE9AE,Service_beiakklem1vi3j5fejo0,1000,2,0.0719406799,0
1537347780,Prod-EcsStagingCluster-EcsCluster-1AAGQRFIOE9AE,Service_beiakklem1vi3j5fejo0,1000,2,0.0635698554,0
1537415700,Prod-EcsStagingCluster-EcsCluster-1AAGQRFIOE9AE,Service_beiakklem1vi3j5fejo0,1000,2,0.0499102501,0
1537418880,Prod-EcsStagingCluster-EcsCluster-1AAGQRFIOE9AE,Service_beiakklem1vi3j5fejo0,1000,2,0.0521212678,0
1537409340,Prod-EcsStagingCluster-EcsCluster-1AAGQRFIOE9AE,Service_beiakklem1vi3j5fejo0,1000,2,0.0508912188,0
1537412520,Prod-EcsStagingCluster-EcsCluster-1AAGQRFIOE9AE,Service_beiakklem1vi3j5fejo0,1000,2,0.0659241963,0
1537373220,Prod-EcsStagingCluster-EcsCluster-1AAGQRFIOE9AE,Service_beiakklem1vi3j5fejo0,1000,2,0.0595404865,0
1537366860,Prod-EcsStagingCluster-EcsCluster-1AAGQRFIOE9AE,Service_beiakklem1vi3j5fejo0,1000,2,0.0667917952,0
1537394400,Prod-EcsStagingCluster-EcsCluster-1AAGQRFIOE9AE,Service_beiakklem1vi3j5fejo0,1000,2,0.0569978982,0
1537388040,Prod-EcsStagingCluster-EcsCluster-1AAGQRFIOE9AE,Service_beiakklem1vi3j5fejo0,1000,2,0.0585461362,0
1537351920,Prod-EcsStagingCluster-EcsCluster-1AAGQRFIOE9AE,Service_beiakklem1vi3j5fejo0,1000,2,0.0700232706,0
1537419840,Prod-EcsStagingCluster-EcsCluster-1AAGQRFIOE9AE,Service_beiakklem1vi3j5fejo0,1000,2,0.0608890113,0
1537345560,Prod-EcsStagingCluster-EcsCluster-1AAGQRFIOE9AE,Service_beiakklem1vi3j5fejo0,1000,2,0.0761398293,0
1537413480,Prod-EcsStagingCluster-EcsCluster-1AAGQRFIOE9AE,Service_beiakklem1vi3j5fejo0,1000,2,0.0597368057,0
1537377360,Prod-EcsStagingCluster-EcsCluster-1AAGQRFIOE9AE,Service_beiakklem1vi3j5fejo0,1000,2,0.0581922621,0
1537371000,Prod-EcsStagingCluster-EcsCluster-1AAGQRFIOE9AE,Service_beiakklem1vi3j5fejo0,1000,2,0.0569375863,0
1537347540,Prod-EcsStagingCluster-EcsCluster-1AAGQRFIOE9AE,Service_beiakklem1vi3j5fejo0,1000,2,0.0622773464,0
1537345320,Prod-EcsStagingCluster-EcsCluster-1AAGQRFIOE9AE,Service_beiakklem1vi3j5fejo0,1000,2,0.0754788481,0
1537417500,Prod-EcsStagingCluster-EcsCluster-1AAGQRFIOE9AE,Service_beiakklem1vi3j5fejo0,1000,2,0.0518475837,0
1537423860,Prod-EcsStagingCluster-EcsCluster-1AAGQRFIOE9AE,Service_beiakklem1vi3j5fejo0,1000,2,0.0612215252,0
1537351680,Prod-EcsStagingCluster-EcsCluster-1AAGQRFIOE9AE,Service_beiakklem1vi3j5fejo0,1000,2,0.0714974605,0
1537375020,Prod-EcsStagingCluster-EcsCluster-1AAGQRFIOE9AE,Service_beiakklem1vi3j5fejo0,1000,2,0.0502988362,0
1537381380,Prod-EcsStagingCluster-EcsCluster-1AAGQRFIOE9AE,Service_beiakklem1vi3j5fejo0,1000,2,0.0609692457,0
1537400460,Prod-EcsStagingCluster-EcsCluster-1AAGQRFIOE9AE,Service_beiakklem1vi3j5fejo0,1000,2,0.0526979350,0
1537406820,Prod-EcsStagingCluster-EcsCluster-1AAGQRFIOE9AE,Service_beiakklem1vi3j5fejo0,1000,2,0.0514795726,0
1537428000,Prod-EcsStagingCluster-EcsCluster-1AAGQRFIOE9AE,Service_beiakklem1vi3j5fejo0,1000,2,0.0500281849,0
1537421640,Prod-EcsStagingCluster-EcsCluster-1AAGQRFIOE9AE,Service_beiakklem1vi3j5fejo0,1000,2,0.0604208612,0
1537385520,Prod-EcsStagingCluster-EcsCluster-1AAGQRFIOE9AE,Service_beiakklem1vi3j5fejo0,1000,2,0.0502878816,0
1537379160,Prod-EcsStagingCluster-EcsCluster-1AAGQRFIOE9AE,Service_beiakklem1vi3j5fejo0,1000,2,0.0600541688,0
1537404600,Prod-EcsStagingCluster-EcsCluster-1AAGQRFIOE9AE,Service_beiakklem1vi3j5fejo0,1000,2,0.0590483115,0
1537410960,Prod-EcsStagingCluster-EcsCluster-1AAGQRFIOE9AE,Service_beiakklem1vi3j5fejo0,1000,2,0.0605173782,0
1537358880,Prod-EcsStagingCluster-EcsCluster-1AAGQRFIOE9AE,Service_beiakklem1vi3j5fejo0,1000,2,0.0682661724,0
1537349340,Prod-EcsStagingCluster-EcsCluster-1AAGQRFIOE9AE,Service_beiakklem1vi3j5fejo0,1000,2,0.0695453020,0
1537380120,Prod-EcsStagingCluster-EcsCluster-1AAGQRFIOE9AE,Service_beiakklem1vi3j5fejo0,1000,2,0.0610587716,0
1537383300,Prod-EcsStagingCluster-EcsCluster-1AAGQRFIOE9AE,Service_beiakklem1vi3j5fejo0,1000,2,0.0599117875,0
1537384320,Prod-EcsStagingCluster-EcsCluster-1AAGQRFIOE9AE,Service_beiakklem1vi3j5fejo0,1000,2,0.0561941489,0
1537374780,Prod-EcsStagingCluster-EcsCluster-1AAGQRFIOE9AE,Service_beiakklem1vi3j5fejo0,1000,2,0.0595151585,0
1537405560,Prod-EcsStagingCluster-EcsCluster-1AAGQRFIOE9AE,Service_beiakklem1vi3j5fejo0,1000,2,0.0495635406,0
1537408740,Prod-EcsStagingCluster-EcsCluster-1AAGQRFIOE9AE,Service_beiakklem1vi3j5fejo0,1000,2,0.0508384235,0
1537408620,Prod-EcsStagingCluster-EcsCluster-1AAGQRFIOE9AE,Service_beiakklem1vi3j5fejo0,1000,2,0.0510764787,0
1537418160,Prod-EcsStagingCluster-EcsCluster-1AAGQRFIOE9AE,Service_beiakklem1vi3j5fejo0,1000,2,0.0522643589,0
1537354440,Prod-EcsStagingCluster-EcsCluster-1AAGQRFIOE9AE,Service_beiakklem1vi3j5fejo0,1000,2,0.0708782681,0
1537357620,Prod-EcsStagingCluster-EcsCluster-1AAGQRFIOE9AE,Service_beiakklem1vi3j5fejo0,1000,2,0.0607454407,0
1537379880,Prod-EcsStagingCluster-EcsCluster-1AAGQRFIOE9AE,Service_beiakklem1vi3j5fejo0,1000,2,0.0616619913,0
1537383060,Prod-EcsStagingCluster-EcsCluster-1AAGQRFIOE9AE,Service_beiakklem1vi3j5fejo0,1000,2,0.0614880537,0
1537392480,Prod-EcsStagingCluster-EcsCluster-1AAGQRFIOE9AE,Service_beiakklem1vi3j5fejo0,1000,2,0.0593087083,0
1537382940,Prod-EcsStagingCluster-EcsCluster-1AAGQRFIOE9AE,Service_beiakklem1vi3j5fejo0,1000,2,0.0664161441,0
1537413720,Prod-EcsStagingCluster-EcsCluster-1AAGQRFIOE9AE,Service_beiakklem1vi3j5fejo0,1000,2,0.0603325090,0
1537416900,Prod-EcsStagingCluster-EcsCluster-1AAGQRFIOE9AE,Service_beiakklem1vi3j5fejo0,1000,2,0.0519920126,0
1537350000,Prod-EcsStagingCluster-EcsCluster-1AAGQRFIOE9AE,Service_beiakklem1vi3j5fejo0,1000,2,0.0722153488,0
1537417920,Prod-EcsStagingCluster-EcsCluster-1AAGQRFIOE9AE,Service_beiakklem1vi3j5fejo0,1000,2,0.0518340345,0
1537408380,Prod-EcsStagingCluster-EcsCluster-1AAGQRFIOE9AE,Service_beiakklem1vi3j5fejo0,1000,2,0.0505168954,0
1537375440,Prod-EcsStagingCluster-EcsCluster-1AAGQRFIOE9AE,Service_beiakklem1vi3j5fejo0,1000,2,0.0601965841,0
1537365900,Prod-EcsStagingCluster-EcsCluster-1AAGQRFIOE9AE,Service_beiakklem1vi3j5fejo0,1000,2,0.0572824911,0
1537376400,Prod-EcsStagingCluster-EcsCluster-1AAGQRFIOE9AE,Service_beiakklem1vi3j5fejo0,1000,2,0.0612445985,0
1537391220,Prod-EcsStagingCluster-EcsCluster-1AAGQRFIOE9AE,Service_beiakklem1vi3j5fejo0,1000,2,0.0571989925,0
1537348740,Prod-EcsStagingCluster-EcsCluster-1AAGQRFIOE9AE,Service_beiakklem1vi3j5fejo0,1000,2,0.0742028126,0
1537416660,Prod-EcsStagingCluster-EcsCluster-1AAGQRFIOE9AE,Service_beiakklem1vi3j5fejo0,1000,2,0.0512219541,0
1537374180,Prod-EcsStagingCluster-EcsCluster-1AAGQRFIOE9AE,Service_beiakklem1vi3j5fejo0,1000,2,0.0621394387,0
1537389000,Prod-EcsStagingCluster-EcsCluster-1AAGQRFIOE9AE,Service_beiakklem1vi3j5fejo0,1000,2,0.0592924554,0
1537346520,Prod-EcsStagingCluster-EcsCluster-1AAGQRFIOE9AE,Service_beiakklem1vi3j5fejo0,1000,2,0.0725624561,0
1537414440,Prod-EcsStagingCluster-EcsCluster-1AAGQRFIOE9AE,Service_beiakklem1vi3j5fejo0,1000,2,0.0625969575,0
1537371960,Prod-EcsStagingCluster-EcsCluster-1AAGQRFIOE9AE,Service_beiakklem1vi3j5fejo0,1000,2,0.0766307123,0
1537416540,Prod-EcsStagingCluster-EcsCluster-1AAGQRFIOE9AE,Service_beiakklem1vi3j5fejo0,1000,2,0.0519695699,0
1537350720,Prod-EcsStagingCluster-EcsCluster-1AAGQRFIOE9AE,Service_beiakklem1vi3j5fejo0,1000,2,0.0726033989,0
1537374060,Prod-EcsStagingCluster-EcsCluster-1AAGQRFIOE9AE,Service_beiakklem1vi3j5fejo0,1000,2,0.0562609499,0
1537399500,Prod-EcsStagingCluster-EcsCluster-1AAGQRFIOE9AE,Service_beiakklem1vi3j5fejo0,1000,2,0.0511553236,0
1537348500,Prod-EcsStagingCluster-EcsCluster-1AAGQRFIOE9AE,Service_beiakklem1vi3j5fejo0,1000,2,0.0726693539,0
1537427040,Prod-EcsStagingCluster-EcsCluster-1AAGQRFIOE9AE,Service_beiakklem1vi3j5fejo0,1000,2,0.0486044150,0
1537384560,Prod-EcsStagingCluster-EcsCluster-1AAGQRFIOE9AE,Service_beiakklem1vi3j5fejo0,1000,2,0.0585670217,0
1537410000,Prod-EcsStagingCluster-EcsCluster-1AAGQRFIOE9AE,Service_beiakklem1vi3j5fejo0,1000,2,0.0515294424,0
1537346280,Prod-EcsStagingCluster-EcsCluster-1AAGQRFIOE9AE,Service_beiakklem1vi3j5fejo0,1000,2,0.0804548120,0
1537424820,Prod-EcsStagingCluster-EcsCluster-1AAGQRFIOE9AE,Service_beiakklem1vi3j5fejo0,1000,2,0.0483596731,0
1537348380,Prod-EcsStagingCluster-EcsCluster-1AAGQRFIOE9AE,Service_beiakklem1vi3j5fejo0,1000,2,0.0646359600,0
1537382340,Prod-EcsStagingCluster-EcsCluster-1AAGQRFIOE9AE,Service_beiakklem1vi3j5fejo0,1000,2,0.0738341978,0
1537373820,Prod-EcsStagingCluster-EcsCluster-1AAGQRFIOE9AE,Service_beiakklem1vi3j5fejo0,1000,2,0.0616826918,0
1537407780,Prod-EcsStagingCluster-EcsCluster-1AAGQRFIOE9AE,Service_beiakklem1vi3j5fejo0,1000,2,0.0499212834,0
1537422600,Prod-EcsStagingCluster-EcsCluster-1AAGQRFIOE9AE,Service_beiakklem1vi3j5fejo0,1000,2,0.0601989938,0
1537407660,Prod-EcsStagingCluster-EcsCluster-1AAGQRFIOE9AE,Service_beiakklem1vi3j5fejo0,1000,2,0.0491688130,0
1537420380,Prod-EcsStagingCluster-EcsCluster-1AAGQRFIOE9AE,Service_beiakklem1vi3j5fejo0,1000,2,0.0617283408,0
1537387440,Prod-EcsStagingCluster-EcsCluster-1AAGQRFIOE9AE,Service_beiakklem1vi3j5fejo0,1000,2,0.0550005791,0
1537381080,Prod-EcsStagingCluster-EcsCluster-1AAGQRFIOE9AE,Service_beiakklem1vi3j5fejo0,1000,2,0.0971286743,0
1537384260,Prod-EcsStagingCluster-EcsCluster-1AAGQRFIOE9AE,Service_beiakklem1vi3j5fejo0,1000,2,0.0674086303,0
1537412880,Prod-EcsStagingCluster-EcsCluster-1AAGQRFIOE9AE,Service_beiakklem1vi3j5fejo0,1000,2,0.0657073357,0
1537406520,Prod-EcsStagingCluster-EcsCluster-1AAGQRFIOE9AE,Service_beiakklem1vi3j5fejo0,1000,2,0.0505987253,0
1537409700,Prod-EcsStagingCluster-EcsCluster-1AAGQRFIOE9AE,Service_beiakklem1vi3j5fejo0,1000,2,0.0524131847,0
1537391520,Prod-EcsStagingCluster-EcsCluster-1AAGQRFIOE9AE,Service_beiakklem1vi3j5fejo0,1000,2,0.0574037651,0
1537385160,Prod-EcsStagingCluster-EcsCluster-1AAGQRFIOE9AE,Service_beiakklem1vi3j5fejo0,1000,2,0.0501540893,0
1537388340,Prod-EcsStagingCluster-EcsCluster-1AAGQRFIOE9AE,Service_beiakklem1vi3j5fejo0,1000,2,0.0584890659,0
1537352220,Prod-EcsStagingCluster-EcsCluster-1AAGQRFIOE9AE,Service_beiakklem1vi3j5fejo0,1000,2,0.0707516687,0
1537416960,Prod-EcsStagingCluster-EcsCluster-1AAGQRFIOE9AE,Service_beiakklem1vi3j5fejo0,1000,2,0.0535674059,0
1537410600,Prod-EcsStagingCluster-EcsCluster-1AAGQRFIOE9AE,Service_beiakklem1vi3j5fejo0,1000,2,0.0812890090,0
1537413780,Prod-EcsStagingCluster-EcsCluster-1AAGQRFIOE9AE,Service_beiakklem1vi3j5fejo0,1000,2,0.0609217071,0
1537377660,Prod-EcsStagingCluster-EcsCluster-1AAGQRFIOE9AE,Service_beiakklem1vi3j5fejo0,1000,2,0.0611342623,0
1537364940,Prod-EcsStagingCluster-EcsCluster-1AAGQRFIOE9AE,Service_beiakklem1vi3j5fejo0,1000,2,0.0480591781,0
1537414680,Prod-EcsStagingCluster-EcsCluster-1AAGQRFIOE9AE,Service_beiakklem1vi3j5fejo0,1000,2,0.0376358292,0
1537417860,Prod-EcsStagingCluster-EcsCluster-1AAGQRFIOE9AE,Service_beiakklem1vi3j5fejo0,1000,2,0.0511215702,0
1537421040,Prod-EcsStagingCluster-EcsCluster-1AAGQRFIOE9AE,Service_beiakklem1vi3j5fejo0,1000,2,0.0600837806,0
1537345620,Prod-EcsStagingCluster-EcsCluster-1AAGQRFIOE9AE,Service_beiakklem1vi3j5fejo0,1000,2,0.0760431802,0
1537415640,Prod-EcsStagingCluster-EcsCluster-1AAGQRFIOE9AE,Service_beiakklem1vi3j5fejo0,1000,2,0.0494999914,0
1537422000,Prod-EcsStagingCluster-EcsCluster-1AAGQRFIOE9AE,Service_beiakklem1vi3j5fejo0,1000,2,0.0612043754,0
1537349760,Prod-EcsStagingCluster-EcsCluster-1AAGQRFIOE9AE,Service_beiakklem1vi3j5fejo0,1000,2,0.0715100132,0
1537373100,Prod-EcsStagingCluster-EcsCluster-1AAGQRFIOE9AE,Service_beiakklem1vi3j5fejo0,1000,2,0.0610870186,0
1537421940,Prod-EcsStagingCluster-EcsCluster-1AAGQRFIOE9AE,Service_beiakklem1vi3j5fejo0,1000,2,0.1024864190,0
1537398540,Prod-EcsStagingCluster-EcsCluster-1AAGQRFIOE9AE,Service_beiakklem1vi3j5fejo0,1000,2,0.0552603016,0
1537385820,Prod-EcsStagingCluster-EcsCluster-1AAGQRFIOE9AE,Service_beiakklem1vi3j5fejo0,1000,2,0.0603790651,0
1537349700,Prod-EcsStagingCluster-EcsCluster-1AAGQRFIOE9AE,Service_beiakklem1vi3j5fejo0,1000,2,0.0719450469,0
1537411260,Prod-EcsStagingCluster-EcsCluster-1AAGQRFIOE9AE,Service_beiakklem1vi3j5fejo0,1000,2,0.0614683213,0
1537375140,Prod-EcsStagingCluster-EcsCluster-1AAGQRFIOE9AE,Service_beiakklem1vi3j5fejo0,1000,2,0.0513881749,0
1537419720,Prod-EcsStagingCluster-EcsCluster-1AAGQRFIOE9AE,Service_beiakklem1vi3j5fejo0,1000,2,0.0587731416,0
1537426080,Prod-EcsStagingCluster-EcsCluster-1AAGQRFIOE9AE,Service_beiakklem1vi3j5fejo0,1000,2,0.0511034203,0
1537353840,Prod-EcsStagingCluster-EcsCluster-1AAGQRFIOE9AE,Service_beiakklem1vi3j5fejo0,1000,2,0.0628741126,0
1537347480,Prod-EcsStagingCluster-EcsCluster-1AAGQRFIOE9AE,Service_beiakklem1vi3j5fejo0,1000,2,0.0617639867,0
1537372920,Prod-EcsStagingCluster-EcsCluster-1AAGQRFIOE9AE,Service_beiakklem1vi3j5fejo0,1000,2,0.0597304101,0
1537379280,Prod-EcsStagingCluster-EcsCluster-1AAGQRFIOE9AE,Service_beiakklem1vi3j5fejo0,1000,2,0.0513953430,0
1537353780,Prod-EcsStagingCluster-EcsCluster-1AAGQRFIOE9AE,Service_beiakklem1vi3j5fejo0,1000,2,0.0629665277,0
1537379220,Prod-EcsStagingCluster-EcsCluster-1AAGQRFIOE9AE,Service_beiakklem1vi3j5fejo0,1000,2,0.0592038812,0
1537351560,Prod-EcsStagingCluster-EcsCluster-1AAGQRFIOE9AE,Service_beiakklem1vi3j5fejo0,1000,2,0.0741518513,0
1537357920,Prod-EcsStagingCluster-EcsCluster-1AAGQRFIOE9AE,Service_beiakklem1vi3j5fejo0,1000,2,0.0604668241,0
1537377000,Prod-EcsStagingCluster-EcsCluster-1AAGQRFIOE9AE,Service_beiakklem1vi3j5fejo0,1000,2,0.0594421362,0
1537383360,Prod-EcsStagingCluster-EcsCluster-1AAGQRFIOE9AE,Service_beiakklem1vi3j5fejo0,1000,2,0.0649885385,0
1537406700,Prod-EcsStagingCluster-EcsCluster-1AAGQRFIOE9AE,Service_beiakklem1vi3j5fejo0,1000,2,0.0508443100,0
1537419420,Prod-EcsStagingCluster-EcsCluster-1AAGQRFIOE9AE,Service_beiakklem1vi3j5fejo0,1000,2,0.0501012139,0
1537352520,Prod-EcsStagingCluster-EcsCluster-1AAGQRFIOE9AE,Service_beiakklem1vi3j5fejo0,1000,2,0.0705261083,0
1537355700,Prod-EcsStagingCluster-EcsCluster-1AAGQRFIOE9AE,Service_beiakklem1vi3j5fejo0,1000,2,0.0710752820,0
1537386480,Prod-EcsStagingCluster-EcsCluster-1AAGQRFIOE9AE,Service_beiakklem1vi3j5fejo0,1000,2,0.0578857181,0
1537377960,Prod-EcsStagingCluster-EcsCluster-1AAGQRFIOE9AE,Service_beiakklem1vi3j5fejo0,1000,2,0.0608083741,0
1537381140,Prod-EcsStagingCluster-EcsCluster-1AAGQRFIOE9AE,Service_beiakklem1vi3j5fejo0,1000,2,0.0604234146,0
1537411920,Prod-EcsStagingCluster-EcsCluster-1AAGQRFIOE9AE,Service_beiakklem1vi3j5fejo0,1000,2,0.0686031195,0
1537390560,Prod-EcsStagingCluster-EcsCluster-1AAGQRFIOE9AE,Service_beiakklem1vi3j5fejo0,1000,2,0.0598452547,0
1537351260,Prod-EcsStagingCluster-EcsCluster-1AAGQRFIOE9AE,Service_beiakklem1vi3j5fejo0,1000,2,0.0723991289,0
1537385220,Prod-EcsStagingCluster-EcsCluster-1AAGQRFIOE9AE,Service_beiakklem1vi3j5fejo0,1000,2,0.0499154029,0
1537382040,Prod-EcsStagingCluster-EcsCluster-1AAGQRFIOE9AE,Service_beiakklem1vi3j5fejo0,1000,2,0.0716840487,0
1537416000,Prod-EcsStagingCluster-EcsCluster-1AAGQRFIOE9AE,Service_beiakklem1vi3j5fejo0,1000,2,0.0505541396,0
1537376700,Prod-EcsStagingCluster-EcsCluster-1AAGQRFIOE9AE,Service_beiakklem1vi3j5fejo0,1000,2,0.0600295589,0
1537410660,Prod-EcsStagingCluster-EcsCluster-1AAGQRFIOE9AE,Service_beiakklem1vi3j5fejo0,1000,2,0.0586582939,0
1537363980,Prod-EcsStagingCluster-EcsCluster-1AAGQRFIOE9AE,Service_beiakklem1vi3j5fejo0,1000,2,0.0690354676,0
1537407480,Prod-EcsStagingCluster-EcsCluster-1AAGQRFIOE9AE,Service_beiakklem1vi3j5fejo0,1000,2,0.0505602912,0
1537389300,Prod-EcsStagingCluster-EcsCluster-1AAGQRFIOE9AE,Service_beiakklem1vi3j5fejo0,1000,2,0.0604226973,0
1537386120,Prod-EcsStagingCluster-EcsCluster-1AAGQRFIOE9AE,Service_beiakklem1vi3j5fejo0,1000,2,0.0580643049,0
1537420080,Prod-EcsStagingCluster-EcsCluster-1AAGQRFIOE9AE,Service_beiakklem1vi3j5fejo0,1000,2,0.0605734187,0
1537411560,Prod-EcsStagingCluster-EcsCluster-1AAGQRFIOE9AE,Service_beiakklem1vi3j5fejo0,1000,2,0.0625162642,0
1537414740,Prod-EcsStagingCluster-EcsCluster-1AAGQRFIOE9AE,Service_beiakklem1vi3j5fejo0,1000,2,0.0578821472,0
1537347840,Prod-EcsStagingCluster-EcsCluster-1AAGQRFIOE9AE,Service_beiakklem1vi3j5fejo0,1000,2,0.0625241532,0
1537348800,Prod-EcsStagingCluster-EcsCluster-1AAGQRFIOE9AE,Service_beiakklem1vi3j5fejo0,1000,2,0.0733205787,0
1537372140,Prod-EcsStagingCluster-EcsCluster-1AAGQRFIOE9AE,Service_beiakklem1vi3j5fejo0,1000,2,0.1310015781,0
1537397580,Prod-EcsStagingCluster-EcsCluster-1AAGQRFIOE9AE,Service_beiakklem1vi3j5fejo0,1000,2,0.0571167347,0
1537384860,Prod-EcsStagingCluster-EcsCluster-1AAGQRFIOE9AE,Service_beiakklem1vi3j5fejo0,1000,2,0.0591817520,0
1537418820,Prod-EcsStagingCluster-EcsCluster-1AAGQRFIOE9AE,Service_beiakklem1vi3j5fejo0,1000,2,0.0547794051,0
1537410300,Prod-EcsStagingCluster-EcsCluster-1AAGQRFIOE9AE,Service_beiakklem1vi3j5fejo0,1000,2,0.0526928949,0
1537346580,Prod-EcsStagingCluster-EcsCluster-1AAGQRFIOE9AE,Service_beiakklem1vi3j5fejo0,1000,2,0.0801796646,0
1537425120,Prod-EcsStagingCluster-EcsCluster-1AAGQRFIOE9AE,Service_beiakklem1vi3j5fejo0,1000,2,0.0510150133,0
1537416600,Prod-EcsStagingCluster-EcsCluster-1AAGQRFIOE9AE,Service_beiakklem1vi3j5fejo0,1000,2,0.0513514139,0
1537352880,Prod-EcsStagingCluster-EcsCluster-1AAGQRFIOE9AE,Service_beiakklem1vi3j5fejo0,1000,2,0.0728720343,0
1537378320,Prod-EcsStagingCluster-EcsCluster-1AAGQRFIOE9AE,Service_beiakklem1vi3j5fejo0,1000,2,0.0584390354,0
1537422900,Prod-EcsStagingCluster-EcsCluster-1AAGQRFIOE9AE,Service_beiakklem1vi3j5fejo0,1000,2,0.0596560955,0
1537350660,Prod-EcsStagingCluster-EcsCluster-1AAGQRFIOE9AE,Service_beiakklem1vi3j5fejo0,1000,2,0.0727912306,0
1537376100,Prod-EcsStagingCluster-EcsCluster-1AAGQRFIOE9AE,Service_beiakklem1vi3j5fejo0,1000,2,0.0603496476,0
1537420680,Prod-EcsStagingCluster-EcsCluster-1AAGQRFIOE9AE,Service_beiakklem1vi3j5fejo0,1000,2,0.0608154474,0
1537356960,Prod-EcsStagingCluster-EcsCluster-1AAGQRFIOE9AE,Service_beiakklem1vi3j5fejo0,1000,2,0.0706274171,0
1537348440,Prod-EcsStagingCluster-EcsCluster-1AAGQRFIOE9AE,Service_beiakklem1vi3j5fejo0,1000,2,0.0725272890,0
1537382400,Prod-EcsStagingCluster-EcsCluster-1AAGQRFIOE9AE,Service_beiakklem1vi3j5fejo0,1000,2,0.0714132212,0
1537405740,Prod-EcsStagingCluster-EcsCluster-1AAGQRFIOE9AE,Service_beiakklem1vi3j5fejo0,1000,2,0.0495683271,0
1537373880,Prod-EcsStagingCluster-EcsCluster-1AAGQRFIOE9AE,Service_beiakklem1vi3j5fejo0,1000,2,0.0618674251,0
1537431180,Prod-EcsStagingCluster-EcsCluster-1AAGQRFIOE9AE,Service_beiakklem1vi3j5fejo0,1000,2,0.0589621669,0
1537418460,Prod-EcsStagingCluster-EcsCluster-1AAGQRFIOE9AE,Service_beiakklem1vi3j5fejo0,1000,2,0.0512739099,0
1537354740,Prod-EcsStagingCluster-EcsCluster-1AAGQRFIOE9AE,Service_beiakklem1vi3j5fejo0,1000,2,0.0718772677,0
1537380180,Prod-EcsStagingCluster-EcsCluster-1AAGQRFIOE9AE,Service_beiakklem1vi3j5fejo0,1000,2,0.0701187883,0
1537380060,Prod-EcsStagingCluster-EcsCluster-1AAGQRFIOE9AE,Service_beiakklem1vi3j5fejo0,1000,2,0.0604169284,0
1537383240,Prod-EcsStagingCluster-EcsCluster-1AAGQRFIOE9AE,Service_beiakklem1vi3j5fejo0,1000,2,0.0601164784,0
1537386420,Prod-EcsStagingCluster-EcsCluster-1AAGQRFIOE9AE,Service_beiakklem1vi3j5fejo0,1000,2,0.0600392354,0
1537389600,Prod-EcsStagingCluster-EcsCluster-1AAGQRFIOE9AE,Service_beiakklem1vi3j5fejo0,1000,2,0.0621713509,0
1537366200,Prod-EcsStagingCluster-EcsCluster-1AAGQRFIOE9AE,Service_beiakklem1vi3j5fejo0,1000,2,0.0650881944,0
1537369380,Prod-EcsStagingCluster-EcsCluster-1AAGQRFIOE9AE,Service_beiakklem1vi3j5fejo0,1000,2,0.0662916703,0
1537372560,Prod-EcsStagingCluster-EcsCluster-1AAGQRFIOE9AE,Service_beiakklem1vi3j5fejo0,1000,2,0.0593795685,0
1537345980,Prod-EcsStagingCluster-EcsCluster-1AAGQRFIOE9AE,Service_beiakklem1vi3j5fejo0,1000,2,0.0740946335,0
1537349160,Prod-EcsStagingCluster-EcsCluster-1AAGQRFIOE9AE,Service_beiakklem1vi3j5fejo0,1000,2,0.0717816467,0
1537352340,Prod-EcsStagingCluster-EcsCluster-1AAGQRFIOE9AE,Service_beiakklem1vi3j5fejo0,1000,2,0.0719674255,0
1537355520,Prod-EcsStagingCluster-EcsCluster-1AAGQRFIOE9AE,Service_beiakklem1vi3j5fejo0,1000,2,0.0713826613,0
1537386180,Prod-EcsStagingCluster-EcsCluster-1AAGQRFIOE9AE,Service_beiakklem1vi3j5fejo0,1000,2,0.0585576519,0
1537389360,Prod-EcsStagingCluster-EcsCluster-1AAGQRFIOE9AE,Service_beiakklem1vi3j5fejo0,1000,2,0.0594934287,0
1537383000,Prod-EcsStagingCluster-EcsCluster-1AAGQRFIOE9AE,Service_beiakklem1vi3j5fejo0,1000,2,0.0631234747,0
1537405260,Prod-EcsStagingCluster-EcsCluster-1AAGQRFIOE9AE,Service_beiakklem1vi3j5fejo0,1000,2,0.0581018078,0
1537413660,Prod-EcsStagingCluster-EcsCluster-1AAGQRFIOE9AE,Service_beiakklem1vi3j5fejo0,1000,2,0.0604321220,0
1537371180,Prod-EcsStagingCluster-EcsCluster-1AAGQRFIOE9AE,Service_beiakklem1vi3j5fejo0,1000,2,0.0575546318,0
1537416840,Prod-EcsStagingCluster-EcsCluster-1AAGQRFIOE9AE,Service_beiakklem1vi3j5fejo0,1000,2,0.0516091027,0
1537420020,Prod-EcsStagingCluster-EcsCluster-1AAGQRFIOE9AE,Service_beiakklem1vi3j5fejo0,1000,2,0.0606335408,0
1537423200,Prod-EcsStagingCluster-EcsCluster-1AAGQRFIOE9AE,Service_beiakklem1vi3j5fejo0,1000,2,0.0586301430,0
1537399800,Prod-EcsStagingCluster-EcsCluster-1AAGQRFIOE9AE,Service_beiakklem1vi3j5fejo0,1000,2,0.0518662753,0
1537402980,Prod-EcsStagingCluster-EcsCluster-1AAGQRFIOE9AE,Service_beiakklem1vi3j5fejo0,1000,2,0.0747187339,0
1537406160,Prod-EcsStagingCluster-EcsCluster-1AAGQRFIOE9AE,Service_beiakklem1vi3j5fejo0,1000,2,0.0500644490,0
1537379580,Prod-EcsStagingCluster-EcsCluster-1AAGQRFIOE9AE,Service_beiakklem1vi3j5fejo0,1000,2,0.0605900479,0
1537385940,Prod-EcsStagingCluster-EcsCluster-1AAGQRFIOE9AE,Service_beiakklem1vi3j5fejo0,1000,2,0.0601382539,0
1537417800,Prod-EcsStagingCluster-EcsCluster-1AAGQRFIOE9AE,Service_beiakklem1vi3j5fejo0,1000,2,0.0514561183,0
1537424160,Prod-EcsStagingCluster-EcsCluster-1AAGQRFIOE9AE,Service_beiakklem1vi3j5fejo0,1000,2,0.0587165445,0
1537400760,Prod-EcsStagingCluster-EcsCluster-1AAGQRFIOE9AE,Service_beiakklem1vi3j5fejo0,1000,2,0.0525383333,0
1537407120,Prod-EcsStagingCluster-EcsCluster-1AAGQRFIOE9AE,Service_beiakklem1vi3j5fejo0,1000,2,0.0502906317,0
1537383720,Prod-EcsStagingCluster-EcsCluster-1AAGQRFIOE9AE,Service_beiakklem1vi3j5fejo0,1000,2,0.0576511151,0
1537351860,Prod-EcsStagingCluster-EcsCluster-1AAGQRFIOE9AE,Service_beiakklem1vi3j5fejo0,1000,2,0.0766083197,0
1537345500,Prod-EcsStagingCluster-EcsCluster-1AAGQRFIOE9AE,Service_beiakklem1vi3j5fejo0,1000,2,0.0757740371,0
1537390080,Prod-EcsStagingCluster-EcsCluster-1AAGQRFIOE9AE,Service_beiakklem1vi3j5fejo0,1000,2,0.0604768140,0
1537419780,Prod-EcsStagingCluster-EcsCluster-1AAGQRFIOE9AE,Service_beiakklem1vi3j5fejo0,1000,2,0.0613820358,0
1537356000,Prod-EcsStagingCluster-EcsCluster-1AAGQRFIOE9AE,Service_beiakklem1vi3j5fejo0,1000,2,0.0708504176,0
1537423920,Prod-EcsStagingCluster-EcsCluster-1AAGQRFIOE9AE,Service_beiakklem1vi3j5fejo0,1000,2,0.0607708984,0
1537349640,Prod-EcsStagingCluster-EcsCluster-1AAGQRFIOE9AE,Service_beiakklem1vi3j5fejo0,1000,2,0.0763492179,0
1537417560,Prod-EcsStagingCluster-EcsCluster-1AAGQRFIOE9AE,Service_beiakklem1vi3j5fejo0,1000,2,0.1761145925,0
1537404780,Prod-EcsStagingCluster-EcsCluster-1AAGQRFIOE9AE,Service_beiakklem1vi3j5fejo0,1000,2,0.0586885489,0
1537351620,Prod-EcsStagingCluster-EcsCluster-1AAGQRFIOE9AE,Service_beiakklem1vi3j5fejo0,1000,2,0.0728518039,0
1537419540,Prod-EcsStagingCluster-EcsCluster-1AAGQRFIOE9AE,Service_beiakklem1vi3j5fejo0,1000,2,0.0572746113,0
1537413180,Prod-EcsStagingCluster-EcsCluster-1AAGQRFIOE9AE,Service_beiakklem1vi3j5fejo0,1000,2,0.0378065427,0
1537370700,Prod-EcsStagingCluster-EcsCluster-1AAGQRFIOE9AE,Service_beiakklem1vi3j5fejo0,1000,2,0.0660120324,0
1537355760,Prod-EcsStagingCluster-EcsCluster-1AAGQRFIOE9AE,Service_beiakklem1vi3j5fejo0,1000,2,0.0704538632,0
1537349400,Prod-EcsStagingCluster-EcsCluster-1AAGQRFIOE9AE,Service_beiakklem1vi3j5fejo0,1000,2,0.0720891942,0
1537417320,Prod-EcsStagingCluster-EcsCluster-1AAGQRFIOE9AE,Service_beiakklem1vi3j5fejo0,1000,2,0.0527582634,0
1537423680,Prod-EcsStagingCluster-EcsCluster-1AAGQRFIOE9AE,Service_beiakklem1vi3j5fejo0,1000,2,0.0597863150,0
1537379100,Prod-EcsStagingCluster-EcsCluster-1AAGQRFIOE9AE,Service_beiakklem1vi3j5fejo0,1000,2,0.0616015444,0
1537385460,Prod-EcsStagingCluster-EcsCluster-1AAGQRFIOE9AE,Service_beiakklem1vi3j5fejo0,1000,2,0.0504141598,0
1537353540,Prod-EcsStagingCluster-EcsCluster-1AAGQRFIOE9AE,Service_beiakklem1vi3j5fejo0,1000,2,0.0626516351,0
1537350360,Prod-EcsStagingCluster-EcsCluster-1AAGQRFIOE9AE,Service_beiakklem1vi3j5fejo0,1000,2,0.0726449531,0
1537418280,Prod-EcsStagingCluster-EcsCluster-1AAGQRFIOE9AE,Service_beiakklem1vi3j5fejo0,1000,2,0.0526292969,0
1537421460,Prod-EcsStagingCluster-EcsCluster-1AAGQRFIOE9AE,Service_beiakklem1vi3j5fejo0,1000,2,0.0606046206,0
1537371600,Prod-EcsStagingCluster-EcsCluster-1AAGQRFIOE9AE,Service_beiakklem1vi3j5fejo0,1000,2,0.0676375177,0
1537354560,Prod-EcsStagingCluster-EcsCluster-1AAGQRFIOE9AE,Service_beiakklem1vi3j5fejo0,1000,2,0.0712922905,0
1537384200,Prod-EcsStagingCluster-EcsCluster-1AAGQRFIOE9AE,Service_beiakklem1vi3j5fejo0,1000,2,0.0565820979,0
1537387380,Prod-EcsStagingCluster-EcsCluster-1AAGQRFIOE9AE,Service_beiakklem1vi3j5fejo0,1000,2,0.0468980839,0
1537388400,Prod-EcsStagingCluster-EcsCluster-1AAGQRFIOE9AE,Service_beiakklem1vi3j5fejo0,1000,2,0.0566241377,0
1537367160,Prod-EcsStagingCluster-EcsCluster-1AAGQRFIOE9AE,Service_beiakklem1vi3j5fejo0,1000,2,0.0684117588,0
1537370340,Prod-EcsStagingCluster-EcsCluster-1AAGQRFIOE9AE,Service_beiakklem1vi3j5fejo0,1000,2,0.0661744410,0
1537404300,Prod-EcsStagingCluster-EcsCluster-1AAGQRFIOE9AE,Service_beiakklem1vi3j5fejo0,1000,2,0.0601208935,0
1537412700,Prod-EcsStagingCluster-EcsCluster-1AAGQRFIOE9AE,Service_beiakklem1vi3j5fejo0,1000,2,0.0665717769,0
1537350120,Prod-EcsStagingCluster-EcsCluster-1AAGQRFIOE9AE,Service_beiakklem1vi3j5fejo0,1000,2,0.0762566074,0
1537353300,Prod-EcsStagingCluster-EcsCluster-1AAGQRFIOE9AE,Service_beiakklem1vi3j5fejo0,1000,2,0.0722926901,0
1537370220,Prod-EcsStagingCluster-EcsCluster-1AAGQRFIOE9AE,Service_beiakklem1vi3j5fejo0,1000,2,0.0654216061,0
1537422240,Prod-EcsStagingCluster-EcsCluster-1AAGQRFIOE9AE,Service_beiakklem1vi3j5fejo0,1000,2,0.0583973265,0
1537383960,Prod-EcsStagingCluster-EcsCluster-1AAGQRFIOE9AE,Service_beiakklem1vi3j5fejo0,1000,2,0.0573980577,0
1537387140,Prod-EcsStagingCluster-EcsCluster-1AAGQRFIOE9AE,Service_beiakklem1vi3j5fejo0,1000,2,0.0487170612,0
1537405200,Prod-EcsStagingCluster-EcsCluster-1AAGQRFIOE9AE,Service_beiakklem1vi3j5fejo0,1000,2,0.0581688519,0
1537378620,Prod-EcsStagingCluster-EcsCluster-1AAGQRFIOE9AE,Service_beiakklem1vi3j5fejo0,1000,2,0.0604864066,0
1537388160,Prod-EcsStagingCluster-EcsCluster-1AAGQRFIOE9AE,Service_beiakklem1vi3j5fejo0,1000,2,0.0585322889,0
1537420980,Prod-EcsStagingCluster-EcsCluster-1AAGQRFIOE9AE,Service_beiakklem1vi3j5fejo0,1000,2,0.0590381104,0
1537389120,Prod-EcsStagingCluster-EcsCluster-1AAGQRFIOE9AE,Service_beiakklem1vi3j5fejo0,1000,2,0.0614983748,0
1537403940,Prod-EcsStagingCluster-EcsCluster-1AAGQRFIOE9AE,Service_beiakklem1vi3j5fejo0,1000,2,0.0612354425,0
1537386900,Prod-EcsStagingCluster-EcsCluster-1AAGQRFIOE9AE,Service_beiakklem1vi3j5fejo0,1000,2,0.0520021854,0
1537418760,Prod-EcsStagingCluster-EcsCluster-1AAGQRFIOE9AE,Service_beiakklem1vi3j5fejo0,1000,2,0.0509772390,0
1537355040,Prod-EcsStagingCluster-EcsCluster-1AAGQRFIOE9AE,Service_beiakklem1vi3j5fejo0,1000,2,0.0734246035,0
1537422960,Prod-EcsStagingCluster-EcsCluster-1AAGQRFIOE9AE,Service_beiakklem1vi3j5fejo0,1000,2,0.0586492827,0
1537403820,Prod-EcsStagingCluster-EcsCluster-1AAGQRFIOE9AE,Service_beiakklem1vi3j5fejo0,1000,2,0.0614848640,0
1537401720,Prod-EcsStagingCluster-EcsCluster-1AAGQRFIOE9AE,Service_beiakklem1vi3j5fejo0,1000,2,0.0865930966,0
1537384680,Prod-EcsStagingCluster-EcsCluster-1AAGQRFIOE9AE,Service_beiakklem1vi3j5fejo0,1000,2,0.0577286092,0
1537352820,Prod-EcsStagingCluster-EcsCluster-1AAGQRFIOE9AE,Service_beiakklem1vi3j5fejo0,1000,2,0.0721726873,0
1537420740,Prod-EcsStagingCluster-EcsCluster-1AAGQRFIOE9AE,Service_beiakklem1vi3j5fejo0,1000,2,0.0685258913,0
1537412220,Prod-EcsStagingCluster-EcsCluster-1AAGQRFIOE9AE,Service_beiakklem1vi3j5fejo0,1000,2,0.0716903799,0
1537369740,Prod-EcsStagingCluster-EcsCluster-1AAGQRFIOE9AE,Service_beiakklem1vi3j5fejo0,1000,2,0.1002262809,0
1537350600,Prod-EcsStagingCluster-EcsCluster-1AAGQRFIOE9AE,Service_beiakklem1vi3j5fejo0,1000,2,0.0727398810,0
1537418520,Prod-EcsStagingCluster-EcsCluster-1AAGQRFIOE9AE,Service_beiakklem1vi3j5fejo0,1000,2,0.0526428725,0
1537354800,Prod-EcsStagingCluster-EcsCluster-1AAGQRFIOE9AE,Service_beiakklem1vi3j5fejo0,1000,2,0.0715288757,0
1537422720,Prod-EcsStagingCluster-EcsCluster-1AAGQRFIOE9AE,Service_beiakklem1vi3j5fejo0,1000,2,0.0605825689,0
1537378140,Prod-EcsStagingCluster-EcsCluster-1AAGQRFIOE9AE,Service_beiakklem1vi3j5fejo0,1000,2,0.0592652044,0
1537352580,Prod-EcsStagingCluster-EcsCluster-1AAGQRFIOE9AE,Service_beiakklem1vi3j5fejo0,1000,2,0.0716286732,0
1537420500,Prod-EcsStagingCluster-EcsCluster-1AAGQRFIOE9AE,Service_beiakklem1vi3j5fejo0,1000,2,0.0626631917,0
1537388640,Prod-EcsStagingCluster-EcsCluster-1AAGQRFIOE9AE,Service_beiakklem1vi3j5fejo0,1000,2,0.0587721600,0
1537350420,Prod-EcsStagingCluster-EcsCluster-1AAGQRFIOE9AE,Service_beiakklem1vi3j5fejo0,1000,2,0.0718218587,0
1537353600,Prod-EcsStagingCluster-EcsCluster-1AAGQRFIOE9AE,Service_beiakklem1vi3j5fejo0,1000,2,0.0632096852,0
1537351320,Prod-EcsStagingCluster-EcsCluster-1AAGQRFIOE9AE,Service_beiakklem1vi3j5fejo0,1000,2,0.0717800711,0
1537354500,Prod-EcsStagingCluster-EcsCluster-1AAGQRFIOE9AE,Service_beiakklem1vi3j5fejo0,1000,2,0.0730980748,0
1537416060,Prod-EcsStagingCluster-EcsCluster-1AAGQRFIOE9AE,Service_beiakklem1vi3j5fejo0,1000,2,0.0496904518,0
1537403340,Prod-EcsStagingCluster-EcsCluster-1AAGQRFIOE9AE,Service_beiakklem1vi3j5fejo0,1000,2,0.0751780280,0
1537357680,Prod-EcsStagingCluster-EcsCluster-1AAGQRFIOE9AE,Service_beiakklem1vi3j5fejo0,1000,2,0.0511692130,0
1537414920,Prod-EcsStagingCluster-EcsCluster-1AAGQRFIOE9AE,Service_beiakklem1vi3j5fejo0,1000,2,0.0574218407,0
1537369260,Prod-EcsStagingCluster-EcsCluster-1AAGQRFIOE9AE,Service_beiakklem1vi3j5fejo0,1000,2,0.0668332259,0
1537418100,Prod-EcsStagingCluster-EcsCluster-1AAGQRFIOE9AE,Service_beiakklem1vi3j5fejo0,1000,2,0.0527988206,0
1537421280,Prod-EcsStagingCluster-EcsCluster-1AAGQRFIOE9AE,Service_beiakklem1vi3j5fejo0,1000,2,0.0598607031,0
1537381980,Prod-EcsStagingCluster-EcsCluster-1AAGQRFIOE9AE,Service_beiakklem1vi3j5fejo0,1000,2,0.0757261628,0
1537374480,Prod-EcsStagingCluster-EcsCluster-1AAGQRFIOE9AE,Service_beiakklem1vi3j5fejo0,1000,2,0.0605679783,0
1537380840,Prod-EcsStagingCluster-EcsCluster-1AAGQRFIOE9AE,Service_beiakklem1vi3j5fejo0,1000,2,0.0631518448,0
1537384020,Prod-EcsStagingCluster-EcsCluster-1AAGQRFIOE9AE,Service_beiakklem1vi3j5fejo0,1000,2,0.0571470597,0
1537387200,Prod-EcsStagingCluster-EcsCluster-1AAGQRFIOE9AE,Service_beiakklem1vi3j5fejo0,1000,2,0.0481549709,0
1537368120,Prod-EcsStagingCluster-EcsCluster-1AAGQRFIOE9AE,Service_beiakklem1vi3j5fejo0,1000,2,0.0647707622,0
1537371300,Prod-EcsStagingCluster-EcsCluster-1AAGQRFIOE9AE,Service_beiakklem1vi3j5fejo0,1000,2,0.0572477770,0
1537347900,Prod-EcsStagingCluster-EcsCluster-1AAGQRFIOE9AE,Service_beiakklem1vi3j5fejo0,1000,2,0.0628228494,0
1537353120,Prod-EcsStagingCluster-EcsCluster-1AAGQRFIOE9AE,Service_beiakklem1vi3j5fejo0,1000,2,0.0723089678,0
1537346760,Prod-EcsStagingCluster-EcsCluster-1AAGQRFIOE9AE,Service_beiakklem1vi3j5fejo0,1000,2,0.0701710611,0
1537349940,Prod-EcsStagingCluster-EcsCluster-1AAGQRFIOE9AE,Service_beiakklem1vi3j5fejo0,1000,2,0.0718134294,0
1537384920,Prod-EcsStagingCluster-EcsCluster-1AAGQRFIOE9AE,Service_beiakklem1vi3j5fejo0,1000,2,0.0498212717,0
1537388100,Prod-EcsStagingCluster-EcsCluster-1AAGQRFIOE9AE,Service_beiakklem1vi3j5fejo0,1000,2,0.0581994927,0
1537391280,Prod-EcsStagingCluster-EcsCluster-1AAGQRFIOE9AE,Service_beiakklem1vi3j5fejo0,1000,2,0.0574871236,0
1537354080,Prod-EcsStagingCluster-EcsCluster-1AAGQRFIOE9AE,Service_beiakklem1vi3j5fejo0,1000,2,0.0715326092,0
1537347720,Prod-EcsStagingCluster-EcsCluster-1AAGQRFIOE9AE,Service_beiakklem1vi3j5fejo0,1000,2,0.0724996963,0
1537385880,Prod-EcsStagingCluster-EcsCluster-1AAGQRFIOE9AE,Service_beiakklem1vi3j5fejo0,1000,2,0.0592199444,0
1537392240,Prod-EcsStagingCluster-EcsCluster-1AAGQRFIOE9AE,Service_beiakklem1vi3j5fejo0,1000,2,0.0580484793,0
1537402860,Prod-EcsStagingCluster-EcsCluster-1AAGQRFIOE9AE,Service_beiakklem1vi3j5fejo0,1000,2,0.0730939022,0
1537415580,Prod-EcsStagingCluster-EcsCluster-1AAGQRFIOE9AE,Service_beiakklem1vi3j5fejo0,1000,2,0.0496696466,0
1537417620,Prod-EcsStagingCluster-EcsCluster-1AAGQRFIOE9AE,Service_beiakklem1vi3j5fejo0,1000,2,0.0510192142,0
1537404900,Prod-EcsStagingCluster-EcsCluster-1AAGQRFIOE9AE,Service_beiakklem1vi3j5fejo0,1000,2,0.0578254211,0
1537381500,Prod-EcsStagingCluster-EcsCluster-1AAGQRFIOE9AE,Service_beiakklem1vi3j5fejo0,1000,2,0.0773811303,0
1537368780,Prod-EcsStagingCluster-EcsCluster-1AAGQRFIOE9AE,Service_beiakklem1vi3j5fejo0,1000,2,0.0669557282,0
1537415400,Prod-EcsStagingCluster-EcsCluster-1AAGQRFIOE9AE,Service_beiakklem1vi3j5fejo0,1000,2,0.0495550462,0
1537421760,Prod-EcsStagingCluster-EcsCluster-1AAGQRFIOE9AE,Service_beiakklem1vi3j5fejo0,1000,2,0.0626087944,0
1537402680,Prod-EcsStagingCluster-EcsCluster-1AAGQRFIOE9AE,Service_beiakklem1vi3j5fejo0,1000,2,0.0511459819,0
1537409040,Prod-EcsStagingCluster-EcsCluster-1AAGQRFIOE9AE,Service_beiakklem1vi3j5fejo0,1000,2,0.0520465856,0
1537383540,Prod-EcsStagingCluster-EcsCluster-1AAGQRFIOE9AE,Service_beiakklem1vi3j5fejo0,1000,2,0.0567882686,0
1537347420,Prod-EcsStagingCluster-EcsCluster-1AAGQRFIOE9AE,Service_beiakklem1vi3j5fejo0,1000,2,0.0623371549,0
1537421700,Prod-EcsStagingCluster-EcsCluster-1AAGQRFIOE9AE,Service_beiakklem1vi3j5fejo0,1000,2,0.0632136696,0
1537381320,Prod-EcsStagingCluster-EcsCluster-1AAGQRFIOE9AE,Service_beiakklem1vi3j5fejo0,1000,2,0.0606520036,0
1537387680,Prod-EcsStagingCluster-EcsCluster-1AAGQRFIOE9AE,Service_beiakklem1vi3j5fejo0,1000,2,0.0543380924,0
1537425840,Prod-EcsStagingCluster-EcsCluster-1AAGQRFIOE9AE,Service_beiakklem1vi3j5fejo0,1000,2,0.0493530351,0
1537349460,Prod-EcsStagingCluster-EcsCluster-1AAGQRFIOE9AE,Service_beiakklem1vi3j5fejo0,1000,2,0.0725725406,0
1537419480,Prod-EcsStagingCluster-EcsCluster-1AAGQRFIOE9AE,Service_beiakklem1vi3j5fejo0,1000,2,0.0491103459,0
1537347240,Prod-EcsStagingCluster-EcsCluster-1AAGQRFIOE9AE,Service_beiakklem1vi3j5fejo0,1000,2,0.0613932164,0
1537423620,Prod-EcsStagingCluster-EcsCluster-1AAGQRFIOE9AE,Service_beiakklem1vi3j5fejo0,1000,2,0.0593439703,0
1537420440,Prod-EcsStagingCluster-EcsCluster-1AAGQRFIOE9AE,Service_beiakklem1vi3j5fejo0,1000,2,0.0614101687,0
1537356720,Prod-EcsStagingCluster-EcsCluster-1AAGQRFIOE9AE,Service_beiakklem1vi3j5fejo0,1000,2,0.0701773184,0
1537415100,Prod-EcsStagingCluster-EcsCluster-1AAGQRFIOE9AE,Service_beiakklem1vi3j5fejo0,1000,2,0.0496222501,0
1537402380,Prod-EcsStagingCluster-EcsCluster-1AAGQRFIOE9AE,Service_beiakklem1vi3j5fejo0,1000,2,0.0681980479,0
1537348200,Prod-EcsStagingCluster-EcsCluster-1AAGQRFIOE9AE,Service_beiakklem1vi3j5fejo0,1000,2,0.0621234050,0
1537351380,Prod-EcsStagingCluster-EcsCluster-1AAGQRFIOE9AE,Service_beiakklem1vi3j5fejo0,1000,2,0.0735852024,0
1537368300,Prod-EcsStagingCluster-EcsCluster-1AAGQRFIOE9AE,Service_beiakklem1vi3j5fejo0,1000,2,0.0661574922,0
1537420320,Prod-EcsStagingCluster-EcsCluster-1AAGQRFIOE9AE,Service_beiakklem1vi3j5fejo0,1000,2,0.0616098855,0
1537381020,Prod-EcsStagingCluster-EcsCluster-1AAGQRFIOE9AE,Service_beiakklem1vi3j5fejo0,1000,2,0.0608826194,0
1537352280,Prod-EcsStagingCluster-EcsCluster-1AAGQRFIOE9AE,Service_beiakklem1vi3j5fejo0,1000,2,0.0691048248,0
1537355460,Prod-EcsStagingCluster-EcsCluster-1AAGQRFIOE9AE,Service_beiakklem1vi3j5fejo0,1000,2,0.0712894233,0
1537386240,Prod-EcsStagingCluster-EcsCluster-1AAGQRFIOE9AE,Service_beiakklem1vi3j5fejo0,1000,2,0.0596651407,0
1537373520,Prod-EcsStagingCluster-EcsCluster-1AAGQRFIOE9AE,Service_beiakklem1vi3j5fejo0,1000,2,0.0612374767,0
1537346940,Prod-EcsStagingCluster-EcsCluster-1AAGQRFIOE9AE,Service_beiakklem1vi3j5fejo0,1000,2,0.0714855956,0
1537415880,Prod-EcsStagingCluster-EcsCluster-1AAGQRFIOE9AE,Service_beiakklem1vi3j5fejo0,1000,2,0.0517408361,0
1537419060,Prod-EcsStagingCluster-EcsCluster-1AAGQRFIOE9AE,Service_beiakklem1vi3j5fejo0,1000,2,0.0522409578,0
1537352160,Prod-EcsStagingCluster-EcsCluster-1AAGQRFIOE9AE,Service_beiakklem1vi3j5fejo0,1000,2,0.0630879143,0
1537390320,Prod-EcsStagingCluster-EcsCluster-1AAGQRFIOE9AE,Service_beiakklem1vi3j5fejo0,1000,2,0.0621947252,0
1537381800,Prod-EcsStagingCluster-EcsCluster-1AAGQRFIOE9AE,Service_beiakklem1vi3j5fejo0,1000,2,0.0527193247,0
1537384980,Prod-EcsStagingCluster-EcsCluster-1AAGQRFIOE9AE,Service_beiakklem1vi3j5fejo0,1000,2,0.0492063814,0
1537369080,Prod-EcsStagingCluster-EcsCluster-1AAGQRFIOE9AE,Service_beiakklem1vi3j5fejo0,1000,2,0.0658315050,0
1537372260,Prod-EcsStagingCluster-EcsCluster-1AAGQRFIOE9AE,Service_beiakklem1vi3j5fejo0,1000,2,0.0584580061,0
1537401900,Prod-EcsStagingCluster-EcsCluster-1AAGQRFIOE9AE,Service_beiakklem1vi3j5fejo0,1000,2,0.0496755481,0
1537414620,Prod-EcsStagingCluster-EcsCluster-1AAGQRFIOE9AE,Service_beiakklem1vi3j5fejo0,1000,2,0.0597365441,0
1537382760,Prod-EcsStagingCluster-EcsCluster-1AAGQRFIOE9AE,Service_beiakklem1vi3j5fejo0,1000,2,0.0694582958,0
1537370040,Prod-EcsStagingCluster-EcsCluster-1AAGQRFIOE9AE,Service_beiakklem1vi3j5fejo0,1000,2,0.0622670261,0
1537350900,Prod-EcsStagingCluster-EcsCluster-1AAGQRFIOE9AE,Service_beiakklem1vi3j5fejo0,1000,2,0.0725401158,0
1537389060,Prod-EcsStagingCluster-EcsCluster-1AAGQRFIOE9AE,Service_beiakklem1vi3j5fejo0,1000,2,0.0577160826,0
1537380540,Prod-EcsStagingCluster-EcsCluster-1AAGQRFIOE9AE,Service_beiakklem1vi3j5fejo0,1000,2,0.0609690027,0
1537367820,Prod-EcsStagingCluster-EcsCluster-1AAGQRFIOE9AE,Service_beiakklem1vi3j5fejo0,1000,2,0.0664477682,0
1537348680,Prod-EcsStagingCluster-EcsCluster-1AAGQRFIOE9AE,Service_beiakklem1vi3j5fejo0,1000,2,0.0774999439,0
1537386840,Prod-EcsStagingCluster-EcsCluster-1AAGQRFIOE9AE,Service_beiakklem1vi3j5fejo0,1000,2,0.0509631857,0
1537420800,Prod-EcsStagingCluster-EcsCluster-1AAGQRFIOE9AE,Service_beiakklem1vi3j5fejo0,1000,2,0.0605060699,0
1537408080,Prod-EcsStagingCluster-EcsCluster-1AAGQRFIOE9AE,Service_beiakklem1vi3j5fejo0,1000,2,0.0511370110,0
1537346460,Prod-EcsStagingCluster-EcsCluster-1AAGQRFIOE9AE,Service_beiakklem1vi3j5fejo0,1000,2,0.0714113228,0
1537418580,Prod-EcsStagingCluster-EcsCluster-1AAGQRFIOE9AE,Service_beiakklem1vi3j5fejo0,1000,2,0.0508418357,0
1537405860,Prod-EcsStagingCluster-EcsCluster-1AAGQRFIOE9AE,Service_beiakklem1vi3j5fejo0,1000,2,0.0515927041,0
1537386720,Prod-EcsStagingCluster-EcsCluster-1AAGQRFIOE9AE,Service_beiakklem1vi3j5fejo0,1000,2,0.0586660789,0
1537424880,Prod-EcsStagingCluster-EcsCluster-1AAGQRFIOE9AE,Service_beiakklem1vi3j5fejo0,1000,2,0.0472023608,0
1537416360,Prod-EcsStagingCluster-EcsCluster-1AAGQRFIOE9AE,Service_beiakklem1vi3j5fejo0,1000,2,0.0514606745,0
1537403640,Prod-EcsStagingCluster-EcsCluster-1AAGQRFIOE9AE,Service_beiakklem1vi3j5fejo0,1000,2,0.0599210852,0
1537384500,Prod-EcsStagingCluster-EcsCluster-1AAGQRFIOE9AE,Service_beiakklem1vi3j5fejo0,1000,2,0.0590693886,0
1537422660,Prod-EcsStagingCluster-EcsCluster-1AAGQRFIOE9AE,Service_beiakklem1vi3j5fejo0,1000,2,0.0613075576,0
1537352640,Prod-EcsStagingCluster-EcsCluster-1AAGQRFIOE9AE,Service_beiakklem1vi3j5fejo0,1000,2,0.0722959592,0
1537414140,Prod-EcsStagingCluster-EcsCluster-1AAGQRFIOE9AE,Service_beiakklem1vi3j5fejo0,1000,2,0.0604102390,0
1537401420,Prod-EcsStagingCluster-EcsCluster-1AAGQRFIOE9AE,Service_beiakklem1vi3j5fejo0,1000,2,0.0505961978,0
1537382280,Prod-EcsStagingCluster-EcsCluster-1AAGQRFIOE9AE,Service_beiakklem1vi3j5fejo0,1000,2,0.0750953115,0
1537409820,Prod-EcsStagingCluster-EcsCluster-1AAGQRFIOE9AE,Service_beiakklem1vi3j5fejo0,1000,2,0.0528637118,0
1537416180,Prod-EcsStagingCluster-EcsCluster-1AAGQRFIOE9AE,Service_beiakklem1vi3j5fejo0,1000,2,0.0504998625,0
1537387560,Prod-EcsStagingCluster-EcsCluster-1AAGQRFIOE9AE,Service_beiakklem1vi3j5fejo0,1000,2,0.0567501018,0
1537393920,Prod-EcsStagingCluster-EcsCluster-1AAGQRFIOE9AE,Service_beiakklem1vi3j5fejo0,1000,2,0.0564747848,0
1537373700,Prod-EcsStagingCluster-EcsCluster-1AAGQRFIOE9AE,Service_beiakklem1vi3j5fejo0,1000,2,0.0606458943,0
1537348260,Prod-EcsStagingCluster-EcsCluster-1AAGQRFIOE9AE,Service_beiakklem1vi3j5fejo0,1000,2,0.0630224857,0
1537392780,Prod-EcsStagingCluster-EcsCluster-1AAGQRFIOE9AE,Service_beiakklem1vi3j5fejo0,1000,2,0.0593888170,0
1537399140,Prod-EcsStagingCluster-EcsCluster-1AAGQRFIOE9AE,Service_beiakklem1vi3j5fejo0,1000,2,0.0539692363,0
1537424580,Prod-EcsStagingCluster-EcsCluster-1AAGQRFIOE9AE,Service_beiakklem1vi3j5fejo0,1000,2,0.0485062547,0
1537351200,Prod-EcsStagingCluster-EcsCluster-1AAGQRFIOE9AE,Service_beiakklem1vi3j5fejo0,1000,2,0.0715497436,0
1537395720,Prod-EcsStagingCluster-EcsCluster-1AAGQRFIOE9AE,Service_beiakklem1vi3j5fejo0,1000,2,0.0568311441,0
1537373460,Prod-EcsStagingCluster-EcsCluster-1AAGQRFIOE9AE,Service_beiakklem1vi3j5fejo0,1000,2,0.0602154841,0
1537367100,Prod-EcsStagingCluster-EcsCluster-1AAGQRFIOE9AE,Service_beiakklem1vi3j5fejo0,1000,2,0.0667438076,0
1537350060,Prod-EcsStagingCluster-EcsCluster-1AAGQRFIOE9AE,Service_beiakklem1vi3j5fejo0,1000,2,0.0737390322,0
1537353240,Prod-EcsStagingCluster-EcsCluster-1AAGQRFIOE9AE,Service_beiakklem1vi3j5fejo0,1000,2,0.0709045632,0
1537417980,Prod-EcsStagingCluster-EcsCluster-1AAGQRFIOE9AE,Service_beiakklem1vi3j5fejo0,1000,2,0.0523375836,0
1537424340,Prod-EcsStagingCluster-EcsCluster-1AAGQRFIOE9AE,Service_beiakklem1vi3j5fejo0,1000,2,0.0576633959,0
1537402080,Prod-EcsStagingCluster-EcsCluster-1AAGQRFIOE9AE,Service_beiakklem1vi3j5fejo0,1000,2,0.0691303260,0
1537378680,Prod-EcsStagingCluster-EcsCluster-1AAGQRFIOE9AE,Service_beiakklem1vi3j5fejo0,1000,2,0.0592612013,0
1537359600,Prod-EcsStagingCluster-EcsCluster-1AAGQRFIOE9AE,Service_beiakklem1vi3j5fejo0,1000,2,0.0708494636,0
1537404120,Prod-EcsStagingCluster-EcsCluster-1AAGQRFIOE9AE,Service_beiakklem1vi3j5fejo0,1000,2,0.0383666476,0
1537410480,Prod-EcsStagingCluster-EcsCluster-1AAGQRFIOE9AE,Service_beiakklem1vi3j5fejo0,1000,2,0.0518583655,0
1537385040,Prod-EcsStagingCluster-EcsCluster-1AAGQRFIOE9AE,Service_beiakklem1vi3j5fejo0,1000,2,0.0496603364,0
1537400940,Prod-EcsStagingCluster-EcsCluster-1AAGQRFIOE9AE,Service_beiakklem1vi3j5fejo0,1000,2,0.0556340372,0
1537429560,Prod-EcsStagingCluster-EcsCluster-1AAGQRFIOE9AE,Service_beiakklem1vi3j5fejo0,1000,2,0.0567858478,0
1537375260,Prod-EcsStagingCluster-EcsCluster-1AAGQRFIOE9AE,Service_beiakklem1vi3j5fejo0,1000,2,0.0506505484,0
1537381620,Prod-EcsStagingCluster-EcsCluster-1AAGQRFIOE9AE,Service_beiakklem1vi3j5fejo0,1000,2,0.0752497891,0
1537358220,Prod-EcsStagingCluster-EcsCluster-1AAGQRFIOE9AE,Service_beiakklem1vi3j5fejo0,1000,2,0.0695641589,0
1537426140,Prod-EcsStagingCluster-EcsCluster-1AAGQRFIOE9AE,Service_beiakklem1vi3j5fejo0,1000,2,0.0349726169,0
1537390020,Prod-EcsStagingCluster-EcsCluster-1AAGQRFIOE9AE,Service_beiakklem1vi3j5fejo0,1000,2,0.0615471834,0
1537364580,Prod-EcsStagingCluster-EcsCluster-1AAGQRFIOE9AE,Service_beiakklem1vi3j5fejo0,1000,2,0.0706203735,0
1537409100,Prod-EcsStagingCluster-EcsCluster-1AAGQRFIOE9AE,Service_beiakklem1vi3j5fejo0,1000,2,0.0508065408,0
1537415460,Prod-EcsStagingCluster-EcsCluster-1AAGQRFIOE9AE,Service_beiakklem1vi3j5fejo0,1000,2,0.0497164561,0
1537379400,Prod-EcsStagingCluster-EcsCluster-1AAGQRFIOE9AE,Service_beiakklem1vi3j5fejo0,1000,2,0.0594818412,0
1537385760,Prod-EcsStagingCluster-EcsCluster-1AAGQRFIOE9AE,Service_beiakklem1vi3j5fejo0,1000,2,0.0572616740,0
1537362360,Prod-EcsStagingCluster-EcsCluster-1AAGQRFIOE9AE,Service_beiakklem1vi3j5fejo0,1000,2,0.0857445354,0
1537430280,Prod-EcsStagingCluster-EcsCluster-1AAGQRFIOE9AE,Service_beiakklem1vi3j5fejo0,1000,2,0.0589294632,0
1537387800,Prod-EcsStagingCluster-EcsCluster-1AAGQRFIOE9AE,Service_beiakklem1vi3j5fejo0,1000,2,0.0557571525,0
1537394160,Prod-EcsStagingCluster-EcsCluster-1AAGQRFIOE9AE,Service_beiakklem1vi3j5fejo0,1000,2,0.0553346492,0
1537368720,Prod-EcsStagingCluster-EcsCluster-1AAGQRFIOE9AE,Service_beiakklem1vi3j5fejo0,1000,2,0.0684701916,0
1537413240,Prod-EcsStagingCluster-EcsCluster-1AAGQRFIOE9AE,Service_beiakklem1vi3j5fejo0,1000,2,0.0601029278,0
1537419600,Prod-EcsStagingCluster-EcsCluster-1AAGQRFIOE9AE,Service_beiakklem1vi3j5fejo0,1000,2,0.0580673850,0
1537383420,Prod-EcsStagingCluster-EcsCluster-1AAGQRFIOE9AE,Service_beiakklem1vi3j5fejo0,1000,2,0.0585007985,0
1537389780,Prod-EcsStagingCluster-EcsCluster-1AAGQRFIOE9AE,Service_beiakklem1vi3j5fejo0,1000,2,0.0596877486,0
1537366380,Prod-EcsStagingCluster-EcsCluster-1AAGQRFIOE9AE,Service_beiakklem1vi3j5fejo0,1000,2,0.0659019464,0
1537426800,Prod-EcsStagingCluster-EcsCluster-1AAGQRFIOE9AE,Service_beiakklem1vi3j5fejo0,1000,2,0.0567495968,0
1537417260,Prod-EcsStagingCluster-EcsCluster-1AAGQRFIOE9AE,Service_beiakklem1vi3j5fejo0,1000,2,0.0523552810,0
1537363080,Prod-EcsStagingCluster-EcsCluster-1AAGQRFIOE9AE,Service_beiakklem1vi3j5fejo0,1000,2,0.0613961020,0
1537413960,Prod-EcsStagingCluster-EcsCluster-1AAGQRFIOE9AE,Service_beiakklem1vi3j5fejo0,1000,2,0.1608480632,0
1537391700,Prod-EcsStagingCluster-EcsCluster-1AAGQRFIOE9AE,Service_beiakklem1vi3j5fejo0,1000,2,0.0579128383,0
1537371480,Prod-EcsStagingCluster-EcsCluster-1AAGQRFIOE9AE,Service_beiakklem1vi3j5fejo0,1000,2,0.0604383004,0
1537346040,Prod-EcsStagingCluster-EcsCluster-1AAGQRFIOE9AE,Service_beiakklem1vi3j5fejo0,1000,2,0.0741086334,0
1537396920,Prod-EcsStagingCluster-EcsCluster-1AAGQRFIOE9AE,Service_beiakklem1vi3j5fejo0,1000,2,0.0551164870,0
1537391580,Prod-EcsStagingCluster-EcsCluster-1AAGQRFIOE9AE,Service_beiakklem1vi3j5fejo0,1000,2,0.0577702734,0
1537422360,Prod-EcsStagingCluster-EcsCluster-1AAGQRFIOE9AE,Service_beiakklem1vi3j5fejo0,1000,2,0.0578466548,0
1537375680,Prod-EcsStagingCluster-EcsCluster-1AAGQRFIOE9AE,Service_beiakklem1vi3j5fejo0,1000,2,0.0593280754,0
1537374540,Prod-EcsStagingCluster-EcsCluster-1AAGQRFIOE9AE,Service_beiakklem1vi3j5fejo0,1000,2,0.0610979413,0
1537426560,Prod-EcsStagingCluster-EcsCluster-1AAGQRFIOE9AE,Service_beiakklem1vi3j5fejo0,1000,2,0.0484292981,0
1537425420,Prod-EcsStagingCluster-EcsCluster-1AAGQRFIOE9AE,Service_beiakklem1vi3j5fejo0,1000,2,0.0473938618,0
1537348980,Prod-EcsStagingCluster-EcsCluster-1AAGQRFIOE9AE,Service_beiakklem1vi3j5fejo0,1000,2,0.0721191340,0
1537371240,Prod-EcsStagingCluster-EcsCluster-1AAGQRFIOE9AE,Service_beiakklem1vi3j5fejo0,1000,2,0.0576969858,0
1537422120,Prod-EcsStagingCluster-EcsCluster-1AAGQRFIOE9AE,Service_beiakklem1vi3j5fejo0,1000,2,0.0604313794,0
1537399860,Prod-EcsStagingCluster-EcsCluster-1AAGQRFIOE9AE,Service_beiakklem1vi3j5fejo0,1000,2,0.0494773500,0
1537357380,Prod-EcsStagingCluster-EcsCluster-1AAGQRFIOE9AE,Service_beiakklem1vi3j5fejo0,1000,2,0.0652537329,0
1537408260,Prod-EcsStagingCluster-EcsCluster-1AAGQRFIOE9AE,Service_beiakklem1vi3j5fejo0,1000,2,0.0507551643,0
1537348860,Prod-EcsStagingCluster-EcsCluster-1AAGQRFIOE9AE,Service_beiakklem1vi3j5fejo0,1000,2,0.0822217542,0
1537382820,Prod-EcsStagingCluster-EcsCluster-1AAGQRFIOE9AE,Service_beiakklem1vi3j5fejo0,1000,2,0.0690704410,0
1537355160,Prod-EcsStagingCluster-EcsCluster-1AAGQRFIOE9AE,Service_beiakklem1vi3j5fejo0,1000,2,0.0727428167,0
1537399740,Prod-EcsStagingCluster-EcsCluster-1AAGQRFIOE9AE,Service_beiakklem1vi3j5fejo0,1000,2,0.0546246060,0
1537380600,Prod-EcsStagingCluster-EcsCluster-1AAGQRFIOE9AE,Service_beiakklem1vi3j5fejo0,1000,2,0.0596863759,0
1537406040,Prod-EcsStagingCluster-EcsCluster-1AAGQRFIOE9AE,Service_beiakklem1vi3j5fejo0,1000,2,0.0591024055,0
1537359360,Prod-EcsStagingCluster-EcsCluster-1AAGQRFIOE9AE,Service_beiakklem1vi3j5fejo0,1000,2,0.0694722925,0
1537382700,Prod-EcsStagingCluster-EcsCluster-1AAGQRFIOE9AE,Service_beiakklem1vi3j5fejo0,1000,2,0.1063867331,0
1537431480,Prod-EcsStagingCluster-EcsCluster-1AAGQRFIOE9AE,Service_beiakklem1vi3j5fejo0,1000,2,0.0597370513,0
1537410240,Prod-EcsStagingCluster-EcsCluster-1AAGQRFIOE9AE,Service_beiakklem1vi3j5fejo0,1000,2,0.0519761886,0
1537357140,Prod-EcsStagingCluster-EcsCluster-1AAGQRFIOE9AE,Service_beiakklem1vi3j5fejo0,1000,2,0.0709284924,0
1537408020,Prod-EcsStagingCluster-EcsCluster-1AAGQRFIOE9AE,Service_beiakklem1vi3j5fejo0,1000,2,0.0507920166,0
1537357020,Prod-EcsStagingCluster-EcsCluster-1AAGQRFIOE9AE,Service_beiakklem1vi3j5fejo0,1000,2,0.0702067941,0
1537354920,Prod-EcsStagingCluster-EcsCluster-1AAGQRFIOE9AE,Service_beiakklem1vi3j5fejo0,1000,2,0.0724456235,0
1537407900,Prod-EcsStagingCluster-EcsCluster-1AAGQRFIOE9AE,Service_beiakklem1vi3j5fejo0,1000,2,0.0381962864,0
1537405800,Prod-EcsStagingCluster-EcsCluster-1AAGQRFIOE9AE,Service_beiakklem1vi3j5fejo0,1000,2,0.0504672398,0
1537390860,Prod-EcsStagingCluster-EcsCluster-1AAGQRFIOE9AE,Service_beiakklem1vi3j5fejo0,1000,2,0.0568779258,0
1537367520,Prod-EcsStagingCluster-EcsCluster-1AAGQRFIOE9AE,Service_beiakklem1vi3j5fejo0,1000,2,0.0677446914,0
1537418400,Prod-EcsStagingCluster-EcsCluster-1AAGQRFIOE9AE,Service_beiakklem1vi3j5fejo0,1000,2,0.0513363929,0
1537375920,Prod-EcsStagingCluster-EcsCluster-1AAGQRFIOE9AE,Service_beiakklem1vi3j5fejo0,1000,2,0.0605855691,0
1537350480,Prod-EcsStagingCluster-EcsCluster-1AAGQRFIOE9AE,Service_beiakklem1vi3j5fejo0,1000,2,0.0727714791,0
1537401360,Prod-EcsStagingCluster-EcsCluster-1AAGQRFIOE9AE,Service_beiakklem1vi3j5fejo0,1000,2,0.0532241040,0
1537365300,Prod-EcsStagingCluster-EcsCluster-1AAGQRFIOE9AE,Service_beiakklem1vi3j5fejo0,1000,2,0.0475288064,0
1537421520,Prod-EcsStagingCluster-EcsCluster-1AAGQRFIOE9AE,Service_beiakklem1vi3j5fejo0,1000,2,0.0610167294,0
1537349280,Prod-EcsStagingCluster-EcsCluster-1AAGQRFIOE9AE,Service_beiakklem1vi3j5fejo0,1000,2,0.0726758476,0
1537393800,Prod-EcsStagingCluster-EcsCluster-1AAGQRFIOE9AE,Service_beiakklem1vi3j5fejo0,1000,2,0.0512651383,0
1537371540,Prod-EcsStagingCluster-EcsCluster-1AAGQRFIOE9AE,Service_beiakklem1vi3j5fejo0,1000,2,0.0606758918,0
1537348140,Prod-EcsStagingCluster-EcsCluster-1AAGQRFIOE9AE,Service_beiakklem1vi3j5fejo0,1000,2,0.0622716709,0
1537422420,Prod-EcsStagingCluster-EcsCluster-1AAGQRFIOE9AE,Service_beiakklem1vi3j5fejo0,1000,2,0.0587108638,0
1537400160,Prod-EcsStagingCluster-EcsCluster-1AAGQRFIOE9AE,Service_beiakklem1vi3j5fejo0,1000,2,0.0495055055,0
1537360860,Prod-EcsStagingCluster-EcsCluster-1AAGQRFIOE9AE,Service_beiakklem1vi3j5fejo0,1000,2,0.0759032398,0
1537411740,Prod-EcsStagingCluster-EcsCluster-1AAGQRFIOE9AE,Service_beiakklem1vi3j5fejo0,1000,2,0.0738898471,0
1537399020,Prod-EcsStagingCluster-EcsCluster-1AAGQRFIOE9AE,Service_beiakklem1vi3j5fejo0,1000,2,0.0498231450,0
1537350180,Prod-EcsStagingCluster-EcsCluster-1AAGQRFIOE9AE,Service_beiakklem1vi3j5fejo0,1000,2,0.0713065606,0
1537401060,Prod-EcsStagingCluster-EcsCluster-1AAGQRFIOE9AE,Service_beiakklem1vi3j5fejo0,1000,2,0.0525287300,0
1537375620,Prod-EcsStagingCluster-EcsCluster-1AAGQRFIOE9AE,Service_beiakklem1vi3j5fejo0,1000,2,0.0603977158,0
1537426500,Prod-EcsStagingCluster-EcsCluster-1AAGQRFIOE9AE,Service_beiakklem1vi3j5fejo0,1000,2,0.0489356722,0
1537379700,Prod-EcsStagingCluster-EcsCluster-1AAGQRFIOE9AE,Service_beiakklem1vi3j5fejo0,1000,2,0.0598463546,0
1537357440,Prod-EcsStagingCluster-EcsCluster-1AAGQRFIOE9AE,Service_beiakklem1vi3j5fejo0,1000,2,0.0604181536,0
1537351080,Prod-EcsStagingCluster-EcsCluster-1AAGQRFIOE9AE,Service_beiakklem1vi3j5fejo0,1000,2,0.0662391347,0
1537401960,Prod-EcsStagingCluster-EcsCluster-1AAGQRFIOE9AE,Service_beiakklem1vi3j5fejo0,1000,2,0.0624802384,0
1537356300,Prod-EcsStagingCluster-EcsCluster-1AAGQRFIOE9AE,Service_beiakklem1vi3j5fejo0,1000,2,0.0708331892,0
1537430580,Prod-EcsStagingCluster-EcsCluster-1AAGQRFIOE9AE,Service_beiakklem1vi3j5fejo0,1000,2,0.0593255951,0
1537408320,Prod-EcsStagingCluster-EcsCluster-1AAGQRFIOE9AE,Service_beiakklem1vi3j5fejo0,1000,2,0.0509095969,0
1537369020,Prod-EcsStagingCluster-EcsCluster-1AAGQRFIOE9AE,Service_beiakklem1vi3j5fejo0,1000,2,0.0674684061,0
1537419900,Prod-EcsStagingCluster-EcsCluster-1AAGQRFIOE9AE,Service_beiakklem1vi3j5fejo0,1000,2,0.0604208980,0
1537383840,Prod-EcsStagingCluster-EcsCluster-1AAGQRFIOE9AE,Service_beiakklem1vi3j5fejo0,1000,2,0.0571535863,0
1537407180,Prod-EcsStagingCluster-EcsCluster-1AAGQRFIOE9AE,Service_beiakklem1vi3j5fejo0,1000,2,0.0502194646,0
1537428360,Prod-EcsStagingCluster-EcsCluster-1AAGQRFIOE9AE,Service_beiakklem1vi3j5fejo0,1000,2,0.0480390565,0
1537387860,Prod-EcsStagingCluster-EcsCluster-1AAGQRFIOE9AE,Service_beiakklem1vi3j5fejo0,1000,2,0.0684253042,0
1537364460,Prod-EcsStagingCluster-EcsCluster-1AAGQRFIOE9AE,Service_beiakklem1vi3j5fejo0,1000,2,0.0712196819,0
1537377180,Prod-EcsStagingCluster-EcsCluster-1AAGQRFIOE9AE,Service_beiakklem1vi3j5fejo0,1000,2,0.0571303902,0
1537385640,Prod-EcsStagingCluster-EcsCluster-1AAGQRFIOE9AE,Service_beiakklem1vi3j5fejo0,1000,2,0.0493236384,0
1537428060,Prod-EcsStagingCluster-EcsCluster-1AAGQRFIOE9AE,Service_beiakklem1vi3j5fejo0,1000,2,0.0485285555,0
1537392000,Prod-EcsStagingCluster-EcsCluster-1AAGQRFIOE9AE,Service_beiakklem1vi3j5fejo0,1000,2,0.0574897807,0
1537415340,Prod-EcsStagingCluster-EcsCluster-1AAGQRFIOE9AE,Service_beiakklem1vi3j5fejo0,1000,2,0.0507173276,0
1537391940,Prod-EcsStagingCluster-EcsCluster-1AAGQRFIOE9AE,Service_beiakklem1vi3j5fejo0,1000,2,0.0571810921,0
1537366500,Prod-EcsStagingCluster-EcsCluster-1AAGQRFIOE9AE,Service_beiakklem1vi3j5fejo0,1000,2,0.0679156215,0
1537417380,Prod-EcsStagingCluster-EcsCluster-1AAGQRFIOE9AE,Service_beiakklem1vi3j5fejo0,1000,2,0.0523969210,0
1537389720,Prod-EcsStagingCluster-EcsCluster-1AAGQRFIOE9AE,Service_beiakklem1vi3j5fejo0,1000,2,0.0599946911,0
1537364280,Prod-EcsStagingCluster-EcsCluster-1AAGQRFIOE9AE,Service_beiakklem1vi3j5fejo0,1000,2,0.0697895664,0
1537370640,Prod-EcsStagingCluster-EcsCluster-1AAGQRFIOE9AE,Service_beiakklem1vi3j5fejo0,1000,2,0.0662706377,0
1537415160,Prod-EcsStagingCluster-EcsCluster-1AAGQRFIOE9AE,Service_beiakklem1vi3j5fejo0,1000,2,0.0490037458,0
1537396080,Prod-EcsStagingCluster-EcsCluster-1AAGQRFIOE9AE,Service_beiakklem1vi3j5fejo0,1000,2,0.0594715466,0
1537373760,Prod-EcsStagingCluster-EcsCluster-1AAGQRFIOE9AE,Service_beiakklem1vi3j5fejo0,1000,2,0.0623290748,0
1537393860,Prod-EcsStagingCluster-EcsCluster-1AAGQRFIOE9AE,Service_beiakklem1vi3j5fejo0,1000,2,0.0479729318,0
1537424640,Prod-EcsStagingCluster-EcsCluster-1AAGQRFIOE9AE,Service_beiakklem1vi3j5fejo0,1000,2,0.0477447767,0
1537368420,Prod-EcsStagingCluster-EcsCluster-1AAGQRFIOE9AE,Service_beiakklem1vi3j5fejo0,1000,2,0.0673881972,0
1537372620,Prod-EcsStagingCluster-EcsCluster-1AAGQRFIOE9AE,Service_beiakklem1vi3j5fejo0,1000,2,0.0592702119,0
1537419300,Prod-EcsStagingCluster-EcsCluster-1AAGQRFIOE9AE,Service_beiakklem1vi3j5fejo0,1000,2,0.0523525102,0
1537385340,Prod-EcsStagingCluster-EcsCluster-1AAGQRFIOE9AE,Service_beiakklem1vi3j5fejo0,1000,2,0.0499022136,0
1537352400,Prod-EcsStagingCluster-EcsCluster-1AAGQRFIOE9AE,Service_beiakklem1vi3j5fejo0,1000,2,0.0711023581,0
1537423500,Prod-EcsStagingCluster-EcsCluster-1AAGQRFIOE9AE,Service_beiakklem1vi3j5fejo0,1000,2,0.0591872326,0
1537347060,Prod-EcsStagingCluster-EcsCluster-1AAGQRFIOE9AE,Service_beiakklem1vi3j5fejo0,1000,2,0.0723207637,0
1537377840,Prod-EcsStagingCluster-EcsCluster-1AAGQRFIOE9AE,Service_beiakklem1vi3j5fejo0,1000,2,0.0603507032,0
1537397940,Prod-EcsStagingCluster-EcsCluster-1AAGQRFIOE9AE,Service_beiakklem1vi3j5fejo0,1000,2,0.0565105233,0
1537428720,Prod-EcsStagingCluster-EcsCluster-1AAGQRFIOE9AE,Service_beiakklem1vi3j5fejo0,1000,2,0.0487476735,0
1537369320,Prod-EcsStagingCluster-EcsCluster-1AAGQRFIOE9AE,Service_beiakklem1vi3j5fejo0,1000,2,0.0673648855,0
1537403280,Prod-EcsStagingCluster-EcsCluster-1AAGQRFIOE9AE,Service_beiakklem1vi3j5fejo0,1000,2,0.0738828064,0
1537420200,Prod-EcsStagingCluster-EcsCluster-1AAGQRFIOE9AE,Service_beiakklem1vi3j5fejo0,1000,2,0.0603132850,0
1537373400,Prod-EcsStagingCluster-EcsCluster-1AAGQRFIOE9AE,Service_beiakklem1vi3j5fejo0,1000,2,0.0602992382,0
1537347960,Prod-EcsStagingCluster-EcsCluster-1AAGQRFIOE9AE,Service_beiakklem1vi3j5fejo0,1000,2,0.0634012872,0
1537381920,Prod-EcsStagingCluster-EcsCluster-1AAGQRFIOE9AE,Service_beiakklem1vi3j5fejo0,1000,2,0.0718285797,0
1537398840,Prod-EcsStagingCluster-EcsCluster-1AAGQRFIOE9AE,Service_beiakklem1vi3j5fejo0,1000,2,0.0510911561,0
1537393500,Prod-EcsStagingCluster-EcsCluster-1AAGQRFIOE9AE,Service_beiakklem1vi3j5fejo0,1000,2,0.0458161461,0
1537424280,Prod-EcsStagingCluster-EcsCluster-1AAGQRFIOE9AE,Service_beiakklem1vi3j5fejo0,1000,2,0.0598042042,0
1537380780,Prod-EcsStagingCluster-EcsCluster-1AAGQRFIOE9AE,Service_beiakklem1vi3j5fejo0,1000,2,0.0644605231,0
1537431660,Prod-EcsStagingCluster-EcsCluster-1AAGQRFIOE9AE,Service_beiakklem1vi3j5fejo0,1000,2,0.0573271274,0
1537377480,Prod-EcsStagingCluster-EcsCluster-1AAGQRFIOE9AE,Service_beiakklem1vi3j5fejo0,1000,2,0.0583752896,0
1537355220,Prod-EcsStagingCluster-EcsCluster-1AAGQRFIOE9AE,Service_beiakklem1vi3j5fejo0,1000,2,0.0720552720,0
1537361520,Prod-EcsStagingCluster-EcsCluster-1AAGQRFIOE9AE,Service_beiakklem1vi3j5fejo0,1000,2,0.0709917980,0
1537406100,Prod-EcsStagingCluster-EcsCluster-1AAGQRFIOE9AE,Service_beiakklem1vi3j5fejo0,1000,2,0.0501710301,0
1537412400,Prod-EcsStagingCluster-EcsCluster-1AAGQRFIOE9AE,Service_beiakklem1vi3j5fejo0,1000,2,0.0668808398,0
1537353000,Prod-EcsStagingCluster-EcsCluster-1AAGQRFIOE9AE,Service_beiakklem1vi3j5fejo0,1000,2,0.0702614679,0
1537386960,Prod-EcsStagingCluster-EcsCluster-1AAGQRFIOE9AE,Service_beiakklem1vi3j5fejo0,1000,2,0.0596050978,0
1537403880,Prod-EcsStagingCluster-EcsCluster-1AAGQRFIOE9AE,Service_beiakklem1vi3j5fejo0,1000,2,0.0608822700,0
1537359300,Prod-EcsStagingCluster-EcsCluster-1AAGQRFIOE9AE,Service_beiakklem1vi3j5fejo0,1000,2,0.0702812175,0
1537410180,Prod-EcsStagingCluster-EcsCluster-1AAGQRFIOE9AE,Service_beiakklem1vi3j5fejo0,1000,2,0.0527423994,0
1537350780,Prod-EcsStagingCluster-EcsCluster-1AAGQRFIOE9AE,Service_beiakklem1vi3j5fejo0,1000,2,0.0722184333,0
1537384740,Prod-EcsStagingCluster-EcsCluster-1AAGQRFIOE9AE,Service_beiakklem1vi3j5fejo0,1000,2,0.0588167971,0
1537401660,Prod-EcsStagingCluster-EcsCluster-1AAGQRFIOE9AE,Service_beiakklem1vi3j5fejo0,1000,2,0.0613186033,0
1537365600,Prod-EcsStagingCluster-EcsCluster-1AAGQRFIOE9AE,Service_beiakklem1vi3j5fejo0,1000,2,0.0470209879,0
1537388940,Prod-EcsStagingCluster-EcsCluster-1AAGQRFIOE9AE,Service_beiakklem1vi3j5fejo0,1000,2,0.0577006350,0
1537416480,Prod-EcsStagingCluster-EcsCluster-1AAGQRFIOE9AE,Service_beiakklem1vi3j5fejo0,1000,2,0.0497344373,0
1537357080,Prod-EcsStagingCluster-EcsCluster-1AAGQRFIOE9AE,Service_beiakklem1vi3j5fejo0,1000,2,0.0707164399,0
1537407960,Prod-EcsStagingCluster-EcsCluster-1AAGQRFIOE9AE,Service_beiakklem1vi3j5fejo0,1000,2,0.0512028913,0
1537382520,Prod-EcsStagingCluster-EcsCluster-1AAGQRFIOE9AE,Service_beiakklem1vi3j5fejo0,1000,2,0.0725016918,0
1537363380,Prod-EcsStagingCluster-EcsCluster-1AAGQRFIOE9AE,Service_beiakklem1vi3j5fejo0,1000,2,0.0592273467,0
1537414260,Prod-EcsStagingCluster-EcsCluster-1AAGQRFIOE9AE,Service_beiakklem1vi3j5fejo0,1000,2,0.0604227260,0
1537361160,Prod-EcsStagingCluster-EcsCluster-1AAGQRFIOE9AE,Service_beiakklem1vi3j5fejo0,1000,2,0.0692845234,0
1537412040,Prod-EcsStagingCluster-EcsCluster-1AAGQRFIOE9AE,Service_beiakklem1vi3j5fejo0,1000,2,0.0688644849,0
1537346220,Prod-EcsStagingCluster-EcsCluster-1AAGQRFIOE9AE,Service_beiakklem1vi3j5fejo0,1000,2,0.0738701230,0
1537358940,Prod-EcsStagingCluster-EcsCluster-1AAGQRFIOE9AE,Service_beiakklem1vi3j5fejo0,1000,2,0.0680769807,0
1537397100,Prod-EcsStagingCluster-EcsCluster-1AAGQRFIOE9AE,Service_beiakklem1vi3j5fejo0,1000,2,0.0599386606,0
1537360980,Prod-EcsStagingCluster-EcsCluster-1AAGQRFIOE9AE,Service_beiakklem1vi3j5fejo0,1000,2,0.0706286546,0
1537354620,Prod-EcsStagingCluster-EcsCluster-1AAGQRFIOE9AE,Service_beiakklem1vi3j5fejo0,1000,2,0.0703948648,0
1537425720,Prod-EcsStagingCluster-EcsCluster-1AAGQRFIOE9AE,Service_beiakklem1vi3j5fejo0,1000,2,0.0483293210,0
1537347120,Prod-EcsStagingCluster-EcsCluster-1AAGQRFIOE9AE,Service_beiakklem1vi3j5fejo0,1000,2,0.0716653121,0
1537405500,Prod-EcsStagingCluster-EcsCluster-1AAGQRFIOE9AE,Service_beiakklem1vi3j5fejo0,1000,2,0.0483355657,0
1537411860,Prod-EcsStagingCluster-EcsCluster-1AAGQRFIOE9AE,Service_beiakklem1vi3j5fejo0,1000,2,0.0687601498,0
1537391640,Prod-EcsStagingCluster-EcsCluster-1AAGQRFIOE9AE,Service_beiakklem1vi3j5fejo0,1000,2,0.0576193161,0
1537398000,Prod-EcsStagingCluster-EcsCluster-1AAGQRFIOE9AE,Service_beiakklem1vi3j5fejo0,1000,2,0.0564708000,0
1537371420,Prod-EcsStagingCluster-EcsCluster-1AAGQRFIOE9AE,Service_beiakklem1vi3j5fejo0,1000,2,0.0584185106,0
1537377780,Prod-EcsStagingCluster-EcsCluster-1AAGQRFIOE9AE,Service_beiakklem1vi3j5fejo0,1000,2,0.0584342981,0
1537360740,Prod-EcsStagingCluster-EcsCluster-1AAGQRFIOE9AE,Service_beiakklem1vi3j5fejo0,1000,2,0.0709378487,0
1537428660,Prod-EcsStagingCluster-EcsCluster-1AAGQRFIOE9AE,Service_beiakklem1vi3j5fejo0,1000,2,0.0484724587,0
1537422300,Prod-EcsStagingCluster-EcsCluster-1AAGQRFIOE9AE,Service_beiakklem1vi3j5fejo0,1000,2,0.0587428293,0
1537346880,Prod-EcsStagingCluster-EcsCluster-1AAGQRFIOE9AE,Service_beiakklem1vi3j5fejo0,1000,2,0.0706859499,0
1537411620,Prod-EcsStagingCluster-EcsCluster-1AAGQRFIOE9AE,Service_beiakklem1vi3j5fejo0,1000,2,0.0612748050,0
1537397760,Prod-EcsStagingCluster-EcsCluster-1AAGQRFIOE9AE,Service_beiakklem1vi3j5fejo0,1000,2,0.0579484428,0
1537391400,Prod-EcsStagingCluster-EcsCluster-1AAGQRFIOE9AE,Service_beiakklem1vi3j5fejo0,1000,2,0.0582770243,0
1537345740,Prod-EcsStagingCluster-EcsCluster-1AAGQRFIOE9AE,Service_beiakklem1vi3j5fejo0,1000,2,0.0756118140,0
1537396620,Prod-EcsStagingCluster-EcsCluster-1AAGQRFIOE9AE,Service_beiakklem1vi3j5fejo0,1000,2,0.0587064804,0
1537377540,Prod-EcsStagingCluster-EcsCluster-1AAGQRFIOE9AE,Service_beiakklem1vi3j5fejo0,1000,2,0.0590025770,0
1537357320,Prod-EcsStagingCluster-EcsCluster-1AAGQRFIOE9AE,Service_beiakklem1vi3j5fejo0,1000,2,0.0699820286,0
1537428420,Prod-EcsStagingCluster-EcsCluster-1AAGQRFIOE9AE,Service_beiakklem1vi3j5fejo0,1000,2,0.0475125069,0
1537375320,Prod-EcsStagingCluster-EcsCluster-1AAGQRFIOE9AE,Service_beiakklem1vi3j5fejo0,1000,2,0.0507069723,0
1537381680,Prod-EcsStagingCluster-EcsCluster-1AAGQRFIOE9AE,Service_beiakklem1vi3j5fejo0,1000,2,0.0742893795,0
1537426200,Prod-EcsStagingCluster-EcsCluster-1AAGQRFIOE9AE,Service_beiakklem1vi3j5fejo0,1000,2,0.0499760845,0
1537362540,Prod-EcsStagingCluster-EcsCluster-1AAGQRFIOE9AE,Service_beiakklem1vi3j5fejo0,1000,2,0.0706349475,0
1537413420,Prod-EcsStagingCluster-EcsCluster-1AAGQRFIOE9AE,Service_beiakklem1vi3j5fejo0,1000,2,0.0603497505,0
1537370940,Prod-EcsStagingCluster-EcsCluster-1AAGQRFIOE9AE,Service_beiakklem1vi3j5fejo0,1000,2,0.0667478549,0
1537377300,Prod-EcsStagingCluster-EcsCluster-1AAGQRFIOE9AE,Service_beiakklem1vi3j5fejo0,1000,2,0.0578187409,0
1537421820,Prod-EcsStagingCluster-EcsCluster-1AAGQRFIOE9AE,Service_beiakklem1vi3j5fejo0,1000,2,0.0626506731,0
1537428180,Prod-EcsStagingCluster-EcsCluster-1AAGQRFIOE9AE,Service_beiakklem1vi3j5fejo0,1000,2,0.0497862112,0
1537381440,Prod-EcsStagingCluster-EcsCluster-1AAGQRFIOE9AE,Service_beiakklem1vi3j5fejo0,1000,2,0.0691776636,0
1537375080,Prod-EcsStagingCluster-EcsCluster-1AAGQRFIOE9AE,Service_beiakklem1vi3j5fejo0,1000,2,0.0506601318,0
1537387740,Prod-EcsStagingCluster-EcsCluster-1AAGQRFIOE9AE,Service_beiakklem1vi3j5fejo0,1000,2,0.0565096878,0
1537394100,Prod-EcsStagingCluster-EcsCluster-1AAGQRFIOE9AE,Service_beiakklem1vi3j5fejo0,1000,2,0.0552547263,0
1537425960,Prod-EcsStagingCluster-EcsCluster-1AAGQRFIOE9AE,Service_beiakklem1vi3j5fejo0,1000,2,0.0500642325,0
1537377060,Prod-EcsStagingCluster-EcsCluster-1AAGQRFIOE9AE,Service_beiakklem1vi3j5fejo0,1000,2,0.0584959836,0
1537347360,Prod-EcsStagingCluster-EcsCluster-1AAGQRFIOE9AE,Service_beiakklem1vi3j5fejo0,1000,2,0.0681376773,0
1537391880,Prod-EcsStagingCluster-EcsCluster-1AAGQRFIOE9AE,Service_beiakklem1vi3j5fejo0,1000,2,0.0572955532,0
1537398240,Prod-EcsStagingCluster-EcsCluster-1AAGQRFIOE9AE,Service_beiakklem1vi3j5fejo0,1000,2,0.0580242816,0
1537427940,Prod-EcsStagingCluster-EcsCluster-1AAGQRFIOE9AE,Service_beiakklem1vi3j5fejo0,1000,2,0.0496568581,0
1537374840,Prod-EcsStagingCluster-EcsCluster-1AAGQRFIOE9AE,Service_beiakklem1vi3j5fejo0,1000,2,0.0504916561,0
1537381200,Prod-EcsStagingCluster-EcsCluster-1AAGQRFIOE9AE,Service_beiakklem1vi3j5fejo0,1000,2,0.0611999939,0
1537396020,Prod-EcsStagingCluster-EcsCluster-1AAGQRFIOE9AE,Service_beiakklem1vi3j5fejo0,1000,2,0.0567334711,0
1537414080,Prod-EcsStagingCluster-EcsCluster-1AAGQRFIOE9AE,Service_beiakklem1vi3j5fejo0,1000,2,0.0601942529,0
1537362060,Prod-EcsStagingCluster-EcsCluster-1AAGQRFIOE9AE,Service_beiakklem1vi3j5fejo0,1000,2,0.0717747096,0
1537378980,Prod-EcsStagingCluster-EcsCluster-1AAGQRFIOE9AE,Service_beiakklem1vi3j5fejo0,1000,2,0.0604547565,0
1537412940,Prod-EcsStagingCluster-EcsCluster-1AAGQRFIOE9AE,Service_beiakklem1vi3j5fejo0,1000,2,0.0578654184,0
1537380000,Prod-EcsStagingCluster-EcsCluster-1AAGQRFIOE9AE,Service_beiakklem1vi3j5fejo0,1000,2,0.0594446438,0
1537358760,Prod-EcsStagingCluster-EcsCluster-1AAGQRFIOE9AE,Service_beiakklem1vi3j5fejo0,1000,2,0.0788283915,0
1537429860,Prod-EcsStagingCluster-EcsCluster-1AAGQRFIOE9AE,Service_beiakklem1vi3j5fejo0,1000,2,0.0588293075,0
1537362960,Prod-EcsStagingCluster-EcsCluster-1AAGQRFIOE9AE,Service_beiakklem1vi3j5fejo0,1000,2,0.0736491596,0
1537430880,Prod-EcsStagingCluster-EcsCluster-1AAGQRFIOE9AE,Service_beiakklem1vi3j5fejo0,1000,2,0.0564468673,0
1537378860,Prod-EcsStagingCluster-EcsCluster-1AAGQRFIOE9AE,Service_beiakklem1vi3j5fejo0,1000,2,0.0674743964,0
1537409640,Prod-EcsStagingCluster-EcsCluster-1AAGQRFIOE9AE,Service_beiakklem1vi3j5fejo0,1000,2,0.0523278553,0
1537413840,Prod-EcsStagingCluster-EcsCluster-1AAGQRFIOE9AE,Service_beiakklem1vi3j5fejo0,1000,2,0.0612184713,0
1537429740,Prod-EcsStagingCluster-EcsCluster-1AAGQRFIOE9AE,Service_beiakklem1vi3j5fejo0,1000,2,0.0360357150,0
1537395780,Prod-EcsStagingCluster-EcsCluster-1AAGQRFIOE9AE,Service_beiakklem1vi3j5fejo0,1000,2,0.0561198669,0
1537375560,Prod-EcsStagingCluster-EcsCluster-1AAGQRFIOE9AE,Service_beiakklem1vi3j5fejo0,1000,2,0.0602500703,0
1537387260,Prod-EcsStagingCluster-EcsCluster-1AAGQRFIOE9AE,Service_beiakklem1vi3j5fejo0,1000,2,0.0482282025,0
1537358520,Prod-EcsStagingCluster-EcsCluster-1AAGQRFIOE9AE,Service_beiakklem1vi3j5fejo0,1000,2,0.0702588670,0
1537426440,Prod-EcsStagingCluster-EcsCluster-1AAGQRFIOE9AE,Service_beiakklem1vi3j5fejo0,1000,2,0.0480015042,0
1537379760,Prod-EcsStagingCluster-EcsCluster-1AAGQRFIOE9AE,Service_beiakklem1vi3j5fejo0,1000,2,0.0519290644,0
1537353180,Prod-EcsStagingCluster-EcsCluster-1AAGQRFIOE9AE,Service_beiakklem1vi3j5fejo0,1000,2,0.0708250189,0
1537430640,Prod-EcsStagingCluster-EcsCluster-1AAGQRFIOE9AE,Service_beiakklem1vi3j5fejo0,1000,2,0.0570794609,0
1537409400,Prod-EcsStagingCluster-EcsCluster-1AAGQRFIOE9AE,Service_beiakklem1vi3j5fejo0,1000,2,0.0510547619,0
1537404060,Prod-EcsStagingCluster-EcsCluster-1AAGQRFIOE9AE,Service_beiakklem1vi3j5fejo0,1000,2,0.0614375259,0
1537395540,Prod-EcsStagingCluster-EcsCluster-1AAGQRFIOE9AE,Service_beiakklem1vi3j5fejo0,1000,2,0.0579778097,0
1537363680,Prod-EcsStagingCluster-EcsCluster-1AAGQRFIOE9AE,Service_beiakklem1vi3j5fejo0,1000,2,0.0706216787,0
1537414560,Prod-EcsStagingCluster-EcsCluster-1AAGQRFIOE9AE,Service_beiakklem1vi3j5fejo0,1000,2,0.0600215348,0
1537346640,Prod-EcsStagingCluster-EcsCluster-1AAGQRFIOE9AE,Service_beiakklem1vi3j5fejo0,1000,2,0.0649096035,0
1537393320,Prod-EcsStagingCluster-EcsCluster-1AAGQRFIOE9AE,Service_beiakklem1vi3j5fejo0,1000,2,0.0568184460,0
1537397520,Prod-EcsStagingCluster-EcsCluster-1AAGQRFIOE9AE,Service_beiakklem1vi3j5fejo0,1000,2,0.0593695442,0
1537361460,Prod-EcsStagingCluster-EcsCluster-1AAGQRFIOE9AE,Service_beiakklem1vi3j5fejo0,1000,2,0.0709509742,0
1537378380,Prod-EcsStagingCluster-EcsCluster-1AAGQRFIOE9AE,Service_beiakklem1vi3j5fejo0,1000,2,0.0532208794,0
1537412340,Prod-EcsStagingCluster-EcsCluster-1AAGQRFIOE9AE,Service_beiakklem1vi3j5fejo0,1000,2,0.0698186475,0
1537359240,Prod-EcsStagingCluster-EcsCluster-1AAGQRFIOE9AE,Service_beiakklem1vi3j5fejo0,1000,2,0.0711587586,0
1537395300,Prod-EcsStagingCluster-EcsCluster-1AAGQRFIOE9AE,Service_beiakklem1vi3j5fejo0,1000,2,0.0420380249,0
1537429260,Prod-EcsStagingCluster-EcsCluster-1AAGQRFIOE9AE,Service_beiakklem1vi3j5fejo0,1000,2,0.0575284830,0
1537410120,Prod-EcsStagingCluster-EcsCluster-1AAGQRFIOE9AE,Service_beiakklem1vi3j5fejo0,1000,2,0.0521090755,0
1537363440,Prod-EcsStagingCluster-EcsCluster-1AAGQRFIOE9AE,Service_beiakklem1vi3j5fejo0,1000,2,0.0610956017,0
1537393080,Prod-EcsStagingCluster-EcsCluster-1AAGQRFIOE9AE,Service_beiakklem1vi3j5fejo0,1000,2,0.0598047138,0
1537414320,Prod-EcsStagingCluster-EcsCluster-1AAGQRFIOE9AE,Service_beiakklem1vi3j5fejo0,1000,2,0.0621085450,0
1537361220,Prod-EcsStagingCluster-EcsCluster-1AAGQRFIOE9AE,Service_beiakklem1vi3j5fejo0,1000,2,0.0694844975,0
1537395180,Prod-EcsStagingCluster-EcsCluster-1AAGQRFIOE9AE,Service_beiakklem1vi3j5fejo0,1000,2,0.0539752557,0
1537412100,Prod-EcsStagingCluster-EcsCluster-1AAGQRFIOE9AE,Service_beiakklem1vi3j5fejo0,1000,2,0.0702292016,0
1537352700,Prod-EcsStagingCluster-EcsCluster-1AAGQRFIOE9AE,Service_beiakklem1vi3j5fejo0,1000,2,0.0720544592,0
1537403580,Prod-EcsStagingCluster-EcsCluster-1AAGQRFIOE9AE,Service_beiakklem1vi3j5fejo0,1000,2,0.0601876815,0
1537359000,Prod-EcsStagingCluster-EcsCluster-1AAGQRFIOE9AE,Service_beiakklem1vi3j5fejo0,1000,2,0.0630195276,0
1537363200,Prod-EcsStagingCluster-EcsCluster-1AAGQRFIOE9AE,Service_beiakklem1vi3j5fejo0,1000,2,0.0593464451,0
1537409880,Prod-EcsStagingCluster-EcsCluster-1AAGQRFIOE9AE,Service_beiakklem1vi3j5fejo0,1000,2,0.0529773785,0
1537375860,Prod-EcsStagingCluster-EcsCluster-1AAGQRFIOE9AE,Service_beiakklem1vi3j5fejo0,1000,2,0.0607863569,0
1537363140,Prod-EcsStagingCluster-EcsCluster-1AAGQRFIOE9AE,Service_beiakklem1vi3j5fejo0,1000,2,0.0597057685,0
1537414020,Prod-EcsStagingCluster-EcsCluster-1AAGQRFIOE9AE,Service_beiakklem1vi3j5fejo0,1000,2,0.0606834438,0
1537426740,Prod-EcsStagingCluster-EcsCluster-1AAGQRFIOE9AE,Service_beiakklem1vi3j5fejo0,1000,2,0.0367410348,0
1537376760,Prod-EcsStagingCluster-EcsCluster-1AAGQRFIOE9AE,Service_beiakklem1vi3j5fejo0,1000,2,0.0597849770,0
1537383120,Prod-EcsStagingCluster-EcsCluster-1AAGQRFIOE9AE,Service_beiakklem1vi3j5fejo0,1000,2,0.0601570967,0
1537389480,Prod-EcsStagingCluster-EcsCluster-1AAGQRFIOE9AE,Service_beiakklem1vi3j5fejo0,1000,2,0.0583261423,0
1537395840,Prod-EcsStagingCluster-EcsCluster-1AAGQRFIOE9AE,Service_beiakklem1vi3j5fejo0,1000,2,0.0567360075,0
1537356540,Prod-EcsStagingCluster-EcsCluster-1AAGQRFIOE9AE,Service_beiakklem1vi3j5fejo0,1000,2,0.0699467993,0
1537427640,Prod-EcsStagingCluster-EcsCluster-1AAGQRFIOE9AE,Service_beiakklem1vi3j5fejo0,1000,2,0.0824390120,0
1537394700,Prod-EcsStagingCluster-EcsCluster-1AAGQRFIOE9AE,Service_beiakklem1vi3j5fejo0,1000,2,0.0560986598,0
1537355400,Prod-EcsStagingCluster-EcsCluster-1AAGQRFIOE9AE,Service_beiakklem1vi3j5fejo0,1000,2,0.0714130217,0
1537349040,Prod-EcsStagingCluster-EcsCluster-1AAGQRFIOE9AE,Service_beiakklem1vi3j5fejo0,1000,2,0.0716330673,0
1537361760,Prod-EcsStagingCluster-EcsCluster-1AAGQRFIOE9AE,Service_beiakklem1vi3j5fejo0,1000,2,0.0713484476,0
1537407420,Prod-EcsStagingCluster-EcsCluster-1AAGQRFIOE9AE,Service_beiakklem1vi3j5fejo0,1000,2,0.0508100589,0
1537412640,Prod-EcsStagingCluster-EcsCluster-1AAGQRFIOE9AE,Service_beiakklem1vi3j5fejo0,1000,2,0.0653365108,0
1537393560,Prod-EcsStagingCluster-EcsCluster-1AAGQRFIOE9AE,Service_beiakklem1vi3j5fejo0,1000,2,0.0463365602,0
1537399920,Prod-EcsStagingCluster-EcsCluster-1AAGQRFIOE9AE,Service_beiakklem1vi3j5fejo0,1000,2,0.0497705269,0
1537406280,Prod-EcsStagingCluster-EcsCluster-1AAGQRFIOE9AE,Service_beiakklem1vi3j5fejo0,1000,2,0.0501275773,0
1537373340,Prod-EcsStagingCluster-EcsCluster-1AAGQRFIOE9AE,Service_beiakklem1vi3j5fejo0,1000,2,0.0602644240,0
1537360620,Prod-EcsStagingCluster-EcsCluster-1AAGQRFIOE9AE,Service_beiakklem1vi3j5fejo0,1000,2,0.0716927147,0
1537362660,Prod-EcsStagingCluster-EcsCluster-1AAGQRFIOE9AE,Service_beiakklem1vi3j5fejo0,1000,2,0.0704177757,0
1537411500,Prod-EcsStagingCluster-EcsCluster-1AAGQRFIOE9AE,Service_beiakklem1vi3j5fejo0,1000,2,0.0627174494,0
1537424220,Prod-EcsStagingCluster-EcsCluster-1AAGQRFIOE9AE,Service_beiakklem1vi3j5fejo0,1000,2,0.1564297048,0
1537375380,Prod-EcsStagingCluster-EcsCluster-1AAGQRFIOE9AE,Service_beiakklem1vi3j5fejo0,1000,2,0.0518395723,0
1537413540,Prod-EcsStagingCluster-EcsCluster-1AAGQRFIOE9AE,Service_beiakklem1vi3j5fejo0,1000,2,0.0602399431,0
1537360440,Prod-EcsStagingCluster-EcsCluster-1AAGQRFIOE9AE,Service_beiakklem1vi3j5fejo0,1000,2,0.0709050538,0
1537426260,Prod-EcsStagingCluster-EcsCluster-1AAGQRFIOE9AE,Service_beiakklem1vi3j5fejo0,1000,2,0.0500234953,0
1537379520,Prod-EcsStagingCluster-EcsCluster-1AAGQRFIOE9AE,Service_beiakklem1vi3j5fejo0,1000,2,0.0607112943,0
1537373160,Prod-EcsStagingCluster-EcsCluster-1AAGQRFIOE9AE,Service_beiakklem1vi3j5fejo0,1000,2,0.0594746487,0
1537366800,Prod-EcsStagingCluster-EcsCluster-1AAGQRFIOE9AE,Service_beiakklem1vi3j5fejo0,1000,2,0.0667325910,0
1537411320,Prod-EcsStagingCluster-EcsCluster-1AAGQRFIOE9AE,Service_beiakklem1vi3j5fejo0,1000,2,0.0606547929,0
1537417680,Prod-EcsStagingCluster-EcsCluster-1AAGQRFIOE9AE,Service_beiakklem1vi3j5fejo0,1000,2,0.0512650500,0
1537392180,Prod-EcsStagingCluster-EcsCluster-1AAGQRFIOE9AE,Service_beiakklem1vi3j5fejo0,1000,2,0.0583729250,0
1537379460,Prod-EcsStagingCluster-EcsCluster-1AAGQRFIOE9AE,Service_beiakklem1vi3j5fejo0,1000,2,0.0590693359,0
1537424040,Prod-EcsStagingCluster-EcsCluster-1AAGQRFIOE9AE,Service_beiakklem1vi3j5fejo0,1000,2,0.0607515422,0
1537430400,Prod-EcsStagingCluster-EcsCluster-1AAGQRFIOE9AE,Service_beiakklem1vi3j5fejo0,1000,2,0.0598945383,0
1537430340,Prod-EcsStagingCluster-EcsCluster-1AAGQRFIOE9AE,Service_beiakklem1vi3j5fejo0,1000,2,0.0595545314,0
1537345440,Prod-EcsStagingCluster-EcsCluster-1AAGQRFIOE9AE,Service_beiakklem1vi3j5fejo0,1000,2,0.0748193139,0
1537389960,Prod-EcsStagingCluster-EcsCluster-1AAGQRFIOE9AE,Service_beiakklem1vi3j5fejo0,1000,2,0.0583941140,0
1537396320,Prod-EcsStagingCluster-EcsCluster-1AAGQRFIOE9AE,Service_beiakklem1vi3j5fejo0,1000,2,0.0613052615,0
1537377240,Prod-EcsStagingCluster-EcsCluster-1AAGQRFIOE9AE,Service_beiakklem1vi3j5fejo0,1000,2,0.0582250534,0
1537383600,Prod-EcsStagingCluster-EcsCluster-1AAGQRFIOE9AE,Service_beiakklem1vi3j5fejo0,1000,2,0.0579681138,0
1537428120,Prod-EcsStagingCluster-EcsCluster-1AAGQRFIOE9AE,Service_beiakklem1vi3j5fejo0,1000,2,0.0545080182,0
1537360140,Prod-EcsStagingCluster-EcsCluster-1AAGQRFIOE9AE,Service_beiakklem1vi3j5fejo0,1000,2,0.0816130811,0
1537372860,Prod-EcsStagingCluster-EcsCluster-1AAGQRFIOE9AE,Service_beiakklem1vi3j5fejo0,1000,2,0.0599677493,0
1537411020,Prod-EcsStagingCluster-EcsCluster-1AAGQRFIOE9AE,Service_beiakklem1vi3j5fejo0,1000,2,0.0603398989,0
1537423740,Prod-EcsStagingCluster-EcsCluster-1AAGQRFIOE9AE,Service_beiakklem1vi3j5fejo0,1000,2,0.0601612250,0
1537389660,Prod-EcsStagingCluster-EcsCluster-1AAGQRFIOE9AE,Service_beiakklem1vi3j5fejo0,1000,2,0.0618032481,0
1537376940,Prod-EcsStagingCluster-EcsCluster-1AAGQRFIOE9AE,Service_beiakklem1vi3j5fejo0,1000,2,0.0591455817,0
1537407720,Prod-EcsStagingCluster-EcsCluster-1AAGQRFIOE9AE,Service_beiakklem1vi3j5fejo0,1000,2,0.0496575082,0
1537427820,Prod-EcsStagingCluster-EcsCluster-1AAGQRFIOE9AE,Service_beiakklem1vi3j5fejo0,1000,2,0.0485408742,0
1537373640,Prod-EcsStagingCluster-EcsCluster-1AAGQRFIOE9AE,Service_beiakklem1vi3j5fejo0,1000,2,0.0599324752,0
1537360920,Prod-EcsStagingCluster-EcsCluster-1AAGQRFIOE9AE,Service_beiakklem1vi3j5fejo0,1000,2,0.0710957189,0
1537411800,Prod-EcsStagingCluster-EcsCluster-1AAGQRFIOE9AE,Service_beiakklem1vi3j5fejo0,1000,2,0.0686137025,0
1537424520,Prod-EcsStagingCluster-EcsCluster-1AAGQRFIOE9AE,Service_beiakklem1vi3j5fejo0,1000,2,0.0583683270,0
1537380900,Prod-EcsStagingCluster-EcsCluster-1AAGQRFIOE9AE,Service_beiakklem1vi3j5fejo0,1000,2,0.0612660550,0
1537393620,Prod-EcsStagingCluster-EcsCluster-1AAGQRFIOE9AE,Service_beiakklem1vi3j5fejo0,1000,2,0.0464394653,0
1537346820,Prod-EcsStagingCluster-EcsCluster-1AAGQRFIOE9AE,Service_beiakklem1vi3j5fejo0,1000,2,0.0702062410,0
1537359540,Prod-EcsStagingCluster-EcsCluster-1AAGQRFIOE9AE,Service_beiakklem1vi3j5fejo0,1000,2,0.0550271182,0
1537364880,Prod-EcsStagingCluster-EcsCluster-1AAGQRFIOE9AE,Service_beiakklem1vi3j5fejo0,1000,2,0.0566266325,0
1537377600,Prod-EcsStagingCluster-EcsCluster-1AAGQRFIOE9AE,Service_beiakklem1vi3j5fejo0,1000,2,0.0595046927,0
1537415760,Prod-EcsStagingCluster-EcsCluster-1AAGQRFIOE9AE,Service_beiakklem1vi3j5fejo0,1000,2,0.0508615592,0
1537376460,Prod-EcsStagingCluster-EcsCluster-1AAGQRFIOE9AE,Service_beiakklem1vi3j5fejo0,1000,2,0.0614969608,0
1537410420,Prod-EcsStagingCluster-EcsCluster-1AAGQRFIOE9AE,Service_beiakklem1vi3j5fejo0,1000,2,0.0524374608,0
1537397700,Prod-EcsStagingCluster-EcsCluster-1AAGQRFIOE9AE,Service_beiakklem1vi3j5fejo0,1000,2,0.0564987608,0
1537428480,Prod-EcsStagingCluster-EcsCluster-1AAGQRFIOE9AE,Service_beiakklem1vi3j5fejo0,1000,2,0.0482703481,0
1537389180,Prod-EcsStagingCluster-EcsCluster-1AAGQRFIOE9AE,Service_beiakklem1vi3j5fejo0,1000,2,0.0597184635,0
1537427340,Prod-EcsStagingCluster-EcsCluster-1AAGQRFIOE9AE,Service_beiakklem1vi3j5fejo0,1000,2,0.0483335538,0
1537408200,Prod-EcsStagingCluster-EcsCluster-1AAGQRFIOE9AE,Service_beiakklem1vi3j5fejo0,1000,2,0.0516285648,0
1537395480,Prod-EcsStagingCluster-EcsCluster-1AAGQRFIOE9AE,Service_beiakklem1vi3j5fejo0,1000,2,0.0579817143,0
1537355100,Prod-EcsStagingCluster-EcsCluster-1AAGQRFIOE9AE,Service_beiakklem1vi3j5fejo0,1000,2,0.0720085033,0
1537393260,Prod-EcsStagingCluster-EcsCluster-1AAGQRFIOE9AE,Service_beiakklem1vi3j5fejo0,1000,2,0.0584533361,0
1537405980,Prod-EcsStagingCluster-EcsCluster-1AAGQRFIOE9AE,Service_beiakklem1vi3j5fejo0,1000,2,0.0522554407,0
1537361280,Prod-EcsStagingCluster-EcsCluster-1AAGQRFIOE9AE,Service_beiakklem1vi3j5fejo0,1000,2,0.0698381851,0
1537348560,Prod-EcsStagingCluster-EcsCluster-1AAGQRFIOE9AE,Service_beiakklem1vi3j5fejo0,1000,2,0.0726596630,0
1537399440,Prod-EcsStagingCluster-EcsCluster-1AAGQRFIOE9AE,Service_beiakklem1vi3j5fejo0,1000,2,0.0540236688,0
1537412160,Prod-EcsStagingCluster-EcsCluster-1AAGQRFIOE9AE,Service_beiakklem1vi3j5fejo0,1000,2,0.0714229013,0
1537359060,Prod-EcsStagingCluster-EcsCluster-1AAGQRFIOE9AE,Service_beiakklem1vi3j5fejo0,1000,2,0.0700695396,0
1537346340,Prod-EcsStagingCluster-EcsCluster-1AAGQRFIOE9AE,Service_beiakklem1vi3j5fejo0,1000,2,0.0710694713,0
1537397220,Prod-EcsStagingCluster-EcsCluster-1AAGQRFIOE9AE,Service_beiakklem1vi3j5fejo0,1000,2,0.0604854452,0
1537378080,Prod-EcsStagingCluster-EcsCluster-1AAGQRFIOE9AE,Service_beiakklem1vi3j5fejo0,1000,2,0.0597615532,0
1537365360,Prod-EcsStagingCluster-EcsCluster-1AAGQRFIOE9AE,Service_beiakklem1vi3j5fejo0,1000,2,0.0786385323,0
1537409940,Prod-EcsStagingCluster-EcsCluster-1AAGQRFIOE9AE,Service_beiakklem1vi3j5fejo0,1000,2,0.0524609278,0
1537356840,Prod-EcsStagingCluster-EcsCluster-1AAGQRFIOE9AE,Service_beiakklem1vi3j5fejo0,1000,2,0.0701988051,0
1537395000,Prod-EcsStagingCluster-EcsCluster-1AAGQRFIOE9AE,Service_beiakklem1vi3j5fejo0,1000,2,0.0568340649,0
1537428960,Prod-EcsStagingCluster-EcsCluster-1AAGQRFIOE9AE,Service_beiakklem1vi3j5fejo0,1000,2,0.0568044409,0
1537416240,Prod-EcsStagingCluster-EcsCluster-1AAGQRFIOE9AE,Service_beiakklem1vi3j5fejo0,1000,2,0.0499006480,0
1537410720,Prod-EcsStagingCluster-EcsCluster-1AAGQRFIOE9AE,Service_beiakklem1vi3j5fejo0,1000,2,0.0525207385,0
1537401180,Prod-EcsStagingCluster-EcsCluster-1AAGQRFIOE9AE,Service_beiakklem1vi3j5fejo0,1000,2,0.0511944405,0
1537404360,Prod-EcsStagingCluster-EcsCluster-1AAGQRFIOE9AE,Service_beiakklem1vi3j5fejo0,1000,2,0.0603525750,0
1537407540,Prod-EcsStagingCluster-EcsCluster-1AAGQRFIOE9AE,Service_beiakklem1vi3j5fejo0,1000,2,0.0501520986,0
1537368240,Prod-EcsStagingCluster-EcsCluster-1AAGQRFIOE9AE,Service_beiakklem1vi3j5fejo0,1000,2,0.0664017202,0
1537358700,Prod-EcsStagingCluster-EcsCluster-1AAGQRFIOE9AE,Service_beiakklem1vi3j5fejo0,1000,2,0.0702041830,0
1537361880,Prod-EcsStagingCluster-EcsCluster-1AAGQRFIOE9AE,Service_beiakklem1vi3j5fejo0,1000,2,0.0710906209,0
1537365060,Prod-EcsStagingCluster-EcsCluster-1AAGQRFIOE9AE,Service_beiakklem1vi3j5fejo0,1000,2,0.0494694489,0
1537426620,Prod-EcsStagingCluster-EcsCluster-1AAGQRFIOE9AE,Service_beiakklem1vi3j5fejo0,1000,2,0.0482015089,0
1537429800,Prod-EcsStagingCluster-EcsCluster-1AAGQRFIOE9AE,Service_beiakklem1vi3j5fejo0,1000,2,0.0582316546,0
1537393680,Prod-EcsStagingCluster-EcsCluster-1AAGQRFIOE9AE,Service_beiakklem1vi3j5fejo0,1000,2,0.0465987461,0
1537384140,Prod-EcsStagingCluster-EcsCluster-1AAGQRFIOE9AE,Service_beiakklem1vi3j5fejo0,1000,2,0.0571711411,0
1537387320,Prod-EcsStagingCluster-EcsCluster-1AAGQRFIOE9AE,Service_beiakklem1vi3j5fejo0,1000,2,0.0470053098,0
1537390500,Prod-EcsStagingCluster-EcsCluster-1AAGQRFIOE9AE,Service_beiakklem1vi3j5fejo0,1000,2,0.0667269380,0
1537358460,Prod-EcsStagingCluster-EcsCluster-1AAGQRFIOE9AE,Service_beiakklem1vi3j5fejo0,1000,2,0.0703030624,0
1537361640,Prod-EcsStagingCluster-EcsCluster-1AAGQRFIOE9AE,Service_beiakklem1vi3j5fejo0,1000,2,0.0710936096,0
1537364820,Prod-EcsStagingCluster-EcsCluster-1AAGQRFIOE9AE,Service_beiakklem1vi3j5fejo0,1000,2,0.0668352752,0
1537368000,Prod-EcsStagingCluster-EcsCluster-1AAGQRFIOE9AE,Service_beiakklem1vi3j5fejo0,1000,2,0.0670471964,0
1537368960,Prod-EcsStagingCluster-EcsCluster-1AAGQRFIOE9AE,Service_beiakklem1vi3j5fejo0,1000,2,0.0674728340,0
1537362600,Prod-EcsStagingCluster-EcsCluster-1AAGQRFIOE9AE,Service_beiakklem1vi3j5fejo0,1000,2,0.0704479246,0
1537417740,Prod-EcsStagingCluster-EcsCluster-1AAGQRFIOE9AE,Service_beiakklem1vi3j5fejo0,1000,2,0.0512427382,0
1537392300,Prod-EcsStagingCluster-EcsCluster-1AAGQRFIOE9AE,Service_beiakklem1vi3j5fejo0,1000,2,0.0582308809,0
1537398660,Prod-EcsStagingCluster-EcsCluster-1AAGQRFIOE9AE,Service_beiakklem1vi3j5fejo0,1000,2,0.0481608033,0
1537424100,Prod-EcsStagingCluster-EcsCluster-1AAGQRFIOE9AE,Service_beiakklem1vi3j5fejo0,1000,2,0.0454039418,0
1537396440,Prod-EcsStagingCluster-EcsCluster-1AAGQRFIOE9AE,Service_beiakklem1vi3j5fejo0,1000,2,0.0616547417,0
1537402800,Prod-EcsStagingCluster-EcsCluster-1AAGQRFIOE9AE,Service_beiakklem1vi3j5fejo0,1000,2,0.0714475638,0
1537421880,Prod-EcsStagingCluster-EcsCluster-1AAGQRFIOE9AE,Service_beiakklem1vi3j5fejo0,1000,2,0.0398244267,0
1537428240,Prod-EcsStagingCluster-EcsCluster-1AAGQRFIOE9AE,Service_beiakklem1vi3j5fejo0,1000,2,0.0365297110,0
1537372980,Prod-EcsStagingCluster-EcsCluster-1AAGQRFIOE9AE,Service_beiakklem1vi3j5fejo0,1000,2,0.0606610469,0
1537366620,Prod-EcsStagingCluster-EcsCluster-1AAGQRFIOE9AE,Service_beiakklem1vi3j5fejo0,1000,2,0.0663764896,0
1537398420,Prod-EcsStagingCluster-EcsCluster-1AAGQRFIOE9AE,Service_beiakklem1vi3j5fejo0,1000,2,0.0572477110,0
1537392060,Prod-EcsStagingCluster-EcsCluster-1AAGQRFIOE9AE,Service_beiakklem1vi3j5fejo0,1000,2,0.0584352955,0
1537355940,Prod-EcsStagingCluster-EcsCluster-1AAGQRFIOE9AE,Service_beiakklem1vi3j5fejo0,1000,2,0.0713087981,0
1537349580,Prod-EcsStagingCluster-EcsCluster-1AAGQRFIOE9AE,Service_beiakklem1vi3j5fejo0,1000,2,0.0716896065,0
1537370760,Prod-EcsStagingCluster-EcsCluster-1AAGQRFIOE9AE,Service_beiakklem1vi3j5fejo0,1000,2,0.0673435785,0
1537377120,Prod-EcsStagingCluster-EcsCluster-1AAGQRFIOE9AE,Service_beiakklem1vi3j5fejo0,1000,2,0.0575337694,0
1537396200,Prod-EcsStagingCluster-EcsCluster-1AAGQRFIOE9AE,Service_beiakklem1vi3j5fejo0,1000,2,0.0609151694,0
1537402560,Prod-EcsStagingCluster-EcsCluster-1AAGQRFIOE9AE,Service_beiakklem1vi3j5fejo0,1000,2,0.0732165988,0
1537425900,Prod-EcsStagingCluster-EcsCluster-1AAGQRFIOE9AE,Service_beiakklem1vi3j5fejo0,1000,2,0.0492408956,0
1537353720,Prod-EcsStagingCluster-EcsCluster-1AAGQRFIOE9AE,Service_beiakklem1vi3j5fejo0,1000,2,0.0620943889,0
1537360080,Prod-EcsStagingCluster-EcsCluster-1AAGQRFIOE9AE,Service_beiakklem1vi3j5fejo0,1000,2,0.0720076319,0
1537430040,Prod-EcsStagingCluster-EcsCluster-1AAGQRFIOE9AE,Service_beiakklem1vi3j5fejo0,1000,2,0.0617169249,0
1537409760,Prod-EcsStagingCluster-EcsCluster-1AAGQRFIOE9AE,Service_beiakklem1vi3j5fejo0,1000,2,0.0535995304,0
1537400220,Prod-EcsStagingCluster-EcsCluster-1AAGQRFIOE9AE,Service_beiakklem1vi3j5fejo0,1000,2,0.0492600907,0
1537431000,Prod-EcsStagingCluster-EcsCluster-1AAGQRFIOE9AE,Service_beiakklem1vi3j5fejo0,1000,2,0.0651098717,0
1537367280,Prod-EcsStagingCluster-EcsCluster-1AAGQRFIOE9AE,Service_beiakklem1vi3j5fejo0,1000,2,0.0665656187,0
1537357740,Prod-EcsStagingCluster-EcsCluster-1AAGQRFIOE9AE,Service_beiakklem1vi3j5fejo0,1000,2,0.0607262867,0
1537425660,Prod-EcsStagingCluster-EcsCluster-1AAGQRFIOE9AE,Service_beiakklem1vi3j5fejo0,1000,2,0.0490644930,0
1537392720,Prod-EcsStagingCluster-EcsCluster-1AAGQRFIOE9AE,Service_beiakklem1vi3j5fejo0,1000,2,0.0581060373,0
1537383180,Prod-EcsStagingCluster-EcsCluster-1AAGQRFIOE9AE,Service_beiakklem1vi3j5fejo0,1000,2,0.0612531975,0
1537408500,Prod-EcsStagingCluster-EcsCluster-1AAGQRFIOE9AE,Service_beiakklem1vi3j5fejo0,1000,2,0.0506429195,0
1537405320,Prod-EcsStagingCluster-EcsCluster-1AAGQRFIOE9AE,Service_beiakklem1vi3j5fejo0,1000,2,0.0571875630,0
1537366020,Prod-EcsStagingCluster-EcsCluster-1AAGQRFIOE9AE,Service_beiakklem1vi3j5fejo0,1000,2,0.0567778408,0
1537362840,Prod-EcsStagingCluster-EcsCluster-1AAGQRFIOE9AE,Service_beiakklem1vi3j5fejo0,1000,2,0.0706913544,0
1537430760,Prod-EcsStagingCluster-EcsCluster-1AAGQRFIOE9AE,Service_beiakklem1vi3j5fejo0,1000,2,0.0567152329,0
1537357500,Prod-EcsStagingCluster-EcsCluster-1AAGQRFIOE9AE,Service_beiakklem1vi3j5fejo0,1000,2,0.0607357009,0
1537367040,Prod-EcsStagingCluster-EcsCluster-1AAGQRFIOE9AE,Service_beiakklem1vi3j5fejo0,1000,2,0.0662221353,0
1537388280,Prod-EcsStagingCluster-EcsCluster-1AAGQRFIOE9AE,Service_beiakklem1vi3j5fejo0,1000,2,0.0605313984,0
1537391460,Prod-EcsStagingCluster-EcsCluster-1AAGQRFIOE9AE,Service_beiakklem1vi3j5fejo0,1000,2,0.0780445300,0
1537391340,Prod-EcsStagingCluster-EcsCluster-1AAGQRFIOE9AE,Service_beiakklem1vi3j5fejo0,1000,2,0.0583976465,0
1537416780,Prod-EcsStagingCluster-EcsCluster-1AAGQRFIOE9AE,Service_beiakklem1vi3j5fejo0,1000,2,0.0521554341,0
1537400880,Prod-EcsStagingCluster-EcsCluster-1AAGQRFIOE9AE,Service_beiakklem1vi3j5fejo0,1000,2,0.0565238901,0
1537426320,Prod-EcsStagingCluster-EcsCluster-1AAGQRFIOE9AE,Service_beiakklem1vi3j5fejo0,1000,2,0.0476048155,0
1537365780,Prod-EcsStagingCluster-EcsCluster-1AAGQRFIOE9AE,Service_beiakklem1vi3j5fejo0,1000,2,0.0469724852,0
1537401840,Prod-EcsStagingCluster-EcsCluster-1AAGQRFIOE9AE,Service_beiakklem1vi3j5fejo0,1000,2,0.0613503440,0
1537427280,Prod-EcsStagingCluster-EcsCluster-1AAGQRFIOE9AE,Service_beiakklem1vi3j5fejo0,1000,2,0.0488013531,0
1537363560,Prod-EcsStagingCluster-EcsCluster-1AAGQRFIOE9AE,Service_beiakklem1vi3j5fejo0,1000,2,0.0608118887,0
1537365660,Prod-EcsStagingCluster-EcsCluster-1AAGQRFIOE9AE,Service_beiakklem1vi3j5fejo0,1000,2,0.0471244739,0
1537399620,Prod-EcsStagingCluster-EcsCluster-1AAGQRFIOE9AE,Service_beiakklem1vi3j5fejo0,1000,2,0.0493794594,0
1537391100,Prod-EcsStagingCluster-EcsCluster-1AAGQRFIOE9AE,Service_beiakklem1vi3j5fejo0,1000,2,0.0567894056,0
1537425060,Prod-EcsStagingCluster-EcsCluster-1AAGQRFIOE9AE,Service_beiakklem1vi3j5fejo0,1000,2,0.0508692552,0
1537348620,Prod-EcsStagingCluster-EcsCluster-1AAGQRFIOE9AE,Service_beiakklem1vi3j5fejo0,1000,2,0.0728721801,0
1537376160,Prod-EcsStagingCluster-EcsCluster-1AAGQRFIOE9AE,Service_beiakklem1vi3j5fejo0,1000,2,0.0594821862,0
1537397400,Prod-EcsStagingCluster-EcsCluster-1AAGQRFIOE9AE,Service_beiakklem1vi3j5fejo0,1000,2,0.0594126587,0
1537401600,Prod-EcsStagingCluster-EcsCluster-1AAGQRFIOE9AE,Service_beiakklem1vi3j5fejo0,1000,2,0.0613841209,0
1537424940,Prod-EcsStagingCluster-EcsCluster-1AAGQRFIOE9AE,Service_beiakklem1vi3j5fejo0,1000,2,0.0475643937,0
1537422840,Prod-EcsStagingCluster-EcsCluster-1AAGQRFIOE9AE,Service_beiakklem1vi3j5fejo0,1000,2,0.0611554566,0
1537359120,Prod-EcsStagingCluster-EcsCluster-1AAGQRFIOE9AE,Service_beiakklem1vi3j5fejo0,1000,2,0.0704180271,0
1537373940,Prod-EcsStagingCluster-EcsCluster-1AAGQRFIOE9AE,Service_beiakklem1vi3j5fejo0,1000,2,0.0616990048,0
1537399380,Prod-EcsStagingCluster-EcsCluster-1AAGQRFIOE9AE,Service_beiakklem1vi3j5fejo0,1000,2,0.0509319303,0
1537356900,Prod-EcsStagingCluster-EcsCluster-1AAGQRFIOE9AE,Service_beiakklem1vi3j5fejo0,1000,2,0.0712557339,0
1537371720,Prod-EcsStagingCluster-EcsCluster-1AAGQRFIOE9AE,Service_beiakklem1vi3j5fejo0,1000,2,0.0664483027,0
1537397160,Prod-EcsStagingCluster-EcsCluster-1AAGQRFIOE9AE,Service_beiakklem1vi3j5fejo0,1000,2,0.0594234414,0
1537354680,Prod-EcsStagingCluster-EcsCluster-1AAGQRFIOE9AE,Service_beiakklem1vi3j5fejo0,1000,2,0.0703650407,0
1537399260,Prod-EcsStagingCluster-EcsCluster-1AAGQRFIOE9AE,Service_beiakklem1vi3j5fejo0,1000,2,0.0518381589,0
1537369500,Prod-EcsStagingCluster-EcsCluster-1AAGQRFIOE9AE,Service_beiakklem1vi3j5fejo0,1000,2,0.0570834597,0
1537356780,Prod-EcsStagingCluster-EcsCluster-1AAGQRFIOE9AE,Service_beiakklem1vi3j5fejo0,1000,2,0.0709818978,0
1537427880,Prod-EcsStagingCluster-EcsCluster-1AAGQRFIOE9AE,Service_beiakklem1vi3j5fejo0,1000,2,0.0487477111,0
1537431060,Prod-EcsStagingCluster-EcsCluster-1AAGQRFIOE9AE,Service_beiakklem1vi3j5fejo0,1000,2,0.0563134287,0
1537394940,Prod-EcsStagingCluster-EcsCluster-1AAGQRFIOE9AE,Service_beiakklem1vi3j5fejo0,1000,2,0.0544537920,0
1537382220,Prod-EcsStagingCluster-EcsCluster-1AAGQRFIOE9AE,Service_beiakklem1vi3j5fejo0,1000,2,0.0753694156,0
1537355640,Prod-EcsStagingCluster-EcsCluster-1AAGQRFIOE9AE,Service_beiakklem1vi3j5fejo0,1000,2,0.0813540138,0
1537358820,Prod-EcsStagingCluster-EcsCluster-1AAGQRFIOE9AE,Service_beiakklem1vi3j5fejo0,1000,2,0.0704351058,0
1537362000,Prod-EcsStagingCluster-EcsCluster-1AAGQRFIOE9AE,Service_beiakklem1vi3j5fejo0,1000,2,0.0723986478,0
1537359720,Prod-EcsStagingCluster-EcsCluster-1AAGQRFIOE9AE,Service_beiakklem1vi3j5fejo0,1000,2,0.0613980859,0
1537362900,Prod-EcsStagingCluster-EcsCluster-1AAGQRFIOE9AE,Service_beiakklem1vi3j5fejo0,1000,2,0.0716405792,0
1537366080,Prod-EcsStagingCluster-EcsCluster-1AAGQRFIOE9AE,Service_beiakklem1vi3j5fejo0,1000,2,0.0484319856,0
1537390380,Prod-EcsStagingCluster-EcsCluster-1AAGQRFIOE9AE,Service_beiakklem1vi3j5fejo0,1000,2,0.0607907155,0
1537415820,Prod-EcsStagingCluster-EcsCluster-1AAGQRFIOE9AE,Service_beiakklem1vi3j5fejo0,1000,2,0.0503509202,0
1537403100,Prod-EcsStagingCluster-EcsCluster-1AAGQRFIOE9AE,Service_beiakklem1vi3j5fejo0,1000,2,0.0769451054,0
1537366980,Prod-EcsStagingCluster-EcsCluster-1AAGQRFIOE9AE,Service_beiakklem1vi3j5fejo0,1000,2,0.0666320674,0
1537370160,Prod-EcsStagingCluster-EcsCluster-1AAGQRFIOE9AE,Service_beiakklem1vi3j5fejo0,1000,2,0.0657621425,0
1537363800,Prod-EcsStagingCluster-EcsCluster-1AAGQRFIOE9AE,Service_beiakklem1vi3j5fejo0,1000,2,0.0697108118,0
1537428540,Prod-EcsStagingCluster-EcsCluster-1AAGQRFIOE9AE,Service_beiakklem1vi3j5fejo0,1000,2,0.0480877228,0
1537392420,Prod-EcsStagingCluster-EcsCluster-1AAGQRFIOE9AE,Service_beiakklem1vi3j5fejo0,1000,2,0.0591983062,0
1537395600,Prod-EcsStagingCluster-EcsCluster-1AAGQRFIOE9AE,Service_beiakklem1vi3j5fejo0,1000,2,0.0581530060,0
1537389240,Prod-EcsStagingCluster-EcsCluster-1AAGQRFIOE9AE,Service_beiakklem1vi3j5fejo0,1000,2,0.0616246933,0
1537396560,Prod-EcsStagingCluster-EcsCluster-1AAGQRFIOE9AE,Service_beiakklem1vi3j5fejo0,1000,2,0.0482991992,0
1537390200,Prod-EcsStagingCluster-EcsCluster-1AAGQRFIOE9AE,Service_beiakklem1vi3j5fejo0,1000,2,0.0626281555,0
1537371060,Prod-EcsStagingCluster-EcsCluster-1AAGQRFIOE9AE,Service_beiakklem1vi3j5fejo0,1000,2,0.0582312369,0
1537396500,Prod-EcsStagingCluster-EcsCluster-1AAGQRFIOE9AE,Service_beiakklem1vi3j5fejo0,1000,2,0.0626307605,0
1537360380,Prod-EcsStagingCluster-EcsCluster-1AAGQRFIOE9AE,Service_beiakklem1vi3j5fejo0,1000,2,0.0705343778,0
1537347660,Prod-EcsStagingCluster-EcsCluster-1AAGQRFIOE9AE,Service_beiakklem1vi3j5fejo0,1000,2,0.0635516289,0
1537375200,Prod-EcsStagingCluster-EcsCluster-1AAGQRFIOE9AE,Service_beiakklem1vi3j5fejo0,1000,2,0.0502856212,0
1537368840,Prod-EcsStagingCluster-EcsCluster-1AAGQRFIOE9AE,Service_beiakklem1vi3j5fejo0,1000,2,0.0670303216,0
1537400640,Prod-EcsStagingCluster-EcsCluster-1AAGQRFIOE9AE,Service_beiakklem1vi3j5fejo0,1000,2,0.0525684805,0
1537423980,Prod-EcsStagingCluster-EcsCluster-1AAGQRFIOE9AE,Service_beiakklem1vi3j5fejo0,1000,2,0.0724414239,0
1537394280,Prod-EcsStagingCluster-EcsCluster-1AAGQRFIOE9AE,Service_beiakklem1vi3j5fejo0,1000,2,0.0559325280,0
1537400580,Prod-EcsStagingCluster-EcsCluster-1AAGQRFIOE9AE,Service_beiakklem1vi3j5fejo0,1000,2,0.0516239938,0
1537426020,Prod-EcsStagingCluster-EcsCluster-1AAGQRFIOE9AE,Service_beiakklem1vi3j5fejo0,1000,2,0.0496758145,0
1537404720,Prod-EcsStagingCluster-EcsCluster-1AAGQRFIOE9AE,Service_beiakklem1vi3j5fejo0,1000,2,0.0589220321,0
1537398360,Prod-EcsStagingCluster-EcsCluster-1AAGQRFIOE9AE,Service_beiakklem1vi3j5fejo0,1000,2,0.0590143611,0
1537423800,Prod-EcsStagingCluster-EcsCluster-1AAGQRFIOE9AE,Service_beiakklem1vi3j5fejo0,1000,2,0.0595501553,0
1537430160,Prod-EcsStagingCluster-EcsCluster-1AAGQRFIOE9AE,Service_beiakklem1vi3j5fejo0,1000,2,0.0590003545,0
1537404660,Prod-EcsStagingCluster-EcsCluster-1AAGQRFIOE9AE,Service_beiakklem1vi3j5fejo0,1000,2,0.0581972897,0
1537355820,Prod-EcsStagingCluster-EcsCluster-1AAGQRFIOE9AE,Service_beiakklem1vi3j5fejo0,1000,2,0.0699485967,0
1537368540,Prod-EcsStagingCluster-EcsCluster-1AAGQRFIOE9AE,Service_beiakklem1vi3j5fejo0,1000,2,0.0682771864,0
1537430100,Prod-EcsStagingCluster-EcsCluster-1AAGQRFIOE9AE,Service_beiakklem1vi3j5fejo0,1000,2,0.0612027878,0
1537381260,Prod-EcsStagingCluster-EcsCluster-1AAGQRFIOE9AE,Service_beiakklem1vi3j5fejo0,1000,2,0.0612063913,0
1537393980,Prod-EcsStagingCluster-EcsCluster-1AAGQRFIOE9AE,Service_beiakklem1vi3j5fejo0,1000,2,0.0562988269,0
1537357860,Prod-EcsStagingCluster-EcsCluster-1AAGQRFIOE9AE,Service_beiakklem1vi3j5fejo0,1000,2,0.1259094945,0
1537402440,Prod-EcsStagingCluster-EcsCluster-1AAGQRFIOE9AE,Service_beiakklem1vi3j5fejo0,1000,2,0.0690484659,0
1537408800,Prod-EcsStagingCluster-EcsCluster-1AAGQRFIOE9AE,Service_beiakklem1vi3j5fejo0,1000,2,0.0507983727,0
1537403400,Prod-EcsStagingCluster-EcsCluster-1AAGQRFIOE9AE,Service_beiakklem1vi3j5fejo0,1000,2,0.0718281059,0
1537406580,Prod-EcsStagingCluster-EcsCluster-1AAGQRFIOE9AE,Service_beiakklem1vi3j5fejo0,1000,2,0.0503024707,0
1537428840,Prod-EcsStagingCluster-EcsCluster-1AAGQRFIOE9AE,Service_beiakklem1vi3j5fejo0,1000,2,0.0489560910,0
1537365120,Prod-EcsStagingCluster-EcsCluster-1AAGQRFIOE9AE,Service_beiakklem1vi3j5fejo0,1000,2,0.0492151256,0
1537359780,Prod-EcsStagingCluster-EcsCluster-1AAGQRFIOE9AE,Service_beiakklem1vi3j5fejo0,1000,2,0.0618061291,0
1537356600,Prod-EcsStagingCluster-EcsCluster-1AAGQRFIOE9AE,Service_beiakklem1vi3j5fejo0,1000,2,0.0666611862,0
1537389420,Prod-EcsStagingCluster-EcsCluster-1AAGQRFIOE9AE,Service_beiakklem1vi3j5fejo0,1000,2,0.0589081384,0
1537414860,Prod-EcsStagingCluster-EcsCluster-1AAGQRFIOE9AE,Service_beiakklem1vi3j5fejo0,1000,2,0.0583435504,0
1537402140,Prod-EcsStagingCluster-EcsCluster-1AAGQRFIOE9AE,Service_beiakklem1vi3j5fejo0,1000,2,0.0699587311,0
1537369200,Prod-EcsStagingCluster-EcsCluster-1AAGQRFIOE9AE,Service_beiakklem1vi3j5fejo0,1000,2,0.0670400286,0
1537427580,Prod-EcsStagingCluster-EcsCluster-1AAGQRFIOE9AE,Service_beiakklem1vi3j5fejo0,1000,2,0.0497823395,0
1537360680,Prod-EcsStagingCluster-EcsCluster-1AAGQRFIOE9AE,Service_beiakklem1vi3j5fejo0,1000,2,0.0720897181,0
1537363860,Prod-EcsStagingCluster-EcsCluster-1AAGQRFIOE9AE,Service_beiakklem1vi3j5fejo0,1000,2,0.0698825219,0
1537394640,Prod-EcsStagingCluster-EcsCluster-1AAGQRFIOE9AE,Service_beiakklem1vi3j5fejo0,1000,2,0.0557200979,0
1537373280,Prod-EcsStagingCluster-EcsCluster-1AAGQRFIOE9AE,Service_beiakklem1vi3j5fejo0,1000,2,0.0587282407,0
1537367940,Prod-EcsStagingCluster-EcsCluster-1AAGQRFIOE9AE,Service_beiakklem1vi3j5fejo0,1000,2,0.0618062549,0
1537398720,Prod-EcsStagingCluster-EcsCluster-1AAGQRFIOE9AE,Service_beiakklem1vi3j5fejo0,1000,2,0.0481747283,0
1537364760,Prod-EcsStagingCluster-EcsCluster-1AAGQRFIOE9AE,Service_beiakklem1vi3j5fejo0,1000,2,0.0665998297,0
1537359420,Prod-EcsStagingCluster-EcsCluster-1AAGQRFIOE9AE,Service_beiakklem1vi3j5fejo0,1000,2,0.0623295773,0
1537393380,Prod-EcsStagingCluster-EcsCluster-1AAGQRFIOE9AE,Service_beiakklem1vi3j5fejo0,1000,2,0.0575763264,0
1537346700,Prod-EcsStagingCluster-EcsCluster-1AAGQRFIOE9AE,Service_beiakklem1vi3j5fejo0,1000,2,0.0707464052,0
1537374240,Prod-EcsStagingCluster-EcsCluster-1AAGQRFIOE9AE,Service_beiakklem1vi3j5fejo0,1000,2,0.0609968524,0
1537365720,Prod-EcsStagingCluster-EcsCluster-1AAGQRFIOE9AE,Service_beiakklem1vi3j5fejo0,1000,2,0.0468796482,0
1537399680,Prod-EcsStagingCluster-EcsCluster-1AAGQRFIOE9AE,Service_beiakklem1vi3j5fejo0,1000,2,0.0505394738,0
1537423020,Prod-EcsStagingCluster-EcsCluster-1AAGQRFIOE9AE,Service_beiakklem1vi3j5fejo0,1000,2,0.0368029711,0
1537391160,Prod-EcsStagingCluster-EcsCluster-1AAGQRFIOE9AE,Service_beiakklem1vi3j5fejo0,1000,2,0.0575298223,0
1537372020,Prod-EcsStagingCluster-EcsCluster-1AAGQRFIOE9AE,Service_beiakklem1vi3j5fejo0,1000,2,0.0667899873,0
1537397460,Prod-EcsStagingCluster-EcsCluster-1AAGQRFIOE9AE,Service_beiakklem1vi3j5fejo0,1000,2,0.0584154962,0
1537369800,Prod-EcsStagingCluster-EcsCluster-1AAGQRFIOE9AE,Service_beiakklem1vi3j5fejo0,1000,2,0.0564873763,0
1537403760,Prod-EcsStagingCluster-EcsCluster-1AAGQRFIOE9AE,Service_beiakklem1vi3j5fejo0,1000,2,0.0618760842,0
1537395240,Prod-EcsStagingCluster-EcsCluster-1AAGQRFIOE9AE,Service_beiakklem1vi3j5fejo0,1000,2,0.0539317010,0
1537429200,Prod-EcsStagingCluster-EcsCluster-1AAGQRFIOE9AE,Service_beiakklem1vi3j5fejo0,1000,2,0.0574975267,0
1537380300,Prod-EcsStagingCluster-EcsCluster-1AAGQRFIOE9AE,Service_beiakklem1vi3j5fejo0,1000,2,0.0723841544,0
1537354860,Prod-EcsStagingCluster-EcsCluster-1AAGQRFIOE9AE,Service_beiakklem1vi3j5fejo0,1000,2,0.0724395605,0
1537367580,Prod-EcsStagingCluster-EcsCluster-1AAGQRFIOE9AE,Service_beiakklem1vi3j5fejo0,1000,2,0.0641424828,0
1537401540,Prod-EcsStagingCluster-EcsCluster-1AAGQRFIOE9AE,Service_beiakklem1vi3j5fejo0,1000,2,0.0500283374,0
1537393020,Prod-EcsStagingCluster-EcsCluster-1AAGQRFIOE9AE,Service_beiakklem1vi3j5fejo0,1000,2,0.0591853941,0
1537426980,Prod-EcsStagingCluster-EcsCluster-1AAGQRFIOE9AE,Service_beiakklem1vi3j5fejo0,1000,2,0.0493336610,0
1537407840,Prod-EcsStagingCluster-EcsCluster-1AAGQRFIOE9AE,Service_beiakklem1vi3j5fejo0,1000,2,0.0515589821,0
1537399320,Prod-EcsStagingCluster-EcsCluster-1AAGQRFIOE9AE,Service_beiakklem1vi3j5fejo0,1000,2,0.0523038940,0
1537424760,Prod-EcsStagingCluster-EcsCluster-1AAGQRFIOE9AE,Service_beiakklem1vi3j5fejo0,1000,2,0.0473294602,0
1537361040,Prod-EcsStagingCluster-EcsCluster-1AAGQRFIOE9AE,Service_beiakklem1vi3j5fejo0,1000,2,0.0711377442,0
1537405620,Prod-EcsStagingCluster-EcsCluster-1AAGQRFIOE9AE,Service_beiakklem1vi3j5fejo0,1000,2,0.0506704841,0
1537406640,Prod-EcsStagingCluster-EcsCluster-1AAGQRFIOE9AE,Service_beiakklem1vi3j5fejo0,1000,2,0.0502746181,0
1537400280,Prod-EcsStagingCluster-EcsCluster-1AAGQRFIOE9AE,Service_beiakklem1vi3j5fejo0,1000,2,0.0499689207,0
1537403460,Prod-EcsStagingCluster-EcsCluster-1AAGQRFIOE9AE,Service_beiakklem1vi3j5fejo0,1000,2,0.0749067178,0
1537422540,Prod-EcsStagingCluster-EcsCluster-1AAGQRFIOE9AE,Service_beiakklem1vi3j5fejo0,1000,2,0.0594198270,0
1537430940,Prod-EcsStagingCluster-EcsCluster-1AAGQRFIOE9AE,Service_beiakklem1vi3j5fejo0,1000,2,0.0569734904,0
1537388460,Prod-EcsStagingCluster-EcsCluster-1AAGQRFIOE9AE,Service_beiakklem1vi3j5fejo0,1000,2,0.0586773035,0
1537417080,Prod-EcsStagingCluster-EcsCluster-1AAGQRFIOE9AE,Service_beiakklem1vi3j5fejo0,1000,2,0.0542522867,0
1537420260,Prod-EcsStagingCluster-EcsCluster-1AAGQRFIOE9AE,Service_beiakklem1vi3j5fejo0,1000,2,0.0637742325,0
1537423440,Prod-EcsStagingCluster-EcsCluster-1AAGQRFIOE9AE,Service_beiakklem1vi3j5fejo0,1000,2,0.0591905262,0
1537396860,Prod-EcsStagingCluster-EcsCluster-1AAGQRFIOE9AE,Service_beiakklem1vi3j5fejo0,1000,2,0.0555347772,0
1537400040,Prod-EcsStagingCluster-EcsCluster-1AAGQRFIOE9AE,Service_beiakklem1vi3j5fejo0,1000,2,0.0549410274,0
1537403220,Prod-EcsStagingCluster-EcsCluster-1AAGQRFIOE9AE,Service_beiakklem1vi3j5fejo0,1000,2,0.0744067828,0
1537406400,Prod-EcsStagingCluster-EcsCluster-1AAGQRFIOE9AE,Service_beiakklem1vi3j5fejo0,1000,2,0.0507818710,0
1537354380,Prod-EcsStagingCluster-EcsCluster-1AAGQRFIOE9AE,Service_beiakklem1vi3j5fejo0,1000,2,0.0715276575,0
1537372320,Prod-EcsStagingCluster-EcsCluster-1AAGQRFIOE9AE,Service_beiakklem1vi3j5fejo0,1000,2,0.0587931765,0
1537362780,Prod-EcsStagingCluster-EcsCluster-1AAGQRFIOE9AE,Service_beiakklem1vi3j5fejo0,1000,2,0.0714001343,0
1537365960,Prod-EcsStagingCluster-EcsCluster-1AAGQRFIOE9AE,Service_beiakklem1vi3j5fejo0,1000,2,0.0566185484,0
1537369140,Prod-EcsStagingCluster-EcsCluster-1AAGQRFIOE9AE,Service_beiakklem1vi3j5fejo0,1000,2,0.0656584041,0
1537355280,Prod-EcsStagingCluster-EcsCluster-1AAGQRFIOE9AE,Service_beiakklem1vi3j5fejo0,1000,2,0.0710786983,0
1537348920,Prod-EcsStagingCluster-EcsCluster-1AAGQRFIOE9AE,Service_beiakklem1vi3j5fejo0,1000,2,0.0726014533,0
1537352100,Prod-EcsStagingCluster-EcsCluster-1AAGQRFIOE9AE,Service_beiakklem1vi3j5fejo0,1000,2,0.0717780448,0
1537422060,Prod-EcsStagingCluster-EcsCluster-1AAGQRFIOE9AE,Service_beiakklem1vi3j5fejo0,1000,2,0.0604481087,0
1537356240,Prod-EcsStagingCluster-EcsCluster-1AAGQRFIOE9AE,Service_beiakklem1vi3j5fejo0,1000,2,0.0701807899,0
1537349880,Prod-EcsStagingCluster-EcsCluster-1AAGQRFIOE9AE,Service_beiakklem1vi3j5fejo0,1000,2,0.0720870894,0
1537368900,Prod-EcsStagingCluster-EcsCluster-1AAGQRFIOE9AE,Service_beiakklem1vi3j5fejo0,1000,2,0.0679721331,0
1537430460,Prod-EcsStagingCluster-EcsCluster-1AAGQRFIOE9AE,Service_beiakklem1vi3j5fejo0,1000,2,0.0586728491,0
1537387980,Prod-EcsStagingCluster-EcsCluster-1AAGQRFIOE9AE,Service_beiakklem1vi3j5fejo0,1000,2,0.0583199864,0
1537366680,Prod-EcsStagingCluster-EcsCluster-1AAGQRFIOE9AE,Service_beiakklem1vi3j5fejo0,1000,2,0.0661558092,0
1537373040,Prod-EcsStagingCluster-EcsCluster-1AAGQRFIOE9AE,Service_beiakklem1vi3j5fejo0,1000,2,0.0597983530,0
1537396380,Prod-EcsStagingCluster-EcsCluster-1AAGQRFIOE9AE,Service_beiakklem1vi3j5fejo0,1000,2,0.0617404910,0
1537353900,Prod-EcsStagingCluster-EcsCluster-1AAGQRFIOE9AE,Service_beiakklem1vi3j5fejo0,1000,2,0.0622787891,0
1537402740,Prod-EcsStagingCluster-EcsCluster-1AAGQRFIOE9AE,Service_beiakklem1vi3j5fejo0,1000,2,0.0698766908,0
1537385700,Prod-EcsStagingCluster-EcsCluster-1AAGQRFIOE9AE,Service_beiakklem1vi3j5fejo0,1000,2,0.0573238438,0
1537362300,Prod-EcsStagingCluster-EcsCluster-1AAGQRFIOE9AE,Service_beiakklem1vi3j5fejo0,1000,2,0.0714940532,0
1537400520,Prod-EcsStagingCluster-EcsCluster-1AAGQRFIOE9AE,Service_beiakklem1vi3j5fejo0,1000,2,0.0539180457,0
1537406880,Prod-EcsStagingCluster-EcsCluster-1AAGQRFIOE9AE,Service_beiakklem1vi3j5fejo0,1000,2,0.0518259842,0
1537368660,Prod-EcsStagingCluster-EcsCluster-1AAGQRFIOE9AE,Service_beiakklem1vi3j5fejo0,1000,2,0.0673546688,0
1537383480,Prod-EcsStagingCluster-EcsCluster-1AAGQRFIOE9AE,Service_beiakklem1vi3j5fejo0,1000,2,0.0581637538,0
1537389840,Prod-EcsStagingCluster-EcsCluster-1AAGQRFIOE9AE,Service_beiakklem1vi3j5fejo0,1000,2,0.0594882850,0
1537366440,Prod-EcsStagingCluster-EcsCluster-1AAGQRFIOE9AE,Service_beiakklem1vi3j5fejo0,1000,2,0.0671474215,0
1537372800,Prod-EcsStagingCluster-EcsCluster-1AAGQRFIOE9AE,Service_beiakklem1vi3j5fejo0,1000,2,0.0611729216,0
1537402500,Prod-EcsStagingCluster-EcsCluster-1AAGQRFIOE9AE,Service_beiakklem1vi3j5fejo0,1000,2,0.0804369899,0
1537421580,Prod-EcsStagingCluster-EcsCluster-1AAGQRFIOE9AE,Service_beiakklem1vi3j5fejo0,1000,2,0.0601204150,0
1537429980,Prod-EcsStagingCluster-EcsCluster-1AAGQRFIOE9AE,Service_beiakklem1vi3j5fejo0,1000,2,0.0601842421,0
1537367400,Prod-EcsStagingCluster-EcsCluster-1AAGQRFIOE9AE,Service_beiakklem1vi3j5fejo0,1000,2,0.0662717984,0
1537370580,Prod-EcsStagingCluster-EcsCluster-1AAGQRFIOE9AE,Service_beiakklem1vi3j5fejo0,1000,2,0.0660316247,0
1537387500,Prod-EcsStagingCluster-EcsCluster-1AAGQRFIOE9AE,Service_beiakklem1vi3j5fejo0,1000,2,0.0561222475,0
1537404420,Prod-EcsStagingCluster-EcsCluster-1AAGQRFIOE9AE,Service_beiakklem1vi3j5fejo0,1000,2,0.0607704960,0
1537401240,Prod-EcsStagingCluster-EcsCluster-1AAGQRFIOE9AE,Service_beiakklem1vi3j5fejo0,1000,2,0.0512014593,0
1537422480,Prod-EcsStagingCluster-EcsCluster-1AAGQRFIOE9AE,Service_beiakklem1vi3j5fejo0,1000,2,0.0584445964,0
1537395900,Prod-EcsStagingCluster-EcsCluster-1AAGQRFIOE9AE,Service_beiakklem1vi3j5fejo0,1000,2,0.0575030828,0
1537405440,Prod-EcsStagingCluster-EcsCluster-1AAGQRFIOE9AE,Service_beiakklem1vi3j5fejo0,1000,2,0.0575112066,0
1537353420,Prod-EcsStagingCluster-EcsCluster-1AAGQRFIOE9AE,Service_beiakklem1vi3j5fejo0,1000,2,0.0801380032,0
1537371360,Prod-EcsStagingCluster-EcsCluster-1AAGQRFIOE9AE,Service_beiakklem1vi3j5fejo0,1000,2,0.0574446666,0
1537418040,Prod-EcsStagingCluster-EcsCluster-1AAGQRFIOE9AE,Service_beiakklem1vi3j5fejo0,1000,2,0.0537319530,0
1537361820,Prod-EcsStagingCluster-EcsCluster-1AAGQRFIOE9AE,Service_beiakklem1vi3j5fejo0,1000,2,0.0715927796,0
1537421220,Prod-EcsStagingCluster-EcsCluster-1AAGQRFIOE9AE,Service_beiakklem1vi3j5fejo0,1000,2,0.0602595342,0
1537401000,Prod-EcsStagingCluster-EcsCluster-1AAGQRFIOE9AE,Service_beiakklem1vi3j5fejo0,1000,2,0.0524707439,0
1537404180,Prod-EcsStagingCluster-EcsCluster-1AAGQRFIOE9AE,Service_beiakklem1vi3j5fejo0,1000,2,0.0607120825,0
1537354320,Prod-EcsStagingCluster-EcsCluster-1AAGQRFIOE9AE,Service_beiakklem1vi3j5fejo0,1000,2,0.0730042583,0
1537421100,Prod-EcsStagingCluster-EcsCluster-1AAGQRFIOE9AE,Service_beiakklem1vi3j5fejo0,1000,2,0.0600112677,0
1537370100,Prod-EcsStagingCluster-EcsCluster-1AAGQRFIOE9AE,Service_beiakklem1vi3j5fejo0,1000,2,0.0653069110,0
1537366920,Prod-EcsStagingCluster-EcsCluster-1AAGQRFIOE9AE,Service_beiakklem1vi3j5fejo0,1000,2,0.0666259903,0
1537371120,Prod-EcsStagingCluster-EcsCluster-1AAGQRFIOE9AE,Service_beiakklem1vi3j5fejo0,1000,2,0.0581629220,0
1537429500,Prod-EcsStagingCluster-EcsCluster-1AAGQRFIOE9AE,Service_beiakklem1vi3j5fejo0,1000,2,0.0565241524,0
1537353060,Prod-EcsStagingCluster-EcsCluster-1AAGQRFIOE9AE,Service_beiakklem1vi3j5fejo0,1000,2,0.0718085917,0
1537387020,Prod-EcsStagingCluster-EcsCluster-1AAGQRFIOE9AE,Service_beiakklem1vi3j5fejo0,1000,2,0.0502508611,0
1537367880,Prod-EcsStagingCluster-EcsCluster-1AAGQRFIOE9AE,Service_beiakklem1vi3j5fejo0,1000,2,0.0664541383,0
1537372080,Prod-EcsStagingCluster-EcsCluster-1AAGQRFIOE9AE,Service_beiakklem1vi3j5fejo0,1000,2,0.0661045077,0
1537395420,Prod-EcsStagingCluster-EcsCluster-1AAGQRFIOE9AE,Service_beiakklem1vi3j5fejo0,1000,2,0.0585867313,0
1537352940,Prod-EcsStagingCluster-EcsCluster-1AAGQRFIOE9AE,Service_beiakklem1vi3j5fejo0,1000,2,0.0715996670,0
1537350840,Prod-EcsStagingCluster-EcsCluster-1AAGQRFIOE9AE,Service_beiakklem1vi3j5fejo0,1000,2,0.0727570710,0
1537369860,Prod-EcsStagingCluster-EcsCluster-1AAGQRFIOE9AE,Service_beiakklem1vi3j5fejo0,1000,2,0.0624511342,0
1537361340,Prod-EcsStagingCluster-EcsCluster-1AAGQRFIOE9AE,Service_beiakklem1vi3j5fejo0,1000,2,0.0717542664,0
1537405920,Prod-EcsStagingCluster-EcsCluster-1AAGQRFIOE9AE,Service_beiakklem1vi3j5fejo0,1000,2,0.0520494096,0
1537367640,Prod-EcsStagingCluster-EcsCluster-1AAGQRFIOE9AE,Service_beiakklem1vi3j5fejo0,1000,2,0.0734637825,0
1537388880,Prod-EcsStagingCluster-EcsCluster-1AAGQRFIOE9AE,Service_beiakklem1vi3j5fejo0,1000,2,0.0493075194,0
1537403700,Prod-EcsStagingCluster-EcsCluster-1AAGQRFIOE9AE,Service_beiakklem1vi3j5fejo0,1000,2,0.0627017467,0
1537371840,Prod-EcsStagingCluster-EcsCluster-1AAGQRFIOE9AE,Service_beiakklem1vi3j5fejo0,1000,2,0.0672002254,0
1537386660,Prod-EcsStagingCluster-EcsCluster-1AAGQRFIOE9AE,Service_beiakklem1vi3j5fejo0,1000,2,0.0580847584,0
1537420620,Prod-EcsStagingCluster-EcsCluster-1AAGQRFIOE9AE,Service_beiakklem1vi3j5fejo0,1000,2,0.0606663831,0
1537401480,Prod-EcsStagingCluster-EcsCluster-1AAGQRFIOE9AE,Service_beiakklem1vi3j5fejo0,1000,2,0.0533115940,0
1537405680,Prod-EcsStagingCluster-EcsCluster-1AAGQRFIOE9AE,Service_beiakklem1vi3j5fejo0,1000,2,0.0502641334,0
1537429020,Prod-EcsStagingCluster-EcsCluster-1AAGQRFIOE9AE,Service_beiakklem1vi3j5fejo0,1000,2,0.0568200943,0
1537369620,Prod-EcsStagingCluster-EcsCluster-1AAGQRFIOE9AE,Service_beiakklem1vi3j5fejo0,1000,2,0.0575516744,0
1537386540,Prod-EcsStagingCluster-EcsCluster-1AAGQRFIOE9AE,Service_beiakklem1vi3j5fejo0,1000,2,0.0586851928,0
1537384440,Prod-EcsStagingCluster-EcsCluster-1AAGQRFIOE9AE,Service_beiakklem1vi3j5fejo0,1000,2,0.0591460068,0
1537398120,Prod-EcsStagingCluster-EcsCluster-1AAGQRFIOE9AE,Service_beiakklem1vi3j5fejo0,1000,2,0.0570376700,0
1537401300,Prod-EcsStagingCluster-EcsCluster-1AAGQRFIOE9AE,Service_beiakklem1vi3j5fejo0,1000,2,0.0506340667,0
1537404480,Prod-EcsStagingCluster-EcsCluster-1AAGQRFIOE9AE,Service_beiakklem1vi3j5fejo0,1000,2,0.0622440763,0
1537385400,Prod-EcsStagingCluster-EcsCluster-1AAGQRFIOE9AE,Service_beiakklem1vi3j5fejo0,1000,2,0.0529946296,0
1537388580,Prod-EcsStagingCluster-EcsCluster-1AAGQRFIOE9AE,Service_beiakklem1vi3j5fejo0,1000,2,0.0585778990,0
1537391760,Prod-EcsStagingCluster-EcsCluster-1AAGQRFIOE9AE,Service_beiakklem1vi3j5fejo0,1000,2,0.0447205608,0
1537352460,Prod-EcsStagingCluster-EcsCluster-1AAGQRFIOE9AE,Service_beiakklem1vi3j5fejo0,1000,2,0.0700328187,0
1537365180,Prod-EcsStagingCluster-EcsCluster-1AAGQRFIOE9AE,Service_beiakklem1vi3j5fejo0,1000,2,0.0287120929,0
1537364040,Prod-EcsStagingCluster-EcsCluster-1AAGQRFIOE9AE,Service_beiakklem1vi3j5fejo0,1000,2,0.0692709604,0
1537367220,Prod-EcsStagingCluster-EcsCluster-1AAGQRFIOE9AE,Service_beiakklem1vi3j5fejo0,1000,2,0.0669111017,0
1537370400,Prod-EcsStagingCluster-EcsCluster-1AAGQRFIOE9AE,Service_beiakklem1vi3j5fejo0,1000,2,0.0668669915,0
1537405380,Prod-EcsStagingCluster-EcsCluster-1AAGQRFIOE9AE,Service_beiakklem1vi3j5fejo0,1000,2,0.0565050925,0
1537408560,Prod-EcsStagingCluster-EcsCluster-1AAGQRFIOE9AE,Service_beiakklem1vi3j5fejo0,1000,2,0.0515504096,0
1537402200,Prod-EcsStagingCluster-EcsCluster-1AAGQRFIOE9AE,Service_beiakklem1vi3j5fejo0,1000,2,0.0693440790,0
1537420140,Prod-EcsStagingCluster-EcsCluster-1AAGQRFIOE9AE,Service_beiakklem1vi3j5fejo0,1000,2,0.0612253944,0
1537419000,Prod-EcsStagingCluster-EcsCluster-1AAGQRFIOE9AE,Service_beiakklem1vi3j5fejo0,1000,2,0.0520812280,0
1537422180,Prod-EcsStagingCluster-EcsCluster-1AAGQRFIOE9AE,Service_beiakklem1vi3j5fejo0,1000,2,0.0585478307,0
1537425360,Prod-EcsStagingCluster-EcsCluster-1AAGQRFIOE9AE,Service_beiakklem1vi3j5fejo0,1000,2,0.0499502199,0
1537398780,Prod-EcsStagingCluster-EcsCluster-1AAGQRFIOE9AE,Service_beiakklem1vi3j5fejo0,1000,2,0.0495507955,0
1537386060,Prod-EcsStagingCluster-EcsCluster-1AAGQRFIOE9AE,Service_beiakklem1vi3j5fejo0,1000,2,0.0605332273,0
1537397640,Prod-EcsStagingCluster-EcsCluster-1AAGQRFIOE9AE,Service_beiakklem1vi3j5fejo0,1000,2,0.0582651085,0
1537351980,Prod-EcsStagingCluster-EcsCluster-1AAGQRFIOE9AE,Service_beiakklem1vi3j5fejo0,1000,2,0.0723392073,0
1537400820,Prod-EcsStagingCluster-EcsCluster-1AAGQRFIOE9AE,Service_beiakklem1vi3j5fejo0,1000,2,0.0536609005,0
1537364700,Prod-EcsStagingCluster-EcsCluster-1AAGQRFIOE9AE,Service_beiakklem1vi3j5fejo0,1000,2,0.0669117342,0
1537354020,Prod-EcsStagingCluster-EcsCluster-1AAGQRFIOE9AE,Service_beiakklem1vi3j5fejo0,1000,2,0.0637920717,0
1537366740,Prod-EcsStagingCluster-EcsCluster-1AAGQRFIOE9AE,Service_beiakklem1vi3j5fejo0,1000,2,0.0670586145,0
1537398600,Prod-EcsStagingCluster-EcsCluster-1AAGQRFIOE9AE,Service_beiakklem1vi3j5fejo0,1000,2,0.0479932190,0
1537404960,Prod-EcsStagingCluster-EcsCluster-1AAGQRFIOE9AE,Service_beiakklem1vi3j5fejo0,1000,2,0.0594294910,0
1537364520,Prod-EcsStagingCluster-EcsCluster-1AAGQRFIOE9AE,Service_beiakklem1vi3j5fejo0,1000,2,0.0707155397,0
1537358160,Prod-EcsStagingCluster-EcsCluster-1AAGQRFIOE9AE,Service_beiakklem1vi3j5fejo0,1000,2,0.0688983445,0
1537351800,Prod-EcsStagingCluster-EcsCluster-1AAGQRFIOE9AE,Service_beiakklem1vi3j5fejo0,1000,2,0.0708284168,0
1537370880,Prod-EcsStagingCluster-EcsCluster-1AAGQRFIOE9AE,Service_beiakklem1vi3j5fejo0,1000,2,0.0669170852,0
1537370820,Prod-EcsStagingCluster-EcsCluster-1AAGQRFIOE9AE,Service_beiakklem1vi3j5fejo0,1000,2,0.0667532440,0
1537419660,Prod-EcsStagingCluster-EcsCluster-1AAGQRFIOE9AE,Service_beiakklem1vi3j5fejo0,1000,2,0.0594941864,0
1537368600,Prod-EcsStagingCluster-EcsCluster-1AAGQRFIOE9AE,Service_beiakklem1vi3j5fejo0,1000,2,0.0684391170,0
1537374960,Prod-EcsStagingCluster-EcsCluster-1AAGQRFIOE9AE,Service_beiakklem1vi3j5fejo0,1000,2,0.0508902589,0
1537385580,Prod-EcsStagingCluster-EcsCluster-1AAGQRFIOE9AE,Service_beiakklem1vi3j5fejo0,1000,2,0.0515405209,0
1537398300,Prod-EcsStagingCluster-EcsCluster-1AAGQRFIOE9AE,Service_beiakklem1vi3j5fejo0,1000,2,0.0593970296,0
1537400340,Prod-EcsStagingCluster-EcsCluster-1AAGQRFIOE9AE,Service_beiakklem1vi3j5fejo0,1000,2,0.0544141392,0
1537387620,Prod-EcsStagingCluster-EcsCluster-1AAGQRFIOE9AE,Service_beiakklem1vi3j5fejo0,1000,2,0.0544224895,0
1537364220,Prod-EcsStagingCluster-EcsCluster-1AAGQRFIOE9AE,Service_beiakklem1vi3j5fejo0,1000,2,0.0724478364,0
1537351500,Prod-EcsStagingCluster-EcsCluster-1AAGQRFIOE9AE,Service_beiakklem1vi3j5fejo0,1000,2,0.0722451088,0
1537369440,Prod-EcsStagingCluster-EcsCluster-1AAGQRFIOE9AE,Service_beiakklem1vi3j5fejo0,1000,2,0.0574445796,0
1537407600,Prod-EcsStagingCluster-EcsCluster-1AAGQRFIOE9AE,Service_beiakklem1vi3j5fejo0,1000,2,0.0505765181,0
1537399080,Prod-EcsStagingCluster-EcsCluster-1AAGQRFIOE9AE,Service_beiakklem1vi3j5fejo0,1000,2,0.0498855406,0
1537402260,Prod-EcsStagingCluster-EcsCluster-1AAGQRFIOE9AE,Service_beiakklem1vi3j5fejo0,1000,2,0.0695239926,0
1537386360,Prod-EcsStagingCluster-EcsCluster-1AAGQRFIOE9AE,Service_beiakklem1vi3j5fejo0,1000,2,0.0593429899,0
1537389540,Prod-EcsStagingCluster-EcsCluster-1AAGQRFIOE9AE,Service_beiakklem1vi3j5fejo0,1000,2,0.0748763057,0
1537419180,Prod-EcsStagingCluster-EcsCluster-1AAGQRFIOE9AE,Service_beiakklem1vi3j5fejo0,1000,2,0.0387557467,0
1537365000,Prod-EcsStagingCluster-EcsCluster-1AAGQRFIOE9AE,Service_beiakklem1vi3j5fejo0,1000,2,0.0495562492,0
1537368180,Prod-EcsStagingCluster-EcsCluster-1AAGQRFIOE9AE,Service_beiakklem1vi3j5fejo0,1000,2,0.0659982390,0
1537403160,Prod-EcsStagingCluster-EcsCluster-1AAGQRFIOE9AE,Service_beiakklem1vi3j5fejo0,1000,2,0.0750147306,0
1537406340,Prod-EcsStagingCluster-EcsCluster-1AAGQRFIOE9AE,Service_beiakklem1vi3j5fejo0,1000,2,0.0498662418,0
1537424400,Prod-EcsStagingCluster-EcsCluster-1AAGQRFIOE9AE,Service_beiakklem1vi3j5fejo0,1000,2,0.0595383436,0
1537397820,Prod-EcsStagingCluster-EcsCluster-1AAGQRFIOE9AE,Service_beiakklem1vi3j5fejo0,1000,2,0.0546693019,0
1537385100,Prod-EcsStagingCluster-EcsCluster-1AAGQRFIOE9AE,Service_beiakklem1vi3j5fejo0,1000,2,0.0499046278,0
1537351020,Prod-EcsStagingCluster-EcsCluster-1AAGQRFIOE9AE,Service_beiakklem1vi3j5fejo0,1000,2,0.0720911702,0
1537403040,Prod-EcsStagingCluster-EcsCluster-1AAGQRFIOE9AE,Service_beiakklem1vi3j5fejo0,1000,2,0.0716453560,0
1537363740,Prod-EcsStagingCluster-EcsCluster-1AAGQRFIOE9AE,Service_beiakklem1vi3j5fejo0,1000,2,0.0793540074,0
1537419960,Prod-EcsStagingCluster-EcsCluster-1AAGQRFIOE9AE,Service_beiakklem1vi3j5fejo0,1000,2,0.0611595067,0
1537423140,Prod-EcsStagingCluster-EcsCluster-1AAGQRFIOE9AE,Service_beiakklem1vi3j5fejo0,1000,2,0.0582230198,0
1537404000,Prod-EcsStagingCluster-EcsCluster-1AAGQRFIOE9AE,Service_beiakklem1vi3j5fejo0,1000,2,0.0617834364,0
1537420920,Prod-EcsStagingCluster-EcsCluster-1AAGQRFIOE9AE,Service_beiakklem1vi3j5fejo0,1000,2,0.0585495237,0
1537357200,Prod-EcsStagingCluster-EcsCluster-1AAGQRFIOE9AE,Service_beiakklem1vi3j5fejo0,1000,2,0.0689187134,0
1537401780,Prod-EcsStagingCluster-EcsCluster-1AAGQRFIOE9AE,Service_beiakklem1vi3j5fejo0,1000,2,0.0615142355,0
1537369920,Prod-EcsStagingCluster-EcsCluster-1AAGQRFIOE9AE,Service_beiakklem1vi3j5fejo0,1000,2,0.0561166848,0
1537418700,Prod-EcsStagingCluster-EcsCluster-1AAGQRFIOE9AE,Service_beiakklem1vi3j5fejo0,1000,2,0.0494197396,0
1537431420,Prod-EcsStagingCluster-EcsCluster-1AAGQRFIOE9AE,Service_beiakklem1vi3j5fejo0,1000,2,0.0595432208,0
1537354980,Prod-EcsStagingCluster-EcsCluster-1AAGQRFIOE9AE,Service_beiakklem1vi3j5fejo0,1000,2,0.0732951946,0
1537367700,Prod-EcsStagingCluster-EcsCluster-1AAGQRFIOE9AE,Service_beiakklem1vi3j5fejo0,1000,2,0.0675151665,0
1537399560,Prod-EcsStagingCluster-EcsCluster-1AAGQRFIOE9AE,Service_beiakklem1vi3j5fejo0,1000,2,0.0487144179,0
1537374000,Prod-EcsStagingCluster-EcsCluster-1AAGQRFIOE9AE,Service_beiakklem1vi3j5fejo0,1000,2,0.0618704617,0
1537384620,Prod-EcsStagingCluster-EcsCluster-1AAGQRFIOE9AE,Service_beiakklem1vi3j5fejo0,1000,2,0.0591327663,0
1537365480,Prod-EcsStagingCluster-EcsCluster-1AAGQRFIOE9AE,Service_beiakklem1vi3j5fejo0,1000,2,0.0472677995,0
1537352760,Prod-EcsStagingCluster-EcsCluster-1AAGQRFIOE9AE,Service_beiakklem1vi3j5fejo0,1000,2,0.0706430800,0
1537397340,Prod-EcsStagingCluster-EcsCluster-1AAGQRFIOE9AE,Service_beiakklem1vi3j5fejo0,1000,2,0.0603548323,0
1537371780,Prod-EcsStagingCluster-EcsCluster-1AAGQRFIOE9AE,Service_beiakklem1vi3j5fejo0,1000,2,0.0684253902,0
1537363260,Prod-EcsStagingCluster-EcsCluster-1AAGQRFIOE9AE,Service_beiakklem1vi3j5fejo0,1000,2,0.0599159651,0
1537350540,Prod-EcsStagingCluster-EcsCluster-1AAGQRFIOE9AE,Service_beiakklem1vi3j5fejo0,1000,2,0.0735463725,0
1537369560,Prod-EcsStagingCluster-EcsCluster-1AAGQRFIOE9AE,Service_beiakklem1vi3j5fejo0,1000,2,0.0564886052,0
1537403520,Prod-EcsStagingCluster-EcsCluster-1AAGQRFIOE9AE,Service_beiakklem1vi3j5fejo0,1000,2,0.0616102239,0
1537390800,Prod-EcsStagingCluster-EcsCluster-1AAGQRFIOE9AE,Service_beiakklem1vi3j5fejo0,1000,2,0.0580647753,0
1537413000,Prod-EcsStagingCluster-EcsCluster-1AAGQRFIOE9AE,Service_beiakklem1vi3j5fejo0,1000,2,0.0592012863,0
1537390740,Prod-EcsStagingCluster-EcsCluster-1AAGQRFIOE9AE,Service_beiakklem1vi3j5fejo0,1000,2,0.0589474547,0
1537370520,Prod-EcsStagingCluster-EcsCluster-1AAGQRFIOE9AE,Service_beiakklem1vi3j5fejo0,1000,2,0.0658621397,0
1537367340,Prod-EcsStagingCluster-EcsCluster-1AAGQRFIOE9AE,Service_beiakklem1vi3j5fejo0,1000,2,0.0663730027,0
1537351440,Prod-EcsStagingCluster-EcsCluster-1AAGQRFIOE9AE,Service_beiakklem1vi3j5fejo0,1000,2,0.0736175243,0
1537419360,Prod-EcsStagingCluster-EcsCluster-1AAGQRFIOE9AE,Service_beiakklem1vi3j5fejo0,1000,2,0.0511992476,0
1537395960,Prod-EcsStagingCluster-EcsCluster-1AAGQRFIOE9AE,Service_beiakklem1vi3j5fejo0,1000,2,0.0565701473,0
1537376880,Prod-EcsStagingCluster-EcsCluster-1AAGQRFIOE9AE,Service_beiakklem1vi3j5fejo0,1000,2,0.0602922676,0
1537427760,Prod-EcsStagingCluster-EcsCluster-1AAGQRFIOE9AE,Service_beiakklem1vi3j5fejo0,1000,2,0.0487061030,0
1537402320,Prod-EcsStagingCluster-EcsCluster-1AAGQRFIOE9AE,Service_beiakklem1vi3j5fejo0,1000,2,0.0681673020,0
1537418220,Prod-EcsStagingCluster-EcsCluster-1AAGQRFIOE9AE,Service_beiakklem1vi3j5fejo0,1000,2,0.0531283516,0
1537421400,Prod-EcsStagingCluster-EcsCluster-1AAGQRFIOE9AE,Service_beiakklem1vi3j5fejo0,1000,2,0.0607875449,0
1537348020,Prod-EcsStagingCluster-EcsCluster-1AAGQRFIOE9AE,Service_beiakklem1vi3j5fejo0,1000,2,0.0632772277,0
1537392540,Prod-EcsStagingCluster-EcsCluster-1AAGQRFIOE9AE,Service_beiakklem1vi3j5fejo0,1000,2,0.0598775356,0
1537370280,Prod-EcsStagingCluster-EcsCluster-1AAGQRFIOE9AE,Service_beiakklem1vi3j5fejo0,1000,2,0.0655134660,0
1537376640,Prod-EcsStagingCluster-EcsCluster-1AAGQRFIOE9AE,Service_beiakklem1vi3j5fejo0,1000,2,0.0622275218,0
1537421160,Prod-EcsStagingCluster-EcsCluster-1AAGQRFIOE9AE,Service_beiakklem1vi3j5fejo0,1000,2,0.0602722452,0
1537398900,Prod-EcsStagingCluster-EcsCluster-1AAGQRFIOE9AE,Service_beiakklem1vi3j5fejo0,1000,2,0.0495782817,0
1537375500,Prod-EcsStagingCluster-EcsCluster-1AAGQRFIOE9AE,Service_beiakklem1vi3j5fejo0,1000,2,0.0602468885,0
1537381860,Prod-EcsStagingCluster-EcsCluster-1AAGQRFIOE9AE,Service_beiakklem1vi3j5fejo0,1000,2,0.0705335375,0
1537356420,Prod-EcsStagingCluster-EcsCluster-1AAGQRFIOE9AE,Service_beiakklem1vi3j5fejo0,1000,2,0.0704461067,0
1537427520,Prod-EcsStagingCluster-EcsCluster-1AAGQRFIOE9AE,Service_beiakklem1vi3j5fejo0,1000,2,0.0488243532,0
1537407300,Prod-EcsStagingCluster-EcsCluster-1AAGQRFIOE9AE,Service_beiakklem1vi3j5fejo0,1000,2,0.0604027326,0
1537426380,Prod-EcsStagingCluster-EcsCluster-1AAGQRFIOE9AE,Service_beiakklem1vi3j5fejo0,1000,2,0.0483046547,0
1537430520,Prod-EcsStagingCluster-EcsCluster-1AAGQRFIOE9AE,Service_beiakklem1vi3j5fejo0,1000,2,0.0588807699,0
1537349820,Prod-EcsStagingCluster-EcsCluster-1AAGQRFIOE9AE,Service_beiakklem1vi3j5fejo0,1000,2,0.0725289744,0
1537356180,Prod-EcsStagingCluster-EcsCluster-1AAGQRFIOE9AE,Service_beiakklem1vi3j5fejo0,1000,2,0.0704457248,0
1537400700,Prod-EcsStagingCluster-EcsCluster-1AAGQRFIOE9AE,Service_beiakklem1vi3j5fejo0,1000,2,0.0604244718,0
1537407060,Prod-EcsStagingCluster-EcsCluster-1AAGQRFIOE9AE,Service_beiakklem1vi3j5fejo0,1000,2,0.0515351390,0
1537383660,Prod-EcsStagingCluster-EcsCluster-1AAGQRFIOE9AE,Service_beiakklem1vi3j5fejo0,1000,2,0.0569261710,0
1537360320,Prod-EcsStagingCluster-EcsCluster-1AAGQRFIOE9AE,Service_beiakklem1vi3j5fejo0,1000,2,0.0713011122,0
1537353960,Prod-EcsStagingCluster-EcsCluster-1AAGQRFIOE9AE,Service_beiakklem1vi3j5fejo0,1000,2,0.0621940490,0
1537404840,Prod-EcsStagingCluster-EcsCluster-1AAGQRFIOE9AE,Service_beiakklem1vi3j5fejo0,1000,2,0.0579276814,0
1537411200,Prod-EcsStagingCluster-EcsCluster-1AAGQRFIOE9AE,Service_beiakklem1vi3j5fejo0,1000,2,0.0626968968,0
1537357980,Prod-EcsStagingCluster-EcsCluster-1AAGQRFIOE9AE,Service_beiakklem1vi3j5fejo0,1000,2,0.0638941226,0
1537364340,Prod-EcsStagingCluster-EcsCluster-1AAGQRFIOE9AE,Service_beiakklem1vi3j5fejo0,1000,2,0.0490345849,0
1537408860,Prod-EcsStagingCluster-EcsCluster-1AAGQRFIOE9AE,Service_beiakklem1vi3j5fejo0,1000,2,0.0516187173,0
1537415220,Prod-EcsStagingCluster-EcsCluster-1AAGQRFIOE9AE,Service_beiakklem1vi3j5fejo0,1000,2,0.0494100550,0
1537372740,Prod-EcsStagingCluster-EcsCluster-1AAGQRFIOE9AE,Service_beiakklem1vi3j5fejo0,1000,2,0.0609660598,0
1537347300,Prod-EcsStagingCluster-EcsCluster-1AAGQRFIOE9AE,Service_beiakklem1vi3j5fejo0,1000,2,0.0613997430,0
1537391820,Prod-EcsStagingCluster-EcsCluster-1AAGQRFIOE9AE,Service_beiakklem1vi3j5fejo0,1000,2,0.0579156815,0
1537398180,Prod-EcsStagingCluster-EcsCluster-1AAGQRFIOE9AE,Service_beiakklem1vi3j5fejo0,1000,2,0.0577714264,0
1537362120,Prod-EcsStagingCluster-EcsCluster-1AAGQRFIOE9AE,Service_beiakklem1vi3j5fejo0,1000,2,0.0718678787,0
1537368480,Prod-EcsStagingCluster-EcsCluster-1AAGQRFIOE9AE,Service_beiakklem1vi3j5fejo0,1000,2,0.0684557427,0
1537366260,Prod-EcsStagingCluster-EcsCluster-1AAGQRFIOE9AE,Service_beiakklem1vi3j5fejo0,1000,2,0.0655426493,0
1537417140,Prod-EcsStagingCluster-EcsCluster-1AAGQRFIOE9AE,Service_beiakklem1vi3j5fejo0,1000,2,0.0539776649,0
1537388520,Prod-EcsStagingCluster-EcsCluster-1AAGQRFIOE9AE,Service_beiakklem1vi3j5fejo0,1000,2,0.0592634262,0
1537374660,Prod-EcsStagingCluster-EcsCluster-1AAGQRFIOE9AE,Service_beiakklem1vi3j5fejo0,1000,2,0.0602177582,0
1537349220,Prod-EcsStagingCluster-EcsCluster-1AAGQRFIOE9AE,Service_beiakklem1vi3j5fejo0,1000,2,0.0718920484,0
1537366140,Prod-EcsStagingCluster-EcsCluster-1AAGQRFIOE9AE,Service_beiakklem1vi3j5fejo0,1000,2,0.0652672029,0
1537400100,Prod-EcsStagingCluster-EcsCluster-1AAGQRFIOE9AE,Service_beiakklem1vi3j5fejo0,1000,2,0.0541219776,0
1537350240,Prod-EcsStagingCluster-EcsCluster-1AAGQRFIOE9AE,Service_beiakklem1vi3j5fejo0,1000,2,0.0719435052,0
1537425540,Prod-EcsStagingCluster-EcsCluster-1AAGQRFIOE9AE,Service_beiakklem1vi3j5fejo0,1000,2,0.0492525242,0
1537349100,Prod-EcsStagingCluster-EcsCluster-1AAGQRFIOE9AE,Service_beiakklem1vi3j5fejo0,1000,2,0.0726853605,0
1537417020,Prod-EcsStagingCluster-EcsCluster-1AAGQRFIOE9AE,Service_beiakklem1vi3j5fejo0,1000,2,0.0546072759,0
1537401120,Prod-EcsStagingCluster-EcsCluster-1AAGQRFIOE9AE,Service_beiakklem1vi3j5fejo0,1000,2,0.0508512054,0
1537358640,Prod-EcsStagingCluster-EcsCluster-1AAGQRFIOE9AE,Service_beiakklem1vi3j5fejo0,1000,2,0.0750731760,0
1537409520,Prod-EcsStagingCluster-EcsCluster-1AAGQRFIOE9AE,Service_beiakklem1vi3j5fejo0,1000,2,0.0517950019,0
1537384080,Prod-EcsStagingCluster-EcsCluster-1AAGQRFIOE9AE,Service_beiakklem1vi3j5fejo0,1000,2,0.0566604193,0
1537399980,Prod-EcsStagingCluster-EcsCluster-1AAGQRFIOE9AE,Service_beiakklem1vi3j5fejo0,1000,2,0.0515492508,0
1537345800,Prod-EcsStagingCluster-EcsCluster-1AAGQRFIOE9AE,Service_beiakklem1vi3j5fejo0,1000,2,0.0759103507,0
1537396680,Prod-EcsStagingCluster-EcsCluster-1AAGQRFIOE9AE,Service_beiakklem1vi3j5fejo0,1000,2,0.0585556733,0
1537374420,Prod-EcsStagingCluster-EcsCluster-1AAGQRFIOE9AE,Service_beiakklem1vi3j5fejo0,1000,2,0.0603382699,0
1537354200,Prod-EcsStagingCluster-EcsCluster-1AAGQRFIOE9AE,Service_beiakklem1vi3j5fejo0,1000,2,0.0705883446,0
1537379640,Prod-EcsStagingCluster-EcsCluster-1AAGQRFIOE9AE,Service_beiakklem1vi3j5fejo0,1000,2,0.0595037083,0
1537425300,Prod-EcsStagingCluster-EcsCluster-1AAGQRFIOE9AE,Service_beiakklem1vi3j5fejo0,1000,2,0.0505888085,0
1537374300,Prod-EcsStagingCluster-EcsCluster-1AAGQRFIOE9AE,Service_beiakklem1vi3j5fejo0,1000,2,0.0603531103,0
1537405080,Prod-EcsStagingCluster-EcsCluster-1AAGQRFIOE9AE,Service_beiakklem1vi3j5fejo0,1000,2,0.0589593642,0
1537358400,Prod-EcsStagingCluster-EcsCluster-1AAGQRFIOE9AE,Service_beiakklem1vi3j5fejo0,1000,2,0.0714712376,0
1537423080,Prod-EcsStagingCluster-EcsCluster-1AAGQRFIOE9AE,Service_beiakklem1vi3j5fejo0,1000,2,0.0587057473,0
1537357260,Prod-EcsStagingCluster-EcsCluster-1AAGQRFIOE9AE,Service_beiakklem1vi3j5fejo0,1000,2,0.0702200073,0
1537425180,Prod-EcsStagingCluster-EcsCluster-1AAGQRFIOE9AE,Service_beiakklem1vi3j5fejo0,1000,2,0.0590044753,0
1537384800,Prod-EcsStagingCluster-EcsCluster-1AAGQRFIOE9AE,Service_beiakklem1vi3j5fejo0,1000,2,0.0587219951,0
1537408140,Prod-EcsStagingCluster-EcsCluster-1AAGQRFIOE9AE,Service_beiakklem1vi3j5fejo0,1000,2,0.0507680787,0
1537393200,Prod-EcsStagingCluster-EcsCluster-1AAGQRFIOE9AE,Service_beiakklem1vi3j5fejo0,1000,2,0.0568356050,0
1537367760,Prod-EcsStagingCluster-EcsCluster-1AAGQRFIOE9AE,Service_beiakklem1vi3j5fejo0,1000,2,0.0673607511,0
1537418640,Prod-EcsStagingCluster-EcsCluster-1AAGQRFIOE9AE,Service_beiakklem1vi3j5fejo0,1000,2,0.0518402774,0
1537382580,Prod-EcsStagingCluster-EcsCluster-1AAGQRFIOE9AE,Service_beiakklem1vi3j5fejo0,1000,2,0.0804944639,0
1537390980,Prod-EcsStagingCluster-EcsCluster-1AAGQRFIOE9AE,Service_beiakklem1vi3j5fejo0,1000,2,0.0602499033,0
1537365540,Prod-EcsStagingCluster-EcsCluster-1AAGQRFIOE9AE,Service_beiakklem1vi3j5fejo0,1000,2,0.0470472094,0
1537382460,Prod-EcsStagingCluster-EcsCluster-1AAGQRFIOE9AE,Service_beiakklem1vi3j5fejo0,1000,2,0.0720947106,0
1537416420,Prod-EcsStagingCluster-EcsCluster-1AAGQRFIOE9AE,Service_beiakklem1vi3j5fejo0,1000,2,0.0503098683,0
1537380360,Prod-EcsStagingCluster-EcsCluster-1AAGQRFIOE9AE,Service_beiakklem1vi3j5fejo0,1000,2,0.0704218493,0
1537431240,Prod-EcsStagingCluster-EcsCluster-1AAGQRFIOE9AE,Service_beiakklem1vi3j5fejo0,1000,2,0.0582829923,0
1537365420,Prod-EcsStagingCluster-EcsCluster-1AAGQRFIOE9AE,Service_beiakklem1vi3j5fejo0,1000,2,0.0469182575,0
1537388760,Prod-EcsStagingCluster-EcsCluster-1AAGQRFIOE9AE,Service_beiakklem1vi3j5fejo0,1000,2,0.0596108343,0
1537363320,Prod-EcsStagingCluster-EcsCluster-1AAGQRFIOE9AE,Service_beiakklem1vi3j5fejo0,1000,2,0.0599183646,0
1537414200,Prod-EcsStagingCluster-EcsCluster-1AAGQRFIOE9AE,Service_beiakklem1vi3j5fejo0,1000,2,0.0604716645,0
1537392960,Prod-EcsStagingCluster-EcsCluster-1AAGQRFIOE9AE,Service_beiakklem1vi3j5fejo0,1000,2,0.0583034372,0
1537416300,Prod-EcsStagingCluster-EcsCluster-1AAGQRFIOE9AE,Service_beiakklem1vi3j5fejo0,1000,2,0.0514647784,0
1537346100,Prod-EcsStagingCluster-EcsCluster-1AAGQRFIOE9AE,Service_beiakklem1vi3j5fejo0,1000,2,0.0756687764,0
1537396980,Prod-EcsStagingCluster-EcsCluster-1AAGQRFIOE9AE,Service_beiakklem1vi3j5fejo0,1000,2,0.0559105205,0
1537368360,Prod-EcsStagingCluster-EcsCluster-1AAGQRFIOE9AE,Service_beiakklem1vi3j5fejo0,1000,2,0.0683730192,0
1537374720,Prod-EcsStagingCluster-EcsCluster-1AAGQRFIOE9AE,Service_beiakklem1vi3j5fejo0,1000,2,0.0597636730,0
1537419240,Prod-EcsStagingCluster-EcsCluster-1AAGQRFIOE9AE,Service_beiakklem1vi3j5fejo0,1000,2,0.0518451917,0
1537425600,Prod-EcsStagingCluster-EcsCluster-1AAGQRFIOE9AE,Service_beiakklem1vi3j5fejo0,1000,2,0.0496240121,0
1537373580,Prod-EcsStagingCluster-EcsCluster-1AAGQRFIOE9AE,Service_beiakklem1vi3j5fejo0,1000,2,0.0612096025,0
1537386300,Prod-EcsStagingCluster-EcsCluster-1AAGQRFIOE9AE,Service_beiakklem1vi3j5fejo0,1000,2,0.0596668660,0
1537372440,Prod-EcsStagingCluster-EcsCluster-1AAGQRFIOE9AE,Service_beiakklem1vi3j5fejo0,1000,2,0.0588992414,0
1537353360,Prod-EcsStagingCluster-EcsCluster-1AAGQRFIOE9AE,Service_beiakklem1vi3j5fejo0,1000,2,0.0732955222,0
1537347000,Prod-EcsStagingCluster-EcsCluster-1AAGQRFIOE9AE,Service_beiakklem1vi3j5fejo0,1000,2,0.0714180614,0
1537424460,Prod-EcsStagingCluster-EcsCluster-1AAGQRFIOE9AE,Service_beiakklem1vi3j5fejo0,1000,2,0.0597555601,0
1537397880,Prod-EcsStagingCluster-EcsCluster-1AAGQRFIOE9AE,Service_beiakklem1vi3j5fejo0,1000,2,0.0590001791,0
1537378800,Prod-EcsStagingCluster-EcsCluster-1AAGQRFIOE9AE,Service_beiakklem1vi3j5fejo0,1000,2,0.0610515629,0
1537423320,Prod-EcsStagingCluster-EcsCluster-1AAGQRFIOE9AE,Service_beiakklem1vi3j5fejo0,1000,2,0.0592636426,0
1537429680,Prod-EcsStagingCluster-EcsCluster-1AAGQRFIOE9AE,Service_beiakklem1vi3j5fejo0,1000,2,0.0571237909,0
1537404240,Prod-EcsStagingCluster-EcsCluster-1AAGQRFIOE9AE,Service_beiakklem1vi3j5fejo0,1000,2,0.0604557044,0
1537376520,Prod-EcsStagingCluster-EcsCluster-1AAGQRFIOE9AE,Service_beiakklem1vi3j5fejo0,1000,2,0.0575370982,0
1537354260,Prod-EcsStagingCluster-EcsCluster-1AAGQRFIOE9AE,Service_beiakklem1vi3j5fejo0,1000,2,0.0731204487,0
1537405140,Prod-EcsStagingCluster-EcsCluster-1AAGQRFIOE9AE,Service_beiakklem1vi3j5fejo0,1000,2,0.0573649549,0
1537382880,Prod-EcsStagingCluster-EcsCluster-1AAGQRFIOE9AE,Service_beiakklem1vi3j5fejo0,1000,2,0.0708359928,0
1537427400,Prod-EcsStagingCluster-EcsCluster-1AAGQRFIOE9AE,Service_beiakklem1vi3j5fejo0,1000,2,0.0496073636,0
1537394460,Prod-EcsStagingCluster-EcsCluster-1AAGQRFIOE9AE,Service_beiakklem1vi3j5fejo0,1000,2,0.0569449672,0
1537381740,Prod-EcsStagingCluster-EcsCluster-1AAGQRFIOE9AE,Service_beiakklem1vi3j5fejo0,1000,2,0.0751112111,0
1537402920,Prod-EcsStagingCluster-EcsCluster-1AAGQRFIOE9AE,Service_beiakklem1vi3j5fejo0,1000,2,0.0757300569,0
1537358340,Prod-EcsStagingCluster-EcsCluster-1AAGQRFIOE9AE,Service_beiakklem1vi3j5fejo0,1000,2,0.0678405396,0
1537409280,Prod-EcsStagingCluster-EcsCluster-1AAGQRFIOE9AE,Service_beiakklem1vi3j5fejo0,1000,2,0.0512680032,0
1537409220,Prod-EcsStagingCluster-EcsCluster-1AAGQRFIOE9AE,Service_beiakklem1vi3j5fejo0,1000,2,0.0509428754,0
1537383780,Prod-EcsStagingCluster-EcsCluster-1AAGQRFIOE9AE,Service_beiakklem1vi3j5fejo0,1000,2,0.0580986031,0
1537356120,Prod-EcsStagingCluster-EcsCluster-1AAGQRFIOE9AE,Service_beiakklem1vi3j5fejo0,1000,2,0.0712665782,0
1537362480,Prod-EcsStagingCluster-EcsCluster-1AAGQRFIOE9AE,Service_beiakklem1vi3j5fejo0,1000,2,0.0709505916,0
1537407000,Prod-EcsStagingCluster-EcsCluster-1AAGQRFIOE9AE,Service_beiakklem1vi3j5fejo0,1000,2,0.0520728869,0
1537413360,Prod-EcsStagingCluster-EcsCluster-1AAGQRFIOE9AE,Service_beiakklem1vi3j5fejo0,1000,2,0.0596465667,0
1537381560,Prod-EcsStagingCluster-EcsCluster-1AAGQRFIOE9AE,Service_beiakklem1vi3j5fejo0,1000,2,0.0749525359,0
1537387920,Prod-EcsStagingCluster-EcsCluster-1AAGQRFIOE9AE,Service_beiakklem1vi3j5fejo0,1000,2,0.0596777325,0
1537362420,Prod-EcsStagingCluster-EcsCluster-1AAGQRFIOE9AE,Service_beiakklem1vi3j5fejo0,1000,2,0.0713579795,0
1537413300,Prod-EcsStagingCluster-EcsCluster-1AAGQRFIOE9AE,Service_beiakklem1vi3j5fejo0,1000,2,0.0593627638,0
1537351740,Prod-EcsStagingCluster-EcsCluster-1AAGQRFIOE9AE,Service_beiakklem1vi3j5fejo0,1000,2,0.0713807978,0
1537402620,Prod-EcsStagingCluster-EcsCluster-1AAGQRFIOE9AE,Service_beiakklem1vi3j5fejo0,1000,2,0.0744084867,0
1537360200,Prod-EcsStagingCluster-EcsCluster-1AAGQRFIOE9AE,Service_beiakklem1vi3j5fejo0,1000,2,0.0730162803,0
1537366560,Prod-EcsStagingCluster-EcsCluster-1AAGQRFIOE9AE,Service_beiakklem1vi3j5fejo0,1000,2,0.0669582881,0
1537389900,Prod-EcsStagingCluster-EcsCluster-1AAGQRFIOE9AE,Service_beiakklem1vi3j5fejo0,1000,2,0.0596079725,0
1537411080,Prod-EcsStagingCluster-EcsCluster-1AAGQRFIOE9AE,Service_beiakklem1vi3j5fejo0,1000,2,0.0623587820,0
1537417440,Prod-EcsStagingCluster-EcsCluster-1AAGQRFIOE9AE,Service_beiakklem1vi3j5fejo0,1000,2,0.0567886512,0
1537399200,Prod-EcsStagingCluster-EcsCluster-1AAGQRFIOE9AE,Service_beiakklem1vi3j5fejo0,1000,2,0.0523391693,0
1537347180,Prod-EcsStagingCluster-EcsCluster-1AAGQRFIOE9AE,Service_beiakklem1vi3j5fejo0,1000,2,0.0709751150,0
1537390680,Prod-EcsStagingCluster-EcsCluster-1AAGQRFIOE9AE,Service_beiakklem1vi3j5fejo0,1000,2,0.0587684650,0
1537365240,Prod-EcsStagingCluster-EcsCluster-1AAGQRFIOE9AE,Service_beiakklem1vi3j5fejo0,1000,2,0.0465967069,0
1537416120,Prod-EcsStagingCluster-EcsCluster-1AAGQRFIOE9AE,Service_beiakklem1vi3j5fejo0,1000,2,0.0495555754,0
1537359900,Prod-EcsStagingCluster-EcsCluster-1AAGQRFIOE9AE,Service_beiakklem1vi3j5fejo0,1000,2,0.0621598160,0
1537410780,Prod-EcsStagingCluster-EcsCluster-1AAGQRFIOE9AE,Service_beiakklem1vi3j5fejo0,1000,2,0.0540756175,0
1537398060,Prod-EcsStagingCluster-EcsCluster-1AAGQRFIOE9AE,Service_beiakklem1vi3j5fejo0,1000,2,0.0581257636,0
1537394760,Prod-EcsStagingCluster-EcsCluster-1AAGQRFIOE9AE,Service_beiakklem1vi3j5fejo0,1000,2,0.0562823109,0
1537372500,Prod-EcsStagingCluster-EcsCluster-1AAGQRFIOE9AE,Service_beiakklem1vi3j5fejo0,1000,2,0.0595330837,0
1537423380,Prod-EcsStagingCluster-EcsCluster-1AAGQRFIOE9AE,Service_beiakklem1vi3j5fejo0,1000,2,0.0483968444,0
1537356480,Prod-EcsStagingCluster-EcsCluster-1AAGQRFIOE9AE,Service_beiakklem1vi3j5fejo0,1000,2,0.0699318967,0
1537351140,Prod-EcsStagingCluster-EcsCluster-1AAGQRFIOE9AE,Service_beiakklem1vi3j5fejo0,1000,2,0.0900503076,0
1537355340,Prod-EcsStagingCluster-EcsCluster-1AAGQRFIOE9AE,Service_beiakklem1vi3j5fejo0,1000,2,0.0713295232,0
1537376580,Prod-EcsStagingCluster-EcsCluster-1AAGQRFIOE9AE,Service_beiakklem1vi3j5fejo0,1000,2,0.0625959420,0
1537407360,Prod-EcsStagingCluster-EcsCluster-1AAGQRFIOE9AE,Service_beiakklem1vi3j5fejo0,1000,2,0.0502216269,0
1537427460,Prod-EcsStagingCluster-EcsCluster-1AAGQRFIOE9AE,Service_beiakklem1vi3j5fejo0,1000,2,0.0511843761,0
1537368060,Prod-EcsStagingCluster-EcsCluster-1AAGQRFIOE9AE,Service_beiakklem1vi3j5fejo0,1000,2,0.0661644649,0
1537402020,Prod-EcsStagingCluster-EcsCluster-1AAGQRFIOE9AE,Service_beiakklem1vi3j5fejo0,1000,2,0.0619368348,0
1537418940,Prod-EcsStagingCluster-EcsCluster-1AAGQRFIOE9AE,Service_beiakklem1vi3j5fejo0,1000,2,0.0524983757,0
1537406220,Prod-EcsStagingCluster-EcsCluster-1AAGQRFIOE9AE,Service_beiakklem1vi3j5fejo0,1000,2,0.0497082203,0
1537360560,Prod-EcsStagingCluster-EcsCluster-1AAGQRFIOE9AE,Service_beiakklem1vi3j5fejo0,1000,2,0.0713978160,0
1537411440,Prod-EcsStagingCluster-EcsCluster-1AAGQRFIOE9AE,Service_beiakklem1vi3j5fejo0,1000,2,0.0620639949,0
1537352040,Prod-EcsStagingCluster-EcsCluster-1AAGQRFIOE9AE,Service_beiakklem1vi3j5fejo0,1000,2,0.0688228889,0
1537386000,Prod-EcsStagingCluster-EcsCluster-1AAGQRFIOE9AE,Service_beiakklem1vi3j5fejo0,1000,2,0.0950222759,0
1537380660,Prod-EcsStagingCluster-EcsCluster-1AAGQRFIOE9AE,Service_beiakklem1vi3j5fejo0,1000,2,0.0592055337,0
1537431540,Prod-EcsStagingCluster-EcsCluster-1AAGQRFIOE9AE,Service_beiakklem1vi3j5fejo0,1000,2,0.0594357076,0
1537378440,Prod-EcsStagingCluster-EcsCluster-1AAGQRFIOE9AE,Service_beiakklem1vi3j5fejo0,1000,2,0.0582352174,0
1537429320,Prod-EcsStagingCluster-EcsCluster-1AAGQRFIOE9AE,Service_beiakklem1vi3j5fejo0,1000,2,0.0568751569,0
1537376220,Prod-EcsStagingCluster-EcsCluster-1AAGQRFIOE9AE,Service_beiakklem1vi3j5fejo0,1000,2,0.0601354496,0
1537363500,Prod-EcsStagingCluster-EcsCluster-1AAGQRFIOE9AE,Service_beiakklem1vi3j5fejo0,1000,2,0.0605449343,0
1537427100,Prod-EcsStagingCluster-EcsCluster-1AAGQRFIOE9AE,Service_beiakklem1vi3j5fejo0,1000,2,0.0483913209,0
1537391040,Prod-EcsStagingCluster-EcsCluster-1AAGQRFIOE9AE,Service_beiakklem1vi3j5fejo0,1000,2,0.0581540781,0
1537414380,Prod-EcsStagingCluster-EcsCluster-1AAGQRFIOE9AE,Service_beiakklem1vi3j5fejo0,1000,2,0.0598462930,0
1537388820,Prod-EcsStagingCluster-EcsCluster-1AAGQRFIOE9AE,Service_beiakklem1vi3j5fejo0,1000,2,0.0638476129,0
1537369680,Prod-EcsStagingCluster-EcsCluster-1AAGQRFIOE9AE,Service_beiakklem1vi3j5fejo0,1000,2,0.0572870635,0
1537420560,Prod-EcsStagingCluster-EcsCluster-1AAGQRFIOE9AE,Service_beiakklem1vi3j5fejo0,1000,2,0.0622198731,0
1537395120,Prod-EcsStagingCluster-EcsCluster-1AAGQRFIOE9AE,Service_beiakklem1vi3j5fejo0,1000,2,0.0544195949,0
1537386600,Prod-EcsStagingCluster-EcsCluster-1AAGQRFIOE9AE,Service_beiakklem1vi3j5fejo0,1000,2,0.0598921258,0
1537392900,Prod-EcsStagingCluster-EcsCluster-1AAGQRFIOE9AE,Service_beiakklem1vi3j5fejo0,1000,2,0.0584313022,0
1537367460,Prod-EcsStagingCluster-EcsCluster-1AAGQRFIOE9AE,Service_beiakklem1vi3j5fejo0,1000,2,0.0766686400,0
1537371660,Prod-EcsStagingCluster-EcsCluster-1AAGQRFIOE9AE,Service_beiakklem1vi3j5fejo0,1000,2,0.0676134953,0
1537384380,Prod-EcsStagingCluster-EcsCluster-1AAGQRFIOE9AE,Service_beiakklem1vi3j5fejo0,1000,2,0.0569393299,0
1537418340,Prod-EcsStagingCluster-EcsCluster-1AAGQRFIOE9AE,Service_beiakklem1vi3j5fejo0,1000,2,0.0511466858,0
1537348320,Prod-EcsStagingCluster-EcsCluster-1AAGQRFIOE9AE,Service_beiakklem1vi3j5fejo0,1000,2,0.0635395346,0
1537357800,Prod-EcsStagingCluster-EcsCluster-1AAGQRFIOE9AE,Service_beiakklem1vi3j5fejo0,1000,2,0.0606612494,0
1537364160,Prod-EcsStagingCluster-EcsCluster-1AAGQRFIOE9AE,Service_beiakklem1vi3j5fejo0,1000,2,0.0700344258,0
1537428900,Prod-EcsStagingCluster-EcsCluster-1AAGQRFIOE9AE,Service_beiakklem1vi3j5fejo0,1000,2,0.0565203984,0
1537408680,Prod-EcsStagingCluster-EcsCluster-1AAGQRFIOE9AE,Service_beiakklem1vi3j5fejo0,1000,2,0.0509326573,0
1537415040,Prod-EcsStagingCluster-EcsCluster-1AAGQRFIOE9AE,Service_beiakklem1vi3j5fejo0,1000,2,0.0547986363,0
1537363020,Prod-EcsStagingCluster-EcsCluster-1AAGQRFIOE9AE,Service_beiakklem1vi3j5fejo0,1000,2,0.0624188889,0
1537413900,Prod-EcsStagingCluster-EcsCluster-1AAGQRFIOE9AE,Service_beiakklem1vi3j5fejo0,1000,2,0.0613342823,0
1537394820,Prod-EcsStagingCluster-EcsCluster-1AAGQRFIOE9AE,Service_beiakklem1vi3j5fejo0,1000,2,0.0588541691,0
1537374600,Prod-EcsStagingCluster-EcsCluster-1AAGQRFIOE9AE,Service_beiakklem1vi3j5fejo0,1000,2,0.0601796100,0
1537380960,Prod-EcsStagingCluster-EcsCluster-1AAGQRFIOE9AE,Service_beiakklem1vi3j5fejo0,1000,2,0.0596354725,0
1537357560,Prod-EcsStagingCluster-EcsCluster-1AAGQRFIOE9AE,Service_beiakklem1vi3j5fejo0,1000,2,0.0604177953,0
1537363920,Prod-EcsStagingCluster-EcsCluster-1AAGQRFIOE9AE,Service_beiakklem1vi3j5fejo0,1000,2,0.0690434118,0
1537425480,Prod-EcsStagingCluster-EcsCluster-1AAGQRFIOE9AE,Service_beiakklem1vi3j5fejo0,1000,2,0.0494686324,0
1537379820,Prod-EcsStagingCluster-EcsCluster-1AAGQRFIOE9AE,Service_beiakklem1vi3j5fejo0,1000,2,0.0603052212,0
1537414800,Prod-EcsStagingCluster-EcsCluster-1AAGQRFIOE9AE,Service_beiakklem1vi3j5fejo0,1000,2,0.0575858380,0
1537408440,Prod-EcsStagingCluster-EcsCluster-1AAGQRFIOE9AE,Service_beiakklem1vi3j5fejo0,1000,2,0.0512698025,0
1537430700,Prod-EcsStagingCluster-EcsCluster-1AAGQRFIOE9AE,Service_beiakklem1vi3j5fejo0,1000,2,0.0563777147,0
1537388220,Prod-EcsStagingCluster-EcsCluster-1AAGQRFIOE9AE,Service_beiakklem1vi3j5fejo0,1000,2,0.0832011925,0
1537394580,Prod-EcsStagingCluster-EcsCluster-1AAGQRFIOE9AE,Service_beiakklem1vi3j5fejo0,1000,2,0.0567774596,0
1537374360,Prod-EcsStagingCluster-EcsCluster-1AAGQRFIOE9AE,Service_beiakklem1vi3j5fejo0,1000,2,0.0683228978,0
1537380720,Prod-EcsStagingCluster-EcsCluster-1AAGQRFIOE9AE,Service_beiakklem1vi3j5fejo0,1000,2,0.0597085332,0
1537354140,Prod-EcsStagingCluster-EcsCluster-1AAGQRFIOE9AE,Service_beiakklem1vi3j5fejo0,1000,2,0.0769874789,0
1537360500,Prod-EcsStagingCluster-EcsCluster-1AAGQRFIOE9AE,Service_beiakklem1vi3j5fejo0,1000,2,0.0713923117,0
1537425240,Prod-EcsStagingCluster-EcsCluster-1AAGQRFIOE9AE,Service_beiakklem1vi3j5fejo0,1000,2,0.0589128463,0
1537431600,Prod-EcsStagingCluster-EcsCluster-1AAGQRFIOE9AE,Service_beiakklem1vi3j5fejo0,1000,2,0.0579297396,0
1537411380,Prod-EcsStagingCluster-EcsCluster-1AAGQRFIOE9AE,Service_beiakklem1vi3j5fejo0,1000,2,0.0615262671,0
1537405020,Prod-EcsStagingCluster-EcsCluster-1AAGQRFIOE9AE,Service_beiakklem1vi3j5fejo0,1000,2,0.0588776785,0
1537358280,Prod-EcsStagingCluster-EcsCluster-1AAGQRFIOE9AE,Service_beiakklem1vi3j5fejo0,1000,2,0.0699820962,0
1537394340,Prod-EcsStagingCluster-EcsCluster-1AAGQRFIOE9AE,Service_beiakklem1vi3j5fejo0,1000,2,0.0561432664,0
1537364640,Prod-EcsStagingCluster-EcsCluster-1AAGQRFIOE9AE,Service_beiakklem1vi3j5fejo0,1000,2,0.1128933541,0
1537409160,Prod-EcsStagingCluster-EcsCluster-1AAGQRFIOE9AE,Service_beiakklem1vi3j5fejo0,1000,2,0.0520484321,0
1537415520,Prod-EcsStagingCluster-EcsCluster-1AAGQRFIOE9AE,Service_beiakklem1vi3j5fejo0,1000,2,0.0502199243,0
1537347600,Prod-EcsStagingCluster-EcsCluster-1AAGQRFIOE9AE,Service_beiakklem1vi3j5fejo0,1000,2,0.0622594837,0
1537392120,Prod-EcsStagingCluster-EcsCluster-1AAGQRFIOE9AE,Service_beiakklem1vi3j5fejo0,1000,2,0.0599888768,0
1537398480,Prod-EcsStagingCluster-EcsCluster-1AAGQRFIOE9AE,Service_beiakklem1vi3j5fejo0,1000,2,0.0574072392,0
1537379340,Prod-EcsStagingCluster-EcsCluster-1AAGQRFIOE9AE,Service_beiakklem1vi3j5fejo0,1000,2,0.0589261482,0
1537360260,Prod-EcsStagingCluster-EcsCluster-1AAGQRFIOE9AE,Service_beiakklem1vi3j5fejo0,1000,2,0.0717678929,0
1537411140,Prod-EcsStagingCluster-EcsCluster-1AAGQRFIOE9AE,Service_beiakklem1vi3j5fejo0,1000,2,0.0602259877,0
1537430220,Prod-EcsStagingCluster-EcsCluster-1AAGQRFIOE9AE,Service_beiakklem1vi3j5fejo0,1000,2,0.0591786650,0
1537358040,Prod-EcsStagingCluster-EcsCluster-1AAGQRFIOE9AE,Service_beiakklem1vi3j5fejo0,1000,2,0.0691409960,0
1537364400,Prod-EcsStagingCluster-EcsCluster-1AAGQRFIOE9AE,Service_beiakklem1vi3j5fejo0,1000,2,0.0697581877,0
1537408920,Prod-EcsStagingCluster-EcsCluster-1AAGQRFIOE9AE,Service_beiakklem1vi3j5fejo0,1000,2,0.0516897288,0
1537415280,Prod-EcsStagingCluster-EcsCluster-1AAGQRFIOE9AE,Service_beiakklem1vi3j5fejo0,1000,2,0.0499536879,0
1537396140,Prod-EcsStagingCluster-EcsCluster-1AAGQRFIOE9AE,Service_beiakklem1vi3j5fejo0,1000,2,0.0599825575,0
1537360020,Prod-EcsStagingCluster-EcsCluster-1AAGQRFIOE9AE,Service_beiakklem1vi3j5fejo0,1000,2,0.0715480991,0
1537353660,Prod-EcsStagingCluster-EcsCluster-1AAGQRFIOE9AE,Service_beiakklem1vi3j5fejo0,1000,2,0.0623854522,0
1537392840,Prod-EcsStagingCluster-EcsCluster-1AAGQRFIOE9AE,Service_beiakklem1vi3j5fejo0,1000,2,0.0585202776,0
1537346160,Prod-EcsStagingCluster-EcsCluster-1AAGQRFIOE9AE,Service_beiakklem1vi3j5fejo0,1000,2,0.0754456369,0
1537404540,Prod-EcsStagingCluster-EcsCluster-1AAGQRFIOE9AE,Service_beiakklem1vi3j5fejo0,1000,2,0.0620826535,0
1537375800,Prod-EcsStagingCluster-EcsCluster-1AAGQRFIOE9AE,Service_beiakklem1vi3j5fejo0,1000,2,0.0606754566,0
1537397040,Prod-EcsStagingCluster-EcsCluster-1AAGQRFIOE9AE,Service_beiakklem1vi3j5fejo0,1000,2,0.0602495968,0
1537370460,Prod-EcsStagingCluster-EcsCluster-1AAGQRFIOE9AE,Service_beiakklem1vi3j5fejo0,1000,2,0.0661894133,0
1537361940,Prod-EcsStagingCluster-EcsCluster-1AAGQRFIOE9AE,Service_beiakklem1vi3j5fejo0,1000,2,0.0724163341,0
1537426680,Prod-EcsStagingCluster-EcsCluster-1AAGQRFIOE9AE,Service_beiakklem1vi3j5fejo0,1000,2,0.0495627679,0
1537421340,Prod-EcsStagingCluster-EcsCluster-1AAGQRFIOE9AE,Service_beiakklem1vi3j5fejo0,1000,2,0.0596345915,0
1537412820,Prod-EcsStagingCluster-EcsCluster-1AAGQRFIOE9AE,Service_beiakklem1vi3j5fejo0,1000,2,0.0654630003,0
1537345920,Prod-EcsStagingCluster-EcsCluster-1AAGQRFIOE9AE,Service_beiakklem1vi3j5fejo0,1000,2,0.0740927416,0
1537392600,Prod-EcsStagingCluster-EcsCluster-1AAGQRFIOE9AE,Service_beiakklem1vi3j5fejo0,1000,2,0.0587490303,0
1537378740,Prod-EcsStagingCluster-EcsCluster-1AAGQRFIOE9AE,Service_beiakklem1vi3j5fejo0,1000,2,0.0604772230,0
1537396800,Prod-EcsStagingCluster-EcsCluster-1AAGQRFIOE9AE,Service_beiakklem1vi3j5fejo0,1000,2,0.0563808961,0
1537361700,Prod-EcsStagingCluster-EcsCluster-1AAGQRFIOE9AE,Service_beiakklem1vi3j5fejo0,1000,2,0.0711824853,0
1537395660,Prod-EcsStagingCluster-EcsCluster-1AAGQRFIOE9AE,Service_beiakklem1vi3j5fejo0,1000,2,0.0914048629,0
1537429620,Prod-EcsStagingCluster-EcsCluster-1AAGQRFIOE9AE,Service_beiakklem1vi3j5fejo0,1000,2,0.0577012088,0
1537412580,Prod-EcsStagingCluster-EcsCluster-1AAGQRFIOE9AE,Service_beiakklem1vi3j5fejo0,1000,2,0.0652282092,0
1537362720,Prod-EcsStagingCluster-EcsCluster-1AAGQRFIOE9AE,Service_beiakklem1vi3j5fejo0,1000,2,0.0704112066,0
1537413600,Prod-EcsStagingCluster-EcsCluster-1AAGQRFIOE9AE,Service_beiakklem1vi3j5fejo0,1000,2,0.0615336770,0
1537345680,Prod-EcsStagingCluster-EcsCluster-1AAGQRFIOE9AE,Service_beiakklem1vi3j5fejo0,1000,2,0.0756953280,0
1537361580,Prod-EcsStagingCluster-EcsCluster-1AAGQRFIOE9AE,Service_beiakklem1vi3j5fejo0,1000,2,0.0715385703,0
1537392360,Prod-EcsStagingCluster-EcsCluster-1AAGQRFIOE9AE,Service_beiakklem1vi3j5fejo0,1000,2,0.0589112065,0
1537410360,Prod-EcsStagingCluster-EcsCluster-1AAGQRFIOE9AE,Service_beiakklem1vi3j5fejo0,1000,2,0.0521412249,0
1537378500,Prod-EcsStagingCluster-EcsCluster-1AAGQRFIOE9AE,Service_beiakklem1vi3j5fejo0,1000,2,0.0592614052,0
1537412460,Prod-EcsStagingCluster-EcsCluster-1AAGQRFIOE9AE,Service_beiakklem1vi3j5fejo0,1000,2,0.0663432533,0
1537429380,Prod-EcsStagingCluster-EcsCluster-1AAGQRFIOE9AE,Service_beiakklem1vi3j5fejo0,1000,2,0.0579768389,0
1537369980,Prod-EcsStagingCluster-EcsCluster-1AAGQRFIOE9AE,Service_beiakklem1vi3j5fejo0,1000,2,0.0568809439,0
1537420860,Prod-EcsStagingCluster-EcsCluster-1AAGQRFIOE9AE,Service_beiakklem1vi3j5fejo0,1000,2,0.0591726283,0
1537376280,Prod-EcsStagingCluster-EcsCluster-1AAGQRFIOE9AE,Service_beiakklem1vi3j5fejo0,1000,2,0.1292097372,0
1537380480,Prod-EcsStagingCluster-EcsCluster-1AAGQRFIOE9AE,Service_beiakklem1vi3j5fejo0,1000,2,0.0599423990,0
1537427160,Prod-EcsStagingCluster-EcsCluster-1AAGQRFIOE9AE,Service_beiakklem1vi3j5fejo0,1000,2,0.0495886233,0
1537386780,Prod-EcsStagingCluster-EcsCluster-1AAGQRFIOE9AE,Service_beiakklem1vi3j5fejo0,1000,2,0.0603292327,0
1537431360,Prod-EcsStagingCluster-EcsCluster-1AAGQRFIOE9AE,Service_beiakklem1vi3j5fejo0,1000,2,0.0596659290,0
1537378260,Prod-EcsStagingCluster-EcsCluster-1AAGQRFIOE9AE,Service_beiakklem1vi3j5fejo0,1000,2,0.0604898833,0
1537346400,Prod-EcsStagingCluster-EcsCluster-1AAGQRFIOE9AE,Service_beiakklem1vi3j5fejo0,1000,2,0.0713323003,0
1537397280,Prod-EcsStagingCluster-EcsCluster-1AAGQRFIOE9AE,Service_beiakklem1vi3j5fejo0,1000,2,0.0600022239,0
1537429140,Prod-EcsStagingCluster-EcsCluster-1AAGQRFIOE9AE,Service_beiakklem1vi3j5fejo0,1000,2,0.0584803250,0
1537376040,Prod-EcsStagingCluster-EcsCluster-1AAGQRFIOE9AE,Service_beiakklem1vi3j5fejo0,1000,2,0.0603281313,0
1537380240,Prod-EcsStagingCluster-EcsCluster-1AAGQRFIOE9AE,Service_beiakklem1vi3j5fejo0,1000,2,0.0692177517,0
1537361100,Prod-EcsStagingCluster-EcsCluster-1AAGQRFIOE9AE,Service_beiakklem1vi3j5fejo0,1000,2,0.0707563283,0
1537395060,Prod-EcsStagingCluster-EcsCluster-1AAGQRFIOE9AE,Service_beiakklem1vi3j5fejo0,1000,2,0.0552884806,0
1537426920,Prod-EcsStagingCluster-EcsCluster-1AAGQRFIOE9AE,Service_beiakklem1vi3j5fejo0,1000,2,0.0486555250,0
1537431120,Prod-EcsStagingCluster-EcsCluster-1AAGQRFIOE9AE,Service_beiakklem1vi3j5fejo0,1000,2,0.0583315712,0
1537378020,Prod-EcsStagingCluster-EcsCluster-1AAGQRFIOE9AE,Service_beiakklem1vi3j5fejo0,1000,2,0.0592008266,0
1537411980,Prod-EcsStagingCluster-EcsCluster-1AAGQRFIOE9AE,Service_beiakklem1vi3j5fejo0,1000,2,0.0694854312,0
1537372680,Prod-EcsStagingCluster-EcsCluster-1AAGQRFIOE9AE,Service_beiakklem1vi3j5fejo0,1000,2,0.0604817591,0
1537379040,Prod-EcsStagingCluster-EcsCluster-1AAGQRFIOE9AE,Service_beiakklem1vi3j5fejo0,1000,2,0.0606386777,0
1537359960,Prod-EcsStagingCluster-EcsCluster-1AAGQRFIOE9AE,Service_beiakklem1vi3j5fejo0,1000,2,0.0622077920,0
1537366320,Prod-EcsStagingCluster-EcsCluster-1AAGQRFIOE9AE,Service_beiakklem1vi3j5fejo0,1000,2,0.0648755076,0
1537424700,Prod-EcsStagingCluster-EcsCluster-1AAGQRFIOE9AE,Service_beiakklem1vi3j5fejo0,1000,2,0.0545178002,0
1537410840,Prod-EcsStagingCluster-EcsCluster-1AAGQRFIOE9AE,Service_beiakklem1vi3j5fejo0,1000,2,0.0525412505,0
1537429920,Prod-EcsStagingCluster-EcsCluster-1AAGQRFIOE9AE,Service_beiakklem1vi3j5fejo0,1000,2,0.0617206220,0
1537417200,Prod-EcsStagingCluster-EcsCluster-1AAGQRFIOE9AE,Service_beiakklem1vi3j5fejo0,1000,2,0.0532340170,0
1537423560,Prod-EcsStagingCluster-EcsCluster-1AAGQRFIOE9AE,Service_beiakklem1vi3j5fejo0,1000,2,0.0587336179,0
1537390620,Prod-EcsStagingCluster-EcsCluster-1AAGQRFIOE9AE,Service_beiakklem1vi3j5fejo0,1000,2,0.0595691032,0
1537377900,Prod-EcsStagingCluster-EcsCluster-1AAGQRFIOE9AE,Service_beiakklem1vi3j5fejo0,1000,2,0.0620529393,0
1537428780,Prod-EcsStagingCluster-EcsCluster-1AAGQRFIOE9AE,Service_beiakklem1vi3j5fejo0,1000,2,0.0483339710,0
1537379940,Prod-EcsStagingCluster-EcsCluster-1AAGQRFIOE9AE,Service_beiakklem1vi3j5fejo0,1000,2,0.0623966011,0
1537392660,Prod-EcsStagingCluster-EcsCluster-1AAGQRFIOE9AE,Service_beiakklem1vi3j5fejo0,1000,2,0.0580409508,0
1537430820,Prod-EcsStagingCluster-EcsCluster-1AAGQRFIOE9AE,Service_beiakklem1vi3j5fejo0,1000,2,0.0571323380,0
1537358580,Prod-EcsStagingCluster-EcsCluster-1AAGQRFIOE9AE,Service_beiakklem1vi3j5fejo0,1000,2,0.0649837661,0
1537345860,Prod-EcsStagingCluster-EcsCluster-1AAGQRFIOE9AE,Service_beiakklem1vi3j5fejo0,1000,2,0.0747511140,0
1537409460,Prod-EcsStagingCluster-EcsCluster-1AAGQRFIOE9AE,Service_beiakklem1vi3j5fejo0,1000,2,0.0515403316,0
1537396740,Prod-EcsStagingCluster-EcsCluster-1AAGQRFIOE9AE,Service_beiakklem1vi3j5fejo0,1000,2,0.0577073745,0
1537359480,Prod-EcsStagingCluster-EcsCluster-1AAGQRFIOE9AE,Service_beiakklem1vi3j5fejo0,1000,2,0.0627261212,0
1537378560,Prod-EcsStagingCluster-EcsCluster-1AAGQRFIOE9AE,Service_beiakklem1vi3j5fejo0,1000,2,0.0593393674,0
1537372200,Prod-EcsStagingCluster-EcsCluster-1AAGQRFIOE9AE,Service_beiakklem1vi3j5fejo0,1000,2,0.0581857791,0
1537365840,Prod-EcsStagingCluster-EcsCluster-1AAGQRFIOE9AE,Service_beiakklem1vi3j5fejo0,1000,2,0.0480131831,0
1537377420,Prod-EcsStagingCluster-EcsCluster-1AAGQRFIOE9AE,Service_beiakklem1vi3j5fejo0,1000,2,0.0586525937,0
1537390140,Prod-EcsStagingCluster-EcsCluster-1AAGQRFIOE9AE,Service_beiakklem1vi3j5fejo0,1000,2,0.0598861413,0
1537428300,Prod-EcsStagingCluster-EcsCluster-1AAGQRFIOE9AE,Service_beiakklem1vi3j5fejo0,1000,2,0.0485984452,0
1537356060,Prod-EcsStagingCluster-EcsCluster-1AAGQRFIOE9AE,Service_beiakklem1vi3j5fejo0,1000,2,0.0713862099,0
1537406940,Prod-EcsStagingCluster-EcsCluster-1AAGQRFIOE9AE,Service_beiakklem1vi3j5fejo0,1000,2,0.0509895356,0
1537394220,Prod-EcsStagingCluster-EcsCluster-1AAGQRFIOE9AE,Service_beiakklem1vi3j5fejo0,1000,2,0.0559128118,0
1537345380,Prod-EcsStagingCluster-EcsCluster-1AAGQRFIOE9AE,Service_beiakklem1vi3j5fejo0,1000,2,0.0744083013,0
1537358100,Prod-EcsStagingCluster-EcsCluster-1AAGQRFIOE9AE,Service_beiakklem1vi3j5fejo0,1000,2,0.0698692419,0
1537396260,Prod-EcsStagingCluster-EcsCluster-1AAGQRFIOE9AE,Service_beiakklem1vi3j5fejo0,1000,2,0.0610502824,0
1537408980,Prod-EcsStagingCluster-EcsCluster-1AAGQRFIOE9AE,Service_beiakklem1vi3j5fejo0,1000,2,0.0512233784,0
1537362240,Prod-EcsStagingCluster-EcsCluster-1AAGQRFIOE9AE,Service_beiakklem1vi3j5fejo0,1000,2,0.0714098969,0
1537355880,Prod-EcsStagingCluster-EcsCluster-1AAGQRFIOE9AE,Service_beiakklem1vi3j5fejo0,1000,2,0.0702219287,0
1537349520,Prod-EcsStagingCluster-EcsCluster-1AAGQRFIOE9AE,Service_beiakklem1vi3j5fejo0,1000,2,0.0726584455,0
1537394040,Prod-EcsStagingCluster-EcsCluster-1AAGQRFIOE9AE,Service_beiakklem1vi3j5fejo0,1000,2,0.0559637433,0
1537400400,Prod-EcsStagingCluster-EcsCluster-1AAGQRFIOE9AE,Service_beiakklem1vi3j5fejo0,1000,2,0.0519346615,0
1537374900,Prod-EcsStagingCluster-EcsCluster-1AAGQRFIOE9AE,Service_beiakklem1vi3j5fejo0,1000,2,0.0487430900,0
1537362180,Prod-EcsStagingCluster-EcsCluster-1AAGQRFIOE9AE,Service_beiakklem1vi3j5fejo0,1000,2,0.0737673770,0
1537406760,Prod-EcsStagingCluster-EcsCluster-1AAGQRFIOE9AE,Service_beiakklem1vi3j5fejo0,1000,2,0.0505363497,0
1537413120,Prod-EcsStagingCluster-EcsCluster-1AAGQRFIOE9AE,Service_beiakklem1vi3j5fejo0,1000,2,0.0611011363,0
1537413060,Prod-EcsStagingCluster-EcsCluster-1AAGQRFIOE9AE,Service_beiakklem1vi3j5fejo0,1000,2,0.0689023689,0
1537425780,Prod-EcsStagingCluster-EcsCluster-1AAGQRFIOE9AE,Service_beiakklem1vi3j5fejo0,1000,2,0.0499390269,0
1537410900,Prod-EcsStagingCluster-EcsCluster-1AAGQRFIOE9AE,Service_beiakklem1vi3j5fejo0,1000,2,0.0540293572,0
1537382160,Prod-EcsStagingCluster-EcsCluster-1AAGQRFIOE9AE,Service_beiakklem1vi3j5fejo0,1000,2,0.0696276907,0
1537376820,Prod-EcsStagingCluster-EcsCluster-1AAGQRFIOE9AE,Service_beiakklem1vi3j5fejo0,1000,2,0.0594191787,0
1537364100,Prod-EcsStagingCluster-EcsCluster-1AAGQRFIOE9AE,Service_beiakklem1vi3j5fejo0,1000,2,0.0696336860,0
1537394880,Prod-EcsStagingCluster-EcsCluster-1AAGQRFIOE9AE,Service_beiakklem1vi3j5fejo0,1000,2,0.0574686865,0
1537355580,Prod-EcsStagingCluster-EcsCluster-1AAGQRFIOE9AE,Service_beiakklem1vi3j5fejo0,1000,2,0.0735664916,0
1537393740,Prod-EcsStagingCluster-EcsCluster-1AAGQRFIOE9AE,Service_beiakklem1vi3j5fejo0,1000,2,0.0464123039,0
1537427700,Prod-EcsStagingCluster-EcsCluster-1AAGQRFIOE9AE,Service_beiakklem1vi3j5fejo0,1000,2,0.0482399371,0
1537414980,Prod-EcsStagingCluster-EcsCluster-1AAGQRFIOE9AE,Service_beiakklem1vi3j5fejo0,1000,2,0.0493502372,0
1537348080,Prod-EcsStagingCluster-EcsCluster-1AAGQRFIOE9AE,Service_beiakklem1vi3j5fejo0,1000,2,0.0630702978,0
1537360800,Prod-EcsStagingCluster-EcsCluster-1AAGQRFIOE9AE,Service_beiakklem1vi3j5fejo0,1000,2,0.0720268241,0
1537406460,Prod-EcsStagingCluster-EcsCluster-1AAGQRFIOE9AE,Service_beiakklem1vi3j5fejo0,1000,2,0.0495154915,0
1537377720,Prod-EcsStagingCluster-EcsCluster-1AAGQRFIOE9AE,Service_beiakklem1vi3j5fejo0,1000,2,0.0590797263,0
1537411680,Prod-EcsStagingCluster-EcsCluster-1AAGQRFIOE9AE,Service_beiakklem1vi3j5fejo0,1000,2,0.0704003489,0
1537398960,Prod-EcsStagingCluster-EcsCluster-1AAGQRFIOE9AE,Service_beiakklem1vi3j5fejo0,1000,2,0.0586087249,0
1537372380,Prod-EcsStagingCluster-EcsCluster-1AAGQRFIOE9AE,Service_beiakklem1vi3j5fejo0,1000,2,0.0599088508,0
1537359660,Prod-EcsStagingCluster-EcsCluster-1AAGQRFIOE9AE,Service_beiakklem1vi3j5fejo0,1000,2,0.0614699095,0
1537390440,Prod-EcsStagingCluster-EcsCluster-1AAGQRFIOE9AE,Service_beiakklem1vi3j5fejo0,1000,2,0.0593760835,0
1537410540,Prod-EcsStagingCluster-EcsCluster-1AAGQRFIOE9AE,Service_beiakklem1vi3j5fejo0,1000,2,0.1111638806,0
1537428600,Prod-EcsStagingCluster-EcsCluster-1AAGQRFIOE9AE,Service_beiakklem1vi3j5fejo0,1000,2,0.1146777794,0
1537423260,Prod-EcsStagingCluster-EcsCluster-1AAGQRFIOE9AE,Service_beiakklem1vi3j5fejo0,1000,2,0.0589845130,0
1537356360,Prod-EcsStagingCluster-EcsCluster-1AAGQRFIOE9AE,Service_beiakklem1vi3j5fejo0,1000,2,0.0645035019,0
1537394520,Prod-EcsStagingCluster-EcsCluster-1AAGQRFIOE9AE,Service_beiakklem1vi3j5fejo0,1000,2,0.0904963350,0
1537407240,Prod-EcsStagingCluster-EcsCluster-1AAGQRFIOE9AE,Service_beiakklem1vi3j5fejo0,1000,2,0.0379849540,0
1537416720,Prod-EcsStagingCluster-EcsCluster-1AAGQRFIOE9AE,Service_beiakklem1vi3j5fejo0,1000,2,0.0507877794,0
1537429440,Prod-EcsStagingCluster-EcsCluster-1AAGQRFIOE9AE,Service_beiakklem1vi3j5fejo0,1000,2,0.0561012033,0
1537363620,Prod-EcsStagingCluster-EcsCluster-1AAGQRFIOE9AE,Service_beiakklem1vi3j5fejo0,1000,2,0.0599869469,0
1537376340,Prod-EcsStagingCluster-EcsCluster-1AAGQRFIOE9AE,Service_beiakklem1vi3j5fejo0,1000,2,0.0605753178,0
1537414500,Prod-EcsStagingCluster-EcsCluster-1AAGQRFIOE9AE,Service_beiakklem1vi3j5fejo0,1000,2,0.0612332779,0
1537361400,Prod-EcsStagingCluster-EcsCluster-1AAGQRFIOE9AE,Service_beiakklem1vi3j5fejo0,1000,2,0.0718092686,0
1537395360,Prod-EcsStagingCluster-EcsCluster-1AAGQRFIOE9AE,Service_beiakklem1vi3j5fejo0,1000,2,0.0580044924,0
1537382640,Prod-EcsStagingCluster-EcsCluster-1AAGQRFIOE9AE,Service_beiakklem1vi3j5fejo0,1000,2,0.0721364808,0
1537427220,Prod-EcsStagingCluster-EcsCluster-1AAGQRFIOE9AE,Service_beiakklem1vi3j5fejo0,1000,2,0.0495636303,0
1537374120,Prod-EcsStagingCluster-EcsCluster-1AAGQRFIOE9AE,Service_beiakklem1vi3j5fejo0,1000,2,0.0614896003,0
1537412280,Prod-EcsStagingCluster-EcsCluster-1AAGQRFIOE9AE,Service_beiakklem1vi3j5fejo0,1000,2,0.0713911162,0
1537359180,Prod-EcsStagingCluster-EcsCluster-1AAGQRFIOE9AE,Service_beiakklem1vi3j5fejo0,1000,2,0.0714360913,0
1537393140,Prod-EcsStagingCluster-EcsCluster-1AAGQRFIOE9AE,Service_beiakklem1vi3j5fejo0,1000,2,0.0591955266,0
1537380420,Prod-EcsStagingCluster-EcsCluster-1AAGQRFIOE9AE,Service_beiakklem1vi3j5fejo0,1000,2,0.1378531263,0
1537425000,Prod-EcsStagingCluster-EcsCluster-1AAGQRFIOE9AE,Service_beiakklem1vi3j5fejo0,1000,2,0.0482372888,0
1537431300,Prod-EcsStagingCluster-EcsCluster-1AAGQRFIOE9AE,Service_beiakklem1vi3j5fejo0,1000,2,0.0597432271,0
1537371900,Prod-EcsStagingCluster-EcsCluster-1AAGQRFIOE9AE,Service_beiakklem1vi3j5fejo0,1000,2,0.0680720616,0
1537410060,Prod-EcsStagingCluster-EcsCluster-1AAGQRFIOE9AE,Service_beiakklem1vi3j5fejo0,1000,2,0.0515249047,0
1537422780,Prod-EcsStagingCluster-EcsCluster-1AAGQRFIOE9AE,Service_beiakklem1vi3j5fejo0,1000,2,0.0617436123,0
1537390920,Prod-EcsStagingCluster-EcsCluster-1AAGQRFIOE9AE,Service_beiakklem1vi3j5fejo0,1000,2,0.0576074049,0
1537378200,Prod-EcsStagingCluster-EcsCluster-1AAGQRFIOE9AE,Service_beiakklem1vi3j5fejo0,1000,2,0.0589568637,0
1537429080,Prod-EcsStagingCluster-EcsCluster-1AAGQRFIOE9AE,Service_beiakklem1vi3j5fejo0,1000,2,0.0569447867,0
1537388700,Prod-EcsStagingCluster-EcsCluster-1AAGQRFIOE9AE,Service_beiakklem1vi3j5fejo0,1000,2,0.0603641416,0
1537375980,Prod-EcsStagingCluster-EcsCluster-1AAGQRFIOE9AE,Service_beiakklem1vi3j5fejo0,1000,2,0.0612679748,0
1537350300,Prod-EcsStagingCluster-EcsCluster-1AAGQRFIOE9AE,Service_beiakklem1vi3j5fejog,1000,2,0.8563714629,0
1537353480,Prod-EcsStagingCluster-EcsCluster-1AAGQRFIOE9AE,Service_beiakklem1vi3j5fejog,1000,2,1.2994833223,0
1537356660,Prod-EcsStagingCluster-EcsCluster-1AAGQRFIOE9AE,Service_beiakklem1vi3j5fejog,1000,2,0.0714065668,21
1537359840,Prod-EcsStagingCluster-EcsCluster-1AAGQRFIOE9AE,Service_beiakklem1vi3j5fejog,1000,2,0.0700849764,0
1537378920,Prod-EcsStagingCluster-EcsCluster-1AAGQRFIOE9AE,Service_beiakklem1vi3j5fejog,1000,2,0.1009126032,0
1537382100,Prod-EcsStagingCluster-EcsCluster-1AAGQRFIOE9AE,Service_beiakklem1vi3j5fejog,1000,2,0.0821407398,0
1537385280,Prod-EcsStagingCluster-EcsCluster-1AAGQRFIOE9AE,Service_beiakklem1vi3j5fejog,1000,2,0.0732925681,22
1537375740,Prod-EcsStagingCluster-EcsCluster-1AAGQRFIOE9AE,Service_beiakklem1vi3j5fejog,1000,2,0.0698808449,0
1537409580,Prod-EcsStagingCluster-EcsCluster-1AAGQRFIOE9AE,Service_beiakklem1vi3j5fejog,1000,2,0.8287172671,6
1537412760,Prod-EcsStagingCluster-EcsCluster-1AAGQRFIOE9AE,Service_beiakklem1vi3j5fejog,1000,2,0.1407844173,9
1537415940,Prod-EcsStagingCluster-EcsCluster-1AAGQRFIOE9AE,Service_beiakklem1vi3j5fejog,1000,2,0.0803359842,8
1537419120,Prod-EcsStagingCluster-EcsCluster-1AAGQRFIOE9AE,Service_beiakklem1vi3j5fejog,1000,2,0.1023124230,32
1537393440,Prod-EcsStagingCluster-EcsCluster-1AAGQRFIOE9AE,Service_beiakklem1vi3j5fejog,1000,2,0.0722029885,0
1537390260,Prod-EcsStagingCluster-EcsCluster-1AAGQRFIOE9AE,Service_beiakklem1vi3j5fejog,1000,2,0.0752081893,0
1537383900,Prod-EcsStagingCluster-EcsCluster-1AAGQRFIOE9AE,Service_beiakklem1vi3j5fejog,1000,2,0.0749627337,0
1537387080,Prod-EcsStagingCluster-EcsCluster-1AAGQRFIOE9AE,Service_beiakklem1vi3j5fejog,1000,2,0.0725380702,0
1537415700,Prod-EcsStagingCluster-EcsCluster-1AAGQRFIOE9AE,Service_beiakklem1vi3j5fejog,1000,2,1.0548230342,0
1537418880,Prod-EcsStagingCluster-EcsCluster-1AAGQRFIOE9AE,Service_beiakklem1vi3j5fejog,1000,2,0.2286410534,0
1537347780,Prod-EcsStagingCluster-EcsCluster-1AAGQRFIOE9AE,Service_beiakklem1vi3j5fejog,1000,2,0.0672942999,2
1537350960,Prod-EcsStagingCluster-EcsCluster-1AAGQRFIOE9AE,Service_beiakklem1vi3j5fejog,1000,2,1.3785401856,0
1537409340,Prod-EcsStagingCluster-EcsCluster-1AAGQRFIOE9AE,Service_beiakklem1vi3j5fejog,1000,2,1.3231576989,0
1537412520,Prod-EcsStagingCluster-EcsCluster-1AAGQRFIOE9AE,Service_beiakklem1vi3j5fejog,1000,2,0.0907828277,32
1537373220,Prod-EcsStagingCluster-EcsCluster-1AAGQRFIOE9AE,Service_beiakklem1vi3j5fejog,1000,2,0.0720347077,8
1537366860,Prod-EcsStagingCluster-EcsCluster-1AAGQRFIOE9AE,Service_beiakklem1vi3j5fejog,1000,2,0.0734535771,13
1537394400,Prod-EcsStagingCluster-EcsCluster-1AAGQRFIOE9AE,Service_beiakklem1vi3j5fejog,1000,2,0.0723572809,1
1537388040,Prod-EcsStagingCluster-EcsCluster-1AAGQRFIOE9AE,Service_beiakklem1vi3j5fejog,1000,2,0.0710043688,0
1537419840,Prod-EcsStagingCluster-EcsCluster-1AAGQRFIOE9AE,Service_beiakklem1vi3j5fejog,1000,2,0.1741559307,0
1537351920,Prod-EcsStagingCluster-EcsCluster-1AAGQRFIOE9AE,Service_beiakklem1vi3j5fejog,1000,2,0.1817851198,17
1537413480,Prod-EcsStagingCluster-EcsCluster-1AAGQRFIOE9AE,Service_beiakklem1vi3j5fejog,1000,2,0.0843934188,12
1537345560,Prod-EcsStagingCluster-EcsCluster-1AAGQRFIOE9AE,Service_beiakklem1vi3j5fejog,1000,2,0.3073107193,0
1537377360,Prod-EcsStagingCluster-EcsCluster-1AAGQRFIOE9AE,Service_beiakklem1vi3j5fejog,1000,2,0.0654858515,0
1537371000,Prod-EcsStagingCluster-EcsCluster-1AAGQRFIOE9AE,Service_beiakklem1vi3j5fejog,1000,2,0.0708341409,0
1537347540,Prod-EcsStagingCluster-EcsCluster-1AAGQRFIOE9AE,Service_beiakklem1vi3j5fejog,1000,2,0.0666605224,0
1537345320,Prod-EcsStagingCluster-EcsCluster-1AAGQRFIOE9AE,Service_beiakklem1vi3j5fejog,1000,2,0.0751347373,0
1537417500,Prod-EcsStagingCluster-EcsCluster-1AAGQRFIOE9AE,Service_beiakklem1vi3j5fejog,1000,2,0.7521265378,10
1537423860,Prod-EcsStagingCluster-EcsCluster-1AAGQRFIOE9AE,Service_beiakklem1vi3j5fejog,1000,2,0.5518471992,0
1537351680,Prod-EcsStagingCluster-EcsCluster-1AAGQRFIOE9AE,Service_beiakklem1vi3j5fejog,1000,2,0.2109308020,6
1537375020,Prod-EcsStagingCluster-EcsCluster-1AAGQRFIOE9AE,Service_beiakklem1vi3j5fejog,1000,2,0.0710326224,0
1537381380,Prod-EcsStagingCluster-EcsCluster-1AAGQRFIOE9AE,Service_beiakklem1vi3j5fejog,1000,2,1.0873337724,9
1537400460,Prod-EcsStagingCluster-EcsCluster-1AAGQRFIOE9AE,Service_beiakklem1vi3j5fejog,1000,2,0.8282589435,1
1537406820,Prod-EcsStagingCluster-EcsCluster-1AAGQRFIOE9AE,Service_beiakklem1vi3j5fejog,1000,2,0.0877816334,0
1537428000,Prod-EcsStagingCluster-EcsCluster-1AAGQRFIOE9AE,Service_beiakklem1vi3j5fejog,1000,2,0.0761933350,21
1537421640,Prod-EcsStagingCluster-EcsCluster-1AAGQRFIOE9AE,Service_beiakklem1vi3j5fejog,1000,2,0.0817220292,19
1537385520,Prod-EcsStagingCluster-EcsCluster-1AAGQRFIOE9AE,Service_beiakklem1vi3j5fejog,1000,2,0.0719416152,7
1537379160,Prod-EcsStagingCluster-EcsCluster-1AAGQRFIOE9AE,Service_beiakklem1vi3j5fejog,1000,2,0.0718060087,9
1537404600,Prod-EcsStagingCluster-EcsCluster-1AAGQRFIOE9AE,Service_beiakklem1vi3j5fejog,1000,2,1.0138022555,0
1537410960,Prod-EcsStagingCluster-EcsCluster-1AAGQRFIOE9AE,Service_beiakklem1vi3j5fejog,1000,2,0.0724037181,21
1537358880,Prod-EcsStagingCluster-EcsCluster-1AAGQRFIOE9AE,Service_beiakklem1vi3j5fejog,1000,2,2.0258147498,3
1537349340,Prod-EcsStagingCluster-EcsCluster-1AAGQRFIOE9AE,Service_beiakklem1vi3j5fejog,1000,2,1.0584681456,21
1537380120,Prod-EcsStagingCluster-EcsCluster-1AAGQRFIOE9AE,Service_beiakklem1vi3j5fejog,1000,2,0.0708513966,10
1537383300,Prod-EcsStagingCluster-EcsCluster-1AAGQRFIOE9AE,Service_beiakklem1vi3j5fejog,1000,2,0.0744300712,0
1537384320,Prod-EcsStagingCluster-EcsCluster-1AAGQRFIOE9AE,Service_beiakklem1vi3j5fejog,1000,2,0.0698059165,0
1537405560,Prod-EcsStagingCluster-EcsCluster-1AAGQRFIOE9AE,Service_beiakklem1vi3j5fejog,1000,2,0.3194794869,0
1537408740,Prod-EcsStagingCluster-EcsCluster-1AAGQRFIOE9AE,Service_beiakklem1vi3j5fejog,1000,2,0.3570140325,0
1537374780,Prod-EcsStagingCluster-EcsCluster-1AAGQRFIOE9AE,Service_beiakklem1vi3j5fejog,1000,2,1.1289909101,0
1537408620,Prod-EcsStagingCluster-EcsCluster-1AAGQRFIOE9AE,Service_beiakklem1vi3j5fejog,1000,2,0.8434659243,1
1537418160,Prod-EcsStagingCluster-EcsCluster-1AAGQRFIOE9AE,Service_beiakklem1vi3j5fejog,1000,2,0.2819254587,2
1537354440,Prod-EcsStagingCluster-EcsCluster-1AAGQRFIOE9AE,Service_beiakklem1vi3j5fejog,1000,2,0.0701363459,2
1537357620,Prod-EcsStagingCluster-EcsCluster-1AAGQRFIOE9AE,Service_beiakklem1vi3j5fejog,1000,2,0.0750807226,0
1537379880,Prod-EcsStagingCluster-EcsCluster-1AAGQRFIOE9AE,Service_beiakklem1vi3j5fejog,1000,2,0.0699341569,0
1537383060,Prod-EcsStagingCluster-EcsCluster-1AAGQRFIOE9AE,Service_beiakklem1vi3j5fejog,1000,2,0.0685964455,0
1537392480,Prod-EcsStagingCluster-EcsCluster-1AAGQRFIOE9AE,Service_beiakklem1vi3j5fejog,1000,2,0.0722209217,7
1537413720,Prod-EcsStagingCluster-EcsCluster-1AAGQRFIOE9AE,Service_beiakklem1vi3j5fejog,1000,2,0.1525859642,0
1537416900,Prod-EcsStagingCluster-EcsCluster-1AAGQRFIOE9AE,Service_beiakklem1vi3j5fejog,1000,2,0.1194168278,0
1537382940,Prod-EcsStagingCluster-EcsCluster-1AAGQRFIOE9AE,Service_beiakklem1vi3j5fejog,1000,2,0.0709532530,0
1537417920,Prod-EcsStagingCluster-EcsCluster-1AAGQRFIOE9AE,Service_beiakklem1vi3j5fejog,1000,2,0.1423938731,0
1537350000,Prod-EcsStagingCluster-EcsCluster-1AAGQRFIOE9AE,Service_beiakklem1vi3j5fejog,1000,2,0.0780864035,0
1537408380,Prod-EcsStagingCluster-EcsCluster-1AAGQRFIOE9AE,Service_beiakklem1vi3j5fejog,1000,2,0.2373510182,0
1537375440,Prod-EcsStagingCluster-EcsCluster-1AAGQRFIOE9AE,Service_beiakklem1vi3j5fejog,1000,2,0.0701030521,0
1537365900,Prod-EcsStagingCluster-EcsCluster-1AAGQRFIOE9AE,Service_beiakklem1vi3j5fejog,1000,2,0.0750356500,7
1537376400,Prod-EcsStagingCluster-EcsCluster-1AAGQRFIOE9AE,Service_beiakklem1vi3j5fejog,1000,2,0.0703876416,28
1537391220,Prod-EcsStagingCluster-EcsCluster-1AAGQRFIOE9AE,Service_beiakklem1vi3j5fejog,1000,2,0.0779261538,9
1537416660,Prod-EcsStagingCluster-EcsCluster-1AAGQRFIOE9AE,Service_beiakklem1vi3j5fejog,1000,2,0.3109893958,16
1537348740,Prod-EcsStagingCluster-EcsCluster-1AAGQRFIOE9AE,Service_beiakklem1vi3j5fejog,1000,2,0.0738192497,10
1537374180,Prod-EcsStagingCluster-EcsCluster-1AAGQRFIOE9AE,Service_beiakklem1vi3j5fejog,1000,2,1.4263486217,0
1537389000,Prod-EcsStagingCluster-EcsCluster-1AAGQRFIOE9AE,Service_beiakklem1vi3j5fejog,1000,2,0.0732600337,0
1537346520,Prod-EcsStagingCluster-EcsCluster-1AAGQRFIOE9AE,Service_beiakklem1vi3j5fejog,1000,2,0.6967723919,0
1537414440,Prod-EcsStagingCluster-EcsCluster-1AAGQRFIOE9AE,Service_beiakklem1vi3j5fejog,1000,2,0.1591592866,0
1537371960,Prod-EcsStagingCluster-EcsCluster-1AAGQRFIOE9AE,Service_beiakklem1vi3j5fejog,1000,2,0.0700561904,0
1537416540,Prod-EcsStagingCluster-EcsCluster-1AAGQRFIOE9AE,Service_beiakklem1vi3j5fejog,1000,2,0.1501789309,5
1537350720,Prod-EcsStagingCluster-EcsCluster-1AAGQRFIOE9AE,Service_beiakklem1vi3j5fejog,1000,2,0.1160988627,0
1537374060,Prod-EcsStagingCluster-EcsCluster-1AAGQRFIOE9AE,Service_beiakklem1vi3j5fejog,1000,2,0.0773128403,0
1537399500,Prod-EcsStagingCluster-EcsCluster-1AAGQRFIOE9AE,Service_beiakklem1vi3j5fejog,1000,2,1.0617612252,0
1537348500,Prod-EcsStagingCluster-EcsCluster-1AAGQRFIOE9AE,Service_beiakklem1vi3j5fejog,1000,2,0.0764302494,0
1537427040,Prod-EcsStagingCluster-EcsCluster-1AAGQRFIOE9AE,Service_beiakklem1vi3j5fejog,1000,2,0.4896028632,0
1537384560,Prod-EcsStagingCluster-EcsCluster-1AAGQRFIOE9AE,Service_beiakklem1vi3j5fejog,1000,2,0.0695280676,0
1537410000,Prod-EcsStagingCluster-EcsCluster-1AAGQRFIOE9AE,Service_beiakklem1vi3j5fejog,1000,2,1.1145243468,0
1537346280,Prod-EcsStagingCluster-EcsCluster-1AAGQRFIOE9AE,Service_beiakklem1vi3j5fejog,1000,2,1.2153561174,0
1537424820,Prod-EcsStagingCluster-EcsCluster-1AAGQRFIOE9AE,Service_beiakklem1vi3j5fejog,1000,2,0.2374246808,8
1537348380,Prod-EcsStagingCluster-EcsCluster-1AAGQRFIOE9AE,Service_beiakklem1vi3j5fejog,1000,2,0.0764375598,0
1537382340,Prod-EcsStagingCluster-EcsCluster-1AAGQRFIOE9AE,Service_beiakklem1vi3j5fejog,1000,2,0.0714715310,0
1537407780,Prod-EcsStagingCluster-EcsCluster-1AAGQRFIOE9AE,Service_beiakklem1vi3j5fejog,1000,2,0.0777157250,0
1537373820,Prod-EcsStagingCluster-EcsCluster-1AAGQRFIOE9AE,Service_beiakklem1vi3j5fejog,1000,2,0.0704081313,0
1537422600,Prod-EcsStagingCluster-EcsCluster-1AAGQRFIOE9AE,Service_beiakklem1vi3j5fejog,1000,2,1.6262891783,20
1537407660,Prod-EcsStagingCluster-EcsCluster-1AAGQRFIOE9AE,Service_beiakklem1vi3j5fejog,1000,2,0.2445310762,0
1537420380,Prod-EcsStagingCluster-EcsCluster-1AAGQRFIOE9AE,Service_beiakklem1vi3j5fejog,1000,2,0.3547706421,0
1537387440,Prod-EcsStagingCluster-EcsCluster-1AAGQRFIOE9AE,Service_beiakklem1vi3j5fejog,1000,2,0.0729094909,4
1537381080,Prod-EcsStagingCluster-EcsCluster-1AAGQRFIOE9AE,Service_beiakklem1vi3j5fejog,1000,2,0.0706971050,0
1537384260,Prod-EcsStagingCluster-EcsCluster-1AAGQRFIOE9AE,Service_beiakklem1vi3j5fejog,1000,2,0.0669440734,2
1537412880,Prod-EcsStagingCluster-EcsCluster-1AAGQRFIOE9AE,Service_beiakklem1vi3j5fejog,1000,2,0.9226816118,1
1537406520,Prod-EcsStagingCluster-EcsCluster-1AAGQRFIOE9AE,Service_beiakklem1vi3j5fejog,1000,2,0.1297092940,4
1537409700,Prod-EcsStagingCluster-EcsCluster-1AAGQRFIOE9AE,Service_beiakklem1vi3j5fejog,1000,2,1.6123467113,1
1537391520,Prod-EcsStagingCluster-EcsCluster-1AAGQRFIOE9AE,Service_beiakklem1vi3j5fejog,1000,2,0.1808348259,0
1537385160,Prod-EcsStagingCluster-EcsCluster-1AAGQRFIOE9AE,Service_beiakklem1vi3j5fejog,1000,2,0.0716136156,0
1537388340,Prod-EcsStagingCluster-EcsCluster-1AAGQRFIOE9AE,Service_beiakklem1vi3j5fejog,1000,2,0.0708276997,0
1537416960,Prod-EcsStagingCluster-EcsCluster-1AAGQRFIOE9AE,Service_beiakklem1vi3j5fejog,1000,2,0.2603343756,0
1537352220,Prod-EcsStagingCluster-EcsCluster-1AAGQRFIOE9AE,Service_beiakklem1vi3j5fejog,1000,2,0.0755399463,0
1537410600,Prod-EcsStagingCluster-EcsCluster-1AAGQRFIOE9AE,Service_beiakklem1vi3j5fejog,1000,2,0.4857588783,3
1537413780,Prod-EcsStagingCluster-EcsCluster-1AAGQRFIOE9AE,Service_beiakklem1vi3j5fejog,1000,2,0.2387013491,8
1537377660,Prod-EcsStagingCluster-EcsCluster-1AAGQRFIOE9AE,Service_beiakklem1vi3j5fejog,1000,2,0.0795735704,0
1537364940,Prod-EcsStagingCluster-EcsCluster-1AAGQRFIOE9AE,Service_beiakklem1vi3j5fejog,1000,2,0.0718884437,0
1537414680,Prod-EcsStagingCluster-EcsCluster-1AAGQRFIOE9AE,Service_beiakklem1vi3j5fejog,1000,2,0.1920002024,0
1537417860,Prod-EcsStagingCluster-EcsCluster-1AAGQRFIOE9AE,Service_beiakklem1vi3j5fejog,1000,2,0.7392752918,5
1537421040,Prod-EcsStagingCluster-EcsCluster-1AAGQRFIOE9AE,Service_beiakklem1vi3j5fejog,1000,2,0.2805885699,8
1537345620,Prod-EcsStagingCluster-EcsCluster-1AAGQRFIOE9AE,Service_beiakklem1vi3j5fejog,1000,2,0.0736204639,0
1537415640,Prod-EcsStagingCluster-EcsCluster-1AAGQRFIOE9AE,Service_beiakklem1vi3j5fejog,1000,2,0.5423019404,0
1537422000,Prod-EcsStagingCluster-EcsCluster-1AAGQRFIOE9AE,Service_beiakklem1vi3j5fejog,1000,2,0.1977264232,3
1537349760,Prod-EcsStagingCluster-EcsCluster-1AAGQRFIOE9AE,Service_beiakklem1vi3j5fejog,1000,2,0.1465702227,12
1537373100,Prod-EcsStagingCluster-EcsCluster-1AAGQRFIOE9AE,Service_beiakklem1vi3j5fejog,1000,2,0.0834296366,4
1537421940,Prod-EcsStagingCluster-EcsCluster-1AAGQRFIOE9AE,Service_beiakklem1vi3j5fejog,1000,2,0.2326006091,1
1537398540,Prod-EcsStagingCluster-EcsCluster-1AAGQRFIOE9AE,Service_beiakklem1vi3j5fejog,1000,2,0.0759386231,5
1537385820,Prod-EcsStagingCluster-EcsCluster-1AAGQRFIOE9AE,Service_beiakklem1vi3j5fejog,1000,2,0.0727205511,0
1537349700,Prod-EcsStagingCluster-EcsCluster-1AAGQRFIOE9AE,Service_beiakklem1vi3j5fejog,1000,2,1.1137542877,0
1537411260,Prod-EcsStagingCluster-EcsCluster-1AAGQRFIOE9AE,Service_beiakklem1vi3j5fejog,1000,2,0.7814461188,0
1537375140,Prod-EcsStagingCluster-EcsCluster-1AAGQRFIOE9AE,Service_beiakklem1vi3j5fejog,1000,2,0.0710392023,4
1537419720,Prod-EcsStagingCluster-EcsCluster-1AAGQRFIOE9AE,Service_beiakklem1vi3j5fejog,1000,2,1.2598065414,14
1537426080,Prod-EcsStagingCluster-EcsCluster-1AAGQRFIOE9AE,Service_beiakklem1vi3j5fejog,1000,2,0.0878505043,0
1537347480,Prod-EcsStagingCluster-EcsCluster-1AAGQRFIOE9AE,Service_beiakklem1vi3j5fejog,1000,2,0.1187126220,0
1537353840,Prod-EcsStagingCluster-EcsCluster-1AAGQRFIOE9AE,Service_beiakklem1vi3j5fejog,1000,2,0.0732767718,0
1537372920,Prod-EcsStagingCluster-EcsCluster-1AAGQRFIOE9AE,Service_beiakklem1vi3j5fejog,1000,2,0.0697226923,3
1537379280,Prod-EcsStagingCluster-EcsCluster-1AAGQRFIOE9AE,Service_beiakklem1vi3j5fejog,1000,2,0.0706945622,0
1537353780,Prod-EcsStagingCluster-EcsCluster-1AAGQRFIOE9AE,Service_beiakklem1vi3j5fejog,1000,2,0.3280089093,0
1537379220,Prod-EcsStagingCluster-EcsCluster-1AAGQRFIOE9AE,Service_beiakklem1vi3j5fejog,1000,2,0.0688700534,0
1537351560,Prod-EcsStagingCluster-EcsCluster-1AAGQRFIOE9AE,Service_beiakklem1vi3j5fejog,1000,2,0.9898092220,0
1537357920,Prod-EcsStagingCluster-EcsCluster-1AAGQRFIOE9AE,Service_beiakklem1vi3j5fejog,1000,2,0.0704552627,8
1537406700,Prod-EcsStagingCluster-EcsCluster-1AAGQRFIOE9AE,Service_beiakklem1vi3j5fejog,1000,2,0.9148738723,2
1537377000,Prod-EcsStagingCluster-EcsCluster-1AAGQRFIOE9AE,Service_beiakklem1vi3j5fejog,1000,2,0.0710233447,0
1537383360,Prod-EcsStagingCluster-EcsCluster-1AAGQRFIOE9AE,Service_beiakklem1vi3j5fejog,1000,2,0.0680079846,0
1537419420,Prod-EcsStagingCluster-EcsCluster-1AAGQRFIOE9AE,Service_beiakklem1vi3j5fejog,1000,2,0.1509084864,1
1537352520,Prod-EcsStagingCluster-EcsCluster-1AAGQRFIOE9AE,Service_beiakklem1vi3j5fejog,1000,2,0.0750886816,0
1537355700,Prod-EcsStagingCluster-EcsCluster-1AAGQRFIOE9AE,Service_beiakklem1vi3j5fejog,1000,2,0.0780508452,0
1537386480,Prod-EcsStagingCluster-EcsCluster-1AAGQRFIOE9AE,Service_beiakklem1vi3j5fejog,1000,2,0.0709845052,0
1537411920,Prod-EcsStagingCluster-EcsCluster-1AAGQRFIOE9AE,Service_beiakklem1vi3j5fejog,1000,2,0.1538855083,0
1537377960,Prod-EcsStagingCluster-EcsCluster-1AAGQRFIOE9AE,Service_beiakklem1vi3j5fejog,1000,2,0.0712861244,0
1537381140,Prod-EcsStagingCluster-EcsCluster-1AAGQRFIOE9AE,Service_beiakklem1vi3j5fejog,1000,2,0.0713158897,0
1537390560,Prod-EcsStagingCluster-EcsCluster-1AAGQRFIOE9AE,Service_beiakklem1vi3j5fejog,1000,2,0.0759714658,0
1537351260,Prod-EcsStagingCluster-EcsCluster-1AAGQRFIOE9AE,Service_beiakklem1vi3j5fejog,1000,2,0.0926026273,2
1537385220,Prod-EcsStagingCluster-EcsCluster-1AAGQRFIOE9AE,Service_beiakklem1vi3j5fejog,1000,2,0.0707124187,9
1537416000,Prod-EcsStagingCluster-EcsCluster-1AAGQRFIOE9AE,Service_beiakklem1vi3j5fejog,1000,2,0.8167939538,0
1537382040,Prod-EcsStagingCluster-EcsCluster-1AAGQRFIOE9AE,Service_beiakklem1vi3j5fejog,1000,2,0.0719173934,1
1537410660,Prod-EcsStagingCluster-EcsCluster-1AAGQRFIOE9AE,Service_beiakklem1vi3j5fejog,1000,2,0.4440054353,0
1537376700,Prod-EcsStagingCluster-EcsCluster-1AAGQRFIOE9AE,Service_beiakklem1vi3j5fejog,1000,2,0.0735788277,10
1537407480,Prod-EcsStagingCluster-EcsCluster-1AAGQRFIOE9AE,Service_beiakklem1vi3j5fejog,1000,2,0.2954307365,0
1537363980,Prod-EcsStagingCluster-EcsCluster-1AAGQRFIOE9AE,Service_beiakklem1vi3j5fejog,1000,2,1.0607388223,0
1537389300,Prod-EcsStagingCluster-EcsCluster-1AAGQRFIOE9AE,Service_beiakklem1vi3j5fejog,1000,2,0.0824114894,0
1537420080,Prod-EcsStagingCluster-EcsCluster-1AAGQRFIOE9AE,Service_beiakklem1vi3j5fejog,1000,2,1.1305238114,0
1537386120,Prod-EcsStagingCluster-EcsCluster-1AAGQRFIOE9AE,Service_beiakklem1vi3j5fejog,1000,2,0.5918981267,2
1537411560,Prod-EcsStagingCluster-EcsCluster-1AAGQRFIOE9AE,Service_beiakklem1vi3j5fejog,1000,2,0.3733344521,0
1537414740,Prod-EcsStagingCluster-EcsCluster-1AAGQRFIOE9AE,Service_beiakklem1vi3j5fejog,1000,2,1.4759289299,0
1537347840,Prod-EcsStagingCluster-EcsCluster-1AAGQRFIOE9AE,Service_beiakklem1vi3j5fejog,1000,2,0.0731822849,0
1537348800,Prod-EcsStagingCluster-EcsCluster-1AAGQRFIOE9AE,Service_beiakklem1vi3j5fejog,1000,2,0.1369155396,0
1537372140,Prod-EcsStagingCluster-EcsCluster-1AAGQRFIOE9AE,Service_beiakklem1vi3j5fejog,1000,2,0.0709779983,1
1537397580,Prod-EcsStagingCluster-EcsCluster-1AAGQRFIOE9AE,Service_beiakklem1vi3j5fejog,1000,2,1.2550629711,12
1537418820,Prod-EcsStagingCluster-EcsCluster-1AAGQRFIOE9AE,Service_beiakklem1vi3j5fejog,1000,2,0.1350470677,6
1537384860,Prod-EcsStagingCluster-EcsCluster-1AAGQRFIOE9AE,Service_beiakklem1vi3j5fejog,1000,2,0.0808778804,4
1537410300,Prod-EcsStagingCluster-EcsCluster-1AAGQRFIOE9AE,Service_beiakklem1vi3j5fejog,1000,2,0.2429406560,6
1537346580,Prod-EcsStagingCluster-EcsCluster-1AAGQRFIOE9AE,Service_beiakklem1vi3j5fejog,1000,2,0.1716417520,0
1537425120,Prod-EcsStagingCluster-EcsCluster-1AAGQRFIOE9AE,Service_beiakklem1vi3j5fejog,1000,2,0.9347560589,9
1537416600,Prod-EcsStagingCluster-EcsCluster-1AAGQRFIOE9AE,Service_beiakklem1vi3j5fejog,1000,2,0.8812705955,3
1537352880,Prod-EcsStagingCluster-EcsCluster-1AAGQRFIOE9AE,Service_beiakklem1vi3j5fejog,1000,2,0.2854693687,8
1537378320,Prod-EcsStagingCluster-EcsCluster-1AAGQRFIOE9AE,Service_beiakklem1vi3j5fejog,1000,2,0.0715264726,0
1537422900,Prod-EcsStagingCluster-EcsCluster-1AAGQRFIOE9AE,Service_beiakklem1vi3j5fejog,1000,2,0.2324927808,0
1537350660,Prod-EcsStagingCluster-EcsCluster-1AAGQRFIOE9AE,Service_beiakklem1vi3j5fejog,1000,2,0.0767742806,0
1537376100,Prod-EcsStagingCluster-EcsCluster-1AAGQRFIOE9AE,Service_beiakklem1vi3j5fejog,1000,2,0.0794057711,0
1537420680,Prod-EcsStagingCluster-EcsCluster-1AAGQRFIOE9AE,Service_beiakklem1vi3j5fejog,1000,2,0.1285477752,0
1537356960,Prod-EcsStagingCluster-EcsCluster-1AAGQRFIOE9AE,Service_beiakklem1vi3j5fejog,1000,2,0.0691432054,17
1537405740,Prod-EcsStagingCluster-EcsCluster-1AAGQRFIOE9AE,Service_beiakklem1vi3j5fejog,1000,2,1.0755802053,0
1537348440,Prod-EcsStagingCluster-EcsCluster-1AAGQRFIOE9AE,Service_beiakklem1vi3j5fejog,1000,2,0.0740974788,0
1537382400,Prod-EcsStagingCluster-EcsCluster-1AAGQRFIOE9AE,Service_beiakklem1vi3j5fejog,1000,2,0.0719337506,22
1537431180,Prod-EcsStagingCluster-EcsCluster-1AAGQRFIOE9AE,Service_beiakklem1vi3j5fejog,1000,2,0.0728891539,0
1537373880,Prod-EcsStagingCluster-EcsCluster-1AAGQRFIOE9AE,Service_beiakklem1vi3j5fejog,1000,2,0.0694723758,0
1537418460,Prod-EcsStagingCluster-EcsCluster-1AAGQRFIOE9AE,Service_beiakklem1vi3j5fejog,1000,2,0.9769375244,5
1537354740,Prod-EcsStagingCluster-EcsCluster-1AAGQRFIOE9AE,Service_beiakklem1vi3j5fejog,1000,2,0.0700989442,14
1537380180,Prod-EcsStagingCluster-EcsCluster-1AAGQRFIOE9AE,Service_beiakklem1vi3j5fejog,1000,2,0.5209102491,15
1537389600,Prod-EcsStagingCluster-EcsCluster-1AAGQRFIOE9AE,Service_beiakklem1vi3j5fejog,1000,2,0.0749146443,0
1537380060,Prod-EcsStagingCluster-EcsCluster-1AAGQRFIOE9AE,Service_beiakklem1vi3j5fejog,1000,2,0.0700458453,0
1537383240,Prod-EcsStagingCluster-EcsCluster-1AAGQRFIOE9AE,Service_beiakklem1vi3j5fejog,1000,2,0.0696118974,0
1537386420,Prod-EcsStagingCluster-EcsCluster-1AAGQRFIOE9AE,Service_beiakklem1vi3j5fejog,1000,2,0.0706728782,0
1537366200,Prod-EcsStagingCluster-EcsCluster-1AAGQRFIOE9AE,Service_beiakklem1vi3j5fejog,1000,2,0.0718732166,0
1537369380,Prod-EcsStagingCluster-EcsCluster-1AAGQRFIOE9AE,Service_beiakklem1vi3j5fejog,1000,2,1.2142238670,0
1537372560,Prod-EcsStagingCluster-EcsCluster-1AAGQRFIOE9AE,Service_beiakklem1vi3j5fejog,1000,2,0.0705968130,0
1537345980,Prod-EcsStagingCluster-EcsCluster-1AAGQRFIOE9AE,Service_beiakklem1vi3j5fejog,1000,2,0.0726812617,0
1537349160,Prod-EcsStagingCluster-EcsCluster-1AAGQRFIOE9AE,Service_beiakklem1vi3j5fejog,1000,2,0.0720198185,0
1537352340,Prod-EcsStagingCluster-EcsCluster-1AAGQRFIOE9AE,Service_beiakklem1vi3j5fejog,1000,2,0.1425993029,8
1537355520,Prod-EcsStagingCluster-EcsCluster-1AAGQRFIOE9AE,Service_beiakklem1vi3j5fejog,1000,2,0.0719637471,9
1537389360,Prod-EcsStagingCluster-EcsCluster-1AAGQRFIOE9AE,Service_beiakklem1vi3j5fejog,1000,2,0.0746781586,12
1537386180,Prod-EcsStagingCluster-EcsCluster-1AAGQRFIOE9AE,Service_beiakklem1vi3j5fejog,1000,2,0.2775752119,2
1537383000,Prod-EcsStagingCluster-EcsCluster-1AAGQRFIOE9AE,Service_beiakklem1vi3j5fejog,1000,2,0.0703863268,11
1537405260,Prod-EcsStagingCluster-EcsCluster-1AAGQRFIOE9AE,Service_beiakklem1vi3j5fejog,1000,2,0.2364232581,3
1537413660,Prod-EcsStagingCluster-EcsCluster-1AAGQRFIOE9AE,Service_beiakklem1vi3j5fejog,1000,2,0.1930457091,3
1537371180,Prod-EcsStagingCluster-EcsCluster-1AAGQRFIOE9AE,Service_beiakklem1vi3j5fejog,1000,2,1.1358992001,2
1537416840,Prod-EcsStagingCluster-EcsCluster-1AAGQRFIOE9AE,Service_beiakklem1vi3j5fejog,1000,2,0.8406531135,0
1537420020,Prod-EcsStagingCluster-EcsCluster-1AAGQRFIOE9AE,Service_beiakklem1vi3j5fejog,1000,2,1.4088172279,0
1537423200,Prod-EcsStagingCluster-EcsCluster-1AAGQRFIOE9AE,Service_beiakklem1vi3j5fejog,1000,2,0.8589899974,0
1537399800,Prod-EcsStagingCluster-EcsCluster-1AAGQRFIOE9AE,Service_beiakklem1vi3j5fejog,1000,2,0.0768369201,11
1537402980,Prod-EcsStagingCluster-EcsCluster-1AAGQRFIOE9AE,Service_beiakklem1vi3j5fejog,1000,2,0.0767882750,21
1537406160,Prod-EcsStagingCluster-EcsCluster-1AAGQRFIOE9AE,Service_beiakklem1vi3j5fejog,1000,2,0.9442236463,0
1537379580,Prod-EcsStagingCluster-EcsCluster-1AAGQRFIOE9AE,Service_beiakklem1vi3j5fejog,1000,2,0.7498759953,0
1537385940,Prod-EcsStagingCluster-EcsCluster-1AAGQRFIOE9AE,Service_beiakklem1vi3j5fejog,1000,2,0.0681517978,1
1537417800,Prod-EcsStagingCluster-EcsCluster-1AAGQRFIOE9AE,Service_beiakklem1vi3j5fejog,1000,2,0.1328388804,0
1537424160,Prod-EcsStagingCluster-EcsCluster-1AAGQRFIOE9AE,Service_beiakklem1vi3j5fejog,1000,2,0.8861964219,10
1537407120,Prod-EcsStagingCluster-EcsCluster-1AAGQRFIOE9AE,Service_beiakklem1vi3j5fejog,1000,2,0.0823040837,2
1537400760,Prod-EcsStagingCluster-EcsCluster-1AAGQRFIOE9AE,Service_beiakklem1vi3j5fejog,1000,2,0.0768278857,14
1537383720,Prod-EcsStagingCluster-EcsCluster-1AAGQRFIOE9AE,Service_beiakklem1vi3j5fejog,1000,2,0.0701040795,0
1537351860,Prod-EcsStagingCluster-EcsCluster-1AAGQRFIOE9AE,Service_beiakklem1vi3j5fejog,1000,2,0.1631264415,0
1537390080,Prod-EcsStagingCluster-EcsCluster-1AAGQRFIOE9AE,Service_beiakklem1vi3j5fejog,1000,2,0.0743298858,0
1537419780,Prod-EcsStagingCluster-EcsCluster-1AAGQRFIOE9AE,Service_beiakklem1vi3j5fejog,1000,2,0.0783463209,6
1537345500,Prod-EcsStagingCluster-EcsCluster-1AAGQRFIOE9AE,Service_beiakklem1vi3j5fejog,1000,2,0.0777584283,8
1537423920,Prod-EcsStagingCluster-EcsCluster-1AAGQRFIOE9AE,Service_beiakklem1vi3j5fejog,1000,2,1.5654266551,26
1537356000,Prod-EcsStagingCluster-EcsCluster-1AAGQRFIOE9AE,Service_beiakklem1vi3j5fejog,1000,2,0.0723984550,0
1537417560,Prod-EcsStagingCluster-EcsCluster-1AAGQRFIOE9AE,Service_beiakklem1vi3j5fejog,1000,2,0.2310025814,0
1537349640,Prod-EcsStagingCluster-EcsCluster-1AAGQRFIOE9AE,Service_beiakklem1vi3j5fejog,1000,2,0.0675105905,2
1537404780,Prod-EcsStagingCluster-EcsCluster-1AAGQRFIOE9AE,Service_beiakklem1vi3j5fejog,1000,2,0.1931432537,1
1537419540,Prod-EcsStagingCluster-EcsCluster-1AAGQRFIOE9AE,Service_beiakklem1vi3j5fejog,1000,2,0.7336314432,0
1537351620,Prod-EcsStagingCluster-EcsCluster-1AAGQRFIOE9AE,Service_beiakklem1vi3j5fejog,1000,2,0.7988446536,0
1537413180,Prod-EcsStagingCluster-EcsCluster-1AAGQRFIOE9AE,Service_beiakklem1vi3j5fejog,1000,2,0.2210947803,11
1537370700,Prod-EcsStagingCluster-EcsCluster-1AAGQRFIOE9AE,Service_beiakklem1vi3j5fejog,1000,2,0.0853988055,1
1537417320,Prod-EcsStagingCluster-EcsCluster-1AAGQRFIOE9AE,Service_beiakklem1vi3j5fejog,1000,2,0.1317206121,0
1537423680,Prod-EcsStagingCluster-EcsCluster-1AAGQRFIOE9AE,Service_beiakklem1vi3j5fejog,1000,2,0.2302178351,0
1537349400,Prod-EcsStagingCluster-EcsCluster-1AAGQRFIOE9AE,Service_beiakklem1vi3j5fejog,1000,2,0.0875700932,10
1537355760,Prod-EcsStagingCluster-EcsCluster-1AAGQRFIOE9AE,Service_beiakklem1vi3j5fejog,1000,2,0.0744200499,9
1537379100,Prod-EcsStagingCluster-EcsCluster-1AAGQRFIOE9AE,Service_beiakklem1vi3j5fejog,1000,2,0.0795911834,0
1537385460,Prod-EcsStagingCluster-EcsCluster-1AAGQRFIOE9AE,Service_beiakklem1vi3j5fejog,1000,2,0.0732506953,0
1537418280,Prod-EcsStagingCluster-EcsCluster-1AAGQRFIOE9AE,Service_beiakklem1vi3j5fejog,1000,2,0.0810613390,0
1537421460,Prod-EcsStagingCluster-EcsCluster-1AAGQRFIOE9AE,Service_beiakklem1vi3j5fejog,1000,2,0.6219482529,9
1537350360,Prod-EcsStagingCluster-EcsCluster-1AAGQRFIOE9AE,Service_beiakklem1vi3j5fejog,1000,2,0.0677289214,0
1537353540,Prod-EcsStagingCluster-EcsCluster-1AAGQRFIOE9AE,Service_beiakklem1vi3j5fejog,1000,2,0.0700109549,0
1537371600,Prod-EcsStagingCluster-EcsCluster-1AAGQRFIOE9AE,Service_beiakklem1vi3j5fejog,1000,2,0.0702948549,8
1537354560,Prod-EcsStagingCluster-EcsCluster-1AAGQRFIOE9AE,Service_beiakklem1vi3j5fejog,1000,2,0.0725098869,3
1537384200,Prod-EcsStagingCluster-EcsCluster-1AAGQRFIOE9AE,Service_beiakklem1vi3j5fejog,1000,2,0.0693840475,18
1537387380,Prod-EcsStagingCluster-EcsCluster-1AAGQRFIOE9AE,Service_beiakklem1vi3j5fejog,1000,2,1.1223894318,0
1537388400,Prod-EcsStagingCluster-EcsCluster-1AAGQRFIOE9AE,Service_beiakklem1vi3j5fejog,1000,2,0.0722914128,21
1537404300,Prod-EcsStagingCluster-EcsCluster-1AAGQRFIOE9AE,Service_beiakklem1vi3j5fejog,1000,2,0.1522033289,0
1537367160,Prod-EcsStagingCluster-EcsCluster-1AAGQRFIOE9AE,Service_beiakklem1vi3j5fejog,1000,2,0.0702940680,0
1537370340,Prod-EcsStagingCluster-EcsCluster-1AAGQRFIOE9AE,Service_beiakklem1vi3j5fejog,1000,2,0.0705954917,0
1537412700,Prod-EcsStagingCluster-EcsCluster-1AAGQRFIOE9AE,Service_beiakklem1vi3j5fejog,1000,2,0.9681439297,4
1537350120,Prod-EcsStagingCluster-EcsCluster-1AAGQRFIOE9AE,Service_beiakklem1vi3j5fejog,1000,2,0.2884941212,0
1537353300,Prod-EcsStagingCluster-EcsCluster-1AAGQRFIOE9AE,Service_beiakklem1vi3j5fejog,1000,2,0.0746974417,5
1537370220,Prod-EcsStagingCluster-EcsCluster-1AAGQRFIOE9AE,Service_beiakklem1vi3j5fejog,1000,2,0.0696839485,0
1537422240,Prod-EcsStagingCluster-EcsCluster-1AAGQRFIOE9AE,Service_beiakklem1vi3j5fejog,1000,2,0.3370921871,5
1537383960,Prod-EcsStagingCluster-EcsCluster-1AAGQRFIOE9AE,Service_beiakklem1vi3j5fejog,1000,2,0.0677295348,0
1537387140,Prod-EcsStagingCluster-EcsCluster-1AAGQRFIOE9AE,Service_beiakklem1vi3j5fejog,1000,2,0.0741016073,0
1537405200,Prod-EcsStagingCluster-EcsCluster-1AAGQRFIOE9AE,Service_beiakklem1vi3j5fejog,1000,2,0.0943405545,7
1537378620,Prod-EcsStagingCluster-EcsCluster-1AAGQRFIOE9AE,Service_beiakklem1vi3j5fejog,1000,2,0.0711810176,0
1537388160,Prod-EcsStagingCluster-EcsCluster-1AAGQRFIOE9AE,Service_beiakklem1vi3j5fejog,1000,2,0.0712644497,28
1537420980,Prod-EcsStagingCluster-EcsCluster-1AAGQRFIOE9AE,Service_beiakklem1vi3j5fejog,1000,2,0.2115445247,16
1537389120,Prod-EcsStagingCluster-EcsCluster-1AAGQRFIOE9AE,Service_beiakklem1vi3j5fejog,1000,2,0.1365116687,0
1537403940,Prod-EcsStagingCluster-EcsCluster-1AAGQRFIOE9AE,Service_beiakklem1vi3j5fejog,1000,2,1.1743280796,0
1537386900,Prod-EcsStagingCluster-EcsCluster-1AAGQRFIOE9AE,Service_beiakklem1vi3j5fejog,1000,2,0.0831701595,8
1537418760,Prod-EcsStagingCluster-EcsCluster-1AAGQRFIOE9AE,Service_beiakklem1vi3j5fejog,1000,2,0.2396573802,14
1537355040,Prod-EcsStagingCluster-EcsCluster-1AAGQRFIOE9AE,Service_beiakklem1vi3j5fejog,1000,2,0.0708471227,0
1537422960,Prod-EcsStagingCluster-EcsCluster-1AAGQRFIOE9AE,Service_beiakklem1vi3j5fejog,1000,2,0.5932717643,0
1537403820,Prod-EcsStagingCluster-EcsCluster-1AAGQRFIOE9AE,Service_beiakklem1vi3j5fejog,1000,2,1.0104230277,0
1537401720,Prod-EcsStagingCluster-EcsCluster-1AAGQRFIOE9AE,Service_beiakklem1vi3j5fejog,1000,2,0.3408851532,0
1537384680,Prod-EcsStagingCluster-EcsCluster-1AAGQRFIOE9AE,Service_beiakklem1vi3j5fejog,1000,2,0.0727304421,7
1537352820,Prod-EcsStagingCluster-EcsCluster-1AAGQRFIOE9AE,Service_beiakklem1vi3j5fejog,1000,2,0.7759449337,0
1537420740,Prod-EcsStagingCluster-EcsCluster-1AAGQRFIOE9AE,Service_beiakklem1vi3j5fejog,1000,2,1.0608699279,0
1537412220,Prod-EcsStagingCluster-EcsCluster-1AAGQRFIOE9AE,Service_beiakklem1vi3j5fejog,1000,2,0.2640634292,0
1537369740,Prod-EcsStagingCluster-EcsCluster-1AAGQRFIOE9AE,Service_beiakklem1vi3j5fejog,1000,2,0.0706875712,0
1537350600,Prod-EcsStagingCluster-EcsCluster-1AAGQRFIOE9AE,Service_beiakklem1vi3j5fejog,1000,2,0.1244158908,3
1537418520,Prod-EcsStagingCluster-EcsCluster-1AAGQRFIOE9AE,Service_beiakklem1vi3j5fejog,1000,2,0.3347836508,18
1537422720,Prod-EcsStagingCluster-EcsCluster-1AAGQRFIOE9AE,Service_beiakklem1vi3j5fejog,1000,2,0.5578095789,0
1537354800,Prod-EcsStagingCluster-EcsCluster-1AAGQRFIOE9AE,Service_beiakklem1vi3j5fejog,1000,2,0.0761495350,0
1537378140,Prod-EcsStagingCluster-EcsCluster-1AAGQRFIOE9AE,Service_beiakklem1vi3j5fejog,1000,2,0.0698538742,0
1537420500,Prod-EcsStagingCluster-EcsCluster-1AAGQRFIOE9AE,Service_beiakklem1vi3j5fejog,1000,2,0.3046238191,0
1537352580,Prod-EcsStagingCluster-EcsCluster-1AAGQRFIOE9AE,Service_beiakklem1vi3j5fejog,1000,2,0.2735683355,8
1537388640,Prod-EcsStagingCluster-EcsCluster-1AAGQRFIOE9AE,Service_beiakklem1vi3j5fejog,1000,2,0.0706254035,5
1537350420,Prod-EcsStagingCluster-EcsCluster-1AAGQRFIOE9AE,Service_beiakklem1vi3j5fejog,1000,2,0.8312869557,7
1537353600,Prod-EcsStagingCluster-EcsCluster-1AAGQRFIOE9AE,Service_beiakklem1vi3j5fejog,1000,2,0.0807053066,0
1537416060,Prod-EcsStagingCluster-EcsCluster-1AAGQRFIOE9AE,Service_beiakklem1vi3j5fejog,1000,2,1.2248107989,0
1537351320,Prod-EcsStagingCluster-EcsCluster-1AAGQRFIOE9AE,Service_beiakklem1vi3j5fejog,1000,2,0.1150963123,44
1537354500,Prod-EcsStagingCluster-EcsCluster-1AAGQRFIOE9AE,Service_beiakklem1vi3j5fejog,1000,2,0.0770114549,0
1537403340,Prod-EcsStagingCluster-EcsCluster-1AAGQRFIOE9AE,Service_beiakklem1vi3j5fejog,1000,2,0.2394526834,1
1537357680,Prod-EcsStagingCluster-EcsCluster-1AAGQRFIOE9AE,Service_beiakklem1vi3j5fejog,1000,2,1.4813835652,0
1537414920,Prod-EcsStagingCluster-EcsCluster-1AAGQRFIOE9AE,Service_beiakklem1vi3j5fejog,1000,2,0.3752380983,0
1537369260,Prod-EcsStagingCluster-EcsCluster-1AAGQRFIOE9AE,Service_beiakklem1vi3j5fejog,1000,2,0.0724385145,7
1537418100,Prod-EcsStagingCluster-EcsCluster-1AAGQRFIOE9AE,Service_beiakklem1vi3j5fejog,1000,2,0.1013302213,1
1537421280,Prod-EcsStagingCluster-EcsCluster-1AAGQRFIOE9AE,Service_beiakklem1vi3j5fejog,1000,2,0.0944277143,8
1537381980,Prod-EcsStagingCluster-EcsCluster-1AAGQRFIOE9AE,Service_beiakklem1vi3j5fejog,1000,2,1.0741421463,0
1537374480,Prod-EcsStagingCluster-EcsCluster-1AAGQRFIOE9AE,Service_beiakklem1vi3j5fejog,1000,2,0.0757133321,0
1537380840,Prod-EcsStagingCluster-EcsCluster-1AAGQRFIOE9AE,Service_beiakklem1vi3j5fejog,1000,2,0.0717746804,0
1537384020,Prod-EcsStagingCluster-EcsCluster-1AAGQRFIOE9AE,Service_beiakklem1vi3j5fejog,1000,2,0.0725229844,0
1537387200,Prod-EcsStagingCluster-EcsCluster-1AAGQRFIOE9AE,Service_beiakklem1vi3j5fejog,1000,2,0.0730589778,0
1537368120,Prod-EcsStagingCluster-EcsCluster-1AAGQRFIOE9AE,Service_beiakklem1vi3j5fejog,1000,2,0.0699596782,12
1537371300,Prod-EcsStagingCluster-EcsCluster-1AAGQRFIOE9AE,Service_beiakklem1vi3j5fejog,1000,2,0.0789558095,0
1537347900,Prod-EcsStagingCluster-EcsCluster-1AAGQRFIOE9AE,Service_beiakklem1vi3j5fejog,1000,2,0.0710273974,0
1537353120,Prod-EcsStagingCluster-EcsCluster-1AAGQRFIOE9AE,Service_beiakklem1vi3j5fejog,1000,2,0.0720104730,0
1537346760,Prod-EcsStagingCluster-EcsCluster-1AAGQRFIOE9AE,Service_beiakklem1vi3j5fejog,1000,2,0.0691603384,0
1537349940,Prod-EcsStagingCluster-EcsCluster-1AAGQRFIOE9AE,Service_beiakklem1vi3j5fejog,1000,2,0.0765834578,0
1537391280,Prod-EcsStagingCluster-EcsCluster-1AAGQRFIOE9AE,Service_beiakklem1vi3j5fejog,1000,2,0.0691001999,7
1537384920,Prod-EcsStagingCluster-EcsCluster-1AAGQRFIOE9AE,Service_beiakklem1vi3j5fejog,1000,2,0.0730337711,0
1537388100,Prod-EcsStagingCluster-EcsCluster-1AAGQRFIOE9AE,Service_beiakklem1vi3j5fejog,1000,2,0.0851261381,0
1537354080,Prod-EcsStagingCluster-EcsCluster-1AAGQRFIOE9AE,Service_beiakklem1vi3j5fejog,1000,2,1.2291003549,2
1537347720,Prod-EcsStagingCluster-EcsCluster-1AAGQRFIOE9AE,Service_beiakklem1vi3j5fejog,1000,2,1.1897297744,0
1537392240,Prod-EcsStagingCluster-EcsCluster-1AAGQRFIOE9AE,Service_beiakklem1vi3j5fejog,1000,2,0.0725317559,0
1537402860,Prod-EcsStagingCluster-EcsCluster-1AAGQRFIOE9AE,Service_beiakklem1vi3j5fejog,1000,2,0.6067460296,0
1537415580,Prod-EcsStagingCluster-EcsCluster-1AAGQRFIOE9AE,Service_beiakklem1vi3j5fejog,1000,2,0.1338582875,0
1537385880,Prod-EcsStagingCluster-EcsCluster-1AAGQRFIOE9AE,Service_beiakklem1vi3j5fejog,1000,2,0.0703091624,0
1537417620,Prod-EcsStagingCluster-EcsCluster-1AAGQRFIOE9AE,Service_beiakklem1vi3j5fejog,1000,2,0.2144758849,0
1537404900,Prod-EcsStagingCluster-EcsCluster-1AAGQRFIOE9AE,Service_beiakklem1vi3j5fejog,1000,2,2.6967258986,0
1537381500,Prod-EcsStagingCluster-EcsCluster-1AAGQRFIOE9AE,Service_beiakklem1vi3j5fejog,1000,2,0.0776134964,16
1537368780,Prod-EcsStagingCluster-EcsCluster-1AAGQRFIOE9AE,Service_beiakklem1vi3j5fejog,1000,2,1.2159378076,0
1537415400,Prod-EcsStagingCluster-EcsCluster-1AAGQRFIOE9AE,Service_beiakklem1vi3j5fejog,1000,2,0.1430499998,0
1537421760,Prod-EcsStagingCluster-EcsCluster-1AAGQRFIOE9AE,Service_beiakklem1vi3j5fejog,1000,2,0.4499091067,8
1537409040,Prod-EcsStagingCluster-EcsCluster-1AAGQRFIOE9AE,Service_beiakklem1vi3j5fejog,1000,2,0.4847357212,0
1537402680,Prod-EcsStagingCluster-EcsCluster-1AAGQRFIOE9AE,Service_beiakklem1vi3j5fejog,1000,2,0.1678729627,1
1537383540,Prod-EcsStagingCluster-EcsCluster-1AAGQRFIOE9AE,Service_beiakklem1vi3j5fejog,1000,2,0.0689930853,0
1537421700,Prod-EcsStagingCluster-EcsCluster-1AAGQRFIOE9AE,Service_beiakklem1vi3j5fejog,1000,2,1.2033310598,30
1537347420,Prod-EcsStagingCluster-EcsCluster-1AAGQRFIOE9AE,Service_beiakklem1vi3j5fejog,1000,2,0.0656408487,2
1537381320,Prod-EcsStagingCluster-EcsCluster-1AAGQRFIOE9AE,Service_beiakklem1vi3j5fejog,1000,2,0.1330894407,0
1537387680,Prod-EcsStagingCluster-EcsCluster-1AAGQRFIOE9AE,Service_beiakklem1vi3j5fejog,1000,2,0.0709420614,0
1537425840,Prod-EcsStagingCluster-EcsCluster-1AAGQRFIOE9AE,Service_beiakklem1vi3j5fejog,1000,2,0.3842491402,8
1537419480,Prod-EcsStagingCluster-EcsCluster-1AAGQRFIOE9AE,Service_beiakklem1vi3j5fejog,1000,2,0.4695363604,10
1537349460,Prod-EcsStagingCluster-EcsCluster-1AAGQRFIOE9AE,Service_beiakklem1vi3j5fejog,1000,2,0.2360032264,0
1537347240,Prod-EcsStagingCluster-EcsCluster-1AAGQRFIOE9AE,Service_beiakklem1vi3j5fejog,1000,2,1.4389241017,15
1537423620,Prod-EcsStagingCluster-EcsCluster-1AAGQRFIOE9AE,Service_beiakklem1vi3j5fejog,1000,2,0.5606460900,0
1537420440,Prod-EcsStagingCluster-EcsCluster-1AAGQRFIOE9AE,Service_beiakklem1vi3j5fejog,1000,2,1.8459938935,0
1537415100,Prod-EcsStagingCluster-EcsCluster-1AAGQRFIOE9AE,Service_beiakklem1vi3j5fejog,1000,2,1.3444918027,0
1537356720,Prod-EcsStagingCluster-EcsCluster-1AAGQRFIOE9AE,Service_beiakklem1vi3j5fejog,1000,2,0.0699605916,0
1537402380,Prod-EcsStagingCluster-EcsCluster-1AAGQRFIOE9AE,Service_beiakklem1vi3j5fejog,1000,2,1.0696141978,0
1537348200,Prod-EcsStagingCluster-EcsCluster-1AAGQRFIOE9AE,Service_beiakklem1vi3j5fejog,1000,2,0.0775837307,9
1537351380,Prod-EcsStagingCluster-EcsCluster-1AAGQRFIOE9AE,Service_beiakklem1vi3j5fejog,1000,2,0.0737445978,32
1537368300,Prod-EcsStagingCluster-EcsCluster-1AAGQRFIOE9AE,Service_beiakklem1vi3j5fejog,1000,2,0.0806098433,0
1537420320,Prod-EcsStagingCluster-EcsCluster-1AAGQRFIOE9AE,Service_beiakklem1vi3j5fejog,1000,2,0.2211899855,12
1537381020,Prod-EcsStagingCluster-EcsCluster-1AAGQRFIOE9AE,Service_beiakklem1vi3j5fejog,1000,2,0.0708278494,0
1537352280,Prod-EcsStagingCluster-EcsCluster-1AAGQRFIOE9AE,Service_beiakklem1vi3j5fejog,1000,2,1.1107695244,5
1537355460,Prod-EcsStagingCluster-EcsCluster-1AAGQRFIOE9AE,Service_beiakklem1vi3j5fejog,1000,2,0.0739033054,0
1537386240,Prod-EcsStagingCluster-EcsCluster-1AAGQRFIOE9AE,Service_beiakklem1vi3j5fejog,1000,2,0.0857062720,0
1537373520,Prod-EcsStagingCluster-EcsCluster-1AAGQRFIOE9AE,Service_beiakklem1vi3j5fejog,1000,2,0.0734125456,0
1537346940,Prod-EcsStagingCluster-EcsCluster-1AAGQRFIOE9AE,Service_beiakklem1vi3j5fejog,1000,2,0.0686030917,0
1537415880,Prod-EcsStagingCluster-EcsCluster-1AAGQRFIOE9AE,Service_beiakklem1vi3j5fejog,1000,2,0.1833579844,14
1537419060,Prod-EcsStagingCluster-EcsCluster-1AAGQRFIOE9AE,Service_beiakklem1vi3j5fejog,1000,2,0.3510261708,0
1537352160,Prod-EcsStagingCluster-EcsCluster-1AAGQRFIOE9AE,Service_beiakklem1vi3j5fejog,1000,2,0.2015721853,0
1537390320,Prod-EcsStagingCluster-EcsCluster-1AAGQRFIOE9AE,Service_beiakklem1vi3j5fejog,1000,2,0.5386007122,0
1537381800,Prod-EcsStagingCluster-EcsCluster-1AAGQRFIOE9AE,Service_beiakklem1vi3j5fejog,1000,2,0.0694901564,0
1537384980,Prod-EcsStagingCluster-EcsCluster-1AAGQRFIOE9AE,Service_beiakklem1vi3j5fejog,1000,2,0.7959170498,0
1537369080,Prod-EcsStagingCluster-EcsCluster-1AAGQRFIOE9AE,Service_beiakklem1vi3j5fejog,1000,2,0.0748884594,0
1537372260,Prod-EcsStagingCluster-EcsCluster-1AAGQRFIOE9AE,Service_beiakklem1vi3j5fejog,1000,2,0.0693070106,23
1537401900,Prod-EcsStagingCluster-EcsCluster-1AAGQRFIOE9AE,Service_beiakklem1vi3j5fejog,1000,2,0.3667086881,0
1537414620,Prod-EcsStagingCluster-EcsCluster-1AAGQRFIOE9AE,Service_beiakklem1vi3j5fejog,1000,2,0.8181860128,0
1537382760,Prod-EcsStagingCluster-EcsCluster-1AAGQRFIOE9AE,Service_beiakklem1vi3j5fejog,1000,2,0.0689627049,23
1537370040,Prod-EcsStagingCluster-EcsCluster-1AAGQRFIOE9AE,Service_beiakklem1vi3j5fejog,1000,2,0.0706370990,3
1537350900,Prod-EcsStagingCluster-EcsCluster-1AAGQRFIOE9AE,Service_beiakklem1vi3j5fejog,1000,2,0.0714106519,0
1537389060,Prod-EcsStagingCluster-EcsCluster-1AAGQRFIOE9AE,Service_beiakklem1vi3j5fejog,1000,2,0.0716386347,0
1537380540,Prod-EcsStagingCluster-EcsCluster-1AAGQRFIOE9AE,Service_beiakklem1vi3j5fejog,1000,2,0.0699461056,0
1537367820,Prod-EcsStagingCluster-EcsCluster-1AAGQRFIOE9AE,Service_beiakklem1vi3j5fejog,1000,2,0.0688021374,0
1537348680,Prod-EcsStagingCluster-EcsCluster-1AAGQRFIOE9AE,Service_beiakklem1vi3j5fejog,1000,2,1.6037300508,0
1537420800,Prod-EcsStagingCluster-EcsCluster-1AAGQRFIOE9AE,Service_beiakklem1vi3j5fejog,1000,2,0.9894130139,4
1537386840,Prod-EcsStagingCluster-EcsCluster-1AAGQRFIOE9AE,Service_beiakklem1vi3j5fejog,1000,2,0.0717898575,1
1537408080,Prod-EcsStagingCluster-EcsCluster-1AAGQRFIOE9AE,Service_beiakklem1vi3j5fejog,1000,2,0.8229551066,0
1537346460,Prod-EcsStagingCluster-EcsCluster-1AAGQRFIOE9AE,Service_beiakklem1vi3j5fejog,1000,2,0.0906232636,7
1537418580,Prod-EcsStagingCluster-EcsCluster-1AAGQRFIOE9AE,Service_beiakklem1vi3j5fejog,1000,2,0.8485731600,0
1537405860,Prod-EcsStagingCluster-EcsCluster-1AAGQRFIOE9AE,Service_beiakklem1vi3j5fejog,1000,2,1.2548266910,49
1537386720,Prod-EcsStagingCluster-EcsCluster-1AAGQRFIOE9AE,Service_beiakklem1vi3j5fejog,1000,2,0.3169668818,0
1537424880,Prod-EcsStagingCluster-EcsCluster-1AAGQRFIOE9AE,Service_beiakklem1vi3j5fejog,1000,2,0.2442562704,0
1537416360,Prod-EcsStagingCluster-EcsCluster-1AAGQRFIOE9AE,Service_beiakklem1vi3j5fejog,1000,2,0.3977230207,0
1537403640,Prod-EcsStagingCluster-EcsCluster-1AAGQRFIOE9AE,Service_beiakklem1vi3j5fejog,1000,2,0.2191762949,4
1537384500,Prod-EcsStagingCluster-EcsCluster-1AAGQRFIOE9AE,Service_beiakklem1vi3j5fejog,1000,2,0.0777499388,0
1537422660,Prod-EcsStagingCluster-EcsCluster-1AAGQRFIOE9AE,Service_beiakklem1vi3j5fejog,1000,2,0.1425274313,0
1537352640,Prod-EcsStagingCluster-EcsCluster-1AAGQRFIOE9AE,Service_beiakklem1vi3j5fejog,1000,2,0.0717449477,0
1537414140,Prod-EcsStagingCluster-EcsCluster-1AAGQRFIOE9AE,Service_beiakklem1vi3j5fejog,1000,2,0.2027428057,20
1537401420,Prod-EcsStagingCluster-EcsCluster-1AAGQRFIOE9AE,Service_beiakklem1vi3j5fejog,1000,2,0.7968616854,5
1537382280,Prod-EcsStagingCluster-EcsCluster-1AAGQRFIOE9AE,Service_beiakklem1vi3j5fejog,1000,2,0.0751234633,6
1537409820,Prod-EcsStagingCluster-EcsCluster-1AAGQRFIOE9AE,Service_beiakklem1vi3j5fejog,1000,2,0.2734449164,5
1537416180,Prod-EcsStagingCluster-EcsCluster-1AAGQRFIOE9AE,Service_beiakklem1vi3j5fejog,1000,2,0.1183799953,0
1537393920,Prod-EcsStagingCluster-EcsCluster-1AAGQRFIOE9AE,Service_beiakklem1vi3j5fejog,1000,2,0.2525835158,0
1537387560,Prod-EcsStagingCluster-EcsCluster-1AAGQRFIOE9AE,Service_beiakklem1vi3j5fejog,1000,2,0.0733119555,20
1537373700,Prod-EcsStagingCluster-EcsCluster-1AAGQRFIOE9AE,Service_beiakklem1vi3j5fejog,1000,2,0.0803897863,0
1537348260,Prod-EcsStagingCluster-EcsCluster-1AAGQRFIOE9AE,Service_beiakklem1vi3j5fejog,1000,2,0.0714043024,0
1537392780,Prod-EcsStagingCluster-EcsCluster-1AAGQRFIOE9AE,Service_beiakklem1vi3j5fejog,1000,2,0.4794825916,1
1537399140,Prod-EcsStagingCluster-EcsCluster-1AAGQRFIOE9AE,Service_beiakklem1vi3j5fejog,1000,2,0.0731036948,8
1537424580,Prod-EcsStagingCluster-EcsCluster-1AAGQRFIOE9AE,Service_beiakklem1vi3j5fejog,1000,2,0.1260916808,9
1537351200,Prod-EcsStagingCluster-EcsCluster-1AAGQRFIOE9AE,Service_beiakklem1vi3j5fejog,1000,2,1.4145385438,16
1537395720,Prod-EcsStagingCluster-EcsCluster-1AAGQRFIOE9AE,Service_beiakklem1vi3j5fejog,1000,2,0.0741416739,0
1537367100,Prod-EcsStagingCluster-EcsCluster-1AAGQRFIOE9AE,Service_beiakklem1vi3j5fejog,1000,2,0.0755017705,5
1537373460,Prod-EcsStagingCluster-EcsCluster-1AAGQRFIOE9AE,Service_beiakklem1vi3j5fejog,1000,2,0.0706496062,0
1537417980,Prod-EcsStagingCluster-EcsCluster-1AAGQRFIOE9AE,Service_beiakklem1vi3j5fejog,1000,2,0.1292517923,2
1537424340,Prod-EcsStagingCluster-EcsCluster-1AAGQRFIOE9AE,Service_beiakklem1vi3j5fejog,1000,2,0.7821513560,3
1537350060,Prod-EcsStagingCluster-EcsCluster-1AAGQRFIOE9AE,Service_beiakklem1vi3j5fejog,1000,2,1.1410991052,0
1537353240,Prod-EcsStagingCluster-EcsCluster-1AAGQRFIOE9AE,Service_beiakklem1vi3j5fejog,1000,2,0.0716848919,0
1537402080,Prod-EcsStagingCluster-EcsCluster-1AAGQRFIOE9AE,Service_beiakklem1vi3j5fejog,1000,2,0.4036158286,0
1537378680,Prod-EcsStagingCluster-EcsCluster-1AAGQRFIOE9AE,Service_beiakklem1vi3j5fejog,1000,2,0.0711001498,2
1537359600,Prod-EcsStagingCluster-EcsCluster-1AAGQRFIOE9AE,Service_beiakklem1vi3j5fejog,1000,2,0.0785741691,0
1537404120,Prod-EcsStagingCluster-EcsCluster-1AAGQRFIOE9AE,Service_beiakklem1vi3j5fejog,1000,2,1.5225623046,0
1537410480,Prod-EcsStagingCluster-EcsCluster-1AAGQRFIOE9AE,Service_beiakklem1vi3j5fejog,1000,2,0.1931851047,0
1537400940,Prod-EcsStagingCluster-EcsCluster-1AAGQRFIOE9AE,Service_beiakklem1vi3j5fejog,1000,2,41.5059328721,0
1537385040,Prod-EcsStagingCluster-EcsCluster-1AAGQRFIOE9AE,Service_beiakklem1vi3j5fejog,1000,2,0.0744058846,0
1537429560,Prod-EcsStagingCluster-EcsCluster-1AAGQRFIOE9AE,Service_beiakklem1vi3j5fejog,1000,2,0.0784167510,0
1537375260,Prod-EcsStagingCluster-EcsCluster-1AAGQRFIOE9AE,Service_beiakklem1vi3j5fejog,1000,2,0.0714420692,0
1537381620,Prod-EcsStagingCluster-EcsCluster-1AAGQRFIOE9AE,Service_beiakklem1vi3j5fejog,1000,2,0.0694135740,0
1537426140,Prod-EcsStagingCluster-EcsCluster-1AAGQRFIOE9AE,Service_beiakklem1vi3j5fejog,1000,2,0.5027286317,0
1537358220,Prod-EcsStagingCluster-EcsCluster-1AAGQRFIOE9AE,Service_beiakklem1vi3j5fejog,1000,2,0.0753256123,0
1537390020,Prod-EcsStagingCluster-EcsCluster-1AAGQRFIOE9AE,Service_beiakklem1vi3j5fejog,1000,2,0.0714069636,0
1537364580,Prod-EcsStagingCluster-EcsCluster-1AAGQRFIOE9AE,Service_beiakklem1vi3j5fejog,1000,2,1.3537839928,0
1537409100,Prod-EcsStagingCluster-EcsCluster-1AAGQRFIOE9AE,Service_beiakklem1vi3j5fejog,1000,2,0.2255610293,1
1537415460,Prod-EcsStagingCluster-EcsCluster-1AAGQRFIOE9AE,Service_beiakklem1vi3j5fejog,1000,2,1.6301930647,0
1537379400,Prod-EcsStagingCluster-EcsCluster-1AAGQRFIOE9AE,Service_beiakklem1vi3j5fejog,1000,2,0.0720243217,5
1537385760,Prod-EcsStagingCluster-EcsCluster-1AAGQRFIOE9AE,Service_beiakklem1vi3j5fejog,1000,2,0.0716560629,0
1537430280,Prod-EcsStagingCluster-EcsCluster-1AAGQRFIOE9AE,Service_beiakklem1vi3j5fejog,1000,2,0.0824174092,8
1537362360,Prod-EcsStagingCluster-EcsCluster-1AAGQRFIOE9AE,Service_beiakklem1vi3j5fejog,1000,2,0.0712304773,0
1537394160,Prod-EcsStagingCluster-EcsCluster-1AAGQRFIOE9AE,Service_beiakklem1vi3j5fejog,1000,2,0.0722005705,0
1537387800,Prod-EcsStagingCluster-EcsCluster-1AAGQRFIOE9AE,Service_beiakklem1vi3j5fejog,1000,2,0.0725515310,4
1537368720,Prod-EcsStagingCluster-EcsCluster-1AAGQRFIOE9AE,Service_beiakklem1vi3j5fejog,1000,2,0.0704190972,20
1537413240,Prod-EcsStagingCluster-EcsCluster-1AAGQRFIOE9AE,Service_beiakklem1vi3j5fejog,1000,2,1.1443173351,14
1537419600,Prod-EcsStagingCluster-EcsCluster-1AAGQRFIOE9AE,Service_beiakklem1vi3j5fejog,1000,2,0.2433668225,0
1537383420,Prod-EcsStagingCluster-EcsCluster-1AAGQRFIOE9AE,Service_beiakklem1vi3j5fejog,1000,2,0.0667646362,17
1537389780,Prod-EcsStagingCluster-EcsCluster-1AAGQRFIOE9AE,Service_beiakklem1vi3j5fejog,1000,2,1.1641255129,0
1537366380,Prod-EcsStagingCluster-EcsCluster-1AAGQRFIOE9AE,Service_beiakklem1vi3j5fejog,1000,2,1.4300260879,0
1537426800,Prod-EcsStagingCluster-EcsCluster-1AAGQRFIOE9AE,Service_beiakklem1vi3j5fejog,1000,2,0.3854796958,0
1537417260,Prod-EcsStagingCluster-EcsCluster-1AAGQRFIOE9AE,Service_beiakklem1vi3j5fejog,1000,2,1.3846416632,0
1537363080,Prod-EcsStagingCluster-EcsCluster-1AAGQRFIOE9AE,Service_beiakklem1vi3j5fejog,1000,2,0.0732467110,0
1537413960,Prod-EcsStagingCluster-EcsCluster-1AAGQRFIOE9AE,Service_beiakklem1vi3j5fejog,1000,2,0.5502335925,3
1537391700,Prod-EcsStagingCluster-EcsCluster-1AAGQRFIOE9AE,Service_beiakklem1vi3j5fejog,1000,2,0.0729518430,0
1537371480,Prod-EcsStagingCluster-EcsCluster-1AAGQRFIOE9AE,Service_beiakklem1vi3j5fejog,1000,2,0.0690301597,8
1537346040,Prod-EcsStagingCluster-EcsCluster-1AAGQRFIOE9AE,Service_beiakklem1vi3j5fejog,1000,2,0.0846922271,0
1537396920,Prod-EcsStagingCluster-EcsCluster-1AAGQRFIOE9AE,Service_beiakklem1vi3j5fejog,1000,2,1.3537593326,2
1537422360,Prod-EcsStagingCluster-EcsCluster-1AAGQRFIOE9AE,Service_beiakklem1vi3j5fejog,1000,2,0.9351898849,12
1537391580,Prod-EcsStagingCluster-EcsCluster-1AAGQRFIOE9AE,Service_beiakklem1vi3j5fejog,1000,2,0.9620451546,0
1537375680,Prod-EcsStagingCluster-EcsCluster-1AAGQRFIOE9AE,Service_beiakklem1vi3j5fejog,1000,2,0.0701345346,7
1537374540,Prod-EcsStagingCluster-EcsCluster-1AAGQRFIOE9AE,Service_beiakklem1vi3j5fejog,1000,2,0.0698777404,0
1537426560,Prod-EcsStagingCluster-EcsCluster-1AAGQRFIOE9AE,Service_beiakklem1vi3j5fejog,1000,2,0.2347541985,0
1537425420,Prod-EcsStagingCluster-EcsCluster-1AAGQRFIOE9AE,Service_beiakklem1vi3j5fejog,1000,2,0.0822412472,0
1537348980,Prod-EcsStagingCluster-EcsCluster-1AAGQRFIOE9AE,Service_beiakklem1vi3j5fejog,1000,2,1.5066542597,16
1537371240,Prod-EcsStagingCluster-EcsCluster-1AAGQRFIOE9AE,Service_beiakklem1vi3j5fejog,1000,2,0.0745637623,0
1537422120,Prod-EcsStagingCluster-EcsCluster-1AAGQRFIOE9AE,Service_beiakklem1vi3j5fejog,1000,2,2.0508439480,0
1537399860,Prod-EcsStagingCluster-EcsCluster-1AAGQRFIOE9AE,Service_beiakklem1vi3j5fejog,1000,2,0.7496753383,0
1537357380,Prod-EcsStagingCluster-EcsCluster-1AAGQRFIOE9AE,Service_beiakklem1vi3j5fejog,1000,2,0.1004136630,0
1537408260,Prod-EcsStagingCluster-EcsCluster-1AAGQRFIOE9AE,Service_beiakklem1vi3j5fejog,1000,2,1.3088193874,0
1537348860,Prod-EcsStagingCluster-EcsCluster-1AAGQRFIOE9AE,Service_beiakklem1vi3j5fejog,1000,2,0.0885897618,0
1537382820,Prod-EcsStagingCluster-EcsCluster-1AAGQRFIOE9AE,Service_beiakklem1vi3j5fejog,1000,2,0.0696894067,12
1537399740,Prod-EcsStagingCluster-EcsCluster-1AAGQRFIOE9AE,Service_beiakklem1vi3j5fejog,1000,2,0.0786134516,30
1537355160,Prod-EcsStagingCluster-EcsCluster-1AAGQRFIOE9AE,Service_beiakklem1vi3j5fejog,1000,2,0.0726043483,0
1537380600,Prod-EcsStagingCluster-EcsCluster-1AAGQRFIOE9AE,Service_beiakklem1vi3j5fejog,1000,2,0.0718288135,3
1537406040,Prod-EcsStagingCluster-EcsCluster-1AAGQRFIOE9AE,Service_beiakklem1vi3j5fejog,1000,2,0.4730243315,12
1537359360,Prod-EcsStagingCluster-EcsCluster-1AAGQRFIOE9AE,Service_beiakklem1vi3j5fejog,1000,2,0.0758181945,0
1537382700,Prod-EcsStagingCluster-EcsCluster-1AAGQRFIOE9AE,Service_beiakklem1vi3j5fejog,1000,2,0.0769823512,12
1537431480,Prod-EcsStagingCluster-EcsCluster-1AAGQRFIOE9AE,Service_beiakklem1vi3j5fejog,1000,2,0.0795794606,0
1537410240,Prod-EcsStagingCluster-EcsCluster-1AAGQRFIOE9AE,Service_beiakklem1vi3j5fejog,1000,2,0.4314360284,0
1537357140,Prod-EcsStagingCluster-EcsCluster-1AAGQRFIOE9AE,Service_beiakklem1vi3j5fejog,1000,2,0.0702882837,0
1537408020,Prod-EcsStagingCluster-EcsCluster-1AAGQRFIOE9AE,Service_beiakklem1vi3j5fejog,1000,2,0.2126326349,0
1537357020,Prod-EcsStagingCluster-EcsCluster-1AAGQRFIOE9AE,Service_beiakklem1vi3j5fejog,1000,2,0.0700101096,0
1537354920,Prod-EcsStagingCluster-EcsCluster-1AAGQRFIOE9AE,Service_beiakklem1vi3j5fejog,1000,2,0.0744476690,37
1537407900,Prod-EcsStagingCluster-EcsCluster-1AAGQRFIOE9AE,Service_beiakklem1vi3j5fejog,1000,2,0.1555353526,0
1537405800,Prod-EcsStagingCluster-EcsCluster-1AAGQRFIOE9AE,Service_beiakklem1vi3j5fejog,1000,2,0.4160194037,0
1537390860,Prod-EcsStagingCluster-EcsCluster-1AAGQRFIOE9AE,Service_beiakklem1vi3j5fejog,1000,2,0.0737624043,0
1537367520,Prod-EcsStagingCluster-EcsCluster-1AAGQRFIOE9AE,Service_beiakklem1vi3j5fejog,1000,2,0.0709711799,0
1537418400,Prod-EcsStagingCluster-EcsCluster-1AAGQRFIOE9AE,Service_beiakklem1vi3j5fejog,1000,2,0.2719567071,2
1537375920,Prod-EcsStagingCluster-EcsCluster-1AAGQRFIOE9AE,Service_beiakklem1vi3j5fejog,1000,2,0.0698606158,14
1537350480,Prod-EcsStagingCluster-EcsCluster-1AAGQRFIOE9AE,Service_beiakklem1vi3j5fejog,1000,2,0.3417904430,2
1537401360,Prod-EcsStagingCluster-EcsCluster-1AAGQRFIOE9AE,Service_beiakklem1vi3j5fejog,1000,2,0.0676174893,0
1537365300,Prod-EcsStagingCluster-EcsCluster-1AAGQRFIOE9AE,Service_beiakklem1vi3j5fejog,1000,2,0.0748756360,0
1537421520,Prod-EcsStagingCluster-EcsCluster-1AAGQRFIOE9AE,Service_beiakklem1vi3j5fejog,1000,2,1.0014791003,0
1537349280,Prod-EcsStagingCluster-EcsCluster-1AAGQRFIOE9AE,Service_beiakklem1vi3j5fejog,1000,2,0.0787615316,7
1537393800,Prod-EcsStagingCluster-EcsCluster-1AAGQRFIOE9AE,Service_beiakklem1vi3j5fejog,1000,2,0.0680435825,2
1537371540,Prod-EcsStagingCluster-EcsCluster-1AAGQRFIOE9AE,Service_beiakklem1vi3j5fejog,1000,2,0.0692032606,0
1537422420,Prod-EcsStagingCluster-EcsCluster-1AAGQRFIOE9AE,Service_beiakklem1vi3j5fejog,1000,2,0.2097019208,20
1537348140,Prod-EcsStagingCluster-EcsCluster-1AAGQRFIOE9AE,Service_beiakklem1vi3j5fejog,1000,2,0.0694353521,0
1537400160,Prod-EcsStagingCluster-EcsCluster-1AAGQRFIOE9AE,Service_beiakklem1vi3j5fejog,1000,2,0.7654869161,0
1537360860,Prod-EcsStagingCluster-EcsCluster-1AAGQRFIOE9AE,Service_beiakklem1vi3j5fejog,1000,2,0.0721596746,16
1537411740,Prod-EcsStagingCluster-EcsCluster-1AAGQRFIOE9AE,Service_beiakklem1vi3j5fejog,1000,2,0.0778937914,3
1537399020,Prod-EcsStagingCluster-EcsCluster-1AAGQRFIOE9AE,Service_beiakklem1vi3j5fejog,1000,2,0.0715357935,0
1537350180,Prod-EcsStagingCluster-EcsCluster-1AAGQRFIOE9AE,Service_beiakklem1vi3j5fejog,1000,2,0.1371079896,2
1537401060,Prod-EcsStagingCluster-EcsCluster-1AAGQRFIOE9AE,Service_beiakklem1vi3j5fejog,1000,2,0.0934679389,35
1537375620,Prod-EcsStagingCluster-EcsCluster-1AAGQRFIOE9AE,Service_beiakklem1vi3j5fejog,1000,2,0.0677433371,8
1537426500,Prod-EcsStagingCluster-EcsCluster-1AAGQRFIOE9AE,Service_beiakklem1vi3j5fejog,1000,2,1.5960094180,7
1537379700,Prod-EcsStagingCluster-EcsCluster-1AAGQRFIOE9AE,Service_beiakklem1vi3j5fejog,1000,2,0.0774497310,0
1537351080,Prod-EcsStagingCluster-EcsCluster-1AAGQRFIOE9AE,Service_beiakklem1vi3j5fejog,1000,2,0.3264936621,0
1537357440,Prod-EcsStagingCluster-EcsCluster-1AAGQRFIOE9AE,Service_beiakklem1vi3j5fejog,1000,2,0.0777507642,23
1537401960,Prod-EcsStagingCluster-EcsCluster-1AAGQRFIOE9AE,Service_beiakklem1vi3j5fejog,1000,2,0.0932365715,0
1537430580,Prod-EcsStagingCluster-EcsCluster-1AAGQRFIOE9AE,Service_beiakklem1vi3j5fejog,1000,2,1.6138515722,2
1537356300,Prod-EcsStagingCluster-EcsCluster-1AAGQRFIOE9AE,Service_beiakklem1vi3j5fejog,1000,2,0.0734572063,0
1537408320,Prod-EcsStagingCluster-EcsCluster-1AAGQRFIOE9AE,Service_beiakklem1vi3j5fejog,1000,2,0.6293119201,0
1537369020,Prod-EcsStagingCluster-EcsCluster-1AAGQRFIOE9AE,Service_beiakklem1vi3j5fejog,1000,2,0.0709796094,6
1537419900,Prod-EcsStagingCluster-EcsCluster-1AAGQRFIOE9AE,Service_beiakklem1vi3j5fejog,1000,2,0.3318435327,5
1537407180,Prod-EcsStagingCluster-EcsCluster-1AAGQRFIOE9AE,Service_beiakklem1vi3j5fejog,1000,2,0.1671120334,23
1537383840,Prod-EcsStagingCluster-EcsCluster-1AAGQRFIOE9AE,Service_beiakklem1vi3j5fejog,1000,2,0.0707023396,0
1537428360,Prod-EcsStagingCluster-EcsCluster-1AAGQRFIOE9AE,Service_beiakklem1vi3j5fejog,1000,2,0.1016905659,0
1537387860,Prod-EcsStagingCluster-EcsCluster-1AAGQRFIOE9AE,Service_beiakklem1vi3j5fejog,1000,2,0.0733502653,31
1537364460,Prod-EcsStagingCluster-EcsCluster-1AAGQRFIOE9AE,Service_beiakklem1vi3j5fejog,1000,2,0.0740669504,10
1537377180,Prod-EcsStagingCluster-EcsCluster-1AAGQRFIOE9AE,Service_beiakklem1vi3j5fejog,1000,2,0.5490958775,43
1537385640,Prod-EcsStagingCluster-EcsCluster-1AAGQRFIOE9AE,Service_beiakklem1vi3j5fejog,1000,2,0.0753264501,6
1537428060,Prod-EcsStagingCluster-EcsCluster-1AAGQRFIOE9AE,Service_beiakklem1vi3j5fejog,1000,2,0.1106138266,0
1537392000,Prod-EcsStagingCluster-EcsCluster-1AAGQRFIOE9AE,Service_beiakklem1vi3j5fejog,1000,2,0.0705615905,0
1537415340,Prod-EcsStagingCluster-EcsCluster-1AAGQRFIOE9AE,Service_beiakklem1vi3j5fejog,1000,2,1.1324530934,14
1537391940,Prod-EcsStagingCluster-EcsCluster-1AAGQRFIOE9AE,Service_beiakklem1vi3j5fejog,1000,2,0.0710524031,0
1537366500,Prod-EcsStagingCluster-EcsCluster-1AAGQRFIOE9AE,Service_beiakklem1vi3j5fejog,1000,2,0.0747456235,4
1537417380,Prod-EcsStagingCluster-EcsCluster-1AAGQRFIOE9AE,Service_beiakklem1vi3j5fejog,1000,2,0.2292285773,0
1537389720,Prod-EcsStagingCluster-EcsCluster-1AAGQRFIOE9AE,Service_beiakklem1vi3j5fejog,1000,2,0.0732382845,0
1537364280,Prod-EcsStagingCluster-EcsCluster-1AAGQRFIOE9AE,Service_beiakklem1vi3j5fejog,1000,2,0.0701578383,0
1537370640,Prod-EcsStagingCluster-EcsCluster-1AAGQRFIOE9AE,Service_beiakklem1vi3j5fejog,1000,2,0.0714241728,5
1537415160,Prod-EcsStagingCluster-EcsCluster-1AAGQRFIOE9AE,Service_beiakklem1vi3j5fejog,1000,2,0.6176222845,0
1537396080,Prod-EcsStagingCluster-EcsCluster-1AAGQRFIOE9AE,Service_beiakklem1vi3j5fejog,1000,2,0.0768902194,0
1537373760,Prod-EcsStagingCluster-EcsCluster-1AAGQRFIOE9AE,Service_beiakklem1vi3j5fejog,1000,2,0.0736874152,0
1537424640,Prod-EcsStagingCluster-EcsCluster-1AAGQRFIOE9AE,Service_beiakklem1vi3j5fejog,1000,2,0.9547357173,5
1537393860,Prod-EcsStagingCluster-EcsCluster-1AAGQRFIOE9AE,Service_beiakklem1vi3j5fejog,1000,2,0.0721703186,9
1537368420,Prod-EcsStagingCluster-EcsCluster-1AAGQRFIOE9AE,Service_beiakklem1vi3j5fejog,1000,2,0.0712823171,4
1537419300,Prod-EcsStagingCluster-EcsCluster-1AAGQRFIOE9AE,Service_beiakklem1vi3j5fejog,1000,2,1.5160368912,0
1537372620,Prod-EcsStagingCluster-EcsCluster-1AAGQRFIOE9AE,Service_beiakklem1vi3j5fejog,1000,2,0.0701530840,0
1537385340,Prod-EcsStagingCluster-EcsCluster-1AAGQRFIOE9AE,Service_beiakklem1vi3j5fejog,1000,2,0.0684219884,10
1537423500,Prod-EcsStagingCluster-EcsCluster-1AAGQRFIOE9AE,Service_beiakklem1vi3j5fejog,1000,2,1.1733423870,6
1537352400,Prod-EcsStagingCluster-EcsCluster-1AAGQRFIOE9AE,Service_beiakklem1vi3j5fejog,1000,2,0.1415396253,0
1537347060,Prod-EcsStagingCluster-EcsCluster-1AAGQRFIOE9AE,Service_beiakklem1vi3j5fejog,1000,2,0.0628070982,0
1537377840,Prod-EcsStagingCluster-EcsCluster-1AAGQRFIOE9AE,Service_beiakklem1vi3j5fejog,1000,2,0.0702019036,36
1537397940,Prod-EcsStagingCluster-EcsCluster-1AAGQRFIOE9AE,Service_beiakklem1vi3j5fejog,1000,2,1.4739754115,0
1537428720,Prod-EcsStagingCluster-EcsCluster-1AAGQRFIOE9AE,Service_beiakklem1vi3j5fejog,1000,2,0.2298621755,0
1537403280,Prod-EcsStagingCluster-EcsCluster-1AAGQRFIOE9AE,Service_beiakklem1vi3j5fejog,1000,2,0.5108166115,0
1537369320,Prod-EcsStagingCluster-EcsCluster-1AAGQRFIOE9AE,Service_beiakklem1vi3j5fejog,1000,2,0.0725816734,0
1537420200,Prod-EcsStagingCluster-EcsCluster-1AAGQRFIOE9AE,Service_beiakklem1vi3j5fejog,1000,2,0.1112993312,0
1537373400,Prod-EcsStagingCluster-EcsCluster-1AAGQRFIOE9AE,Service_beiakklem1vi3j5fejog,1000,2,0.0719575017,3
1537347960,Prod-EcsStagingCluster-EcsCluster-1AAGQRFIOE9AE,Service_beiakklem1vi3j5fejog,1000,2,0.0707342879,14
1537381920,Prod-EcsStagingCluster-EcsCluster-1AAGQRFIOE9AE,Service_beiakklem1vi3j5fejog,1000,2,0.0778844034,0
1537398840,Prod-EcsStagingCluster-EcsCluster-1AAGQRFIOE9AE,Service_beiakklem1vi3j5fejog,1000,2,0.0743428885,37
1537424280,Prod-EcsStagingCluster-EcsCluster-1AAGQRFIOE9AE,Service_beiakklem1vi3j5fejog,1000,2,1.3014669089,0
1537393500,Prod-EcsStagingCluster-EcsCluster-1AAGQRFIOE9AE,Service_beiakklem1vi3j5fejog,1000,2,0.0786102580,2
1537380780,Prod-EcsStagingCluster-EcsCluster-1AAGQRFIOE9AE,Service_beiakklem1vi3j5fejog,1000,2,0.7812732369,4
1537431660,Prod-EcsStagingCluster-EcsCluster-1AAGQRFIOE9AE,Service_beiakklem1vi3j5fejog,1000,2,0.0798922503,5
1537377480,Prod-EcsStagingCluster-EcsCluster-1AAGQRFIOE9AE,Service_beiakklem1vi3j5fejog,1000,2,0.0751158668,0
1537355220,Prod-EcsStagingCluster-EcsCluster-1AAGQRFIOE9AE,Service_beiakklem1vi3j5fejog,1000,2,0.0696283119,0
1537406100,Prod-EcsStagingCluster-EcsCluster-1AAGQRFIOE9AE,Service_beiakklem1vi3j5fejog,1000,2,1.0309114996,8
1537361520,Prod-EcsStagingCluster-EcsCluster-1AAGQRFIOE9AE,Service_beiakklem1vi3j5fejog,1000,2,0.0758056551,0
1537412400,Prod-EcsStagingCluster-EcsCluster-1AAGQRFIOE9AE,Service_beiakklem1vi3j5fejog,1000,2,0.1952375798,0
1537353000,Prod-EcsStagingCluster-EcsCluster-1AAGQRFIOE9AE,Service_beiakklem1vi3j5fejog,1000,2,0.0818017299,6
1537386960,Prod-EcsStagingCluster-EcsCluster-1AAGQRFIOE9AE,Service_beiakklem1vi3j5fejog,1000,2,0.0703163241,0
1537403880,Prod-EcsStagingCluster-EcsCluster-1AAGQRFIOE9AE,Service_beiakklem1vi3j5fejog,1000,2,0.7666883756,1
1537359300,Prod-EcsStagingCluster-EcsCluster-1AAGQRFIOE9AE,Service_beiakklem1vi3j5fejog,1000,2,0.0737572376,0
1537410180,Prod-EcsStagingCluster-EcsCluster-1AAGQRFIOE9AE,Service_beiakklem1vi3j5fejog,1000,2,1.6797540487,0
1537350780,Prod-EcsStagingCluster-EcsCluster-1AAGQRFIOE9AE,Service_beiakklem1vi3j5fejog,1000,2,0.3957892694,0
1537384740,Prod-EcsStagingCluster-EcsCluster-1AAGQRFIOE9AE,Service_beiakklem1vi3j5fejog,1000,2,0.0733685152,7
1537401660,Prod-EcsStagingCluster-EcsCluster-1AAGQRFIOE9AE,Service_beiakklem1vi3j5fejog,1000,2,1.0256641788,0
1537388940,Prod-EcsStagingCluster-EcsCluster-1AAGQRFIOE9AE,Service_beiakklem1vi3j5fejog,1000,2,0.0721862158,2
1537365600,Prod-EcsStagingCluster-EcsCluster-1AAGQRFIOE9AE,Service_beiakklem1vi3j5fejog,1000,2,0.0737144817,0
1537416480,Prod-EcsStagingCluster-EcsCluster-1AAGQRFIOE9AE,Service_beiakklem1vi3j5fejog,1000,2,0.6255727264,7
1537357080,Prod-EcsStagingCluster-EcsCluster-1AAGQRFIOE9AE,Service_beiakklem1vi3j5fejog,1000,2,1.2532846398,8
1537407960,Prod-EcsStagingCluster-EcsCluster-1AAGQRFIOE9AE,Service_beiakklem1vi3j5fejog,1000,2,1.7202954334,5
1537382520,Prod-EcsStagingCluster-EcsCluster-1AAGQRFIOE9AE,Service_beiakklem1vi3j5fejog,1000,2,0.0717108939,0
1537363380,Prod-EcsStagingCluster-EcsCluster-1AAGQRFIOE9AE,Service_beiakklem1vi3j5fejog,1000,2,1.2927872562,0
1537414260,Prod-EcsStagingCluster-EcsCluster-1AAGQRFIOE9AE,Service_beiakklem1vi3j5fejog,1000,2,2.1289813767,0
1537361160,Prod-EcsStagingCluster-EcsCluster-1AAGQRFIOE9AE,Service_beiakklem1vi3j5fejog,1000,2,0.0713245754,0
1537412040,Prod-EcsStagingCluster-EcsCluster-1AAGQRFIOE9AE,Service_beiakklem1vi3j5fejog,1000,2,0.1807504436,0
1537346220,Prod-EcsStagingCluster-EcsCluster-1AAGQRFIOE9AE,Service_beiakklem1vi3j5fejog,1000,2,0.0946934878,0
1537358940,Prod-EcsStagingCluster-EcsCluster-1AAGQRFIOE9AE,Service_beiakklem1vi3j5fejog,1000,2,0.0706499252,0
1537397100,Prod-EcsStagingCluster-EcsCluster-1AAGQRFIOE9AE,Service_beiakklem1vi3j5fejog,1000,2,0.0750060330,3
1537360980,Prod-EcsStagingCluster-EcsCluster-1AAGQRFIOE9AE,Service_beiakklem1vi3j5fejog,1000,2,0.0935161402,31
1537425720,Prod-EcsStagingCluster-EcsCluster-1AAGQRFIOE9AE,Service_beiakklem1vi3j5fejog,1000,2,0.0947187932,0
1537354620,Prod-EcsStagingCluster-EcsCluster-1AAGQRFIOE9AE,Service_beiakklem1vi3j5fejog,1000,2,0.0694920332,0
1537411860,Prod-EcsStagingCluster-EcsCluster-1AAGQRFIOE9AE,Service_beiakklem1vi3j5fejog,1000,2,0.8708638384,4
1537405500,Prod-EcsStagingCluster-EcsCluster-1AAGQRFIOE9AE,Service_beiakklem1vi3j5fejog,1000,2,0.0768973876,0
1537347120,Prod-EcsStagingCluster-EcsCluster-1AAGQRFIOE9AE,Service_beiakklem1vi3j5fejog,1000,2,0.0641994972,0
1537391640,Prod-EcsStagingCluster-EcsCluster-1AAGQRFIOE9AE,Service_beiakklem1vi3j5fejog,1000,2,0.0697070985,0
1537398000,Prod-EcsStagingCluster-EcsCluster-1AAGQRFIOE9AE,Service_beiakklem1vi3j5fejog,1000,2,0.0729086792,0
1537371420,Prod-EcsStagingCluster-EcsCluster-1AAGQRFIOE9AE,Service_beiakklem1vi3j5fejog,1000,2,0.0684205342,4
1537377780,Prod-EcsStagingCluster-EcsCluster-1AAGQRFIOE9AE,Service_beiakklem1vi3j5fejog,1000,2,1.1470271675,4
1537428660,Prod-EcsStagingCluster-EcsCluster-1AAGQRFIOE9AE,Service_beiakklem1vi3j5fejog,1000,2,0.0751398840,15
1537360740,Prod-EcsStagingCluster-EcsCluster-1AAGQRFIOE9AE,Service_beiakklem1vi3j5fejog,1000,2,0.0711015690,3
1537422300,Prod-EcsStagingCluster-EcsCluster-1AAGQRFIOE9AE,Service_beiakklem1vi3j5fejog,1000,2,0.0867733628,14
1537411620,Prod-EcsStagingCluster-EcsCluster-1AAGQRFIOE9AE,Service_beiakklem1vi3j5fejog,1000,2,0.0912075702,0
1537346880,Prod-EcsStagingCluster-EcsCluster-1AAGQRFIOE9AE,Service_beiakklem1vi3j5fejog,1000,2,0.8586747826,0
1537397760,Prod-EcsStagingCluster-EcsCluster-1AAGQRFIOE9AE,Service_beiakklem1vi3j5fejog,1000,2,0.0723059945,0
1537391400,Prod-EcsStagingCluster-EcsCluster-1AAGQRFIOE9AE,Service_beiakklem1vi3j5fejog,1000,2,0.0713033077,0
1537345740,Prod-EcsStagingCluster-EcsCluster-1AAGQRFIOE9AE,Service_beiakklem1vi3j5fejog,1000,2,0.2574275800,3
1537396620,Prod-EcsStagingCluster-EcsCluster-1AAGQRFIOE9AE,Service_beiakklem1vi3j5fejog,1000,2,0.0711371192,2
1537377540,Prod-EcsStagingCluster-EcsCluster-1AAGQRFIOE9AE,Service_beiakklem1vi3j5fejog,1000,2,0.0673535370,0
1537428420,Prod-EcsStagingCluster-EcsCluster-1AAGQRFIOE9AE,Service_beiakklem1vi3j5fejog,1000,2,0.0788762284,0
1537357320,Prod-EcsStagingCluster-EcsCluster-1AAGQRFIOE9AE,Service_beiakklem1vi3j5fejog,1000,2,0.0704967004,1
1537375320,Prod-EcsStagingCluster-EcsCluster-1AAGQRFIOE9AE,Service_beiakklem1vi3j5fejog,1000,2,0.0713777184,0
1537381680,Prod-EcsStagingCluster-EcsCluster-1AAGQRFIOE9AE,Service_beiakklem1vi3j5fejog,1000,2,0.0710694071,0
1537426200,Prod-EcsStagingCluster-EcsCluster-1AAGQRFIOE9AE,Service_beiakklem1vi3j5fejog,1000,2,0.1578664548,0
1537362540,Prod-EcsStagingCluster-EcsCluster-1AAGQRFIOE9AE,Service_beiakklem1vi3j5fejog,1000,2,0.0719207090,5
1537413420,Prod-EcsStagingCluster-EcsCluster-1AAGQRFIOE9AE,Service_beiakklem1vi3j5fejog,1000,2,1.0508701513,27
1537370940,Prod-EcsStagingCluster-EcsCluster-1AAGQRFIOE9AE,Service_beiakklem1vi3j5fejog,1000,2,0.0693974810,0
1537377300,Prod-EcsStagingCluster-EcsCluster-1AAGQRFIOE9AE,Service_beiakklem1vi3j5fejog,1000,2,0.0787204498,0
1537421820,Prod-EcsStagingCluster-EcsCluster-1AAGQRFIOE9AE,Service_beiakklem1vi3j5fejog,1000,2,1.1382800770,21
1537428180,Prod-EcsStagingCluster-EcsCluster-1AAGQRFIOE9AE,Service_beiakklem1vi3j5fejog,1000,2,0.3086432833,3
1537381440,Prod-EcsStagingCluster-EcsCluster-1AAGQRFIOE9AE,Service_beiakklem1vi3j5fejog,1000,2,0.0698280798,0
1537375080,Prod-EcsStagingCluster-EcsCluster-1AAGQRFIOE9AE,Service_beiakklem1vi3j5fejog,1000,2,0.0744338955,6
1537394100,Prod-EcsStagingCluster-EcsCluster-1AAGQRFIOE9AE,Service_beiakklem1vi3j5fejog,1000,2,0.0869667751,0
1537387740,Prod-EcsStagingCluster-EcsCluster-1AAGQRFIOE9AE,Service_beiakklem1vi3j5fejog,1000,2,0.0716081301,5
1537425960,Prod-EcsStagingCluster-EcsCluster-1AAGQRFIOE9AE,Service_beiakklem1vi3j5fejog,1000,2,0.0897551590,0
1537377060,Prod-EcsStagingCluster-EcsCluster-1AAGQRFIOE9AE,Service_beiakklem1vi3j5fejog,1000,2,0.0717810970,3
1537347360,Prod-EcsStagingCluster-EcsCluster-1AAGQRFIOE9AE,Service_beiakklem1vi3j5fejog,1000,2,0.0716241996,3
1537391880,Prod-EcsStagingCluster-EcsCluster-1AAGQRFIOE9AE,Service_beiakklem1vi3j5fejog,1000,2,0.0704941484,3
1537398240,Prod-EcsStagingCluster-EcsCluster-1AAGQRFIOE9AE,Service_beiakklem1vi3j5fejog,1000,2,0.0715887197,0
1537427940,Prod-EcsStagingCluster-EcsCluster-1AAGQRFIOE9AE,Service_beiakklem1vi3j5fejog,1000,2,1.8316083694,3
1537374840,Prod-EcsStagingCluster-EcsCluster-1AAGQRFIOE9AE,Service_beiakklem1vi3j5fejog,1000,2,0.0719892699,0
1537381200,Prod-EcsStagingCluster-EcsCluster-1AAGQRFIOE9AE,Service_beiakklem1vi3j5fejog,1000,2,0.0718622622,1
1537396020,Prod-EcsStagingCluster-EcsCluster-1AAGQRFIOE9AE,Service_beiakklem1vi3j5fejog,1000,2,0.0724132288,0
1537414080,Prod-EcsStagingCluster-EcsCluster-1AAGQRFIOE9AE,Service_beiakklem1vi3j5fejog,1000,2,0.0770664159,0
1537362060,Prod-EcsStagingCluster-EcsCluster-1AAGQRFIOE9AE,Service_beiakklem1vi3j5fejog,1000,2,0.0726017066,3
1537412940,Prod-EcsStagingCluster-EcsCluster-1AAGQRFIOE9AE,Service_beiakklem1vi3j5fejog,1000,2,0.5382613661,0
1537378980,Prod-EcsStagingCluster-EcsCluster-1AAGQRFIOE9AE,Service_beiakklem1vi3j5fejog,1000,2,1.0625597181,0
1537380000,Prod-EcsStagingCluster-EcsCluster-1AAGQRFIOE9AE,Service_beiakklem1vi3j5fejog,1000,2,0.0685964460,3
1537429860,Prod-EcsStagingCluster-EcsCluster-1AAGQRFIOE9AE,Service_beiakklem1vi3j5fejog,1000,2,0.0819299877,1
1537358760,Prod-EcsStagingCluster-EcsCluster-1AAGQRFIOE9AE,Service_beiakklem1vi3j5fejog,1000,2,0.0718149312,12
1537430880,Prod-EcsStagingCluster-EcsCluster-1AAGQRFIOE9AE,Service_beiakklem1vi3j5fejog,1000,2,0.0823214624,12
1537362960,Prod-EcsStagingCluster-EcsCluster-1AAGQRFIOE9AE,Service_beiakklem1vi3j5fejog,1000,2,0.0716530988,0
1537409640,Prod-EcsStagingCluster-EcsCluster-1AAGQRFIOE9AE,Service_beiakklem1vi3j5fejog,1000,2,0.1094330627,16
1537378860,Prod-EcsStagingCluster-EcsCluster-1AAGQRFIOE9AE,Service_beiakklem1vi3j5fejog,1000,2,0.0686648314,0
1537429740,Prod-EcsStagingCluster-EcsCluster-1AAGQRFIOE9AE,Service_beiakklem1vi3j5fejog,1000,2,1.5665372198,0
1537413840,Prod-EcsStagingCluster-EcsCluster-1AAGQRFIOE9AE,Service_beiakklem1vi3j5fejog,1000,2,0.2108351014,2
1537395780,Prod-EcsStagingCluster-EcsCluster-1AAGQRFIOE9AE,Service_beiakklem1vi3j5fejog,1000,2,0.9814832713,3
1537375560,Prod-EcsStagingCluster-EcsCluster-1AAGQRFIOE9AE,Service_beiakklem1vi3j5fejog,1000,2,0.0690278441,0
1537387260,Prod-EcsStagingCluster-EcsCluster-1AAGQRFIOE9AE,Service_beiakklem1vi3j5fejog,1000,2,0.0742569271,0
1537426440,Prod-EcsStagingCluster-EcsCluster-1AAGQRFIOE9AE,Service_beiakklem1vi3j5fejog,1000,2,0.3630450388,8
1537358520,Prod-EcsStagingCluster-EcsCluster-1AAGQRFIOE9AE,Service_beiakklem1vi3j5fejog,1000,2,0.0707964978,0
1537379760,Prod-EcsStagingCluster-EcsCluster-1AAGQRFIOE9AE,Service_beiakklem1vi3j5fejog,1000,2,0.0712340446,19
1537430640,Prod-EcsStagingCluster-EcsCluster-1AAGQRFIOE9AE,Service_beiakklem1vi3j5fejog,1000,2,1.5840991814,3
1537353180,Prod-EcsStagingCluster-EcsCluster-1AAGQRFIOE9AE,Service_beiakklem1vi3j5fejog,1000,2,0.1886540744,18
1537409400,Prod-EcsStagingCluster-EcsCluster-1AAGQRFIOE9AE,Service_beiakklem1vi3j5fejog,1000,2,1.9989050951,3
1537404060,Prod-EcsStagingCluster-EcsCluster-1AAGQRFIOE9AE,Service_beiakklem1vi3j5fejog,1000,2,3.3666908400,37
1537395540,Prod-EcsStagingCluster-EcsCluster-1AAGQRFIOE9AE,Service_beiakklem1vi3j5fejog,1000,2,0.0743216245,6
1537363680,Prod-EcsStagingCluster-EcsCluster-1AAGQRFIOE9AE,Service_beiakklem1vi3j5fejog,1000,2,0.0712211535,0
1537414560,Prod-EcsStagingCluster-EcsCluster-1AAGQRFIOE9AE,Service_beiakklem1vi3j5fejog,1000,2,0.0788339194,0
1537393320,Prod-EcsStagingCluster-EcsCluster-1AAGQRFIOE9AE,Service_beiakklem1vi3j5fejog,1000,2,0.6425147681,0
1537346640,Prod-EcsStagingCluster-EcsCluster-1AAGQRFIOE9AE,Service_beiakklem1vi3j5fejog,1000,2,0.5370801045,0
1537397520,Prod-EcsStagingCluster-EcsCluster-1AAGQRFIOE9AE,Service_beiakklem1vi3j5fejog,1000,2,0.0740203818,3
1537361460,Prod-EcsStagingCluster-EcsCluster-1AAGQRFIOE9AE,Service_beiakklem1vi3j5fejog,1000,2,0.0725464802,0
1537412340,Prod-EcsStagingCluster-EcsCluster-1AAGQRFIOE9AE,Service_beiakklem1vi3j5fejog,1000,2,0.2174261586,0
1537378380,Prod-EcsStagingCluster-EcsCluster-1AAGQRFIOE9AE,Service_beiakklem1vi3j5fejog,1000,2,0.5481595227,9
1537359240,Prod-EcsStagingCluster-EcsCluster-1AAGQRFIOE9AE,Service_beiakklem1vi3j5fejog,1000,2,0.0705066204,0
1537395300,Prod-EcsStagingCluster-EcsCluster-1AAGQRFIOE9AE,Service_beiakklem1vi3j5fejog,1000,2,0.0784143651,0
1537429260,Prod-EcsStagingCluster-EcsCluster-1AAGQRFIOE9AE,Service_beiakklem1vi3j5fejog,1000,2,1.0822427833,0
1537410120,Prod-EcsStagingCluster-EcsCluster-1AAGQRFIOE9AE,Service_beiakklem1vi3j5fejog,1000,2,0.1465311325,0
1537363440,Prod-EcsStagingCluster-EcsCluster-1AAGQRFIOE9AE,Service_beiakklem1vi3j5fejog,1000,2,0.0725450180,0
1537393080,Prod-EcsStagingCluster-EcsCluster-1AAGQRFIOE9AE,Service_beiakklem1vi3j5fejog,1000,2,0.0689179917,35
1537414320,Prod-EcsStagingCluster-EcsCluster-1AAGQRFIOE9AE,Service_beiakklem1vi3j5fejog,1000,2,0.3609911657,0
1537395180,Prod-EcsStagingCluster-EcsCluster-1AAGQRFIOE9AE,Service_beiakklem1vi3j5fejog,1000,2,0.9251319390,0
1537361220,Prod-EcsStagingCluster-EcsCluster-1AAGQRFIOE9AE,Service_beiakklem1vi3j5fejog,1000,2,0.0718665933,2
1537412100,Prod-EcsStagingCluster-EcsCluster-1AAGQRFIOE9AE,Service_beiakklem1vi3j5fejog,1000,2,0.2487200374,10
1537352700,Prod-EcsStagingCluster-EcsCluster-1AAGQRFIOE9AE,Service_beiakklem1vi3j5fejog,1000,2,0.0764648412,0
1537403580,Prod-EcsStagingCluster-EcsCluster-1AAGQRFIOE9AE,Service_beiakklem1vi3j5fejog,1000,2,0.2152611019,3
1537359000,Prod-EcsStagingCluster-EcsCluster-1AAGQRFIOE9AE,Service_beiakklem1vi3j5fejog,1000,2,0.0795880995,8
1537409880,Prod-EcsStagingCluster-EcsCluster-1AAGQRFIOE9AE,Service_beiakklem1vi3j5fejog,1000,2,0.3415358993,10
1537363200,Prod-EcsStagingCluster-EcsCluster-1AAGQRFIOE9AE,Service_beiakklem1vi3j5fejog,1000,2,0.0727998628,6
1537375860,Prod-EcsStagingCluster-EcsCluster-1AAGQRFIOE9AE,Service_beiakklem1vi3j5fejog,1000,2,0.0697142803,0
1537363140,Prod-EcsStagingCluster-EcsCluster-1AAGQRFIOE9AE,Service_beiakklem1vi3j5fejog,1000,2,0.0714849551,0
1537414020,Prod-EcsStagingCluster-EcsCluster-1AAGQRFIOE9AE,Service_beiakklem1vi3j5fejog,1000,2,0.1511930514,0
1537426740,Prod-EcsStagingCluster-EcsCluster-1AAGQRFIOE9AE,Service_beiakklem1vi3j5fejog,1000,2,0.0978584352,10
1537376760,Prod-EcsStagingCluster-EcsCluster-1AAGQRFIOE9AE,Service_beiakklem1vi3j5fejog,1000,2,0.0751803540,5
1537383120,Prod-EcsStagingCluster-EcsCluster-1AAGQRFIOE9AE,Service_beiakklem1vi3j5fejog,1000,2,0.0662891863,0
1537389480,Prod-EcsStagingCluster-EcsCluster-1AAGQRFIOE9AE,Service_beiakklem1vi3j5fejog,1000,2,0.0743882385,0
1537395840,Prod-EcsStagingCluster-EcsCluster-1AAGQRFIOE9AE,Service_beiakklem1vi3j5fejog,1000,2,0.0753256741,0
1537427640,Prod-EcsStagingCluster-EcsCluster-1AAGQRFIOE9AE,Service_beiakklem1vi3j5fejog,1000,2,0.0867286155,4
1537356540,Prod-EcsStagingCluster-EcsCluster-1AAGQRFIOE9AE,Service_beiakklem1vi3j5fejog,1000,2,0.0700828742,0
1537394700,Prod-EcsStagingCluster-EcsCluster-1AAGQRFIOE9AE,Service_beiakklem1vi3j5fejog,1000,2,0.0793942396,10
1537349040,Prod-EcsStagingCluster-EcsCluster-1AAGQRFIOE9AE,Service_beiakklem1vi3j5fejog,1000,2,0.1513324538,0
1537355400,Prod-EcsStagingCluster-EcsCluster-1AAGQRFIOE9AE,Service_beiakklem1vi3j5fejog,1000,2,0.0743368803,0
1537361760,Prod-EcsStagingCluster-EcsCluster-1AAGQRFIOE9AE,Service_beiakklem1vi3j5fejog,1000,2,0.0722846128,0
1537407420,Prod-EcsStagingCluster-EcsCluster-1AAGQRFIOE9AE,Service_beiakklem1vi3j5fejog,1000,2,45.7168803476,0
1537412640,Prod-EcsStagingCluster-EcsCluster-1AAGQRFIOE9AE,Service_beiakklem1vi3j5fejog,1000,2,0.1538389114,9
1537393560,Prod-EcsStagingCluster-EcsCluster-1AAGQRFIOE9AE,Service_beiakklem1vi3j5fejog,1000,2,0.0714239193,8
1537399920,Prod-EcsStagingCluster-EcsCluster-1AAGQRFIOE9AE,Service_beiakklem1vi3j5fejog,1000,2,0.7903296307,0
1537406280,Prod-EcsStagingCluster-EcsCluster-1AAGQRFIOE9AE,Service_beiakklem1vi3j5fejog,1000,2,0.5767935517,0
1537373340,Prod-EcsStagingCluster-EcsCluster-1AAGQRFIOE9AE,Service_beiakklem1vi3j5fejog,1000,2,0.0710517353,0
1537360620,Prod-EcsStagingCluster-EcsCluster-1AAGQRFIOE9AE,Service_beiakklem1vi3j5fejog,1000,2,0.0727608645,13
1537362660,Prod-EcsStagingCluster-EcsCluster-1AAGQRFIOE9AE,Service_beiakklem1vi3j5fejog,1000,2,0.0740081144,2
1537411500,Prod-EcsStagingCluster-EcsCluster-1AAGQRFIOE9AE,Service_beiakklem1vi3j5fejog,1000,2,0.5326899752,9
1537424220,Prod-EcsStagingCluster-EcsCluster-1AAGQRFIOE9AE,Service_beiakklem1vi3j5fejog,1000,2,0.2199122369,0
1537375380,Prod-EcsStagingCluster-EcsCluster-1AAGQRFIOE9AE,Service_beiakklem1vi3j5fejog,1000,2,1.1801216754,0
1537413540,Prod-EcsStagingCluster-EcsCluster-1AAGQRFIOE9AE,Service_beiakklem1vi3j5fejog,1000,2,0.4205473212,3
1537360440,Prod-EcsStagingCluster-EcsCluster-1AAGQRFIOE9AE,Service_beiakklem1vi3j5fejog,1000,2,0.0734234624,19
1537426260,Prod-EcsStagingCluster-EcsCluster-1AAGQRFIOE9AE,Service_beiakklem1vi3j5fejog,1000,2,0.9505357192,20
1537379520,Prod-EcsStagingCluster-EcsCluster-1AAGQRFIOE9AE,Service_beiakklem1vi3j5fejog,1000,2,0.0710742652,2
1537366800,Prod-EcsStagingCluster-EcsCluster-1AAGQRFIOE9AE,Service_beiakklem1vi3j5fejog,1000,2,0.0727136275,6
1537373160,Prod-EcsStagingCluster-EcsCluster-1AAGQRFIOE9AE,Service_beiakklem1vi3j5fejog,1000,2,0.0740442891,28
1537417680,Prod-EcsStagingCluster-EcsCluster-1AAGQRFIOE9AE,Service_beiakklem1vi3j5fejog,1000,2,1.0920997700,0
1537411320,Prod-EcsStagingCluster-EcsCluster-1AAGQRFIOE9AE,Service_beiakklem1vi3j5fejog,1000,2,0.9580772339,0
1537392180,Prod-EcsStagingCluster-EcsCluster-1AAGQRFIOE9AE,Service_beiakklem1vi3j5fejog,1000,2,0.2384543546,0
1537424040,Prod-EcsStagingCluster-EcsCluster-1AAGQRFIOE9AE,Service_beiakklem1vi3j5fejog,1000,2,0.3316538093,0
1537430400,Prod-EcsStagingCluster-EcsCluster-1AAGQRFIOE9AE,Service_beiakklem1vi3j5fejog,1000,2,0.0734201897,3
1537379460,Prod-EcsStagingCluster-EcsCluster-1AAGQRFIOE9AE,Service_beiakklem1vi3j5fejog,1000,2,0.0701563496,7
1537430340,Prod-EcsStagingCluster-EcsCluster-1AAGQRFIOE9AE,Service_beiakklem1vi3j5fejog,1000,2,0.0730619834,6
1537345440,Prod-EcsStagingCluster-EcsCluster-1AAGQRFIOE9AE,Service_beiakklem1vi3j5fejog,1000,2,1.3466059558,11
1537396320,Prod-EcsStagingCluster-EcsCluster-1AAGQRFIOE9AE,Service_beiakklem1vi3j5fejog,1000,2,0.0715538118,0
1537389960,Prod-EcsStagingCluster-EcsCluster-1AAGQRFIOE9AE,Service_beiakklem1vi3j5fejog,1000,2,0.0734105201,0
1537377240,Prod-EcsStagingCluster-EcsCluster-1AAGQRFIOE9AE,Service_beiakklem1vi3j5fejog,1000,2,0.0694143335,0
1537383600,Prod-EcsStagingCluster-EcsCluster-1AAGQRFIOE9AE,Service_beiakklem1vi3j5fejog,1000,2,0.0724436052,16
1537428120,Prod-EcsStagingCluster-EcsCluster-1AAGQRFIOE9AE,Service_beiakklem1vi3j5fejog,1000,2,0.0741399294,4
1537360140,Prod-EcsStagingCluster-EcsCluster-1AAGQRFIOE9AE,Service_beiakklem1vi3j5fejog,1000,2,0.0723657333,4
1537372860,Prod-EcsStagingCluster-EcsCluster-1AAGQRFIOE9AE,Service_beiakklem1vi3j5fejog,1000,2,0.0695211097,0
1537411020,Prod-EcsStagingCluster-EcsCluster-1AAGQRFIOE9AE,Service_beiakklem1vi3j5fejog,1000,2,0.1589368454,2
1537423740,Prod-EcsStagingCluster-EcsCluster-1AAGQRFIOE9AE,Service_beiakklem1vi3j5fejog,1000,2,0.2260889567,4
1537389660,Prod-EcsStagingCluster-EcsCluster-1AAGQRFIOE9AE,Service_beiakklem1vi3j5fejog,1000,2,0.0728542260,0
1537407720,Prod-EcsStagingCluster-EcsCluster-1AAGQRFIOE9AE,Service_beiakklem1vi3j5fejog,1000,2,2.1505419050,0
1537376940,Prod-EcsStagingCluster-EcsCluster-1AAGQRFIOE9AE,Service_beiakklem1vi3j5fejog,1000,2,0.0724198957,3
1537427820,Prod-EcsStagingCluster-EcsCluster-1AAGQRFIOE9AE,Service_beiakklem1vi3j5fejog,1000,2,0.2299989302,2
1537373640,Prod-EcsStagingCluster-EcsCluster-1AAGQRFIOE9AE,Service_beiakklem1vi3j5fejog,1000,2,0.0706479260,0
1537360920,Prod-EcsStagingCluster-EcsCluster-1AAGQRFIOE9AE,Service_beiakklem1vi3j5fejog,1000,2,0.0741608915,0
1537411800,Prod-EcsStagingCluster-EcsCluster-1AAGQRFIOE9AE,Service_beiakklem1vi3j5fejog,1000,2,0.9303692916,0
1537424520,Prod-EcsStagingCluster-EcsCluster-1AAGQRFIOE9AE,Service_beiakklem1vi3j5fejog,1000,2,0.2671293326,0
1537380900,Prod-EcsStagingCluster-EcsCluster-1AAGQRFIOE9AE,Service_beiakklem1vi3j5fejog,1000,2,0.0832614357,6
1537393620,Prod-EcsStagingCluster-EcsCluster-1AAGQRFIOE9AE,Service_beiakklem1vi3j5fejog,1000,2,0.0722868805,0
1537346820,Prod-EcsStagingCluster-EcsCluster-1AAGQRFIOE9AE,Service_beiakklem1vi3j5fejog,1000,2,0.3749922936,0
1537359540,Prod-EcsStagingCluster-EcsCluster-1AAGQRFIOE9AE,Service_beiakklem1vi3j5fejog,1000,2,0.0702330817,8
1537364880,Prod-EcsStagingCluster-EcsCluster-1AAGQRFIOE9AE,Service_beiakklem1vi3j5fejog,1000,2,0.0704697824,5
1537377600,Prod-EcsStagingCluster-EcsCluster-1AAGQRFIOE9AE,Service_beiakklem1vi3j5fejog,1000,2,0.0708607970,4
1537415760,Prod-EcsStagingCluster-EcsCluster-1AAGQRFIOE9AE,Service_beiakklem1vi3j5fejog,1000,2,0.3425791236,0
1537410420,Prod-EcsStagingCluster-EcsCluster-1AAGQRFIOE9AE,Service_beiakklem1vi3j5fejog,1000,2,0.2803965056,0
1537376460,Prod-EcsStagingCluster-EcsCluster-1AAGQRFIOE9AE,Service_beiakklem1vi3j5fejog,1000,2,0.0704944703,0
1537397700,Prod-EcsStagingCluster-EcsCluster-1AAGQRFIOE9AE,Service_beiakklem1vi3j5fejog,1000,2,0.0813055510,0
1537428480,Prod-EcsStagingCluster-EcsCluster-1AAGQRFIOE9AE,Service_beiakklem1vi3j5fejog,1000,2,0.0746683560,6
1537389180,Prod-EcsStagingCluster-EcsCluster-1AAGQRFIOE9AE,Service_beiakklem1vi3j5fejog,1000,2,0.7369091903,8
1537427340,Prod-EcsStagingCluster-EcsCluster-1AAGQRFIOE9AE,Service_beiakklem1vi3j5fejog,1000,2,0.8569866158,0
1537408200,Prod-EcsStagingCluster-EcsCluster-1AAGQRFIOE9AE,Service_beiakklem1vi3j5fejog,1000,2,0.1272572739,16
1537395480,Prod-EcsStagingCluster-EcsCluster-1AAGQRFIOE9AE,Service_beiakklem1vi3j5fejog,1000,2,0.0772299070,2
1537355100,Prod-EcsStagingCluster-EcsCluster-1AAGQRFIOE9AE,Service_beiakklem1vi3j5fejog,1000,2,0.0760641330,6
1537405980,Prod-EcsStagingCluster-EcsCluster-1AAGQRFIOE9AE,Service_beiakklem1vi3j5fejog,1000,2,0.2072947993,5
1537393260,Prod-EcsStagingCluster-EcsCluster-1AAGQRFIOE9AE,Service_beiakklem1vi3j5fejog,1000,2,0.0751964769,8
1537361280,Prod-EcsStagingCluster-EcsCluster-1AAGQRFIOE9AE,Service_beiakklem1vi3j5fejog,1000,2,0.0701815242,6
1537348560,Prod-EcsStagingCluster-EcsCluster-1AAGQRFIOE9AE,Service_beiakklem1vi3j5fejog,1000,2,1.2456615788,3
1537399440,Prod-EcsStagingCluster-EcsCluster-1AAGQRFIOE9AE,Service_beiakklem1vi3j5fejog,1000,2,0.0739475198,11
1537412160,Prod-EcsStagingCluster-EcsCluster-1AAGQRFIOE9AE,Service_beiakklem1vi3j5fejog,1000,2,0.8031169862,43
1537359060,Prod-EcsStagingCluster-EcsCluster-1AAGQRFIOE9AE,Service_beiakklem1vi3j5fejog,1000,2,0.0729566209,0
1537346340,Prod-EcsStagingCluster-EcsCluster-1AAGQRFIOE9AE,Service_beiakklem1vi3j5fejog,1000,2,0.2037486594,0
1537397220,Prod-EcsStagingCluster-EcsCluster-1AAGQRFIOE9AE,Service_beiakklem1vi3j5fejog,1000,2,0.0713587847,0
1537378080,Prod-EcsStagingCluster-EcsCluster-1AAGQRFIOE9AE,Service_beiakklem1vi3j5fejog,1000,2,0.0715576155,0
1537409940,Prod-EcsStagingCluster-EcsCluster-1AAGQRFIOE9AE,Service_beiakklem1vi3j5fejog,1000,2,0.1243729199,2
1537365360,Prod-EcsStagingCluster-EcsCluster-1AAGQRFIOE9AE,Service_beiakklem1vi3j5fejog,1000,2,0.0719973923,0
1537356840,Prod-EcsStagingCluster-EcsCluster-1AAGQRFIOE9AE,Service_beiakklem1vi3j5fejog,1000,2,0.0704470436,6
1537395000,Prod-EcsStagingCluster-EcsCluster-1AAGQRFIOE9AE,Service_beiakklem1vi3j5fejog,1000,2,0.0701992498,16
1537428960,Prod-EcsStagingCluster-EcsCluster-1AAGQRFIOE9AE,Service_beiakklem1vi3j5fejog,1000,2,0.0730764741,0
1537416240,Prod-EcsStagingCluster-EcsCluster-1AAGQRFIOE9AE,Service_beiakklem1vi3j5fejog,1000,2,0.2092350551,0
1537410720,Prod-EcsStagingCluster-EcsCluster-1AAGQRFIOE9AE,Service_beiakklem1vi3j5fejog,1000,2,0.9879858233,0
1537401180,Prod-EcsStagingCluster-EcsCluster-1AAGQRFIOE9AE,Service_beiakklem1vi3j5fejog,1000,2,0.1447678641,19
1537404360,Prod-EcsStagingCluster-EcsCluster-1AAGQRFIOE9AE,Service_beiakklem1vi3j5fejog,1000,2,0.1337642032,0
1537407540,Prod-EcsStagingCluster-EcsCluster-1AAGQRFIOE9AE,Service_beiakklem1vi3j5fejog,1000,2,0.6291932018,0
1537368240,Prod-EcsStagingCluster-EcsCluster-1AAGQRFIOE9AE,Service_beiakklem1vi3j5fejog,1000,2,0.0713588915,36
1537426620,Prod-EcsStagingCluster-EcsCluster-1AAGQRFIOE9AE,Service_beiakklem1vi3j5fejog,1000,2,0.0821512606,0
1537429800,Prod-EcsStagingCluster-EcsCluster-1AAGQRFIOE9AE,Service_beiakklem1vi3j5fejog,1000,2,0.2131017135,2
1537358700,Prod-EcsStagingCluster-EcsCluster-1AAGQRFIOE9AE,Service_beiakklem1vi3j5fejog,1000,2,0.0820398811,4
1537361880,Prod-EcsStagingCluster-EcsCluster-1AAGQRFIOE9AE,Service_beiakklem1vi3j5fejog,1000,2,0.0692903824,12
1537365060,Prod-EcsStagingCluster-EcsCluster-1AAGQRFIOE9AE,Service_beiakklem1vi3j5fejog,1000,2,0.0737760671,0
1537393680,Prod-EcsStagingCluster-EcsCluster-1AAGQRFIOE9AE,Service_beiakklem1vi3j5fejog,1000,2,0.0745193156,0
1537390500,Prod-EcsStagingCluster-EcsCluster-1AAGQRFIOE9AE,Service_beiakklem1vi3j5fejog,1000,2,0.0808092699,4
1537384140,Prod-EcsStagingCluster-EcsCluster-1AAGQRFIOE9AE,Service_beiakklem1vi3j5fejog,1000,2,0.0683728392,2
1537387320,Prod-EcsStagingCluster-EcsCluster-1AAGQRFIOE9AE,Service_beiakklem1vi3j5fejog,1000,2,0.1367564449,4
1537358460,Prod-EcsStagingCluster-EcsCluster-1AAGQRFIOE9AE,Service_beiakklem1vi3j5fejog,1000,2,0.0762642103,3
1537361640,Prod-EcsStagingCluster-EcsCluster-1AAGQRFIOE9AE,Service_beiakklem1vi3j5fejog,1000,2,0.0691991791,0
1537364820,Prod-EcsStagingCluster-EcsCluster-1AAGQRFIOE9AE,Service_beiakklem1vi3j5fejog,1000,2,0.0703544292,0
1537368000,Prod-EcsStagingCluster-EcsCluster-1AAGQRFIOE9AE,Service_beiakklem1vi3j5fejog,1000,2,0.0680354440,11
1537362600,Prod-EcsStagingCluster-EcsCluster-1AAGQRFIOE9AE,Service_beiakklem1vi3j5fejog,1000,2,0.0706614562,4
1537368960,Prod-EcsStagingCluster-EcsCluster-1AAGQRFIOE9AE,Service_beiakklem1vi3j5fejog,1000,2,0.0713820729,0
1537417740,Prod-EcsStagingCluster-EcsCluster-1AAGQRFIOE9AE,Service_beiakklem1vi3j5fejog,1000,2,0.1521170802,11
1537392300,Prod-EcsStagingCluster-EcsCluster-1AAGQRFIOE9AE,Service_beiakklem1vi3j5fejog,1000,2,0.0808655553,0
1537398660,Prod-EcsStagingCluster-EcsCluster-1AAGQRFIOE9AE,Service_beiakklem1vi3j5fejog,1000,2,1.1472808275,0
1537424100,Prod-EcsStagingCluster-EcsCluster-1AAGQRFIOE9AE,Service_beiakklem1vi3j5fejog,1000,2,0.4522859943,0
1537402800,Prod-EcsStagingCluster-EcsCluster-1AAGQRFIOE9AE,Service_beiakklem1vi3j5fejog,1000,2,0.4080223602,3
1537396440,Prod-EcsStagingCluster-EcsCluster-1AAGQRFIOE9AE,Service_beiakklem1vi3j5fejog,1000,2,0.0718942341,0
1537421880,Prod-EcsStagingCluster-EcsCluster-1AAGQRFIOE9AE,Service_beiakklem1vi3j5fejog,1000,2,0.4340858551,0
1537428240,Prod-EcsStagingCluster-EcsCluster-1AAGQRFIOE9AE,Service_beiakklem1vi3j5fejog,1000,2,1.1512906550,0
1537372980,Prod-EcsStagingCluster-EcsCluster-1AAGQRFIOE9AE,Service_beiakklem1vi3j5fejog,1000,2,1.0012244373,0
1537366620,Prod-EcsStagingCluster-EcsCluster-1AAGQRFIOE9AE,Service_beiakklem1vi3j5fejog,1000,2,0.0714808529,6
1537398420,Prod-EcsStagingCluster-EcsCluster-1AAGQRFIOE9AE,Service_beiakklem1vi3j5fejog,1000,2,0.0703178822,3
1537392060,Prod-EcsStagingCluster-EcsCluster-1AAGQRFIOE9AE,Service_beiakklem1vi3j5fejog,1000,2,0.0764033418,2
1537355940,Prod-EcsStagingCluster-EcsCluster-1AAGQRFIOE9AE,Service_beiakklem1vi3j5fejog,1000,2,0.0715172692,7
1537349580,Prod-EcsStagingCluster-EcsCluster-1AAGQRFIOE9AE,Service_beiakklem1vi3j5fejog,1000,2,0.0762329204,3
1537370760,Prod-EcsStagingCluster-EcsCluster-1AAGQRFIOE9AE,Service_beiakklem1vi3j5fejog,1000,2,0.0699116846,0
1537377120,Prod-EcsStagingCluster-EcsCluster-1AAGQRFIOE9AE,Service_beiakklem1vi3j5fejog,1000,2,0.0732820722,0
1537396200,Prod-EcsStagingCluster-EcsCluster-1AAGQRFIOE9AE,Service_beiakklem1vi3j5fejog,1000,2,0.0724534540,4
1537402560,Prod-EcsStagingCluster-EcsCluster-1AAGQRFIOE9AE,Service_beiakklem1vi3j5fejog,1000,2,1.1830829831,3
1537425900,Prod-EcsStagingCluster-EcsCluster-1AAGQRFIOE9AE,Service_beiakklem1vi3j5fejog,1000,2,0.7082623997,1
1537353720,Prod-EcsStagingCluster-EcsCluster-1AAGQRFIOE9AE,Service_beiakklem1vi3j5fejog,1000,2,0.1516218112,1
1537360080,Prod-EcsStagingCluster-EcsCluster-1AAGQRFIOE9AE,Service_beiakklem1vi3j5fejog,1000,2,1.0322772506,0
1537430040,Prod-EcsStagingCluster-EcsCluster-1AAGQRFIOE9AE,Service_beiakklem1vi3j5fejog,1000,2,1.1134599193,0
1537409760,Prod-EcsStagingCluster-EcsCluster-1AAGQRFIOE9AE,Service_beiakklem1vi3j5fejog,1000,2,1.2214206110,4
1537400220,Prod-EcsStagingCluster-EcsCluster-1AAGQRFIOE9AE,Service_beiakklem1vi3j5fejog,1000,2,0.1704850332,18
1537431000,Prod-EcsStagingCluster-EcsCluster-1AAGQRFIOE9AE,Service_beiakklem1vi3j5fejog,1000,2,0.0733291768,0
1537367280,Prod-EcsStagingCluster-EcsCluster-1AAGQRFIOE9AE,Service_beiakklem1vi3j5fejog,1000,2,0.0682706714,0
1537425660,Prod-EcsStagingCluster-EcsCluster-1AAGQRFIOE9AE,Service_beiakklem1vi3j5fejog,1000,2,0.1036728070,0
1537357740,Prod-EcsStagingCluster-EcsCluster-1AAGQRFIOE9AE,Service_beiakklem1vi3j5fejog,1000,2,0.0672551787,0
1537392720,Prod-EcsStagingCluster-EcsCluster-1AAGQRFIOE9AE,Service_beiakklem1vi3j5fejog,1000,2,0.7835120780,0
1537383180,Prod-EcsStagingCluster-EcsCluster-1AAGQRFIOE9AE,Service_beiakklem1vi3j5fejog,1000,2,0.8282677624,0
1537408500,Prod-EcsStagingCluster-EcsCluster-1AAGQRFIOE9AE,Service_beiakklem1vi3j5fejog,1000,2,0.0847872801,3
1537405320,Prod-EcsStagingCluster-EcsCluster-1AAGQRFIOE9AE,Service_beiakklem1vi3j5fejog,1000,2,0.1579964369,3
1537366020,Prod-EcsStagingCluster-EcsCluster-1AAGQRFIOE9AE,Service_beiakklem1vi3j5fejog,1000,2,0.1682371344,10
1537430760,Prod-EcsStagingCluster-EcsCluster-1AAGQRFIOE9AE,Service_beiakklem1vi3j5fejog,1000,2,0.0913700584,0
1537362840,Prod-EcsStagingCluster-EcsCluster-1AAGQRFIOE9AE,Service_beiakklem1vi3j5fejog,1000,2,0.0718929087,0
1537357500,Prod-EcsStagingCluster-EcsCluster-1AAGQRFIOE9AE,Service_beiakklem1vi3j5fejog,1000,2,0.0801802224,0
1537367040,Prod-EcsStagingCluster-EcsCluster-1AAGQRFIOE9AE,Service_beiakklem1vi3j5fejog,1000,2,0.0709622028,0
1537391460,Prod-EcsStagingCluster-EcsCluster-1AAGQRFIOE9AE,Service_beiakklem1vi3j5fejog,1000,2,0.0715190968,0
1537388280,Prod-EcsStagingCluster-EcsCluster-1AAGQRFIOE9AE,Service_beiakklem1vi3j5fejog,1000,2,0.0715060127,11
1537391340,Prod-EcsStagingCluster-EcsCluster-1AAGQRFIOE9AE,Service_beiakklem1vi3j5fejog,1000,2,0.0706831275,0
1537416780,Prod-EcsStagingCluster-EcsCluster-1AAGQRFIOE9AE,Service_beiakklem1vi3j5fejog,1000,2,1.3789237463,15
1537400880,Prod-EcsStagingCluster-EcsCluster-1AAGQRFIOE9AE,Service_beiakklem1vi3j5fejog,1000,2,52.0614960504,4
1537426320,Prod-EcsStagingCluster-EcsCluster-1AAGQRFIOE9AE,Service_beiakklem1vi3j5fejog,1000,2,0.5157525290,21
1537365780,Prod-EcsStagingCluster-EcsCluster-1AAGQRFIOE9AE,Service_beiakklem1vi3j5fejog,1000,2,1.4437767704,1
1537401840,Prod-EcsStagingCluster-EcsCluster-1AAGQRFIOE9AE,Service_beiakklem1vi3j5fejog,1000,2,0.2451968356,0
1537427280,Prod-EcsStagingCluster-EcsCluster-1AAGQRFIOE9AE,Service_beiakklem1vi3j5fejog,1000,2,0.0946382251,0
1537363560,Prod-EcsStagingCluster-EcsCluster-1AAGQRFIOE9AE,Service_beiakklem1vi3j5fejog,1000,2,0.0723264699,8
1537399620,Prod-EcsStagingCluster-EcsCluster-1AAGQRFIOE9AE,Service_beiakklem1vi3j5fejog,1000,2,0.0749153257,28
1537365660,Prod-EcsStagingCluster-EcsCluster-1AAGQRFIOE9AE,Service_beiakklem1vi3j5fejog,1000,2,0.0718882022,1
1537391100,Prod-EcsStagingCluster-EcsCluster-1AAGQRFIOE9AE,Service_beiakklem1vi3j5fejog,1000,2,0.0789424929,0
1537425060,Prod-EcsStagingCluster-EcsCluster-1AAGQRFIOE9AE,Service_beiakklem1vi3j5fejog,1000,2,0.2122650829,0
1537348620,Prod-EcsStagingCluster-EcsCluster-1AAGQRFIOE9AE,Service_beiakklem1vi3j5fejog,1000,2,0.0697764753,0
1537376160,Prod-EcsStagingCluster-EcsCluster-1AAGQRFIOE9AE,Service_beiakklem1vi3j5fejog,1000,2,0.0732513489,0
1537397400,Prod-EcsStagingCluster-EcsCluster-1AAGQRFIOE9AE,Service_beiakklem1vi3j5fejog,1000,2,0.0711229690,3
1537401600,Prod-EcsStagingCluster-EcsCluster-1AAGQRFIOE9AE,Service_beiakklem1vi3j5fejog,1000,2,0.1714259346,0
1537424940,Prod-EcsStagingCluster-EcsCluster-1AAGQRFIOE9AE,Service_beiakklem1vi3j5fejog,1000,2,0.9067499020,34
1537422840,Prod-EcsStagingCluster-EcsCluster-1AAGQRFIOE9AE,Service_beiakklem1vi3j5fejog,1000,2,1.5891163730,3
1537359120,Prod-EcsStagingCluster-EcsCluster-1AAGQRFIOE9AE,Service_beiakklem1vi3j5fejog,1000,2,0.0712130047,0
1537373940,Prod-EcsStagingCluster-EcsCluster-1AAGQRFIOE9AE,Service_beiakklem1vi3j5fejog,1000,2,0.0701776603,34
1537399380,Prod-EcsStagingCluster-EcsCluster-1AAGQRFIOE9AE,Service_beiakklem1vi3j5fejog,1000,2,0.3580723689,2
1537356900,Prod-EcsStagingCluster-EcsCluster-1AAGQRFIOE9AE,Service_beiakklem1vi3j5fejog,1000,2,0.0770168190,6
1537371720,Prod-EcsStagingCluster-EcsCluster-1AAGQRFIOE9AE,Service_beiakklem1vi3j5fejog,1000,2,0.0704587467,45
1537397160,Prod-EcsStagingCluster-EcsCluster-1AAGQRFIOE9AE,Service_beiakklem1vi3j5fejog,1000,2,0.0966414958,0
1537354680,Prod-EcsStagingCluster-EcsCluster-1AAGQRFIOE9AE,Service_beiakklem1vi3j5fejog,1000,2,1.3844983202,0
1537399260,Prod-EcsStagingCluster-EcsCluster-1AAGQRFIOE9AE,Service_beiakklem1vi3j5fejog,1000,2,0.0848148461,0
1537369500,Prod-EcsStagingCluster-EcsCluster-1AAGQRFIOE9AE,Service_beiakklem1vi3j5fejog,1000,2,0.0737777508,23
1537427880,Prod-EcsStagingCluster-EcsCluster-1AAGQRFIOE9AE,Service_beiakklem1vi3j5fejog,1000,2,1.1567464834,0
1537431060,Prod-EcsStagingCluster-EcsCluster-1AAGQRFIOE9AE,Service_beiakklem1vi3j5fejog,1000,2,0.0714435898,7
1537356780,Prod-EcsStagingCluster-EcsCluster-1AAGQRFIOE9AE,Service_beiakklem1vi3j5fejog,1000,2,0.0876823729,0
1537394940,Prod-EcsStagingCluster-EcsCluster-1AAGQRFIOE9AE,Service_beiakklem1vi3j5fejog,1000,2,0.0700126281,29
1537382220,Prod-EcsStagingCluster-EcsCluster-1AAGQRFIOE9AE,Service_beiakklem1vi3j5fejog,1000,2,0.0731006127,8
1537355640,Prod-EcsStagingCluster-EcsCluster-1AAGQRFIOE9AE,Service_beiakklem1vi3j5fejog,1000,2,0.0753220714,0
1537358820,Prod-EcsStagingCluster-EcsCluster-1AAGQRFIOE9AE,Service_beiakklem1vi3j5fejog,1000,2,0.0723512982,0
1537362000,Prod-EcsStagingCluster-EcsCluster-1AAGQRFIOE9AE,Service_beiakklem1vi3j5fejog,1000,2,0.0707422764,0
1537359720,Prod-EcsStagingCluster-EcsCluster-1AAGQRFIOE9AE,Service_beiakklem1vi3j5fejog,1000,2,0.0679430516,0
1537362900,Prod-EcsStagingCluster-EcsCluster-1AAGQRFIOE9AE,Service_beiakklem1vi3j5fejog,1000,2,0.0798562620,0
1537366080,Prod-EcsStagingCluster-EcsCluster-1AAGQRFIOE9AE,Service_beiakklem1vi3j5fejog,1000,2,0.0711776394,0
1537390380,Prod-EcsStagingCluster-EcsCluster-1AAGQRFIOE9AE,Service_beiakklem1vi3j5fejog,1000,2,0.7516841384,40
1537415820,Prod-EcsStagingCluster-EcsCluster-1AAGQRFIOE9AE,Service_beiakklem1vi3j5fejog,1000,2,0.2697228827,3
1537403100,Prod-EcsStagingCluster-EcsCluster-1AAGQRFIOE9AE,Service_beiakklem1vi3j5fejog,1000,2,1.1629602509,7
1537366980,Prod-EcsStagingCluster-EcsCluster-1AAGQRFIOE9AE,Service_beiakklem1vi3j5fejog,1000,2,1.4479701195,14
1537370160,Prod-EcsStagingCluster-EcsCluster-1AAGQRFIOE9AE,Service_beiakklem1vi3j5fejog,1000,2,0.0723549527,3
1537428540,Prod-EcsStagingCluster-EcsCluster-1AAGQRFIOE9AE,Service_beiakklem1vi3j5fejog,1000,2,1.2010364718,0
1537363800,Prod-EcsStagingCluster-EcsCluster-1AAGQRFIOE9AE,Service_beiakklem1vi3j5fejog,1000,2,0.0767653011,17
1537392420,Prod-EcsStagingCluster-EcsCluster-1AAGQRFIOE9AE,Service_beiakklem1vi3j5fejog,1000,2,0.0748636194,0
1537395600,Prod-EcsStagingCluster-EcsCluster-1AAGQRFIOE9AE,Service_beiakklem1vi3j5fejog,1000,2,0.0724898875,8
1537389240,Prod-EcsStagingCluster-EcsCluster-1AAGQRFIOE9AE,Service_beiakklem1vi3j5fejog,1000,2,0.0720064215,5
1537396560,Prod-EcsStagingCluster-EcsCluster-1AAGQRFIOE9AE,Service_beiakklem1vi3j5fejog,1000,2,0.0714418234,0
1537390200,Prod-EcsStagingCluster-EcsCluster-1AAGQRFIOE9AE,Service_beiakklem1vi3j5fejog,1000,2,0.0745988637,0
1537371060,Prod-EcsStagingCluster-EcsCluster-1AAGQRFIOE9AE,Service_beiakklem1vi3j5fejog,1000,2,0.0703322969,0
1537396500,Prod-EcsStagingCluster-EcsCluster-1AAGQRFIOE9AE,Service_beiakklem1vi3j5fejog,1000,2,0.0786532497,13
1537360380,Prod-EcsStagingCluster-EcsCluster-1AAGQRFIOE9AE,Service_beiakklem1vi3j5fejog,1000,2,0.1023834964,0
1537347660,Prod-EcsStagingCluster-EcsCluster-1AAGQRFIOE9AE,Service_beiakklem1vi3j5fejog,1000,2,0.0664467970,0
1537375200,Prod-EcsStagingCluster-EcsCluster-1AAGQRFIOE9AE,Service_beiakklem1vi3j5fejog,1000,2,0.0693516022,0
1537368840,Prod-EcsStagingCluster-EcsCluster-1AAGQRFIOE9AE,Service_beiakklem1vi3j5fejog,1000,2,0.0701802892,0
1537400640,Prod-EcsStagingCluster-EcsCluster-1AAGQRFIOE9AE,Service_beiakklem1vi3j5fejog,1000,2,0.5885963636,2
1537423980,Prod-EcsStagingCluster-EcsCluster-1AAGQRFIOE9AE,Service_beiakklem1vi3j5fejog,1000,2,0.3997565122,3
1537394280,Prod-EcsStagingCluster-EcsCluster-1AAGQRFIOE9AE,Service_beiakklem1vi3j5fejog,1000,2,0.0717737464,1
1537400580,Prod-EcsStagingCluster-EcsCluster-1AAGQRFIOE9AE,Service_beiakklem1vi3j5fejog,1000,2,0.6977821976,13
1537426020,Prod-EcsStagingCluster-EcsCluster-1AAGQRFIOE9AE,Service_beiakklem1vi3j5fejog,1000,2,0.1224161373,6
1537404720,Prod-EcsStagingCluster-EcsCluster-1AAGQRFIOE9AE,Service_beiakklem1vi3j5fejog,1000,2,0.0720885506,0
1537398360,Prod-EcsStagingCluster-EcsCluster-1AAGQRFIOE9AE,Service_beiakklem1vi3j5fejog,1000,2,0.0714401827,0
1537423800,Prod-EcsStagingCluster-EcsCluster-1AAGQRFIOE9AE,Service_beiakklem1vi3j5fejog,1000,2,0.7612481542,8
1537430160,Prod-EcsStagingCluster-EcsCluster-1AAGQRFIOE9AE,Service_beiakklem1vi3j5fejog,1000,2,1.1842494961,0
1537404660,Prod-EcsStagingCluster-EcsCluster-1AAGQRFIOE9AE,Service_beiakklem1vi3j5fejog,1000,2,0.1950399886,0
1537430100,Prod-EcsStagingCluster-EcsCluster-1AAGQRFIOE9AE,Service_beiakklem1vi3j5fejog,1000,2,0.0759835945,0
1537355820,Prod-EcsStagingCluster-EcsCluster-1AAGQRFIOE9AE,Service_beiakklem1vi3j5fejog,1000,2,0.0724353670,3
1537368540,Prod-EcsStagingCluster-EcsCluster-1AAGQRFIOE9AE,Service_beiakklem1vi3j5fejog,1000,2,0.0719998500,4
1537393980,Prod-EcsStagingCluster-EcsCluster-1AAGQRFIOE9AE,Service_beiakklem1vi3j5fejog,1000,2,1.1044907985,9
1537381260,Prod-EcsStagingCluster-EcsCluster-1AAGQRFIOE9AE,Service_beiakklem1vi3j5fejog,1000,2,0.0774575842,10
1537357860,Prod-EcsStagingCluster-EcsCluster-1AAGQRFIOE9AE,Service_beiakklem1vi3j5fejog,1000,2,0.0736185069,0
1537408800,Prod-EcsStagingCluster-EcsCluster-1AAGQRFIOE9AE,Service_beiakklem1vi3j5fejog,1000,2,0.2620285073,2
1537402440,Prod-EcsStagingCluster-EcsCluster-1AAGQRFIOE9AE,Service_beiakklem1vi3j5fejog,1000,2,0.3606717364,6
1537403400,Prod-EcsStagingCluster-EcsCluster-1AAGQRFIOE9AE,Service_beiakklem1vi3j5fejog,1000,2,0.6226234488,8
1537406580,Prod-EcsStagingCluster-EcsCluster-1AAGQRFIOE9AE,Service_beiakklem1vi3j5fejog,1000,2,0.1412966596,0
1537428840,Prod-EcsStagingCluster-EcsCluster-1AAGQRFIOE9AE,Service_beiakklem1vi3j5fejog,1000,2,1.7124071838,4
1537365120,Prod-EcsStagingCluster-EcsCluster-1AAGQRFIOE9AE,Service_beiakklem1vi3j5fejog,1000,2,0.0743251999,0
1537356600,Prod-EcsStagingCluster-EcsCluster-1AAGQRFIOE9AE,Service_beiakklem1vi3j5fejog,1000,2,0.0830919322,19
1537359780,Prod-EcsStagingCluster-EcsCluster-1AAGQRFIOE9AE,Service_beiakklem1vi3j5fejog,1000,2,0.0739228953,2
1537389420,Prod-EcsStagingCluster-EcsCluster-1AAGQRFIOE9AE,Service_beiakklem1vi3j5fejog,1000,2,0.0725189694,16
1537414860,Prod-EcsStagingCluster-EcsCluster-1AAGQRFIOE9AE,Service_beiakklem1vi3j5fejog,1000,2,0.2486480220,0
1537402140,Prod-EcsStagingCluster-EcsCluster-1AAGQRFIOE9AE,Service_beiakklem1vi3j5fejog,1000,2,0.2403016783,5
1537369200,Prod-EcsStagingCluster-EcsCluster-1AAGQRFIOE9AE,Service_beiakklem1vi3j5fejog,1000,2,0.0736145871,1
1537427580,Prod-EcsStagingCluster-EcsCluster-1AAGQRFIOE9AE,Service_beiakklem1vi3j5fejog,1000,2,0.4034380196,30
1537394640,Prod-EcsStagingCluster-EcsCluster-1AAGQRFIOE9AE,Service_beiakklem1vi3j5fejog,1000,2,0.0706084160,0
1537360680,Prod-EcsStagingCluster-EcsCluster-1AAGQRFIOE9AE,Service_beiakklem1vi3j5fejog,1000,2,1.2809216179,0
1537363860,Prod-EcsStagingCluster-EcsCluster-1AAGQRFIOE9AE,Service_beiakklem1vi3j5fejog,1000,2,0.0757071770,9
1537373280,Prod-EcsStagingCluster-EcsCluster-1AAGQRFIOE9AE,Service_beiakklem1vi3j5fejog,1000,2,0.0719745197,0
1537398720,Prod-EcsStagingCluster-EcsCluster-1AAGQRFIOE9AE,Service_beiakklem1vi3j5fejog,1000,2,0.7287224643,2
1537367940,Prod-EcsStagingCluster-EcsCluster-1AAGQRFIOE9AE,Service_beiakklem1vi3j5fejog,1000,2,0.0697077265,0
1537364760,Prod-EcsStagingCluster-EcsCluster-1AAGQRFIOE9AE,Service_beiakklem1vi3j5fejog,1000,2,0.0751013703,9
1537393380,Prod-EcsStagingCluster-EcsCluster-1AAGQRFIOE9AE,Service_beiakklem1vi3j5fejog,1000,2,0.3910818045,0
1537359420,Prod-EcsStagingCluster-EcsCluster-1AAGQRFIOE9AE,Service_beiakklem1vi3j5fejog,1000,2,0.0764531491,3
1537346700,Prod-EcsStagingCluster-EcsCluster-1AAGQRFIOE9AE,Service_beiakklem1vi3j5fejog,1000,2,0.0712063858,10
1537374240,Prod-EcsStagingCluster-EcsCluster-1AAGQRFIOE9AE,Service_beiakklem1vi3j5fejog,1000,2,0.0690573740,5
1537399680,Prod-EcsStagingCluster-EcsCluster-1AAGQRFIOE9AE,Service_beiakklem1vi3j5fejog,1000,2,0.1340833592,0
1537423020,Prod-EcsStagingCluster-EcsCluster-1AAGQRFIOE9AE,Service_beiakklem1vi3j5fejog,1000,2,1.5408922474,20
1537365720,Prod-EcsStagingCluster-EcsCluster-1AAGQRFIOE9AE,Service_beiakklem1vi3j5fejog,1000,2,0.0695000691,9
1537391160,Prod-EcsStagingCluster-EcsCluster-1AAGQRFIOE9AE,Service_beiakklem1vi3j5fejog,1000,2,0.0716986806,0
1537372020,Prod-EcsStagingCluster-EcsCluster-1AAGQRFIOE9AE,Service_beiakklem1vi3j5fejog,1000,2,0.0721612342,5
1537397460,Prod-EcsStagingCluster-EcsCluster-1AAGQRFIOE9AE,Service_beiakklem1vi3j5fejog,1000,2,0.0723306412,10
1537369800,Prod-EcsStagingCluster-EcsCluster-1AAGQRFIOE9AE,Service_beiakklem1vi3j5fejog,1000,2,0.0724101982,4
1537403760,Prod-EcsStagingCluster-EcsCluster-1AAGQRFIOE9AE,Service_beiakklem1vi3j5fejog,1000,2,1.3686421686,0
1537395240,Prod-EcsStagingCluster-EcsCluster-1AAGQRFIOE9AE,Service_beiakklem1vi3j5fejog,1000,2,0.0734498834,11
1537429200,Prod-EcsStagingCluster-EcsCluster-1AAGQRFIOE9AE,Service_beiakklem1vi3j5fejog,1000,2,0.0725770682,0
1537380300,Prod-EcsStagingCluster-EcsCluster-1AAGQRFIOE9AE,Service_beiakklem1vi3j5fejog,1000,2,0.0811732501,8
1537401540,Prod-EcsStagingCluster-EcsCluster-1AAGQRFIOE9AE,Service_beiakklem1vi3j5fejog,1000,2,0.0735156216,0
1537354860,Prod-EcsStagingCluster-EcsCluster-1AAGQRFIOE9AE,Service_beiakklem1vi3j5fejog,1000,2,0.0683704013,0
1537367580,Prod-EcsStagingCluster-EcsCluster-1AAGQRFIOE9AE,Service_beiakklem1vi3j5fejog,1000,2,1.4208054855,0
1537393020,Prod-EcsStagingCluster-EcsCluster-1AAGQRFIOE9AE,Service_beiakklem1vi3j5fejog,1000,2,0.0717869121,0
1537426980,Prod-EcsStagingCluster-EcsCluster-1AAGQRFIOE9AE,Service_beiakklem1vi3j5fejog,1000,2,0.8301506572,1
1537407840,Prod-EcsStagingCluster-EcsCluster-1AAGQRFIOE9AE,Service_beiakklem1vi3j5fejog,1000,2,0.1017793240,0
1537399320,Prod-EcsStagingCluster-EcsCluster-1AAGQRFIOE9AE,Service_beiakklem1vi3j5fejog,1000,2,0.0877766948,0
1537424760,Prod-EcsStagingCluster-EcsCluster-1AAGQRFIOE9AE,Service_beiakklem1vi3j5fejog,1000,2,0.2408178082,0
1537361040,Prod-EcsStagingCluster-EcsCluster-1AAGQRFIOE9AE,Service_beiakklem1vi3j5fejog,1000,2,0.0715193387,0
1537405620,Prod-EcsStagingCluster-EcsCluster-1AAGQRFIOE9AE,Service_beiakklem1vi3j5fejog,1000,2,0.4603785153,9
1537406640,Prod-EcsStagingCluster-EcsCluster-1AAGQRFIOE9AE,Service_beiakklem1vi3j5fejog,1000,2,1.8346695274,36
1537400280,Prod-EcsStagingCluster-EcsCluster-1AAGQRFIOE9AE,Service_beiakklem1vi3j5fejog,1000,2,0.4919329092,27
1537403460,Prod-EcsStagingCluster-EcsCluster-1AAGQRFIOE9AE,Service_beiakklem1vi3j5fejog,1000,2,1.1288393637,0
1537422540,Prod-EcsStagingCluster-EcsCluster-1AAGQRFIOE9AE,Service_beiakklem1vi3j5fejog,1000,2,0.6855183606,7
1537430940,Prod-EcsStagingCluster-EcsCluster-1AAGQRFIOE9AE,Service_beiakklem1vi3j5fejog,1000,2,0.0708191289,7
1537388460,Prod-EcsStagingCluster-EcsCluster-1AAGQRFIOE9AE,Service_beiakklem1vi3j5fejog,1000,2,0.0791323060,7
1537417080,Prod-EcsStagingCluster-EcsCluster-1AAGQRFIOE9AE,Service_beiakklem1vi3j5fejog,1000,2,0.1624083196,5
1537420260,Prod-EcsStagingCluster-EcsCluster-1AAGQRFIOE9AE,Service_beiakklem1vi3j5fejog,1000,2,0.1306240378,0
1537423440,Prod-EcsStagingCluster-EcsCluster-1AAGQRFIOE9AE,Service_beiakklem1vi3j5fejog,1000,2,0.9050328022,0
1537396860,Prod-EcsStagingCluster-EcsCluster-1AAGQRFIOE9AE,Service_beiakklem1vi3j5fejog,1000,2,0.0726096749,0
1537400040,Prod-EcsStagingCluster-EcsCluster-1AAGQRFIOE9AE,Service_beiakklem1vi3j5fejog,1000,2,0.6541945705,0
1537403220,Prod-EcsStagingCluster-EcsCluster-1AAGQRFIOE9AE,Service_beiakklem1vi3j5fejog,1000,2,1.1812545895,9
1537406400,Prod-EcsStagingCluster-EcsCluster-1AAGQRFIOE9AE,Service_beiakklem1vi3j5fejog,1000,2,0.1393945725,0
1537354380,Prod-EcsStagingCluster-EcsCluster-1AAGQRFIOE9AE,Service_beiakklem1vi3j5fejog,1000,2,0.0930484325,0
1537372320,Prod-EcsStagingCluster-EcsCluster-1AAGQRFIOE9AE,Service_beiakklem1vi3j5fejog,1000,2,0.0710878260,0
1537362780,Prod-EcsStagingCluster-EcsCluster-1AAGQRFIOE9AE,Service_beiakklem1vi3j5fejog,1000,2,1.2593211998,0
1537365960,Prod-EcsStagingCluster-EcsCluster-1AAGQRFIOE9AE,Service_beiakklem1vi3j5fejog,1000,2,0.0722077575,0
1537369140,Prod-EcsStagingCluster-EcsCluster-1AAGQRFIOE9AE,Service_beiakklem1vi3j5fejog,1000,2,0.0729561288,19
1537355280,Prod-EcsStagingCluster-EcsCluster-1AAGQRFIOE9AE,Service_beiakklem1vi3j5fejog,1000,2,1.1651564673,9
1537348920,Prod-EcsStagingCluster-EcsCluster-1AAGQRFIOE9AE,Service_beiakklem1vi3j5fejog,1000,2,0.3542276742,0
1537352100,Prod-EcsStagingCluster-EcsCluster-1AAGQRFIOE9AE,Service_beiakklem1vi3j5fejog,1000,2,0.0768868338,0
1537422060,Prod-EcsStagingCluster-EcsCluster-1AAGQRFIOE9AE,Service_beiakklem1vi3j5fejog,1000,2,0.9724487348,10
1537356240,Prod-EcsStagingCluster-EcsCluster-1AAGQRFIOE9AE,Service_beiakklem1vi3j5fejog,1000,2,0.0703248120,0
1537349880,Prod-EcsStagingCluster-EcsCluster-1AAGQRFIOE9AE,Service_beiakklem1vi3j5fejog,1000,2,0.2070931637,35
1537368900,Prod-EcsStagingCluster-EcsCluster-1AAGQRFIOE9AE,Service_beiakklem1vi3j5fejog,1000,2,0.0797127413,23
1537430460,Prod-EcsStagingCluster-EcsCluster-1AAGQRFIOE9AE,Service_beiakklem1vi3j5fejog,1000,2,0.0725068396,3
1537387980,Prod-EcsStagingCluster-EcsCluster-1AAGQRFIOE9AE,Service_beiakklem1vi3j5fejog,1000,2,0.2649890259,0
1537396380,Prod-EcsStagingCluster-EcsCluster-1AAGQRFIOE9AE,Service_beiakklem1vi3j5fejog,1000,2,0.8442923974,0
1537366680,Prod-EcsStagingCluster-EcsCluster-1AAGQRFIOE9AE,Service_beiakklem1vi3j5fejog,1000,2,0.0679416316,3
1537373040,Prod-EcsStagingCluster-EcsCluster-1AAGQRFIOE9AE,Service_beiakklem1vi3j5fejog,1000,2,0.0708065330,0
1537353900,Prod-EcsStagingCluster-EcsCluster-1AAGQRFIOE9AE,Service_beiakklem1vi3j5fejog,1000,2,0.0770533805,8
1537402740,Prod-EcsStagingCluster-EcsCluster-1AAGQRFIOE9AE,Service_beiakklem1vi3j5fejog,1000,2,1.6540749780,3
1537385700,Prod-EcsStagingCluster-EcsCluster-1AAGQRFIOE9AE,Service_beiakklem1vi3j5fejog,1000,2,0.0849573694,0
1537362300,Prod-EcsStagingCluster-EcsCluster-1AAGQRFIOE9AE,Service_beiakklem1vi3j5fejog,1000,2,0.0823189251,3
1537400520,Prod-EcsStagingCluster-EcsCluster-1AAGQRFIOE9AE,Service_beiakklem1vi3j5fejog,1000,2,1.5721304197,2
1537406880,Prod-EcsStagingCluster-EcsCluster-1AAGQRFIOE9AE,Service_beiakklem1vi3j5fejog,1000,2,2.2338730213,12
1537368660,Prod-EcsStagingCluster-EcsCluster-1AAGQRFIOE9AE,Service_beiakklem1vi3j5fejog,1000,2,0.0720833198,17
1537389840,Prod-EcsStagingCluster-EcsCluster-1AAGQRFIOE9AE,Service_beiakklem1vi3j5fejog,1000,2,0.0722720750,3
1537383480,Prod-EcsStagingCluster-EcsCluster-1AAGQRFIOE9AE,Service_beiakklem1vi3j5fejog,1000,2,0.0700991240,4
1537366440,Prod-EcsStagingCluster-EcsCluster-1AAGQRFIOE9AE,Service_beiakklem1vi3j5fejog,1000,2,0.0720950233,22
1537402500,Prod-EcsStagingCluster-EcsCluster-1AAGQRFIOE9AE,Service_beiakklem1vi3j5fejog,1000,2,1.2385250788,0
1537372800,Prod-EcsStagingCluster-EcsCluster-1AAGQRFIOE9AE,Service_beiakklem1vi3j5fejog,1000,2,0.0708393006,0
1537421580,Prod-EcsStagingCluster-EcsCluster-1AAGQRFIOE9AE,Service_beiakklem1vi3j5fejog,1000,2,0.1024024178,9
1537429980,Prod-EcsStagingCluster-EcsCluster-1AAGQRFIOE9AE,Service_beiakklem1vi3j5fejog,1000,2,0.0728125700,25
1537367400,Prod-EcsStagingCluster-EcsCluster-1AAGQRFIOE9AE,Service_beiakklem1vi3j5fejog,1000,2,0.0718859042,0
1537370580,Prod-EcsStagingCluster-EcsCluster-1AAGQRFIOE9AE,Service_beiakklem1vi3j5fejog,1000,2,1.3267290403,3
1537387500,Prod-EcsStagingCluster-EcsCluster-1AAGQRFIOE9AE,Service_beiakklem1vi3j5fejog,1000,2,0.0768817308,2
1537404420,Prod-EcsStagingCluster-EcsCluster-1AAGQRFIOE9AE,Service_beiakklem1vi3j5fejog,1000,2,0.1159423473,1
1537401240,Prod-EcsStagingCluster-EcsCluster-1AAGQRFIOE9AE,Service_beiakklem1vi3j5fejog,1000,2,0.3023671908,0
1537422480,Prod-EcsStagingCluster-EcsCluster-1AAGQRFIOE9AE,Service_beiakklem1vi3j5fejog,1000,2,0.0824139445,7
1537395900,Prod-EcsStagingCluster-EcsCluster-1AAGQRFIOE9AE,Service_beiakklem1vi3j5fejog,1000,2,0.0774236391,0
1537405440,Prod-EcsStagingCluster-EcsCluster-1AAGQRFIOE9AE,Service_beiakklem1vi3j5fejog,1000,2,0.8591352345,0
1537353420,Prod-EcsStagingCluster-EcsCluster-1AAGQRFIOE9AE,Service_beiakklem1vi3j5fejog,1000,2,0.2873614130,0
1537418040,Prod-EcsStagingCluster-EcsCluster-1AAGQRFIOE9AE,Service_beiakklem1vi3j5fejog,1000,2,1.8391714922,4
1537371360,Prod-EcsStagingCluster-EcsCluster-1AAGQRFIOE9AE,Service_beiakklem1vi3j5fejog,1000,2,0.0683936430,0
1537361820,Prod-EcsStagingCluster-EcsCluster-1AAGQRFIOE9AE,Service_beiakklem1vi3j5fejog,1000,2,0.0685585810,0
1537421220,Prod-EcsStagingCluster-EcsCluster-1AAGQRFIOE9AE,Service_beiakklem1vi3j5fejog,1000,2,0.1149509949,0
1537401000,Prod-EcsStagingCluster-EcsCluster-1AAGQRFIOE9AE,Service_beiakklem1vi3j5fejog,1000,2,0.3204915762,0
1537404180,Prod-EcsStagingCluster-EcsCluster-1AAGQRFIOE9AE,Service_beiakklem1vi3j5fejog,1000,2,0.9329408816,0
1537354320,Prod-EcsStagingCluster-EcsCluster-1AAGQRFIOE9AE,Service_beiakklem1vi3j5fejog,1000,2,0.0689850108,6
1537421100,Prod-EcsStagingCluster-EcsCluster-1AAGQRFIOE9AE,Service_beiakklem1vi3j5fejog,1000,2,0.6944989571,0
1537366920,Prod-EcsStagingCluster-EcsCluster-1AAGQRFIOE9AE,Service_beiakklem1vi3j5fejog,1000,2,0.0715172015,5
1537370100,Prod-EcsStagingCluster-EcsCluster-1AAGQRFIOE9AE,Service_beiakklem1vi3j5fejog,1000,2,0.0779255801,0
1537371120,Prod-EcsStagingCluster-EcsCluster-1AAGQRFIOE9AE,Service_beiakklem1vi3j5fejog,1000,2,0.0708239253,3
1537429500,Prod-EcsStagingCluster-EcsCluster-1AAGQRFIOE9AE,Service_beiakklem1vi3j5fejog,1000,2,0.3567936663,0
1537353060,Prod-EcsStagingCluster-EcsCluster-1AAGQRFIOE9AE,Service_beiakklem1vi3j5fejog,1000,2,0.0734069665,19
1537387020,Prod-EcsStagingCluster-EcsCluster-1AAGQRFIOE9AE,Service_beiakklem1vi3j5fejog,1000,2,0.0721297189,0
1537367880,Prod-EcsStagingCluster-EcsCluster-1AAGQRFIOE9AE,Service_beiakklem1vi3j5fejog,1000,2,0.0675548869,4
1537395420,Prod-EcsStagingCluster-EcsCluster-1AAGQRFIOE9AE,Service_beiakklem1vi3j5fejog,1000,2,0.0743112697,16
1537372080,Prod-EcsStagingCluster-EcsCluster-1AAGQRFIOE9AE,Service_beiakklem1vi3j5fejog,1000,2,0.0715834422,0
1537352940,Prod-EcsStagingCluster-EcsCluster-1AAGQRFIOE9AE,Service_beiakklem1vi3j5fejog,1000,2,0.0756070624,0
1537350840,Prod-EcsStagingCluster-EcsCluster-1AAGQRFIOE9AE,Service_beiakklem1vi3j5fejog,1000,2,0.9166920908,12
1537369860,Prod-EcsStagingCluster-EcsCluster-1AAGQRFIOE9AE,Service_beiakklem1vi3j5fejog,1000,2,0.0716226432,0
1537361340,Prod-EcsStagingCluster-EcsCluster-1AAGQRFIOE9AE,Service_beiakklem1vi3j5fejog,1000,2,0.2737310697,0
1537405920,Prod-EcsStagingCluster-EcsCluster-1AAGQRFIOE9AE,Service_beiakklem1vi3j5fejog,1000,2,0.1420917773,41
1537367640,Prod-EcsStagingCluster-EcsCluster-1AAGQRFIOE9AE,Service_beiakklem1vi3j5fejog,1000,2,0.0724631004,1
1537388880,Prod-EcsStagingCluster-EcsCluster-1AAGQRFIOE9AE,Service_beiakklem1vi3j5fejog,1000,2,0.0696991138,6
1537403700,Prod-EcsStagingCluster-EcsCluster-1AAGQRFIOE9AE,Service_beiakklem1vi3j5fejog,1000,2,0.4902464567,0
1537371840,Prod-EcsStagingCluster-EcsCluster-1AAGQRFIOE9AE,Service_beiakklem1vi3j5fejog,1000,2,0.0716446227,6
1537420620,Prod-EcsStagingCluster-EcsCluster-1AAGQRFIOE9AE,Service_beiakklem1vi3j5fejog,1000,2,0.1338950317,5
1537386660,Prod-EcsStagingCluster-EcsCluster-1AAGQRFIOE9AE,Service_beiakklem1vi3j5fejog,1000,2,0.0694758402,0
1537401480,Prod-EcsStagingCluster-EcsCluster-1AAGQRFIOE9AE,Service_beiakklem1vi3j5fejog,1000,2,0.0681688209,15
1537405680,Prod-EcsStagingCluster-EcsCluster-1AAGQRFIOE9AE,Service_beiakklem1vi3j5fejog,1000,2,0.0772360460,0
1537429020,Prod-EcsStagingCluster-EcsCluster-1AAGQRFIOE9AE,Service_beiakklem1vi3j5fejog,1000,2,0.0712711286,0
1537369620,Prod-EcsStagingCluster-EcsCluster-1AAGQRFIOE9AE,Service_beiakklem1vi3j5fejog,1000,2,0.0690972436,0
1537386540,Prod-EcsStagingCluster-EcsCluster-1AAGQRFIOE9AE,Service_beiakklem1vi3j5fejog,1000,2,0.0704651041,6
1537384440,Prod-EcsStagingCluster-EcsCluster-1AAGQRFIOE9AE,Service_beiakklem1vi3j5fejog,1000,2,0.0699426212,0
1537404480,Prod-EcsStagingCluster-EcsCluster-1AAGQRFIOE9AE,Service_beiakklem1vi3j5fejog,1000,2,0.1867441859,0
1537401300,Prod-EcsStagingCluster-EcsCluster-1AAGQRFIOE9AE,Service_beiakklem1vi3j5fejog,1000,2,0.9861813110,0
1537398120,Prod-EcsStagingCluster-EcsCluster-1AAGQRFIOE9AE,Service_beiakklem1vi3j5fejog,1000,2,0.0768556658,0
1537388580,Prod-EcsStagingCluster-EcsCluster-1AAGQRFIOE9AE,Service_beiakklem1vi3j5fejog,1000,2,1.0624537693,0
1537391760,Prod-EcsStagingCluster-EcsCluster-1AAGQRFIOE9AE,Service_beiakklem1vi3j5fejog,1000,2,0.0700677843,0
1537385400,Prod-EcsStagingCluster-EcsCluster-1AAGQRFIOE9AE,Service_beiakklem1vi3j5fejog,1000,2,0.0714526079,17
1537352460,Prod-EcsStagingCluster-EcsCluster-1AAGQRFIOE9AE,Service_beiakklem1vi3j5fejog,1000,2,0.0803458727,0
1537365180,Prod-EcsStagingCluster-EcsCluster-1AAGQRFIOE9AE,Service_beiakklem1vi3j5fejog,1000,2,1.5388031285,0
1537364040,Prod-EcsStagingCluster-EcsCluster-1AAGQRFIOE9AE,Service_beiakklem1vi3j5fejog,1000,2,0.0697239229,0
1537367220,Prod-EcsStagingCluster-EcsCluster-1AAGQRFIOE9AE,Service_beiakklem1vi3j5fejog,1000,2,0.0712817311,0
1537370400,Prod-EcsStagingCluster-EcsCluster-1AAGQRFIOE9AE,Service_beiakklem1vi3j5fejog,1000,2,0.0690987571,6
1537408560,Prod-EcsStagingCluster-EcsCluster-1AAGQRFIOE9AE,Service_beiakklem1vi3j5fejog,1000,2,0.5135457413,3
1537405380,Prod-EcsStagingCluster-EcsCluster-1AAGQRFIOE9AE,Service_beiakklem1vi3j5fejog,1000,2,1.0458476444,15
1537402200,Prod-EcsStagingCluster-EcsCluster-1AAGQRFIOE9AE,Service_beiakklem1vi3j5fejog,1000,2,0.0693388889,0
1537420140,Prod-EcsStagingCluster-EcsCluster-1AAGQRFIOE9AE,Service_beiakklem1vi3j5fejog,1000,2,0.0796646554,0
1537419000,Prod-EcsStagingCluster-EcsCluster-1AAGQRFIOE9AE,Service_beiakklem1vi3j5fejog,1000,2,1.2802094851,3
1537425360,Prod-EcsStagingCluster-EcsCluster-1AAGQRFIOE9AE,Service_beiakklem1vi3j5fejog,1000,2,0.6883423063,4
1537422180,Prod-EcsStagingCluster-EcsCluster-1AAGQRFIOE9AE,Service_beiakklem1vi3j5fejog,1000,2,0.6584686271,0
1537398780,Prod-EcsStagingCluster-EcsCluster-1AAGQRFIOE9AE,Service_beiakklem1vi3j5fejog,1000,2,0.0934002825,0
1537386060,Prod-EcsStagingCluster-EcsCluster-1AAGQRFIOE9AE,Service_beiakklem1vi3j5fejog,1000,2,0.0654434787,11
1537397640,Prod-EcsStagingCluster-EcsCluster-1AAGQRFIOE9AE,Service_beiakklem1vi3j5fejog,1000,2,0.0723434667,0
1537351980,Prod-EcsStagingCluster-EcsCluster-1AAGQRFIOE9AE,Service_beiakklem1vi3j5fejog,1000,2,0.9028796452,4
1537400820,Prod-EcsStagingCluster-EcsCluster-1AAGQRFIOE9AE,Service_beiakklem1vi3j5fejog,1000,2,13.0096893045,11
1537364700,Prod-EcsStagingCluster-EcsCluster-1AAGQRFIOE9AE,Service_beiakklem1vi3j5fejog,1000,2,0.0762131619,12
1537354020,Prod-EcsStagingCluster-EcsCluster-1AAGQRFIOE9AE,Service_beiakklem1vi3j5fejog,1000,2,0.0707068050,0
1537366740,Prod-EcsStagingCluster-EcsCluster-1AAGQRFIOE9AE,Service_beiakklem1vi3j5fejog,1000,2,0.0709473440,19
1537398600,Prod-EcsStagingCluster-EcsCluster-1AAGQRFIOE9AE,Service_beiakklem1vi3j5fejog,1000,2,0.0741172538,9
1537404960,Prod-EcsStagingCluster-EcsCluster-1AAGQRFIOE9AE,Service_beiakklem1vi3j5fejog,1000,2,0.1150053024,19
1537358160,Prod-EcsStagingCluster-EcsCluster-1AAGQRFIOE9AE,Service_beiakklem1vi3j5fejog,1000,2,0.0713998353,0
1537364520,Prod-EcsStagingCluster-EcsCluster-1AAGQRFIOE9AE,Service_beiakklem1vi3j5fejog,1000,2,0.0737521645,0
1537351800,Prod-EcsStagingCluster-EcsCluster-1AAGQRFIOE9AE,Service_beiakklem1vi3j5fejog,1000,2,0.2138295733,4
1537370880,Prod-EcsStagingCluster-EcsCluster-1AAGQRFIOE9AE,Service_beiakklem1vi3j5fejog,1000,2,0.0702114506,23
1537370820,Prod-EcsStagingCluster-EcsCluster-1AAGQRFIOE9AE,Service_beiakklem1vi3j5fejog,1000,2,0.0686951635,0
1537419660,Prod-EcsStagingCluster-EcsCluster-1AAGQRFIOE9AE,Service_beiakklem1vi3j5fejog,1000,2,0.8403294161,10
1537368600,Prod-EcsStagingCluster-EcsCluster-1AAGQRFIOE9AE,Service_beiakklem1vi3j5fejog,1000,2,0.0707254836,0
1537374960,Prod-EcsStagingCluster-EcsCluster-1AAGQRFIOE9AE,Service_beiakklem1vi3j5fejog,1000,2,0.0673962187,3
1537385580,Prod-EcsStagingCluster-EcsCluster-1AAGQRFIOE9AE,Service_beiakklem1vi3j5fejog,1000,2,1.1604399588,0
1537398300,Prod-EcsStagingCluster-EcsCluster-1AAGQRFIOE9AE,Service_beiakklem1vi3j5fejog,1000,2,0.0733120444,0
1537400340,Prod-EcsStagingCluster-EcsCluster-1AAGQRFIOE9AE,Service_beiakklem1vi3j5fejog,1000,2,1.2504286815,31
1537387620,Prod-EcsStagingCluster-EcsCluster-1AAGQRFIOE9AE,Service_beiakklem1vi3j5fejog,1000,2,0.0776021990,31
1537364220,Prod-EcsStagingCluster-EcsCluster-1AAGQRFIOE9AE,Service_beiakklem1vi3j5fejog,1000,2,0.0721762912,3
1537351500,Prod-EcsStagingCluster-EcsCluster-1AAGQRFIOE9AE,Service_beiakklem1vi3j5fejog,1000,2,0.0906289021,0
1537369440,Prod-EcsStagingCluster-EcsCluster-1AAGQRFIOE9AE,Service_beiakklem1vi3j5fejog,1000,2,0.0705440154,0
1537407600,Prod-EcsStagingCluster-EcsCluster-1AAGQRFIOE9AE,Service_beiakklem1vi3j5fejog,1000,2,0.5319962217,0
1537399080,Prod-EcsStagingCluster-EcsCluster-1AAGQRFIOE9AE,Service_beiakklem1vi3j5fejog,1000,2,0.0704788471,9
1537402260,Prod-EcsStagingCluster-EcsCluster-1AAGQRFIOE9AE,Service_beiakklem1vi3j5fejog,1000,2,0.1477197770,0
1537389540,Prod-EcsStagingCluster-EcsCluster-1AAGQRFIOE9AE,Service_beiakklem1vi3j5fejog,1000,2,0.0745642618,0
1537386360,Prod-EcsStagingCluster-EcsCluster-1AAGQRFIOE9AE,Service_beiakklem1vi3j5fejog,1000,2,0.0717607646,0
1537419180,Prod-EcsStagingCluster-EcsCluster-1AAGQRFIOE9AE,Service_beiakklem1vi3j5fejog,1000,2,0.2506754208,0
1537365000,Prod-EcsStagingCluster-EcsCluster-1AAGQRFIOE9AE,Service_beiakklem1vi3j5fejog,1000,2,0.0748355648,5
1537368180,Prod-EcsStagingCluster-EcsCluster-1AAGQRFIOE9AE,Service_beiakklem1vi3j5fejog,1000,2,1.1653722332,2
1537406340,Prod-EcsStagingCluster-EcsCluster-1AAGQRFIOE9AE,Service_beiakklem1vi3j5fejog,1000,2,0.3688683793,0
1537403160,Prod-EcsStagingCluster-EcsCluster-1AAGQRFIOE9AE,Service_beiakklem1vi3j5fejog,1000,2,0.2053066607,0
1537424400,Prod-EcsStagingCluster-EcsCluster-1AAGQRFIOE9AE,Service_beiakklem1vi3j5fejog,1000,2,0.1853158084,7
1537397820,Prod-EcsStagingCluster-EcsCluster-1AAGQRFIOE9AE,Service_beiakklem1vi3j5fejog,1000,2,0.0719625179,6
1537385100,Prod-EcsStagingCluster-EcsCluster-1AAGQRFIOE9AE,Service_beiakklem1vi3j5fejog,1000,2,0.0834670528,3
1537351020,Prod-EcsStagingCluster-EcsCluster-1AAGQRFIOE9AE,Service_beiakklem1vi3j5fejog,1000,2,0.0669784368,0
1537403040,Prod-EcsStagingCluster-EcsCluster-1AAGQRFIOE9AE,Service_beiakklem1vi3j5fejog,1000,2,0.2713631848,0
1537363740,Prod-EcsStagingCluster-EcsCluster-1AAGQRFIOE9AE,Service_beiakklem1vi3j5fejog,1000,2,0.0716187721,0
1537419960,Prod-EcsStagingCluster-EcsCluster-1AAGQRFIOE9AE,Service_beiakklem1vi3j5fejog,1000,2,0.2838545638,0
1537423140,Prod-EcsStagingCluster-EcsCluster-1AAGQRFIOE9AE,Service_beiakklem1vi3j5fejog,1000,2,0.1988732329,0
1537404000,Prod-EcsStagingCluster-EcsCluster-1AAGQRFIOE9AE,Service_beiakklem1vi3j5fejog,1000,2,0.5653465829,7
1537420920,Prod-EcsStagingCluster-EcsCluster-1AAGQRFIOE9AE,Service_beiakklem1vi3j5fejog,1000,2,1.4807193467,0
1537357200,Prod-EcsStagingCluster-EcsCluster-1AAGQRFIOE9AE,Service_beiakklem1vi3j5fejog,1000,2,0.0775255751,0
1537401780,Prod-EcsStagingCluster-EcsCluster-1AAGQRFIOE9AE,Service_beiakklem1vi3j5fejog,1000,2,0.1559652062,10
1537369920,Prod-EcsStagingCluster-EcsCluster-1AAGQRFIOE9AE,Service_beiakklem1vi3j5fejog,1000,2,0.0719171393,1
1537418700,Prod-EcsStagingCluster-EcsCluster-1AAGQRFIOE9AE,Service_beiakklem1vi3j5fejog,1000,2,0.4913350697,0
1537431420,Prod-EcsStagingCluster-EcsCluster-1AAGQRFIOE9AE,Service_beiakklem1vi3j5fejog,1000,2,0.0691434950,3
1537354980,Prod-EcsStagingCluster-EcsCluster-1AAGQRFIOE9AE,Service_beiakklem1vi3j5fejog,1000,2,0.0800460426,33
1537367700,Prod-EcsStagingCluster-EcsCluster-1AAGQRFIOE9AE,Service_beiakklem1vi3j5fejog,1000,2,0.0850882484,37
1537399560,Prod-EcsStagingCluster-EcsCluster-1AAGQRFIOE9AE,Service_beiakklem1vi3j5fejog,1000,2,0.6830491266,0
1537374000,Prod-EcsStagingCluster-EcsCluster-1AAGQRFIOE9AE,Service_beiakklem1vi3j5fejog,1000,2,0.0722681453,1
1537384620,Prod-EcsStagingCluster-EcsCluster-1AAGQRFIOE9AE,Service_beiakklem1vi3j5fejog,1000,2,0.0717437876,3
1537365480,Prod-EcsStagingCluster-EcsCluster-1AAGQRFIOE9AE,Service_beiakklem1vi3j5fejog,1000,2,0.0719664940,0
1537397340,Prod-EcsStagingCluster-EcsCluster-1AAGQRFIOE9AE,Service_beiakklem1vi3j5fejog,1000,2,0.0708462512,8
1537352760,Prod-EcsStagingCluster-EcsCluster-1AAGQRFIOE9AE,Service_beiakklem1vi3j5fejog,1000,2,0.0748440543,8
1537371780,Prod-EcsStagingCluster-EcsCluster-1AAGQRFIOE9AE,Service_beiakklem1vi3j5fejog,1000,2,1.3818418169,0
1537363260,Prod-EcsStagingCluster-EcsCluster-1AAGQRFIOE9AE,Service_beiakklem1vi3j5fejog,1000,2,0.0833529297,24
1537350540,Prod-EcsStagingCluster-EcsCluster-1AAGQRFIOE9AE,Service_beiakklem1vi3j5fejog,1000,2,0.0880991076,0
1537403520,Prod-EcsStagingCluster-EcsCluster-1AAGQRFIOE9AE,Service_beiakklem1vi3j5fejog,1000,2,0.1138283346,9
1537369560,Prod-EcsStagingCluster-EcsCluster-1AAGQRFIOE9AE,Service_beiakklem1vi3j5fejog,1000,2,0.0701675018,0
1537390800,Prod-EcsStagingCluster-EcsCluster-1AAGQRFIOE9AE,Service_beiakklem1vi3j5fejog,1000,2,0.0740282189,0
1537413000,Prod-EcsStagingCluster-EcsCluster-1AAGQRFIOE9AE,Service_beiakklem1vi3j5fejog,1000,2,0.1485284745,17
1537390740,Prod-EcsStagingCluster-EcsCluster-1AAGQRFIOE9AE,Service_beiakklem1vi3j5fejog,1000,2,0.0730814417,2
1537367340,Prod-EcsStagingCluster-EcsCluster-1AAGQRFIOE9AE,Service_beiakklem1vi3j5fejog,1000,2,0.0702511624,0
1537370520,Prod-EcsStagingCluster-EcsCluster-1AAGQRFIOE9AE,Service_beiakklem1vi3j5fejog,1000,2,0.0717990262,5
1537419360,Prod-EcsStagingCluster-EcsCluster-1AAGQRFIOE9AE,Service_beiakklem1vi3j5fejog,1000,2,0.7941783755,7
1537351440,Prod-EcsStagingCluster-EcsCluster-1AAGQRFIOE9AE,Service_beiakklem1vi3j5fejog,1000,2,0.2559946932,0
1537395960,Prod-EcsStagingCluster-EcsCluster-1AAGQRFIOE9AE,Service_beiakklem1vi3j5fejog,1000,2,0.0710620633,4
1537376880,Prod-EcsStagingCluster-EcsCluster-1AAGQRFIOE9AE,Service_beiakklem1vi3j5fejog,1000,2,0.0690624678,0
1537427760,Prod-EcsStagingCluster-EcsCluster-1AAGQRFIOE9AE,Service_beiakklem1vi3j5fejog,1000,2,0.0841071268,5
1537402320,Prod-EcsStagingCluster-EcsCluster-1AAGQRFIOE9AE,Service_beiakklem1vi3j5fejog,1000,2,0.0773427985,0
1537418220,Prod-EcsStagingCluster-EcsCluster-1AAGQRFIOE9AE,Service_beiakklem1vi3j5fejog,1000,2,0.7855632810,0
1537421400,Prod-EcsStagingCluster-EcsCluster-1AAGQRFIOE9AE,Service_beiakklem1vi3j5fejog,1000,2,0.6561890088,0
1537348020,Prod-EcsStagingCluster-EcsCluster-1AAGQRFIOE9AE,Service_beiakklem1vi3j5fejog,1000,2,0.0715931166,3
1537392540,Prod-EcsStagingCluster-EcsCluster-1AAGQRFIOE9AE,Service_beiakklem1vi3j5fejog,1000,2,0.0712611168,4
1537370280,Prod-EcsStagingCluster-EcsCluster-1AAGQRFIOE9AE,Service_beiakklem1vi3j5fejog,1000,2,0.0697041864,17
1537376640,Prod-EcsStagingCluster-EcsCluster-1AAGQRFIOE9AE,Service_beiakklem1vi3j5fejog,1000,2,0.0718040436,0
1537421160,Prod-EcsStagingCluster-EcsCluster-1AAGQRFIOE9AE,Service_beiakklem1vi3j5fejog,1000,2,0.0819726507,0
1537398900,Prod-EcsStagingCluster-EcsCluster-1AAGQRFIOE9AE,Service_beiakklem1vi3j5fejog,1000,2,0.0713849364,0
1537375500,Prod-EcsStagingCluster-EcsCluster-1AAGQRFIOE9AE,Service_beiakklem1vi3j5fejog,1000,2,0.0844052990,2
1537381860,Prod-EcsStagingCluster-EcsCluster-1AAGQRFIOE9AE,Service_beiakklem1vi3j5fejog,1000,2,0.0709823390,7
1537427520,Prod-EcsStagingCluster-EcsCluster-1AAGQRFIOE9AE,Service_beiakklem1vi3j5fejog,1000,2,0.0907823355,3
1537356420,Prod-EcsStagingCluster-EcsCluster-1AAGQRFIOE9AE,Service_beiakklem1vi3j5fejog,1000,2,0.0718211972,0
1537407300,Prod-EcsStagingCluster-EcsCluster-1AAGQRFIOE9AE,Service_beiakklem1vi3j5fejog,1000,2,6.6063870070,5
1537426380,Prod-EcsStagingCluster-EcsCluster-1AAGQRFIOE9AE,Service_beiakklem1vi3j5fejog,1000,2,0.0850091652,8
1537430520,Prod-EcsStagingCluster-EcsCluster-1AAGQRFIOE9AE,Service_beiakklem1vi3j5fejog,1000,2,0.0715957289,5
1537349820,Prod-EcsStagingCluster-EcsCluster-1AAGQRFIOE9AE,Service_beiakklem1vi3j5fejog,1000,2,0.1315772981,0
1537356180,Prod-EcsStagingCluster-EcsCluster-1AAGQRFIOE9AE,Service_beiakklem1vi3j5fejog,1000,2,0.0835545252,0
1537400700,Prod-EcsStagingCluster-EcsCluster-1AAGQRFIOE9AE,Service_beiakklem1vi3j5fejog,1000,2,0.0685179662,0
1537407060,Prod-EcsStagingCluster-EcsCluster-1AAGQRFIOE9AE,Service_beiakklem1vi3j5fejog,1000,2,0.3655946825,0
1537360320,Prod-EcsStagingCluster-EcsCluster-1AAGQRFIOE9AE,Service_beiakklem1vi3j5fejog,1000,2,0.0713479084,0
1537383660,Prod-EcsStagingCluster-EcsCluster-1AAGQRFIOE9AE,Service_beiakklem1vi3j5fejog,1000,2,0.0675511389,0
1537353960,Prod-EcsStagingCluster-EcsCluster-1AAGQRFIOE9AE,Service_beiakklem1vi3j5fejog,1000,2,0.0737041910,32
1537404840,Prod-EcsStagingCluster-EcsCluster-1AAGQRFIOE9AE,Service_beiakklem1vi3j5fejog,1000,2,0.1893438209,2
1537411200,Prod-EcsStagingCluster-EcsCluster-1AAGQRFIOE9AE,Service_beiakklem1vi3j5fejog,1000,2,0.0836344276,0
1537357980,Prod-EcsStagingCluster-EcsCluster-1AAGQRFIOE9AE,Service_beiakklem1vi3j5fejog,1000,2,0.1021910276,0
1537364340,Prod-EcsStagingCluster-EcsCluster-1AAGQRFIOE9AE,Service_beiakklem1vi3j5fejog,1000,2,0.0732471659,11
1537408860,Prod-EcsStagingCluster-EcsCluster-1AAGQRFIOE9AE,Service_beiakklem1vi3j5fejog,1000,2,0.0800483162,0
1537415220,Prod-EcsStagingCluster-EcsCluster-1AAGQRFIOE9AE,Service_beiakklem1vi3j5fejog,1000,2,0.3632584347,3
1537372740,Prod-EcsStagingCluster-EcsCluster-1AAGQRFIOE9AE,Service_beiakklem1vi3j5fejog,1000,2,0.0737848306,10
1537347300,Prod-EcsStagingCluster-EcsCluster-1AAGQRFIOE9AE,Service_beiakklem1vi3j5fejog,1000,2,0.0654612781,0
1537391820,Prod-EcsStagingCluster-EcsCluster-1AAGQRFIOE9AE,Service_beiakklem1vi3j5fejog,1000,2,0.0723198996,9
1537398180,Prod-EcsStagingCluster-EcsCluster-1AAGQRFIOE9AE,Service_beiakklem1vi3j5fejog,1000,2,0.0779194813,0
1537362120,Prod-EcsStagingCluster-EcsCluster-1AAGQRFIOE9AE,Service_beiakklem1vi3j5fejog,1000,2,0.0728860043,0
1537368480,Prod-EcsStagingCluster-EcsCluster-1AAGQRFIOE9AE,Service_beiakklem1vi3j5fejog,1000,2,0.0696064031,0
1537366260,Prod-EcsStagingCluster-EcsCluster-1AAGQRFIOE9AE,Service_beiakklem1vi3j5fejog,1000,2,0.0719749478,0
1537417140,Prod-EcsStagingCluster-EcsCluster-1AAGQRFIOE9AE,Service_beiakklem1vi3j5fejog,1000,2,1.2927938896,5
1537388520,Prod-EcsStagingCluster-EcsCluster-1AAGQRFIOE9AE,Service_beiakklem1vi3j5fejog,1000,2,0.1392798106,11
1537374660,Prod-EcsStagingCluster-EcsCluster-1AAGQRFIOE9AE,Service_beiakklem1vi3j5fejog,1000,2,0.0698812591,0
1537349220,Prod-EcsStagingCluster-EcsCluster-1AAGQRFIOE9AE,Service_beiakklem1vi3j5fejog,1000,2,0.0730933929,13
1537400100,Prod-EcsStagingCluster-EcsCluster-1AAGQRFIOE9AE,Service_beiakklem1vi3j5fejog,1000,2,0.2577240785,0
1537366140,Prod-EcsStagingCluster-EcsCluster-1AAGQRFIOE9AE,Service_beiakklem1vi3j5fejog,1000,2,0.0757728763,10
1537350240,Prod-EcsStagingCluster-EcsCluster-1AAGQRFIOE9AE,Service_beiakklem1vi3j5fejog,1000,2,0.1659392652,0
1537425540,Prod-EcsStagingCluster-EcsCluster-1AAGQRFIOE9AE,Service_beiakklem1vi3j5fejog,1000,2,3.2560113953,0
1537417020,Prod-EcsStagingCluster-EcsCluster-1AAGQRFIOE9AE,Service_beiakklem1vi3j5fejog,1000,2,0.7292450049,23
1537349100,Prod-EcsStagingCluster-EcsCluster-1AAGQRFIOE9AE,Service_beiakklem1vi3j5fejog,1000,2,0.2236306139,0
1537401120,Prod-EcsStagingCluster-EcsCluster-1AAGQRFIOE9AE,Service_beiakklem1vi3j5fejog,1000,2,0.4192468992,30
1537358640,Prod-EcsStagingCluster-EcsCluster-1AAGQRFIOE9AE,Service_beiakklem1vi3j5fejog,1000,2,0.0771390394,0
1537409520,Prod-EcsStagingCluster-EcsCluster-1AAGQRFIOE9AE,Service_beiakklem1vi3j5fejog,1000,2,0.9383601239,0
1537399980,Prod-EcsStagingCluster-EcsCluster-1AAGQRFIOE9AE,Service_beiakklem1vi3j5fejog,1000,2,0.1563962062,10
1537384080,Prod-EcsStagingCluster-EcsCluster-1AAGQRFIOE9AE,Service_beiakklem1vi3j5fejog,1000,2,0.0677878639,0
1537345800,Prod-EcsStagingCluster-EcsCluster-1AAGQRFIOE9AE,Service_beiakklem1vi3j5fejog,1000,2,0.0770671178,0
1537396680,Prod-EcsStagingCluster-EcsCluster-1AAGQRFIOE9AE,Service_beiakklem1vi3j5fejog,1000,2,0.0709815324,0
1537374420,Prod-EcsStagingCluster-EcsCluster-1AAGQRFIOE9AE,Service_beiakklem1vi3j5fejog,1000,2,0.0701716088,0
1537354200,Prod-EcsStagingCluster-EcsCluster-1AAGQRFIOE9AE,Service_beiakklem1vi3j5fejog,1000,2,0.0772559183,0
1537379640,Prod-EcsStagingCluster-EcsCluster-1AAGQRFIOE9AE,Service_beiakklem1vi3j5fejog,1000,2,0.0727280294,7
1537425300,Prod-EcsStagingCluster-EcsCluster-1AAGQRFIOE9AE,Service_beiakklem1vi3j5fejog,1000,2,0.0832539778,15
1537405080,Prod-EcsStagingCluster-EcsCluster-1AAGQRFIOE9AE,Service_beiakklem1vi3j5fejog,1000,2,1.1122075406,22
1537374300,Prod-EcsStagingCluster-EcsCluster-1AAGQRFIOE9AE,Service_beiakklem1vi3j5fejog,1000,2,0.0742022145,0
1537358400,Prod-EcsStagingCluster-EcsCluster-1AAGQRFIOE9AE,Service_beiakklem1vi3j5fejog,1000,2,0.0824210236,2
1537423080,Prod-EcsStagingCluster-EcsCluster-1AAGQRFIOE9AE,Service_beiakklem1vi3j5fejog,1000,2,0.2231348120,6
1537357260,Prod-EcsStagingCluster-EcsCluster-1AAGQRFIOE9AE,Service_beiakklem1vi3j5fejog,1000,2,0.0703243967,17
1537425180,Prod-EcsStagingCluster-EcsCluster-1AAGQRFIOE9AE,Service_beiakklem1vi3j5fejog,1000,2,0.7685101808,15
1537408140,Prod-EcsStagingCluster-EcsCluster-1AAGQRFIOE9AE,Service_beiakklem1vi3j5fejog,1000,2,0.2272426771,0
1537384800,Prod-EcsStagingCluster-EcsCluster-1AAGQRFIOE9AE,Service_beiakklem1vi3j5fejog,1000,2,0.0742690146,33
1537393200,Prod-EcsStagingCluster-EcsCluster-1AAGQRFIOE9AE,Service_beiakklem1vi3j5fejog,1000,2,0.0716134457,0
1537367760,Prod-EcsStagingCluster-EcsCluster-1AAGQRFIOE9AE,Service_beiakklem1vi3j5fejog,1000,2,0.0685495668,0
1537418640,Prod-EcsStagingCluster-EcsCluster-1AAGQRFIOE9AE,Service_beiakklem1vi3j5fejog,1000,2,0.1001205255,0
1537382580,Prod-EcsStagingCluster-EcsCluster-1AAGQRFIOE9AE,Service_beiakklem1vi3j5fejog,1000,2,1.0288031531,0
1537390980,Prod-EcsStagingCluster-EcsCluster-1AAGQRFIOE9AE,Service_beiakklem1vi3j5fejog,1000,2,1.0531660040,0
1537365540,Prod-EcsStagingCluster-EcsCluster-1AAGQRFIOE9AE,Service_beiakklem1vi3j5fejog,1000,2,0.0690463593,0
1537416420,Prod-EcsStagingCluster-EcsCluster-1AAGQRFIOE9AE,Service_beiakklem1vi3j5fejog,1000,2,2.1797501765,0
1537382460,Prod-EcsStagingCluster-EcsCluster-1AAGQRFIOE9AE,Service_beiakklem1vi3j5fejog,1000,2,0.0717054642,0
1537380360,Prod-EcsStagingCluster-EcsCluster-1AAGQRFIOE9AE,Service_beiakklem1vi3j5fejog,1000,2,0.0724863892,1
1537431240,Prod-EcsStagingCluster-EcsCluster-1AAGQRFIOE9AE,Service_beiakklem1vi3j5fejog,1000,2,1.3205567459,4
1537388760,Prod-EcsStagingCluster-EcsCluster-1AAGQRFIOE9AE,Service_beiakklem1vi3j5fejog,1000,2,0.0717397858,0
1537365420,Prod-EcsStagingCluster-EcsCluster-1AAGQRFIOE9AE,Service_beiakklem1vi3j5fejog,1000,2,0.0721801259,3
1537363320,Prod-EcsStagingCluster-EcsCluster-1AAGQRFIOE9AE,Service_beiakklem1vi3j5fejog,1000,2,0.0719268473,0
1537414200,Prod-EcsStagingCluster-EcsCluster-1AAGQRFIOE9AE,Service_beiakklem1vi3j5fejog,1000,2,0.0801757944,10
1537392960,Prod-EcsStagingCluster-EcsCluster-1AAGQRFIOE9AE,Service_beiakklem1vi3j5fejog,1000,2,0.0684685380,0
1537416300,Prod-EcsStagingCluster-EcsCluster-1AAGQRFIOE9AE,Service_beiakklem1vi3j5fejog,1000,2,0.0756375759,13
1537346100,Prod-EcsStagingCluster-EcsCluster-1AAGQRFIOE9AE,Service_beiakklem1vi3j5fejog,1000,2,0.1622363009,1
1537396980,Prod-EcsStagingCluster-EcsCluster-1AAGQRFIOE9AE,Service_beiakklem1vi3j5fejog,1000,2,0.1561583533,5
1537368360,Prod-EcsStagingCluster-EcsCluster-1AAGQRFIOE9AE,Service_beiakklem1vi3j5fejog,1000,2,0.0699486280,0
1537374720,Prod-EcsStagingCluster-EcsCluster-1AAGQRFIOE9AE,Service_beiakklem1vi3j5fejog,1000,2,0.1286475235,0
1537425600,Prod-EcsStagingCluster-EcsCluster-1AAGQRFIOE9AE,Service_beiakklem1vi3j5fejog,1000,2,0.0841088893,2
1537419240,Prod-EcsStagingCluster-EcsCluster-1AAGQRFIOE9AE,Service_beiakklem1vi3j5fejog,1000,2,0.4405153433,2
1537373580,Prod-EcsStagingCluster-EcsCluster-1AAGQRFIOE9AE,Service_beiakklem1vi3j5fejog,1000,2,1.3298776766,0
1537386300,Prod-EcsStagingCluster-EcsCluster-1AAGQRFIOE9AE,Service_beiakklem1vi3j5fejog,1000,2,0.0869741126,0
1537372440,Prod-EcsStagingCluster-EcsCluster-1AAGQRFIOE9AE,Service_beiakklem1vi3j5fejog,1000,2,0.0696720773,0
1537424460,Prod-EcsStagingCluster-EcsCluster-1AAGQRFIOE9AE,Service_beiakklem1vi3j5fejog,1000,2,0.3950332530,0
1537347000,Prod-EcsStagingCluster-EcsCluster-1AAGQRFIOE9AE,Service_beiakklem1vi3j5fejog,1000,2,0.0736239196,0
1537353360,Prod-EcsStagingCluster-EcsCluster-1AAGQRFIOE9AE,Service_beiakklem1vi3j5fejog,1000,2,0.0769431113,6
1537397880,Prod-EcsStagingCluster-EcsCluster-1AAGQRFIOE9AE,Service_beiakklem1vi3j5fejog,1000,2,0.0718860168,1
1537378800,Prod-EcsStagingCluster-EcsCluster-1AAGQRFIOE9AE,Service_beiakklem1vi3j5fejog,1000,2,0.0721725302,0
1537423320,Prod-EcsStagingCluster-EcsCluster-1AAGQRFIOE9AE,Service_beiakklem1vi3j5fejog,1000,2,0.0980404912,5
1537429680,Prod-EcsStagingCluster-EcsCluster-1AAGQRFIOE9AE,Service_beiakklem1vi3j5fejog,1000,2,0.0716233364,3
1537404240,Prod-EcsStagingCluster-EcsCluster-1AAGQRFIOE9AE,Service_beiakklem1vi3j5fejog,1000,2,1.0897594788,0
1537376520,Prod-EcsStagingCluster-EcsCluster-1AAGQRFIOE9AE,Service_beiakklem1vi3j5fejog,1000,2,1.0860757339,4
1537354260,Prod-EcsStagingCluster-EcsCluster-1AAGQRFIOE9AE,Service_beiakklem1vi3j5fejog,1000,2,0.0692885158,2
1537405140,Prod-EcsStagingCluster-EcsCluster-1AAGQRFIOE9AE,Service_beiakklem1vi3j5fejog,1000,2,0.1701447959,0
1537382880,Prod-EcsStagingCluster-EcsCluster-1AAGQRFIOE9AE,Service_beiakklem1vi3j5fejog,1000,2,0.0715668951,18
1537427400,Prod-EcsStagingCluster-EcsCluster-1AAGQRFIOE9AE,Service_beiakklem1vi3j5fejog,1000,2,0.9878315056,0
1537394460,Prod-EcsStagingCluster-EcsCluster-1AAGQRFIOE9AE,Service_beiakklem1vi3j5fejog,1000,2,0.0722673436,0
1537381740,Prod-EcsStagingCluster-EcsCluster-1AAGQRFIOE9AE,Service_beiakklem1vi3j5fejog,1000,2,0.0703941451,2
1537402920,Prod-EcsStagingCluster-EcsCluster-1AAGQRFIOE9AE,Service_beiakklem1vi3j5fejog,1000,2,0.1858663582,8
1537409280,Prod-EcsStagingCluster-EcsCluster-1AAGQRFIOE9AE,Service_beiakklem1vi3j5fejog,1000,2,0.2350121946,2
1537358340,Prod-EcsStagingCluster-EcsCluster-1AAGQRFIOE9AE,Service_beiakklem1vi3j5fejog,1000,2,0.0706713643,0
1537409220,Prod-EcsStagingCluster-EcsCluster-1AAGQRFIOE9AE,Service_beiakklem1vi3j5fejog,1000,2,0.5841546289,0
1537383780,Prod-EcsStagingCluster-EcsCluster-1AAGQRFIOE9AE,Service_beiakklem1vi3j5fejog,1000,2,0.7516618577,10
1537356120,Prod-EcsStagingCluster-EcsCluster-1AAGQRFIOE9AE,Service_beiakklem1vi3j5fejog,1000,2,0.0700325110,0
1537362480,Prod-EcsStagingCluster-EcsCluster-1AAGQRFIOE9AE,Service_beiakklem1vi3j5fejog,1000,2,0.0722576062,4
1537407000,Prod-EcsStagingCluster-EcsCluster-1AAGQRFIOE9AE,Service_beiakklem1vi3j5fejog,1000,2,2.0308191026,0
1537413360,Prod-EcsStagingCluster-EcsCluster-1AAGQRFIOE9AE,Service_beiakklem1vi3j5fejog,1000,2,0.1268591708,0
1537381560,Prod-EcsStagingCluster-EcsCluster-1AAGQRFIOE9AE,Service_beiakklem1vi3j5fejog,1000,2,0.0701440872,5
1537387920,Prod-EcsStagingCluster-EcsCluster-1AAGQRFIOE9AE,Service_beiakklem1vi3j5fejog,1000,2,0.7107584843,0
1537362420,Prod-EcsStagingCluster-EcsCluster-1AAGQRFIOE9AE,Service_beiakklem1vi3j5fejog,1000,2,0.0723428677,0
1537413300,Prod-EcsStagingCluster-EcsCluster-1AAGQRFIOE9AE,Service_beiakklem1vi3j5fejog,1000,2,0.1948638617,0
1537351740,Prod-EcsStagingCluster-EcsCluster-1AAGQRFIOE9AE,Service_beiakklem1vi3j5fejog,1000,2,0.0710380121,0
1537402620,Prod-EcsStagingCluster-EcsCluster-1AAGQRFIOE9AE,Service_beiakklem1vi3j5fejog,1000,2,0.1032635792,0
1537389900,Prod-EcsStagingCluster-EcsCluster-1AAGQRFIOE9AE,Service_beiakklem1vi3j5fejog,1000,2,0.0773922096,9
1537360200,Prod-EcsStagingCluster-EcsCluster-1AAGQRFIOE9AE,Service_beiakklem1vi3j5fejog,1000,2,0.0761083636,0
1537366560,Prod-EcsStagingCluster-EcsCluster-1AAGQRFIOE9AE,Service_beiakklem1vi3j5fejog,1000,2,0.0709854085,0
1537417440,Prod-EcsStagingCluster-EcsCluster-1AAGQRFIOE9AE,Service_beiakklem1vi3j5fejog,1000,2,0.2799597871,0
1537411080,Prod-EcsStagingCluster-EcsCluster-1AAGQRFIOE9AE,Service_beiakklem1vi3j5fejog,1000,2,0.8200344264,0
1537399200,Prod-EcsStagingCluster-EcsCluster-1AAGQRFIOE9AE,Service_beiakklem1vi3j5fejog,1000,2,1.0752918791,0
1537390680,Prod-EcsStagingCluster-EcsCluster-1AAGQRFIOE9AE,Service_beiakklem1vi3j5fejog,1000,2,0.0725818762,7
1537347180,Prod-EcsStagingCluster-EcsCluster-1AAGQRFIOE9AE,Service_beiakklem1vi3j5fejog,1000,2,0.0644060060,9
1537365240,Prod-EcsStagingCluster-EcsCluster-1AAGQRFIOE9AE,Service_beiakklem1vi3j5fejog,1000,2,0.0701490470,5
1537416120,Prod-EcsStagingCluster-EcsCluster-1AAGQRFIOE9AE,Service_beiakklem1vi3j5fejog,1000,2,0.1585442742,12
1537359900,Prod-EcsStagingCluster-EcsCluster-1AAGQRFIOE9AE,Service_beiakklem1vi3j5fejog,1000,2,0.0705826627,16
1537410780,Prod-EcsStagingCluster-EcsCluster-1AAGQRFIOE9AE,Service_beiakklem1vi3j5fejog,1000,2,0.1351822747,0
1537398060,Prod-EcsStagingCluster-EcsCluster-1AAGQRFIOE9AE,Service_beiakklem1vi3j5fejog,1000,2,0.1009099157,17
1537394760,Prod-EcsStagingCluster-EcsCluster-1AAGQRFIOE9AE,Service_beiakklem1vi3j5fejog,1000,2,0.0711839740,0
1537372500,Prod-EcsStagingCluster-EcsCluster-1AAGQRFIOE9AE,Service_beiakklem1vi3j5fejog,1000,2,0.0816262974,5
1537423380,Prod-EcsStagingCluster-EcsCluster-1AAGQRFIOE9AE,Service_beiakklem1vi3j5fejog,1000,2,0.4718553646,10
1537356480,Prod-EcsStagingCluster-EcsCluster-1AAGQRFIOE9AE,Service_beiakklem1vi3j5fejog,1000,2,1.5286417112,19
1537351140,Prod-EcsStagingCluster-EcsCluster-1AAGQRFIOE9AE,Service_beiakklem1vi3j5fejog,1000,2,0.8196836433,0
1537355340,Prod-EcsStagingCluster-EcsCluster-1AAGQRFIOE9AE,Service_beiakklem1vi3j5fejog,1000,2,0.0729746991,0
1537407360,Prod-EcsStagingCluster-EcsCluster-1AAGQRFIOE9AE,Service_beiakklem1vi3j5fejog,1000,2,51.8955687236,2
1537376580,Prod-EcsStagingCluster-EcsCluster-1AAGQRFIOE9AE,Service_beiakklem1vi3j5fejog,1000,2,0.0742060426,6
1537427460,Prod-EcsStagingCluster-EcsCluster-1AAGQRFIOE9AE,Service_beiakklem1vi3j5fejog,1000,2,0.8746688846,1
1537402020,Prod-EcsStagingCluster-EcsCluster-1AAGQRFIOE9AE,Service_beiakklem1vi3j5fejog,1000,2,1.0850135808,0
1537368060,Prod-EcsStagingCluster-EcsCluster-1AAGQRFIOE9AE,Service_beiakklem1vi3j5fejog,1000,2,0.0695868050,2
1537418940,Prod-EcsStagingCluster-EcsCluster-1AAGQRFIOE9AE,Service_beiakklem1vi3j5fejog,1000,2,0.8717972183,0
1537406220,Prod-EcsStagingCluster-EcsCluster-1AAGQRFIOE9AE,Service_beiakklem1vi3j5fejog,1000,2,0.2252830428,5
1537360560,Prod-EcsStagingCluster-EcsCluster-1AAGQRFIOE9AE,Service_beiakklem1vi3j5fejog,1000,2,0.0704035405,0
1537411440,Prod-EcsStagingCluster-EcsCluster-1AAGQRFIOE9AE,Service_beiakklem1vi3j5fejog,1000,2,0.6434269966,10
1537352040,Prod-EcsStagingCluster-EcsCluster-1AAGQRFIOE9AE,Service_beiakklem1vi3j5fejog,1000,2,0.0946615618,0
1537386000,Prod-EcsStagingCluster-EcsCluster-1AAGQRFIOE9AE,Service_beiakklem1vi3j5fejog,1000,2,0.0680706520,13
1537380660,Prod-EcsStagingCluster-EcsCluster-1AAGQRFIOE9AE,Service_beiakklem1vi3j5fejog,1000,2,0.0736840182,17
1537431540,Prod-EcsStagingCluster-EcsCluster-1AAGQRFIOE9AE,Service_beiakklem1vi3j5fejog,1000,2,0.0725057379,0
1537378440,Prod-EcsStagingCluster-EcsCluster-1AAGQRFIOE9AE,Service_beiakklem1vi3j5fejog,1000,2,0.0722609133,1
1537429320,Prod-EcsStagingCluster-EcsCluster-1AAGQRFIOE9AE,Service_beiakklem1vi3j5fejog,1000,2,0.0753943882,0
1537376220,Prod-EcsStagingCluster-EcsCluster-1AAGQRFIOE9AE,Service_beiakklem1vi3j5fejog,1000,2,0.0690132850,0
1537363500,Prod-EcsStagingCluster-EcsCluster-1AAGQRFIOE9AE,Service_beiakklem1vi3j5fejog,1000,2,0.0746074795,12
1537427100,Prod-EcsStagingCluster-EcsCluster-1AAGQRFIOE9AE,Service_beiakklem1vi3j5fejog,1000,2,0.1581092894,0
1537391040,Prod-EcsStagingCluster-EcsCluster-1AAGQRFIOE9AE,Service_beiakklem1vi3j5fejog,1000,2,0.0684794513,13
1537414380,Prod-EcsStagingCluster-EcsCluster-1AAGQRFIOE9AE,Service_beiakklem1vi3j5fejog,1000,2,0.1459373974,0
1537388820,Prod-EcsStagingCluster-EcsCluster-1AAGQRFIOE9AE,Service_beiakklem1vi3j5fejog,1000,2,0.0702976889,0
1537369680,Prod-EcsStagingCluster-EcsCluster-1AAGQRFIOE9AE,Service_beiakklem1vi3j5fejog,1000,2,0.0709530932,0
1537420560,Prod-EcsStagingCluster-EcsCluster-1AAGQRFIOE9AE,Service_beiakklem1vi3j5fejog,1000,2,0.0789634098,0
1537395120,Prod-EcsStagingCluster-EcsCluster-1AAGQRFIOE9AE,Service_beiakklem1vi3j5fejog,1000,2,0.1382628296,0
1537386600,Prod-EcsStagingCluster-EcsCluster-1AAGQRFIOE9AE,Service_beiakklem1vi3j5fejog,1000,2,0.0764832280,32
1537392900,Prod-EcsStagingCluster-EcsCluster-1AAGQRFIOE9AE,Service_beiakklem1vi3j5fejog,1000,2,0.0794457244,0
1537367460,Prod-EcsStagingCluster-EcsCluster-1AAGQRFIOE9AE,Service_beiakklem1vi3j5fejog,1000,2,0.0721708893,0
1537418340,Prod-EcsStagingCluster-EcsCluster-1AAGQRFIOE9AE,Service_beiakklem1vi3j5fejog,1000,2,0.3091328967,0
1537371660,Prod-EcsStagingCluster-EcsCluster-1AAGQRFIOE9AE,Service_beiakklem1vi3j5fejog,1000,2,0.0722262388,4
1537384380,Prod-EcsStagingCluster-EcsCluster-1AAGQRFIOE9AE,Service_beiakklem1vi3j5fejog,1000,2,0.5103847973,5
1537348320,Prod-EcsStagingCluster-EcsCluster-1AAGQRFIOE9AE,Service_beiakklem1vi3j5fejog,1000,2,0.1524831338,0
1537357800,Prod-EcsStagingCluster-EcsCluster-1AAGQRFIOE9AE,Service_beiakklem1vi3j5fejog,1000,2,0.0781282059,2
1537364160,Prod-EcsStagingCluster-EcsCluster-1AAGQRFIOE9AE,Service_beiakklem1vi3j5fejog,1000,2,0.0711603581,13
1537428900,Prod-EcsStagingCluster-EcsCluster-1AAGQRFIOE9AE,Service_beiakklem1vi3j5fejog,1000,2,0.0755094765,0
1537415040,Prod-EcsStagingCluster-EcsCluster-1AAGQRFIOE9AE,Service_beiakklem1vi3j5fejog,1000,2,3.1408153209,15
1537408680,Prod-EcsStagingCluster-EcsCluster-1AAGQRFIOE9AE,Service_beiakklem1vi3j5fejog,1000,2,0.7819059731,0
1537363020,Prod-EcsStagingCluster-EcsCluster-1AAGQRFIOE9AE,Service_beiakklem1vi3j5fejog,1000,2,0.0730410939,0
1537413900,Prod-EcsStagingCluster-EcsCluster-1AAGQRFIOE9AE,Service_beiakklem1vi3j5fejog,1000,2,1.4850028023,10
1537394820,Prod-EcsStagingCluster-EcsCluster-1AAGQRFIOE9AE,Service_beiakklem1vi3j5fejog,1000,2,0.0721254324,7
1537374600,Prod-EcsStagingCluster-EcsCluster-1AAGQRFIOE9AE,Service_beiakklem1vi3j5fejog,1000,2,0.0708787161,17
1537380960,Prod-EcsStagingCluster-EcsCluster-1AAGQRFIOE9AE,Service_beiakklem1vi3j5fejog,1000,2,0.0705685476,0
1537357560,Prod-EcsStagingCluster-EcsCluster-1AAGQRFIOE9AE,Service_beiakklem1vi3j5fejog,1000,2,0.0713655333,0
1537363920,Prod-EcsStagingCluster-EcsCluster-1AAGQRFIOE9AE,Service_beiakklem1vi3j5fejog,1000,2,0.0744323378,64
1537425480,Prod-EcsStagingCluster-EcsCluster-1AAGQRFIOE9AE,Service_beiakklem1vi3j5fejog,1000,2,0.1919679456,0
1537379820,Prod-EcsStagingCluster-EcsCluster-1AAGQRFIOE9AE,Service_beiakklem1vi3j5fejog,1000,2,0.0721121996,23
1537414800,Prod-EcsStagingCluster-EcsCluster-1AAGQRFIOE9AE,Service_beiakklem1vi3j5fejog,1000,2,0.0773887385,0
1537408440,Prod-EcsStagingCluster-EcsCluster-1AAGQRFIOE9AE,Service_beiakklem1vi3j5fejog,1000,2,0.2805056008,1
1537430700,Prod-EcsStagingCluster-EcsCluster-1AAGQRFIOE9AE,Service_beiakklem1vi3j5fejog,1000,2,0.2288180703,0
1537394580,Prod-EcsStagingCluster-EcsCluster-1AAGQRFIOE9AE,Service_beiakklem1vi3j5fejog,1000,2,0.2818547116,1
1537388220,Prod-EcsStagingCluster-EcsCluster-1AAGQRFIOE9AE,Service_beiakklem1vi3j5fejog,1000,2,0.0708049291,2
1537374360,Prod-EcsStagingCluster-EcsCluster-1AAGQRFIOE9AE,Service_beiakklem1vi3j5fejog,1000,2,0.0699669623,11
1537380720,Prod-EcsStagingCluster-EcsCluster-1AAGQRFIOE9AE,Service_beiakklem1vi3j5fejog,1000,2,0.0721729185,0
1537425240,Prod-EcsStagingCluster-EcsCluster-1AAGQRFIOE9AE,Service_beiakklem1vi3j5fejog,1000,2,0.0926683716,7
1537431600,Prod-EcsStagingCluster-EcsCluster-1AAGQRFIOE9AE,Service_beiakklem1vi3j5fejog,1000,2,0.0718483969,0
1537354140,Prod-EcsStagingCluster-EcsCluster-1AAGQRFIOE9AE,Service_beiakklem1vi3j5fejog,1000,2,0.0729595712,13
1537360500,Prod-EcsStagingCluster-EcsCluster-1AAGQRFIOE9AE,Service_beiakklem1vi3j5fejog,1000,2,0.0844488903,0
1537411380,Prod-EcsStagingCluster-EcsCluster-1AAGQRFIOE9AE,Service_beiakklem1vi3j5fejog,1000,2,1.1662355569,0
1537405020,Prod-EcsStagingCluster-EcsCluster-1AAGQRFIOE9AE,Service_beiakklem1vi3j5fejog,1000,2,1.2073371036,16
1537358280,Prod-EcsStagingCluster-EcsCluster-1AAGQRFIOE9AE,Service_beiakklem1vi3j5fejog,1000,2,1.0847355986,0
1537394340,Prod-EcsStagingCluster-EcsCluster-1AAGQRFIOE9AE,Service_beiakklem1vi3j5fejog,1000,2,0.0716979672,3
1537364640,Prod-EcsStagingCluster-EcsCluster-1AAGQRFIOE9AE,Service_beiakklem1vi3j5fejog,1000,2,0.0734052914,0
1537409160,Prod-EcsStagingCluster-EcsCluster-1AAGQRFIOE9AE,Service_beiakklem1vi3j5fejog,1000,2,0.2132676053,0
1537415520,Prod-EcsStagingCluster-EcsCluster-1AAGQRFIOE9AE,Service_beiakklem1vi3j5fejog,1000,2,0.4040843411,2
1537347600,Prod-EcsStagingCluster-EcsCluster-1AAGQRFIOE9AE,Service_beiakklem1vi3j5fejog,1000,2,0.0719740085,0
1537398480,Prod-EcsStagingCluster-EcsCluster-1AAGQRFIOE9AE,Service_beiakklem1vi3j5fejog,1000,2,0.0792990274,0
1537392120,Prod-EcsStagingCluster-EcsCluster-1AAGQRFIOE9AE,Service_beiakklem1vi3j5fejog,1000,2,0.5660778904,0
1537379340,Prod-EcsStagingCluster-EcsCluster-1AAGQRFIOE9AE,Service_beiakklem1vi3j5fejog,1000,2,0.0705501671,6
1537360260,Prod-EcsStagingCluster-EcsCluster-1AAGQRFIOE9AE,Service_beiakklem1vi3j5fejog,1000,2,0.0747859765,19
1537411140,Prod-EcsStagingCluster-EcsCluster-1AAGQRFIOE9AE,Service_beiakklem1vi3j5fejog,1000,2,0.3050623860,0
1537430220,Prod-EcsStagingCluster-EcsCluster-1AAGQRFIOE9AE,Service_beiakklem1vi3j5fejog,1000,2,0.2023260254,6
1537358040,Prod-EcsStagingCluster-EcsCluster-1AAGQRFIOE9AE,Service_beiakklem1vi3j5fejog,1000,2,0.0745520338,0
1537364400,Prod-EcsStagingCluster-EcsCluster-1AAGQRFIOE9AE,Service_beiakklem1vi3j5fejog,1000,2,0.0757701296,0
1537408920,Prod-EcsStagingCluster-EcsCluster-1AAGQRFIOE9AE,Service_beiakklem1vi3j5fejog,1000,2,0.0774341105,0
1537415280,Prod-EcsStagingCluster-EcsCluster-1AAGQRFIOE9AE,Service_beiakklem1vi3j5fejog,1000,2,0.2974458967,0
1537396140,Prod-EcsStagingCluster-EcsCluster-1AAGQRFIOE9AE,Service_beiakklem1vi3j5fejog,1000,2,0.0706670708,0
1537360020,Prod-EcsStagingCluster-EcsCluster-1AAGQRFIOE9AE,Service_beiakklem1vi3j5fejog,1000,2,0.0712112191,0
1537353660,Prod-EcsStagingCluster-EcsCluster-1AAGQRFIOE9AE,Service_beiakklem1vi3j5fejog,1000,2,0.1164350650,17
1537392840,Prod-EcsStagingCluster-EcsCluster-1AAGQRFIOE9AE,Service_beiakklem1vi3j5fejog,1000,2,0.0697654892,5
1537404540,Prod-EcsStagingCluster-EcsCluster-1AAGQRFIOE9AE,Service_beiakklem1vi3j5fejog,1000,2,1.7445497133,3
1537346160,Prod-EcsStagingCluster-EcsCluster-1AAGQRFIOE9AE,Service_beiakklem1vi3j5fejog,1000,2,0.0985796724,0
1537375800,Prod-EcsStagingCluster-EcsCluster-1AAGQRFIOE9AE,Service_beiakklem1vi3j5fejog,1000,2,0.0704418326,0
1537397040,Prod-EcsStagingCluster-EcsCluster-1AAGQRFIOE9AE,Service_beiakklem1vi3j5fejog,1000,2,0.0799764989,0
1537370460,Prod-EcsStagingCluster-EcsCluster-1AAGQRFIOE9AE,Service_beiakklem1vi3j5fejog,1000,2,0.0772017271,0
1537361940,Prod-EcsStagingCluster-EcsCluster-1AAGQRFIOE9AE,Service_beiakklem1vi3j5fejog,1000,2,0.0691319227,0
1537426680,Prod-EcsStagingCluster-EcsCluster-1AAGQRFIOE9AE,Service_beiakklem1vi3j5fejog,1000,2,1.3576817188,16
1537421340,Prod-EcsStagingCluster-EcsCluster-1AAGQRFIOE9AE,Service_beiakklem1vi3j5fejog,1000,2,1.4973552197,11
1537412820,Prod-EcsStagingCluster-EcsCluster-1AAGQRFIOE9AE,Service_beiakklem1vi3j5fejog,1000,2,0.2426238750,24
1537392600,Prod-EcsStagingCluster-EcsCluster-1AAGQRFIOE9AE,Service_beiakklem1vi3j5fejog,1000,2,0.0725333962,7
1537345920,Prod-EcsStagingCluster-EcsCluster-1AAGQRFIOE9AE,Service_beiakklem1vi3j5fejog,1000,2,1.3168236663,6
1537378740,Prod-EcsStagingCluster-EcsCluster-1AAGQRFIOE9AE,Service_beiakklem1vi3j5fejog,1000,2,0.0706617205,0
1537396800,Prod-EcsStagingCluster-EcsCluster-1AAGQRFIOE9AE,Service_beiakklem1vi3j5fejog,1000,2,0.0723504584,0
1537395660,Prod-EcsStagingCluster-EcsCluster-1AAGQRFIOE9AE,Service_beiakklem1vi3j5fejog,1000,2,0.0777405328,3
1537429620,Prod-EcsStagingCluster-EcsCluster-1AAGQRFIOE9AE,Service_beiakklem1vi3j5fejog,1000,2,0.0738642442,2
1537361700,Prod-EcsStagingCluster-EcsCluster-1AAGQRFIOE9AE,Service_beiakklem1vi3j5fejog,1000,2,0.0767770328,0
1537412580,Prod-EcsStagingCluster-EcsCluster-1AAGQRFIOE9AE,Service_beiakklem1vi3j5fejog,1000,2,0.5375176866,9
1537362720,Prod-EcsStagingCluster-EcsCluster-1AAGQRFIOE9AE,Service_beiakklem1vi3j5fejog,1000,2,0.0714763902,4
1537413600,Prod-EcsStagingCluster-EcsCluster-1AAGQRFIOE9AE,Service_beiakklem1vi3j5fejog,1000,2,1.2587574385,0
1537392360,Prod-EcsStagingCluster-EcsCluster-1AAGQRFIOE9AE,Service_beiakklem1vi3j5fejog,1000,2,0.0710875589,0
1537345680,Prod-EcsStagingCluster-EcsCluster-1AAGQRFIOE9AE,Service_beiakklem1vi3j5fejog,1000,2,0.0864372123,6
1537361580,Prod-EcsStagingCluster-EcsCluster-1AAGQRFIOE9AE,Service_beiakklem1vi3j5fejog,1000,2,1.2656217612,7
1537410360,Prod-EcsStagingCluster-EcsCluster-1AAGQRFIOE9AE,Service_beiakklem1vi3j5fejog,1000,2,0.8937377317,10
1537412460,Prod-EcsStagingCluster-EcsCluster-1AAGQRFIOE9AE,Service_beiakklem1vi3j5fejog,1000,2,0.7879024823,4
1537378500,Prod-EcsStagingCluster-EcsCluster-1AAGQRFIOE9AE,Service_beiakklem1vi3j5fejog,1000,2,0.0800434316,0
1537429380,Prod-EcsStagingCluster-EcsCluster-1AAGQRFIOE9AE,Service_beiakklem1vi3j5fejog,1000,2,0.1482103534,16
1537369980,Prod-EcsStagingCluster-EcsCluster-1AAGQRFIOE9AE,Service_beiakklem1vi3j5fejog,1000,2,1.1981070210,0
1537420860,Prod-EcsStagingCluster-EcsCluster-1AAGQRFIOE9AE,Service_beiakklem1vi3j5fejog,1000,2,0.2559401019,2
1537376280,Prod-EcsStagingCluster-EcsCluster-1AAGQRFIOE9AE,Service_beiakklem1vi3j5fejog,1000,2,0.0682443816,1
1537427160,Prod-EcsStagingCluster-EcsCluster-1AAGQRFIOE9AE,Service_beiakklem1vi3j5fejog,1000,2,0.4281491950,0
1537380480,Prod-EcsStagingCluster-EcsCluster-1AAGQRFIOE9AE,Service_beiakklem1vi3j5fejog,1000,2,0.0723128799,8
1537431360,Prod-EcsStagingCluster-EcsCluster-1AAGQRFIOE9AE,Service_beiakklem1vi3j5fejog,1000,2,1.1048157568,0
1537386780,Prod-EcsStagingCluster-EcsCluster-1AAGQRFIOE9AE,Service_beiakklem1vi3j5fejog,1000,2,0.2807375846,0
1537378260,Prod-EcsStagingCluster-EcsCluster-1AAGQRFIOE9AE,Service_beiakklem1vi3j5fejog,1000,2,0.0710005332,0
1537346400,Prod-EcsStagingCluster-EcsCluster-1AAGQRFIOE9AE,Service_beiakklem1vi3j5fejog,1000,2,0.2099975248,6
1537397280,Prod-EcsStagingCluster-EcsCluster-1AAGQRFIOE9AE,Service_beiakklem1vi3j5fejog,1000,2,0.0778732917,2
1537429140,Prod-EcsStagingCluster-EcsCluster-1AAGQRFIOE9AE,Service_beiakklem1vi3j5fejog,1000,2,0.0744149029,0
1537376040,Prod-EcsStagingCluster-EcsCluster-1AAGQRFIOE9AE,Service_beiakklem1vi3j5fejog,1000,2,0.0686817137,33
1537380240,Prod-EcsStagingCluster-EcsCluster-1AAGQRFIOE9AE,Service_beiakklem1vi3j5fejog,1000,2,0.0712518062,4
1537395060,Prod-EcsStagingCluster-EcsCluster-1AAGQRFIOE9AE,Service_beiakklem1vi3j5fejog,1000,2,0.0715646355,0
1537361100,Prod-EcsStagingCluster-EcsCluster-1AAGQRFIOE9AE,Service_beiakklem1vi3j5fejog,1000,2,0.0767028679,9
1537426920,Prod-EcsStagingCluster-EcsCluster-1AAGQRFIOE9AE,Service_beiakklem1vi3j5fejog,1000,2,2.1086398057,0
1537431120,Prod-EcsStagingCluster-EcsCluster-1AAGQRFIOE9AE,Service_beiakklem1vi3j5fejog,1000,2,0.0726125709,40
1537411980,Prod-EcsStagingCluster-EcsCluster-1AAGQRFIOE9AE,Service_beiakklem1vi3j5fejog,1000,2,1.2134338965,7
1537378020,Prod-EcsStagingCluster-EcsCluster-1AAGQRFIOE9AE,Service_beiakklem1vi3j5fejog,1000,2,0.0712328673,6
1537372680,Prod-EcsStagingCluster-EcsCluster-1AAGQRFIOE9AE,Service_beiakklem1vi3j5fejog,1000,2,0.0689290304,0
1537379040,Prod-EcsStagingCluster-EcsCluster-1AAGQRFIOE9AE,Service_beiakklem1vi3j5fejog,1000,2,0.0710892452,8
1537424700,Prod-EcsStagingCluster-EcsCluster-1AAGQRFIOE9AE,Service_beiakklem1vi3j5fejog,1000,2,1.4529703855,13
1537359960,Prod-EcsStagingCluster-EcsCluster-1AAGQRFIOE9AE,Service_beiakklem1vi3j5fejog,1000,2,0.0741773365,0
1537366320,Prod-EcsStagingCluster-EcsCluster-1AAGQRFIOE9AE,Service_beiakklem1vi3j5fejog,1000,2,0.0687506381,0
1537410840,Prod-EcsStagingCluster-EcsCluster-1AAGQRFIOE9AE,Service_beiakklem1vi3j5fejog,1000,2,0.0914969521,0
1537429920,Prod-EcsStagingCluster-EcsCluster-1AAGQRFIOE9AE,Service_beiakklem1vi3j5fejog,1000,2,0.0748815568,27
1537423560,Prod-EcsStagingCluster-EcsCluster-1AAGQRFIOE9AE,Service_beiakklem1vi3j5fejog,1000,2,0.8589496291,6
1537417200,Prod-EcsStagingCluster-EcsCluster-1AAGQRFIOE9AE,Service_beiakklem1vi3j5fejog,1000,2,0.1608826416,4
1537390620,Prod-EcsStagingCluster-EcsCluster-1AAGQRFIOE9AE,Service_beiakklem1vi3j5fejog,1000,2,0.0711638977,0
1537377900,Prod-EcsStagingCluster-EcsCluster-1AAGQRFIOE9AE,Service_beiakklem1vi3j5fejog,1000,2,0.0789564591,2
1537428780,Prod-EcsStagingCluster-EcsCluster-1AAGQRFIOE9AE,Service_beiakklem1vi3j5fejog,1000,2,0.0722656835,7
1537379940,Prod-EcsStagingCluster-EcsCluster-1AAGQRFIOE9AE,Service_beiakklem1vi3j5fejog,1000,2,0.0682689186,3
1537392660,Prod-EcsStagingCluster-EcsCluster-1AAGQRFIOE9AE,Service_beiakklem1vi3j5fejog,1000,2,0.0731056484,0
1537430820,Prod-EcsStagingCluster-EcsCluster-1AAGQRFIOE9AE,Service_beiakklem1vi3j5fejog,1000,2,0.0715094163,4
1537358580,Prod-EcsStagingCluster-EcsCluster-1AAGQRFIOE9AE,Service_beiakklem1vi3j5fejog,1000,2,0.1054393312,0
1537345860,Prod-EcsStagingCluster-EcsCluster-1AAGQRFIOE9AE,Service_beiakklem1vi3j5fejog,1000,2,0.0806015891,0
1537409460,Prod-EcsStagingCluster-EcsCluster-1AAGQRFIOE9AE,Service_beiakklem1vi3j5fejog,1000,2,1.9940130561,0
1537396740,Prod-EcsStagingCluster-EcsCluster-1AAGQRFIOE9AE,Service_beiakklem1vi3j5fejog,1000,2,0.0720335200,0
1537359480,Prod-EcsStagingCluster-EcsCluster-1AAGQRFIOE9AE,Service_beiakklem1vi3j5fejog,1000,2,1.7899569796,7
1537378560,Prod-EcsStagingCluster-EcsCluster-1AAGQRFIOE9AE,Service_beiakklem1vi3j5fejog,1000,2,0.0720048815,2
1537365840,Prod-EcsStagingCluster-EcsCluster-1AAGQRFIOE9AE,Service_beiakklem1vi3j5fejog,1000,2,0.0708941805,10
1537372200,Prod-EcsStagingCluster-EcsCluster-1AAGQRFIOE9AE,Service_beiakklem1vi3j5fejog,1000,2,0.0722421777,0
1537377420,Prod-EcsStagingCluster-EcsCluster-1AAGQRFIOE9AE,Service_beiakklem1vi3j5fejog,1000,2,0.0694104637,0
1537390140,Prod-EcsStagingCluster-EcsCluster-1AAGQRFIOE9AE,Service_beiakklem1vi3j5fejog,1000,2,0.0764537827,0
1537428300,Prod-EcsStagingCluster-EcsCluster-1AAGQRFIOE9AE,Service_beiakklem1vi3j5fejog,1000,2,0.1659220480,0
1537356060,Prod-EcsStagingCluster-EcsCluster-1AAGQRFIOE9AE,Service_beiakklem1vi3j5fejog,1000,2,0.0847708178,0
1537406940,Prod-EcsStagingCluster-EcsCluster-1AAGQRFIOE9AE,Service_beiakklem1vi3j5fejog,1000,2,0.3496871638,0
1537394220,Prod-EcsStagingCluster-EcsCluster-1AAGQRFIOE9AE,Service_beiakklem1vi3j5fejog,1000,2,0.0718666472,2
1537345380,Prod-EcsStagingCluster-EcsCluster-1AAGQRFIOE9AE,Service_beiakklem1vi3j5fejog,1000,2,0.0740058965,19
1537358100,Prod-EcsStagingCluster-EcsCluster-1AAGQRFIOE9AE,Service_beiakklem1vi3j5fejog,1000,2,0.0824230648,0
1537396260,Prod-EcsStagingCluster-EcsCluster-1AAGQRFIOE9AE,Service_beiakklem1vi3j5fejog,1000,2,0.0728050432,9
1537408980,Prod-EcsStagingCluster-EcsCluster-1AAGQRFIOE9AE,Service_beiakklem1vi3j5fejog,1000,2,1.5562901419,5
1537362240,Prod-EcsStagingCluster-EcsCluster-1AAGQRFIOE9AE,Service_beiakklem1vi3j5fejog,1000,2,0.0727776392,14
1537349520,Prod-EcsStagingCluster-EcsCluster-1AAGQRFIOE9AE,Service_beiakklem1vi3j5fejog,1000,2,0.0715586077,0
1537355880,Prod-EcsStagingCluster-EcsCluster-1AAGQRFIOE9AE,Service_beiakklem1vi3j5fejog,1000,2,1.2827916332,0
1537400400,Prod-EcsStagingCluster-EcsCluster-1AAGQRFIOE9AE,Service_beiakklem1vi3j5fejog,1000,2,0.1589351197,0
1537394040,Prod-EcsStagingCluster-EcsCluster-1AAGQRFIOE9AE,Service_beiakklem1vi3j5fejog,1000,2,0.0727063859,0
1537374900,Prod-EcsStagingCluster-EcsCluster-1AAGQRFIOE9AE,Service_beiakklem1vi3j5fejog,1000,2,0.0782824088,1
1537413120,Prod-EcsStagingCluster-EcsCluster-1AAGQRFIOE9AE,Service_beiakklem1vi3j5fejog,1000,2,0.6220194186,0
1537406760,Prod-EcsStagingCluster-EcsCluster-1AAGQRFIOE9AE,Service_beiakklem1vi3j5fejog,1000,2,0.4860676227,5
1537362180,Prod-EcsStagingCluster-EcsCluster-1AAGQRFIOE9AE,Service_beiakklem1vi3j5fejog,1000,2,1.1745130968,0
1537413060,Prod-EcsStagingCluster-EcsCluster-1AAGQRFIOE9AE,Service_beiakklem1vi3j5fejog,1000,2,0.4392222267,0
1537425780,Prod-EcsStagingCluster-EcsCluster-1AAGQRFIOE9AE,Service_beiakklem1vi3j5fejog,1000,2,0.0816672145,4
1537410900,Prod-EcsStagingCluster-EcsCluster-1AAGQRFIOE9AE,Service_beiakklem1vi3j5fejog,1000,2,1.7620472459,0
1537382160,Prod-EcsStagingCluster-EcsCluster-1AAGQRFIOE9AE,Service_beiakklem1vi3j5fejog,1000,2,0.0713995480,1
1537376820,Prod-EcsStagingCluster-EcsCluster-1AAGQRFIOE9AE,Service_beiakklem1vi3j5fejog,1000,2,0.0777781911,0
1537394880,Prod-EcsStagingCluster-EcsCluster-1AAGQRFIOE9AE,Service_beiakklem1vi3j5fejog,1000,2,0.0687769163,0
1537364100,Prod-EcsStagingCluster-EcsCluster-1AAGQRFIOE9AE,Service_beiakklem1vi3j5fejog,1000,2,0.0778994487,0
1537355580,Prod-EcsStagingCluster-EcsCluster-1AAGQRFIOE9AE,Service_beiakklem1vi3j5fejog,1000,2,0.0772952093,7
1537393740,Prod-EcsStagingCluster-EcsCluster-1AAGQRFIOE9AE,Service_beiakklem1vi3j5fejog,1000,2,0.0719222779,6
1537427700,Prod-EcsStagingCluster-EcsCluster-1AAGQRFIOE9AE,Service_beiakklem1vi3j5fejog,1000,2,0.0818713400,0
1537414980,Prod-EcsStagingCluster-EcsCluster-1AAGQRFIOE9AE,Service_beiakklem1vi3j5fejog,1000,2,1.1209363493,2
1537348080,Prod-EcsStagingCluster-EcsCluster-1AAGQRFIOE9AE,Service_beiakklem1vi3j5fejog,1000,2,1.2816614614,0
1537360800,Prod-EcsStagingCluster-EcsCluster-1AAGQRFIOE9AE,Service_beiakklem1vi3j5fejog,1000,2,0.0728603576,0
1537406460,Prod-EcsStagingCluster-EcsCluster-1AAGQRFIOE9AE,Service_beiakklem1vi3j5fejog,1000,2,1.1952199674,17
1537411680,Prod-EcsStagingCluster-EcsCluster-1AAGQRFIOE9AE,Service_beiakklem1vi3j5fejog,1000,2,0.2954994621,0
1537377720,Prod-EcsStagingCluster-EcsCluster-1AAGQRFIOE9AE,Service_beiakklem1vi3j5fejog,1000,2,0.1390692821,11
1537398960,Prod-EcsStagingCluster-EcsCluster-1AAGQRFIOE9AE,Service_beiakklem1vi3j5fejog,1000,2,0.0748071999,4
1537372380,Prod-EcsStagingCluster-EcsCluster-1AAGQRFIOE9AE,Service_beiakklem1vi3j5fejog,1000,2,1.2616875692,28
1537390440,Prod-EcsStagingCluster-EcsCluster-1AAGQRFIOE9AE,Service_beiakklem1vi3j5fejog,1000,2,0.0688360615,2
1537359660,Prod-EcsStagingCluster-EcsCluster-1AAGQRFIOE9AE,Service_beiakklem1vi3j5fejog,1000,2,0.0787504174,17
1537410540,Prod-EcsStagingCluster-EcsCluster-1AAGQRFIOE9AE,Service_beiakklem1vi3j5fejog,1000,2,2.3326015407,2
1537428600,Prod-EcsStagingCluster-EcsCluster-1AAGQRFIOE9AE,Service_beiakklem1vi3j5fejog,1000,2,0.0701531909,0
1537423260,Prod-EcsStagingCluster-EcsCluster-1AAGQRFIOE9AE,Service_beiakklem1vi3j5fejog,1000,2,0.2423109783,0
1537356360,Prod-EcsStagingCluster-EcsCluster-1AAGQRFIOE9AE,Service_beiakklem1vi3j5fejog,1000,2,0.0695789377,2
1537407240,Prod-EcsStagingCluster-EcsCluster-1AAGQRFIOE9AE,Service_beiakklem1vi3j5fejog,1000,2,1.0727285656,0
1537394520,Prod-EcsStagingCluster-EcsCluster-1AAGQRFIOE9AE,Service_beiakklem1vi3j5fejog,1000,2,0.8195018036,5
1537416720,Prod-EcsStagingCluster-EcsCluster-1AAGQRFIOE9AE,Service_beiakklem1vi3j5fejog,1000,2,0.0758800049,6
1537429440,Prod-EcsStagingCluster-EcsCluster-1AAGQRFIOE9AE,Service_beiakklem1vi3j5fejog,1000,2,1.3121398460,0
1537363620,Prod-EcsStagingCluster-EcsCluster-1AAGQRFIOE9AE,Service_beiakklem1vi3j5fejog,1000,2,0.0717354290,0
1537376340,Prod-EcsStagingCluster-EcsCluster-1AAGQRFIOE9AE,Service_beiakklem1vi3j5fejog,1000,2,0.0699621662,0
1537414500,Prod-EcsStagingCluster-EcsCluster-1AAGQRFIOE9AE,Service_beiakklem1vi3j5fejog,1000,2,0.1216525197,0
1537395360,Prod-EcsStagingCluster-EcsCluster-1AAGQRFIOE9AE,Service_beiakklem1vi3j5fejog,1000,2,0.0716907679,0
1537361400,Prod-EcsStagingCluster-EcsCluster-1AAGQRFIOE9AE,Service_beiakklem1vi3j5fejog,1000,2,0.0724616971,0
1537427220,Prod-EcsStagingCluster-EcsCluster-1AAGQRFIOE9AE,Service_beiakklem1vi3j5fejog,1000,2,0.0783999630,5
1537382640,Prod-EcsStagingCluster-EcsCluster-1AAGQRFIOE9AE,Service_beiakklem1vi3j5fejog,1000,2,0.0708474224,2
1537374120,Prod-EcsStagingCluster-EcsCluster-1AAGQRFIOE9AE,Service_beiakklem1vi3j5fejog,1000,2,0.0694963696,0
1537412280,Prod-EcsStagingCluster-EcsCluster-1AAGQRFIOE9AE,Service_beiakklem1vi3j5fejog,1000,2,0.1542020449,4
1537393140,Prod-EcsStagingCluster-EcsCluster-1AAGQRFIOE9AE,Service_beiakklem1vi3j5fejog,1000,2,0.0694250020,0
1537359180,Prod-EcsStagingCluster-EcsCluster-1AAGQRFIOE9AE,Service_beiakklem1vi3j5fejog,1000,2,0.0769971947,10
1537425000,Prod-EcsStagingCluster-EcsCluster-1AAGQRFIOE9AE,Service_beiakklem1vi3j5fejog,1000,2,0.1003285735,0
1537380420,Prod-EcsStagingCluster-EcsCluster-1AAGQRFIOE9AE,Service_beiakklem1vi3j5fejog,1000,2,0.0786743836,8
1537431300,Prod-EcsStagingCluster-EcsCluster-1AAGQRFIOE9AE,Service_beiakklem1vi3j5fejog,1000,2,0.0719819949,4
1537371900,Prod-EcsStagingCluster-EcsCluster-1AAGQRFIOE9AE,Service_beiakklem1vi3j5fejog,1000,2,0.0806639693,3
1537410060,Prod-EcsStagingCluster-EcsCluster-1AAGQRFIOE9AE,Service_beiakklem1vi3j5fejog,1000,2,0.4277187941,0
1537422780,Prod-EcsStagingCluster-EcsCluster-1AAGQRFIOE9AE,Service_beiakklem1vi3j5fejog,1000,2,1.3282242127,4
1537390920,Prod-EcsStagingCluster-EcsCluster-1AAGQRFIOE9AE,Service_beiakklem1vi3j5fejog,1000,2,0.1363360270,1
1537378200,Prod-EcsStagingCluster-EcsCluster-1AAGQRFIOE9AE,Service_beiakklem1vi3j5fejog,1000,2,0.0716291091,0
1537429080,Prod-EcsStagingCluster-EcsCluster-1AAGQRFIOE9AE,Service_beiakklem1vi3j5fejog,1000,2,0.0715179706,3
1537388700,Prod-EcsStagingCluster-EcsCluster-1AAGQRFIOE9AE,Service_beiakklem1vi3j5fejog,1000,2,0.0810963385,5
1537375980,Prod-EcsStagingCluster-EcsCluster-1AAGQRFIOE9AE,Service_beiakklem1vi3j5fejog,1000,2,1.1462956303,1
1537350300,Prod-EcsStagingCluster-EcsCluster-1AAGQRFIOE9AE,Service_beiakklem1vi3j5fejp0,100,2,0.4096068714,0
1537353480,Prod-EcsStagingCluster-EcsCluster-1AAGQRFIOE9AE,Service_beiakklem1vi3j5fejp0,100,2,0.4167718561,0
1537356660,Prod-EcsStagingCluster-EcsCluster-1AAGQRFIOE9AE,Service_beiakklem1vi3j5fejp0,100,2,0.4124353668,0
1537359840,Prod-EcsStagingCluster-EcsCluster-1AAGQRFIOE9AE,Service_beiakklem1vi3j5fejp0,100,2,0.4511162483,0
1537378920,Prod-EcsStagingCluster-EcsCluster-1AAGQRFIOE9AE,Service_beiakklem1vi3j5fejp0,100,2,0.4104954703,0
1537382100,Prod-EcsStagingCluster-EcsCluster-1AAGQRFIOE9AE,Service_beiakklem1vi3j5fejp0,100,2,0.4215221577,0
1537385280,Prod-EcsStagingCluster-EcsCluster-1AAGQRFIOE9AE,Service_beiakklem1vi3j5fejp0,100,2,0.4375936978,0
1537375740,Prod-EcsStagingCluster-EcsCluster-1AAGQRFIOE9AE,Service_beiakklem1vi3j5fejp0,100,2,0.4342805688,0
1537409580,Prod-EcsStagingCluster-EcsCluster-1AAGQRFIOE9AE,Service_beiakklem1vi3j5fejp0,100,2,0.4827987330,0
1537412760,Prod-EcsStagingCluster-EcsCluster-1AAGQRFIOE9AE,Service_beiakklem1vi3j5fejp0,100,2,0.4560030173,0
1537415940,Prod-EcsStagingCluster-EcsCluster-1AAGQRFIOE9AE,Service_beiakklem1vi3j5fejp0,100,2,0.4625849577,0
1537419120,Prod-EcsStagingCluster-EcsCluster-1AAGQRFIOE9AE,Service_beiakklem1vi3j5fejp0,100,2,0.4881286532,0
1537393440,Prod-EcsStagingCluster-EcsCluster-1AAGQRFIOE9AE,Service_beiakklem1vi3j5fejp0,100,2,0.4141697199,0
1537390260,Prod-EcsStagingCluster-EcsCluster-1AAGQRFIOE9AE,Service_beiakklem1vi3j5fejp0,100,2,0.4330168187,0
1537383900,Prod-EcsStagingCluster-EcsCluster-1AAGQRFIOE9AE,Service_beiakklem1vi3j5fejp0,100,2,0.6794702935,0
1537387080,Prod-EcsStagingCluster-EcsCluster-1AAGQRFIOE9AE,Service_beiakklem1vi3j5fejp0,100,2,0.4488313897,0
1537415700,Prod-EcsStagingCluster-EcsCluster-1AAGQRFIOE9AE,Service_beiakklem1vi3j5fejp0,100,2,0.4789136288,0
1537418880,Prod-EcsStagingCluster-EcsCluster-1AAGQRFIOE9AE,Service_beiakklem1vi3j5fejp0,100,2,0.4586039742,0
1537347780,Prod-EcsStagingCluster-EcsCluster-1AAGQRFIOE9AE,Service_beiakklem1vi3j5fejp0,100,2,0.4062851916,0
1537350960,Prod-EcsStagingCluster-EcsCluster-1AAGQRFIOE9AE,Service_beiakklem1vi3j5fejp0,100,2,0.4233181871,0
1537409340,Prod-EcsStagingCluster-EcsCluster-1AAGQRFIOE9AE,Service_beiakklem1vi3j5fejp0,100,2,0.4719092280,0
1537412520,Prod-EcsStagingCluster-EcsCluster-1AAGQRFIOE9AE,Service_beiakklem1vi3j5fejp0,100,2,0.4478458836,0
1537373220,Prod-EcsStagingCluster-EcsCluster-1AAGQRFIOE9AE,Service_beiakklem1vi3j5fejp0,100,2,0.4128584019,0
1537366860,Prod-EcsStagingCluster-EcsCluster-1AAGQRFIOE9AE,Service_beiakklem1vi3j5fejp0,100,2,0.4509009733,0
1537394400,Prod-EcsStagingCluster-EcsCluster-1AAGQRFIOE9AE,Service_beiakklem1vi3j5fejp0,100,2,0.4129177224,0
1537388040,Prod-EcsStagingCluster-EcsCluster-1AAGQRFIOE9AE,Service_beiakklem1vi3j5fejp0,100,2,0.4163718769,0
1537419840,Prod-EcsStagingCluster-EcsCluster-1AAGQRFIOE9AE,Service_beiakklem1vi3j5fejp0,100,2,0.4479727971,0
1537351920,Prod-EcsStagingCluster-EcsCluster-1AAGQRFIOE9AE,Service_beiakklem1vi3j5fejp0,100,2,0.4166510276,0
1537413480,Prod-EcsStagingCluster-EcsCluster-1AAGQRFIOE9AE,Service_beiakklem1vi3j5fejp0,100,2,0.4629702764,0
1537345560,Prod-EcsStagingCluster-EcsCluster-1AAGQRFIOE9AE,Service_beiakklem1vi3j5fejp0,100,2,0.4412841889,0
1537377360,Prod-EcsStagingCluster-EcsCluster-1AAGQRFIOE9AE,Service_beiakklem1vi3j5fejp0,100,2,0.4003226235,0
1537371000,Prod-EcsStagingCluster-EcsCluster-1AAGQRFIOE9AE,Service_beiakklem1vi3j5fejp0,100,2,0.4583470656,0
1537347540,Prod-EcsStagingCluster-EcsCluster-1AAGQRFIOE9AE,Service_beiakklem1vi3j5fejp0,100,2,0.4076534469,0
1537345320,Prod-EcsStagingCluster-EcsCluster-1AAGQRFIOE9AE,Service_beiakklem1vi3j5fejp0,100,2,0.4440959638,0
1537417500,Prod-EcsStagingCluster-EcsCluster-1AAGQRFIOE9AE,Service_beiakklem1vi3j5fejp0,100,2,0.4879996971,0
1537423860,Prod-EcsStagingCluster-EcsCluster-1AAGQRFIOE9AE,Service_beiakklem1vi3j5fejp0,100,2,0.4497862393,0
1537351680,Prod-EcsStagingCluster-EcsCluster-1AAGQRFIOE9AE,Service_beiakklem1vi3j5fejp0,100,2,0.4222398159,0
1537375020,Prod-EcsStagingCluster-EcsCluster-1AAGQRFIOE9AE,Service_beiakklem1vi3j5fejp0,100,2,0.4776765040,0
1537381380,Prod-EcsStagingCluster-EcsCluster-1AAGQRFIOE9AE,Service_beiakklem1vi3j5fejp0,100,2,0.4287818847,0
1537400460,Prod-EcsStagingCluster-EcsCluster-1AAGQRFIOE9AE,Service_beiakklem1vi3j5fejp0,100,2,0.4475974436,0
1537406820,Prod-EcsStagingCluster-EcsCluster-1AAGQRFIOE9AE,Service_beiakklem1vi3j5fejp0,100,2,0.4579510553,0
1537428000,Prod-EcsStagingCluster-EcsCluster-1AAGQRFIOE9AE,Service_beiakklem1vi3j5fejp0,100,2,0.4481940944,0
1537421640,Prod-EcsStagingCluster-EcsCluster-1AAGQRFIOE9AE,Service_beiakklem1vi3j5fejp0,100,2,0.4468792367,0
1537385520,Prod-EcsStagingCluster-EcsCluster-1AAGQRFIOE9AE,Service_beiakklem1vi3j5fejp0,100,2,0.4361653733,0
1537379160,Prod-EcsStagingCluster-EcsCluster-1AAGQRFIOE9AE,Service_beiakklem1vi3j5fejp0,100,2,0.4248892344,0
1537404600,Prod-EcsStagingCluster-EcsCluster-1AAGQRFIOE9AE,Service_beiakklem1vi3j5fejp0,100,2,0.4428379539,0
1537410960,Prod-EcsStagingCluster-EcsCluster-1AAGQRFIOE9AE,Service_beiakklem1vi3j5fejp0,100,2,0.4682485085,0
1537358880,Prod-EcsStagingCluster-EcsCluster-1AAGQRFIOE9AE,Service_beiakklem1vi3j5fejp0,100,2,0.4394170072,0
1537349340,Prod-EcsStagingCluster-EcsCluster-1AAGQRFIOE9AE,Service_beiakklem1vi3j5fejp0,100,2,0.4201250754,0
1537380120,Prod-EcsStagingCluster-EcsCluster-1AAGQRFIOE9AE,Service_beiakklem1vi3j5fejp0,100,2,0.4101981986,0
1537383300,Prod-EcsStagingCluster-EcsCluster-1AAGQRFIOE9AE,Service_beiakklem1vi3j5fejp0,100,2,0.4169619207,0
1537384320,Prod-EcsStagingCluster-EcsCluster-1AAGQRFIOE9AE,Service_beiakklem1vi3j5fejp0,100,2,0.4400635930,0
1537405560,Prod-EcsStagingCluster-EcsCluster-1AAGQRFIOE9AE,Service_beiakklem1vi3j5fejp0,100,2,0.4677356610,0
1537408740,Prod-EcsStagingCluster-EcsCluster-1AAGQRFIOE9AE,Service_beiakklem1vi3j5fejp0,100,2,0.4551305704,0
1537374780,Prod-EcsStagingCluster-EcsCluster-1AAGQRFIOE9AE,Service_beiakklem1vi3j5fejp0,100,2,0.4327678779,0
1537408620,Prod-EcsStagingCluster-EcsCluster-1AAGQRFIOE9AE,Service_beiakklem1vi3j5fejp0,100,2,0.4656581992,0
1537418160,Prod-EcsStagingCluster-EcsCluster-1AAGQRFIOE9AE,Service_beiakklem1vi3j5fejp0,100,2,0.4701889023,0
1537354440,Prod-EcsStagingCluster-EcsCluster-1AAGQRFIOE9AE,Service_beiakklem1vi3j5fejp0,100,2,0.3949020484,0
1537357620,Prod-EcsStagingCluster-EcsCluster-1AAGQRFIOE9AE,Service_beiakklem1vi3j5fejp0,100,2,0.4479813219,0
1537379880,Prod-EcsStagingCluster-EcsCluster-1AAGQRFIOE9AE,Service_beiakklem1vi3j5fejp0,100,2,0.4233956370,0
1537383060,Prod-EcsStagingCluster-EcsCluster-1AAGQRFIOE9AE,Service_beiakklem1vi3j5fejp0,100,2,0.4421362967,0
1537392480,Prod-EcsStagingCluster-EcsCluster-1AAGQRFIOE9AE,Service_beiakklem1vi3j5fejp0,100,2,0.4119553051,0
1537413720,Prod-EcsStagingCluster-EcsCluster-1AAGQRFIOE9AE,Service_beiakklem1vi3j5fejp0,100,2,0.5125063752,0
1537416900,Prod-EcsStagingCluster-EcsCluster-1AAGQRFIOE9AE,Service_beiakklem1vi3j5fejp0,100,2,0.4530380888,0
1537382940,Prod-EcsStagingCluster-EcsCluster-1AAGQRFIOE9AE,Service_beiakklem1vi3j5fejp0,100,2,0.4356162752,0
1537417920,Prod-EcsStagingCluster-EcsCluster-1AAGQRFIOE9AE,Service_beiakklem1vi3j5fejp0,100,2,0.4434165692,0
1537350000,Prod-EcsStagingCluster-EcsCluster-1AAGQRFIOE9AE,Service_beiakklem1vi3j5fejp0,100,2,0.4143377023,0
1537408380,Prod-EcsStagingCluster-EcsCluster-1AAGQRFIOE9AE,Service_beiakklem1vi3j5fejp0,100,2,0.4879766023,0
1537375440,Prod-EcsStagingCluster-EcsCluster-1AAGQRFIOE9AE,Service_beiakklem1vi3j5fejp0,100,2,0.4144868367,0
1537365900,Prod-EcsStagingCluster-EcsCluster-1AAGQRFIOE9AE,Service_beiakklem1vi3j5fejp0,100,2,0.4367145100,0
1537376400,Prod-EcsStagingCluster-EcsCluster-1AAGQRFIOE9AE,Service_beiakklem1vi3j5fejp0,100,2,0.4305736537,0
1537391220,Prod-EcsStagingCluster-EcsCluster-1AAGQRFIOE9AE,Service_beiakklem1vi3j5fejp0,100,2,0.4393972025,0
1537416660,Prod-EcsStagingCluster-EcsCluster-1AAGQRFIOE9AE,Service_beiakklem1vi3j5fejp0,100,2,0.4491434787,0
1537348740,Prod-EcsStagingCluster-EcsCluster-1AAGQRFIOE9AE,Service_beiakklem1vi3j5fejp0,100,2,0.4017437513,0
1537374180,Prod-EcsStagingCluster-EcsCluster-1AAGQRFIOE9AE,Service_beiakklem1vi3j5fejp0,100,2,0.4224291301,0
1537389000,Prod-EcsStagingCluster-EcsCluster-1AAGQRFIOE9AE,Service_beiakklem1vi3j5fejp0,100,2,0.4199643120,0
1537346520,Prod-EcsStagingCluster-EcsCluster-1AAGQRFIOE9AE,Service_beiakklem1vi3j5fejp0,100,2,0.4134573115,0
1537414440,Prod-EcsStagingCluster-EcsCluster-1AAGQRFIOE9AE,Service_beiakklem1vi3j5fejp0,100,2,0.4532153202,0
1537371960,Prod-EcsStagingCluster-EcsCluster-1AAGQRFIOE9AE,Service_beiakklem1vi3j5fejp0,100,2,0.4597132521,0
1537416540,Prod-EcsStagingCluster-EcsCluster-1AAGQRFIOE9AE,Service_beiakklem1vi3j5fejp0,100,2,0.4475591143,0
1537350720,Prod-EcsStagingCluster-EcsCluster-1AAGQRFIOE9AE,Service_beiakklem1vi3j5fejp0,100,2,0.4048698082,0
1537374060,Prod-EcsStagingCluster-EcsCluster-1AAGQRFIOE9AE,Service_beiakklem1vi3j5fejp0,100,2,0.4521120830,0
1537399500,Prod-EcsStagingCluster-EcsCluster-1AAGQRFIOE9AE,Service_beiakklem1vi3j5fejp0,100,2,0.4516319919,0
1537348500,Prod-EcsStagingCluster-EcsCluster-1AAGQRFIOE9AE,Service_beiakklem1vi3j5fejp0,100,2,0.3997039666,0
1537427040,Prod-EcsStagingCluster-EcsCluster-1AAGQRFIOE9AE,Service_beiakklem1vi3j5fejp0,100,2,0.4444073941,0
1537384560,Prod-EcsStagingCluster-EcsCluster-1AAGQRFIOE9AE,Service_beiakklem1vi3j5fejp0,100,2,0.4414955034,0
1537410000,Prod-EcsStagingCluster-EcsCluster-1AAGQRFIOE9AE,Service_beiakklem1vi3j5fejp0,100,2,0.4975753580,0
1537346280,Prod-EcsStagingCluster-EcsCluster-1AAGQRFIOE9AE,Service_beiakklem1vi3j5fejp0,100,2,0.4140624915,0
1537424820,Prod-EcsStagingCluster-EcsCluster-1AAGQRFIOE9AE,Service_beiakklem1vi3j5fejp0,100,2,0.5127183685,0
1537348380,Prod-EcsStagingCluster-EcsCluster-1AAGQRFIOE9AE,Service_beiakklem1vi3j5fejp0,100,2,0.4429521097,0
1537382340,Prod-EcsStagingCluster-EcsCluster-1AAGQRFIOE9AE,Service_beiakklem1vi3j5fejp0,100,2,0.4463959724,0
1537407780,Prod-EcsStagingCluster-EcsCluster-1AAGQRFIOE9AE,Service_beiakklem1vi3j5fejp0,100,2,0.4602361378,0
1537373820,Prod-EcsStagingCluster-EcsCluster-1AAGQRFIOE9AE,Service_beiakklem1vi3j5fejp0,100,2,0.4229527161,0
1537422600,Prod-EcsStagingCluster-EcsCluster-1AAGQRFIOE9AE,Service_beiakklem1vi3j5fejp0,100,2,0.4559447275,0
1537407660,Prod-EcsStagingCluster-EcsCluster-1AAGQRFIOE9AE,Service_beiakklem1vi3j5fejp0,100,2,0.4633128829,0
1537420380,Prod-EcsStagingCluster-EcsCluster-1AAGQRFIOE9AE,Service_beiakklem1vi3j5fejp0,100,2,0.4679824054,0
1537387440,Prod-EcsStagingCluster-EcsCluster-1AAGQRFIOE9AE,Service_beiakklem1vi3j5fejp0,100,2,0.3932029522,0
1537381080,Prod-EcsStagingCluster-EcsCluster-1AAGQRFIOE9AE,Service_beiakklem1vi3j5fejp0,100,2,0.4110371804,0
1537384260,Prod-EcsStagingCluster-EcsCluster-1AAGQRFIOE9AE,Service_beiakklem1vi3j5fejp0,100,2,0.4416083819,0
1537412880,Prod-EcsStagingCluster-EcsCluster-1AAGQRFIOE9AE,Service_beiakklem1vi3j5fejp0,100,2,0.4493697175,0
1537406520,Prod-EcsStagingCluster-EcsCluster-1AAGQRFIOE9AE,Service_beiakklem1vi3j5fejp0,100,2,0.5343252222,0
1537409700,Prod-EcsStagingCluster-EcsCluster-1AAGQRFIOE9AE,Service_beiakklem1vi3j5fejp0,100,2,0.4625406130,0
1537391520,Prod-EcsStagingCluster-EcsCluster-1AAGQRFIOE9AE,Service_beiakklem1vi3j5fejp0,100,2,0.4107873062,0
1537385160,Prod-EcsStagingCluster-EcsCluster-1AAGQRFIOE9AE,Service_beiakklem1vi3j5fejp0,100,2,0.4341764502,0
1537388340,Prod-EcsStagingCluster-EcsCluster-1AAGQRFIOE9AE,Service_beiakklem1vi3j5fejp0,100,2,0.4185075412,0
1537416960,Prod-EcsStagingCluster-EcsCluster-1AAGQRFIOE9AE,Service_beiakklem1vi3j5fejp0,100,2,0.4610575082,0
1537352220,Prod-EcsStagingCluster-EcsCluster-1AAGQRFIOE9AE,Service_beiakklem1vi3j5fejp0,100,2,0.4237227510,0
1537410600,Prod-EcsStagingCluster-EcsCluster-1AAGQRFIOE9AE,Service_beiakklem1vi3j5fejp0,100,2,0.4525954379,0
1537413780,Prod-EcsStagingCluster-EcsCluster-1AAGQRFIOE9AE,Service_beiakklem1vi3j5fejp0,100,2,0.4544999740,0
1537377660,Prod-EcsStagingCluster-EcsCluster-1AAGQRFIOE9AE,Service_beiakklem1vi3j5fejp0,100,2,0.4246826256,0
1537364940,Prod-EcsStagingCluster-EcsCluster-1AAGQRFIOE9AE,Service_beiakklem1vi3j5fejp0,100,2,0.4293044236,0
1537414680,Prod-EcsStagingCluster-EcsCluster-1AAGQRFIOE9AE,Service_beiakklem1vi3j5fejp0,100,2,0.4575012082,0
1537417860,Prod-EcsStagingCluster-EcsCluster-1AAGQRFIOE9AE,Service_beiakklem1vi3j5fejp0,100,2,0.4287156645,0
1537421040,Prod-EcsStagingCluster-EcsCluster-1AAGQRFIOE9AE,Service_beiakklem1vi3j5fejp0,100,2,0.4452421737,0
1537345620,Prod-EcsStagingCluster-EcsCluster-1AAGQRFIOE9AE,Service_beiakklem1vi3j5fejp0,100,2,0.4448335870,0
1537415640,Prod-EcsStagingCluster-EcsCluster-1AAGQRFIOE9AE,Service_beiakklem1vi3j5fejp0,100,2,0.5042606421,0
1537422000,Prod-EcsStagingCluster-EcsCluster-1AAGQRFIOE9AE,Service_beiakklem1vi3j5fejp0,100,2,0.4586913812,0
1537349760,Prod-EcsStagingCluster-EcsCluster-1AAGQRFIOE9AE,Service_beiakklem1vi3j5fejp0,100,2,0.4299300928,0
1537373100,Prod-EcsStagingCluster-EcsCluster-1AAGQRFIOE9AE,Service_beiakklem1vi3j5fejp0,100,2,0.4685939536,0
1537421940,Prod-EcsStagingCluster-EcsCluster-1AAGQRFIOE9AE,Service_beiakklem1vi3j5fejp0,100,2,0.4639177274,0
1537398540,Prod-EcsStagingCluster-EcsCluster-1AAGQRFIOE9AE,Service_beiakklem1vi3j5fejp0,100,2,0.4508458318,0
1537385820,Prod-EcsStagingCluster-EcsCluster-1AAGQRFIOE9AE,Service_beiakklem1vi3j5fejp0,100,2,0.4335302232,0
1537349700,Prod-EcsStagingCluster-EcsCluster-1AAGQRFIOE9AE,Service_beiakklem1vi3j5fejp0,100,2,0.4169589901,0
1537411260,Prod-EcsStagingCluster-EcsCluster-1AAGQRFIOE9AE,Service_beiakklem1vi3j5fejp0,100,2,0.4719705814,0
1537375140,Prod-EcsStagingCluster-EcsCluster-1AAGQRFIOE9AE,Service_beiakklem1vi3j5fejp0,100,2,0.4200824423,0
1537419720,Prod-EcsStagingCluster-EcsCluster-1AAGQRFIOE9AE,Service_beiakklem1vi3j5fejp0,100,2,0.4548996223,0
1537426080,Prod-EcsStagingCluster-EcsCluster-1AAGQRFIOE9AE,Service_beiakklem1vi3j5fejp0,100,2,0.4647040233,0
1537347480,Prod-EcsStagingCluster-EcsCluster-1AAGQRFIOE9AE,Service_beiakklem1vi3j5fejp0,100,2,0.4136659542,0
1537353840,Prod-EcsStagingCluster-EcsCluster-1AAGQRFIOE9AE,Service_beiakklem1vi3j5fejp0,100,2,0.4273887952,0
1537372920,Prod-EcsStagingCluster-EcsCluster-1AAGQRFIOE9AE,Service_beiakklem1vi3j5fejp0,100,2,0.4524610319,0
1537379280,Prod-EcsStagingCluster-EcsCluster-1AAGQRFIOE9AE,Service_beiakklem1vi3j5fejp0,100,2,0.4234294776,0
1537353780,Prod-EcsStagingCluster-EcsCluster-1AAGQRFIOE9AE,Service_beiakklem1vi3j5fejp0,100,2,0.4180952952,0
1537379220,Prod-EcsStagingCluster-EcsCluster-1AAGQRFIOE9AE,Service_beiakklem1vi3j5fejp0,100,2,0.4246240890,0
1537351560,Prod-EcsStagingCluster-EcsCluster-1AAGQRFIOE9AE,Service_beiakklem1vi3j5fejp0,100,2,0.4207433649,0
1537357920,Prod-EcsStagingCluster-EcsCluster-1AAGQRFIOE9AE,Service_beiakklem1vi3j5fejp0,100,2,0.4481753359,0
1537406700,Prod-EcsStagingCluster-EcsCluster-1AAGQRFIOE9AE,Service_beiakklem1vi3j5fejp0,100,2,0.4517119225,0
1537377000,Prod-EcsStagingCluster-EcsCluster-1AAGQRFIOE9AE,Service_beiakklem1vi3j5fejp0,100,2,0.4586028872,0
1537383360,Prod-EcsStagingCluster-EcsCluster-1AAGQRFIOE9AE,Service_beiakklem1vi3j5fejp0,100,2,0.4176154921,0
1537419420,Prod-EcsStagingCluster-EcsCluster-1AAGQRFIOE9AE,Service_beiakklem1vi3j5fejp0,100,2,0.4777217110,0
1537352520,Prod-EcsStagingCluster-EcsCluster-1AAGQRFIOE9AE,Service_beiakklem1vi3j5fejp0,100,2,0.4064698877,0
1537355700,Prod-EcsStagingCluster-EcsCluster-1AAGQRFIOE9AE,Service_beiakklem1vi3j5fejp0,100,2,0.4411971890,0
1537386480,Prod-EcsStagingCluster-EcsCluster-1AAGQRFIOE9AE,Service_beiakklem1vi3j5fejp0,100,2,0.4499209998,0
1537411920,Prod-EcsStagingCluster-EcsCluster-1AAGQRFIOE9AE,Service_beiakklem1vi3j5fejp0,100,2,0.5065603977,0
1537377960,Prod-EcsStagingCluster-EcsCluster-1AAGQRFIOE9AE,Service_beiakklem1vi3j5fejp0,100,2,0.4352031547,0
1537381140,Prod-EcsStagingCluster-EcsCluster-1AAGQRFIOE9AE,Service_beiakklem1vi3j5fejp0,100,2,0.4151487633,0
1537390560,Prod-EcsStagingCluster-EcsCluster-1AAGQRFIOE9AE,Service_beiakklem1vi3j5fejp0,100,2,0.4394648826,0
1537351260,Prod-EcsStagingCluster-EcsCluster-1AAGQRFIOE9AE,Service_beiakklem1vi3j5fejp0,100,2,0.4138843098,0
1537385220,Prod-EcsStagingCluster-EcsCluster-1AAGQRFIOE9AE,Service_beiakklem1vi3j5fejp0,100,2,0.4375660562,0
1537416000,Prod-EcsStagingCluster-EcsCluster-1AAGQRFIOE9AE,Service_beiakklem1vi3j5fejp0,100,2,0.4544938914,0
1537382040,Prod-EcsStagingCluster-EcsCluster-1AAGQRFIOE9AE,Service_beiakklem1vi3j5fejp0,100,2,0.4683553799,0
1537410660,Prod-EcsStagingCluster-EcsCluster-1AAGQRFIOE9AE,Service_beiakklem1vi3j5fejp0,100,2,0.4323277693,0
1537376700,Prod-EcsStagingCluster-EcsCluster-1AAGQRFIOE9AE,Service_beiakklem1vi3j5fejp0,100,2,0.4261633486,0
1537407480,Prod-EcsStagingCluster-EcsCluster-1AAGQRFIOE9AE,Service_beiakklem1vi3j5fejp0,100,2,0.4448426315,0
1537363980,Prod-EcsStagingCluster-EcsCluster-1AAGQRFIOE9AE,Service_beiakklem1vi3j5fejp0,100,2,0.4398560723,0
1537389300,Prod-EcsStagingCluster-EcsCluster-1AAGQRFIOE9AE,Service_beiakklem1vi3j5fejp0,100,2,0.4052326038,0
1537420080,Prod-EcsStagingCluster-EcsCluster-1AAGQRFIOE9AE,Service_beiakklem1vi3j5fejp0,100,2,0.4447537504,0
1537386120,Prod-EcsStagingCluster-EcsCluster-1AAGQRFIOE9AE,Service_beiakklem1vi3j5fejp0,100,2,0.4334584050,0
1537411560,Prod-EcsStagingCluster-EcsCluster-1AAGQRFIOE9AE,Service_beiakklem1vi3j5fejp0,100,2,0.4509702903,0
1537414740,Prod-EcsStagingCluster-EcsCluster-1AAGQRFIOE9AE,Service_beiakklem1vi3j5fejp0,100,2,0.4394213958,0
1537347840,Prod-EcsStagingCluster-EcsCluster-1AAGQRFIOE9AE,Service_beiakklem1vi3j5fejp0,100,2,0.4099237797,0
1537348800,Prod-EcsStagingCluster-EcsCluster-1AAGQRFIOE9AE,Service_beiakklem1vi3j5fejp0,100,2,0.4011304788,0
1537372140,Prod-EcsStagingCluster-EcsCluster-1AAGQRFIOE9AE,Service_beiakklem1vi3j5fejp0,100,2,0.4280318130,0
1537397580,Prod-EcsStagingCluster-EcsCluster-1AAGQRFIOE9AE,Service_beiakklem1vi3j5fejp0,100,2,0.4367792841,0
1537418820,Prod-EcsStagingCluster-EcsCluster-1AAGQRFIOE9AE,Service_beiakklem1vi3j5fejp0,100,2,0.4621706297,0
1537384860,Prod-EcsStagingCluster-EcsCluster-1AAGQRFIOE9AE,Service_beiakklem1vi3j5fejp0,100,2,0.4253571504,0
1537410300,Prod-EcsStagingCluster-EcsCluster-1AAGQRFIOE9AE,Service_beiakklem1vi3j5fejp0,100,2,0.4757877266,0
1537346580,Prod-EcsStagingCluster-EcsCluster-1AAGQRFIOE9AE,Service_beiakklem1vi3j5fejp0,100,2,0.4572098349,0
1537425120,Prod-EcsStagingCluster-EcsCluster-1AAGQRFIOE9AE,Service_beiakklem1vi3j5fejp0,100,2,0.4366957196,0
1537416600,Prod-EcsStagingCluster-EcsCluster-1AAGQRFIOE9AE,Service_beiakklem1vi3j5fejp0,100,2,0.4453924121,0
1537352880,Prod-EcsStagingCluster-EcsCluster-1AAGQRFIOE9AE,Service_beiakklem1vi3j5fejp0,100,2,0.4262256017,0
1537378320,Prod-EcsStagingCluster-EcsCluster-1AAGQRFIOE9AE,Service_beiakklem1vi3j5fejp0,100,2,0.4390618018,0
1537422900,Prod-EcsStagingCluster-EcsCluster-1AAGQRFIOE9AE,Service_beiakklem1vi3j5fejp0,100,2,0.5099782092,0
1537350660,Prod-EcsStagingCluster-EcsCluster-1AAGQRFIOE9AE,Service_beiakklem1vi3j5fejp0,100,2,0.4141634622,0
1537376100,Prod-EcsStagingCluster-EcsCluster-1AAGQRFIOE9AE,Service_beiakklem1vi3j5fejp0,100,2,0.4325130518,0
1537420680,Prod-EcsStagingCluster-EcsCluster-1AAGQRFIOE9AE,Service_beiakklem1vi3j5fejp0,100,2,0.4640693815,0
1537356960,Prod-EcsStagingCluster-EcsCluster-1AAGQRFIOE9AE,Service_beiakklem1vi3j5fejp0,100,2,0.4409669804,0
1537405740,Prod-EcsStagingCluster-EcsCluster-1AAGQRFIOE9AE,Service_beiakklem1vi3j5fejp0,100,2,0.4869878382,0
1537348440,Prod-EcsStagingCluster-EcsCluster-1AAGQRFIOE9AE,Service_beiakklem1vi3j5fejp0,100,2,0.4031933186,0
1537382400,Prod-EcsStagingCluster-EcsCluster-1AAGQRFIOE9AE,Service_beiakklem1vi3j5fejp0,100,2,0.4396756129,0
1537431180,Prod-EcsStagingCluster-EcsCluster-1AAGQRFIOE9AE,Service_beiakklem1vi3j5fejp0,100,2,0.4581867979,0
1537373880,Prod-EcsStagingCluster-EcsCluster-1AAGQRFIOE9AE,Service_beiakklem1vi3j5fejp0,100,2,0.4165125763,0
1537418460,Prod-EcsStagingCluster-EcsCluster-1AAGQRFIOE9AE,Service_beiakklem1vi3j5fejp0,100,2,0.4515006697,0
1537354740,Prod-EcsStagingCluster-EcsCluster-1AAGQRFIOE9AE,Service_beiakklem1vi3j5fejp0,100,2,0.4151771124,0
1537380180,Prod-EcsStagingCluster-EcsCluster-1AAGQRFIOE9AE,Service_beiakklem1vi3j5fejp0,100,2,0.4388432073,0
1537389600,Prod-EcsStagingCluster-EcsCluster-1AAGQRFIOE9AE,Service_beiakklem1vi3j5fejp0,100,2,0.4780542034,0
1537380060,Prod-EcsStagingCluster-EcsCluster-1AAGQRFIOE9AE,Service_beiakklem1vi3j5fejp0,100,2,0.4250196459,0
1537383240,Prod-EcsStagingCluster-EcsCluster-1AAGQRFIOE9AE,Service_beiakklem1vi3j5fejp0,100,2,0.4246400085,0
1537386420,Prod-EcsStagingCluster-EcsCluster-1AAGQRFIOE9AE,Service_beiakklem1vi3j5fejp0,100,2,0.4490291252,0
1537366200,Prod-EcsStagingCluster-EcsCluster-1AAGQRFIOE9AE,Service_beiakklem1vi3j5fejp0,100,2,0.4383510754,0
1537369380,Prod-EcsStagingCluster-EcsCluster-1AAGQRFIOE9AE,Service_beiakklem1vi3j5fejp0,100,2,0.4245092404,0
1537372560,Prod-EcsStagingCluster-EcsCluster-1AAGQRFIOE9AE,Service_beiakklem1vi3j5fejp0,100,2,0.4231222278,0
1537345980,Prod-EcsStagingCluster-EcsCluster-1AAGQRFIOE9AE,Service_beiakklem1vi3j5fejp0,100,2,0.4446261553,0
1537349160,Prod-EcsStagingCluster-EcsCluster-1AAGQRFIOE9AE,Service_beiakklem1vi3j5fejp0,100,2,0.3957667083,0
1537352340,Prod-EcsStagingCluster-EcsCluster-1AAGQRFIOE9AE,Service_beiakklem1vi3j5fejp0,100,2,0.4315703088,0
1537355520,Prod-EcsStagingCluster-EcsCluster-1AAGQRFIOE9AE,Service_beiakklem1vi3j5fejp0,100,2,0.4311317101,0
1537389360,Prod-EcsStagingCluster-EcsCluster-1AAGQRFIOE9AE,Service_beiakklem1vi3j5fejp0,100,2,0.4072658743,0
1537386180,Prod-EcsStagingCluster-EcsCluster-1AAGQRFIOE9AE,Service_beiakklem1vi3j5fejp0,100,2,0.4468165398,0
1537383000,Prod-EcsStagingCluster-EcsCluster-1AAGQRFIOE9AE,Service_beiakklem1vi3j5fejp0,100,2,0.4283000223,0
1537405260,Prod-EcsStagingCluster-EcsCluster-1AAGQRFIOE9AE,Service_beiakklem1vi3j5fejp0,100,2,0.4516916839,0
1537413660,Prod-EcsStagingCluster-EcsCluster-1AAGQRFIOE9AE,Service_beiakklem1vi3j5fejp0,100,2,0.4709842913,0
1537371180,Prod-EcsStagingCluster-EcsCluster-1AAGQRFIOE9AE,Service_beiakklem1vi3j5fejp0,100,2,0.4577109156,0
1537416840,Prod-EcsStagingCluster-EcsCluster-1AAGQRFIOE9AE,Service_beiakklem1vi3j5fejp0,100,2,0.4605194438,0
1537420020,Prod-EcsStagingCluster-EcsCluster-1AAGQRFIOE9AE,Service_beiakklem1vi3j5fejp0,100,2,0.4606562241,0
1537423200,Prod-EcsStagingCluster-EcsCluster-1AAGQRFIOE9AE,Service_beiakklem1vi3j5fejp0,100,2,0.4628002433,0
1537399800,Prod-EcsStagingCluster-EcsCluster-1AAGQRFIOE9AE,Service_beiakklem1vi3j5fejp0,100,2,0.4612336109,0
1537402980,Prod-EcsStagingCluster-EcsCluster-1AAGQRFIOE9AE,Service_beiakklem1vi3j5fejp0,100,2,0.4767830343,0
1537406160,Prod-EcsStagingCluster-EcsCluster-1AAGQRFIOE9AE,Service_beiakklem1vi3j5fejp0,100,2,0.4710843816,0
1537379580,Prod-EcsStagingCluster-EcsCluster-1AAGQRFIOE9AE,Service_beiakklem1vi3j5fejp0,100,2,0.3991183554,0
1537385940,Prod-EcsStagingCluster-EcsCluster-1AAGQRFIOE9AE,Service_beiakklem1vi3j5fejp0,100,2,0.4348147894,0
1537417800,Prod-EcsStagingCluster-EcsCluster-1AAGQRFIOE9AE,Service_beiakklem1vi3j5fejp0,100,2,0.4505834660,0
1537424160,Prod-EcsStagingCluster-EcsCluster-1AAGQRFIOE9AE,Service_beiakklem1vi3j5fejp0,100,2,0.4432779252,0
1537407120,Prod-EcsStagingCluster-EcsCluster-1AAGQRFIOE9AE,Service_beiakklem1vi3j5fejp0,100,2,0.4594866187,0
1537400760,Prod-EcsStagingCluster-EcsCluster-1AAGQRFIOE9AE,Service_beiakklem1vi3j5fejp0,100,2,0.5335566347,0
1537383720,Prod-EcsStagingCluster-EcsCluster-1AAGQRFIOE9AE,Service_beiakklem1vi3j5fejp0,100,2,0.4420512822,0
1537351860,Prod-EcsStagingCluster-EcsCluster-1AAGQRFIOE9AE,Service_beiakklem1vi3j5fejp0,100,2,0.4197496479,0
1537390080,Prod-EcsStagingCluster-EcsCluster-1AAGQRFIOE9AE,Service_beiakklem1vi3j5fejp0,100,2,0.4339755733,0
1537419780,Prod-EcsStagingCluster-EcsCluster-1AAGQRFIOE9AE,Service_beiakklem1vi3j5fejp0,100,2,0.4594988416,0
1537345500,Prod-EcsStagingCluster-EcsCluster-1AAGQRFIOE9AE,Service_beiakklem1vi3j5fejp0,100,2,0.4356598899,0
1537423920,Prod-EcsStagingCluster-EcsCluster-1AAGQRFIOE9AE,Service_beiakklem1vi3j5fejp0,100,2,0.4402074360,0
1537356000,Prod-EcsStagingCluster-EcsCluster-1AAGQRFIOE9AE,Service_beiakklem1vi3j5fejp0,100,2,0.4308354175,0
1537417560,Prod-EcsStagingCluster-EcsCluster-1AAGQRFIOE9AE,Service_beiakklem1vi3j5fejp0,100,2,0.4452676479,0
1537349640,Prod-EcsStagingCluster-EcsCluster-1AAGQRFIOE9AE,Service_beiakklem1vi3j5fejp0,100,2,0.4148737732,0
1537404780,Prod-EcsStagingCluster-EcsCluster-1AAGQRFIOE9AE,Service_beiakklem1vi3j5fejp0,100,2,0.4476627248,0
1537419540,Prod-EcsStagingCluster-EcsCluster-1AAGQRFIOE9AE,Service_beiakklem1vi3j5fejp0,100,2,0.4923056623,0
1537351620,Prod-EcsStagingCluster-EcsCluster-1AAGQRFIOE9AE,Service_beiakklem1vi3j5fejp0,100,2,0.3858898313,0
1537413180,Prod-EcsStagingCluster-EcsCluster-1AAGQRFIOE9AE,Service_beiakklem1vi3j5fejp0,100,2,0.4433568785,0
1537370700,Prod-EcsStagingCluster-EcsCluster-1AAGQRFIOE9AE,Service_beiakklem1vi3j5fejp0,100,2,0.4649781031,0
1537417320,Prod-EcsStagingCluster-EcsCluster-1AAGQRFIOE9AE,Service_beiakklem1vi3j5fejp0,100,2,0.7293411136,0
1537423680,Prod-EcsStagingCluster-EcsCluster-1AAGQRFIOE9AE,Service_beiakklem1vi3j5fejp0,100,2,0.4447159941,0
1537349400,Prod-EcsStagingCluster-EcsCluster-1AAGQRFIOE9AE,Service_beiakklem1vi3j5fejp0,100,2,0.4249870026,0
1537355760,Prod-EcsStagingCluster-EcsCluster-1AAGQRFIOE9AE,Service_beiakklem1vi3j5fejp0,100,2,0.4428631522,0
1537379100,Prod-EcsStagingCluster-EcsCluster-1AAGQRFIOE9AE,Service_beiakklem1vi3j5fejp0,100,2,0.4053389795,0
1537385460,Prod-EcsStagingCluster-EcsCluster-1AAGQRFIOE9AE,Service_beiakklem1vi3j5fejp0,100,2,0.4471007238,0
1537418280,Prod-EcsStagingCluster-EcsCluster-1AAGQRFIOE9AE,Service_beiakklem1vi3j5fejp0,100,2,0.4750434191,0
1537421460,Prod-EcsStagingCluster-EcsCluster-1AAGQRFIOE9AE,Service_beiakklem1vi3j5fejp0,100,2,0.5035530122,0
1537350360,Prod-EcsStagingCluster-EcsCluster-1AAGQRFIOE9AE,Service_beiakklem1vi3j5fejp0,100,2,0.4136045836,0
1537353540,Prod-EcsStagingCluster-EcsCluster-1AAGQRFIOE9AE,Service_beiakklem1vi3j5fejp0,100,2,0.4185232097,0
1537371600,Prod-EcsStagingCluster-EcsCluster-1AAGQRFIOE9AE,Service_beiakklem1vi3j5fejp0,100,2,0.4350651115,0
1537354560,Prod-EcsStagingCluster-EcsCluster-1AAGQRFIOE9AE,Service_beiakklem1vi3j5fejp0,100,2,0.4077062639,0
1537384200,Prod-EcsStagingCluster-EcsCluster-1AAGQRFIOE9AE,Service_beiakklem1vi3j5fejp0,100,2,0.4494587684,0
1537387380,Prod-EcsStagingCluster-EcsCluster-1AAGQRFIOE9AE,Service_beiakklem1vi3j5fejp0,100,2,0.4666816934,0
1537388400,Prod-EcsStagingCluster-EcsCluster-1AAGQRFIOE9AE,Service_beiakklem1vi3j5fejp0,100,2,0.4085503118,0
1537404300,Prod-EcsStagingCluster-EcsCluster-1AAGQRFIOE9AE,Service_beiakklem1vi3j5fejp0,100,2,0.4843340410,0
1537367160,Prod-EcsStagingCluster-EcsCluster-1AAGQRFIOE9AE,Service_beiakklem1vi3j5fejp0,100,2,0.4396737050,0
1537370340,Prod-EcsStagingCluster-EcsCluster-1AAGQRFIOE9AE,Service_beiakklem1vi3j5fejp0,100,2,0.4459031962,0
1537412700,Prod-EcsStagingCluster-EcsCluster-1AAGQRFIOE9AE,Service_beiakklem1vi3j5fejp0,100,2,0.4544645020,0
1537350120,Prod-EcsStagingCluster-EcsCluster-1AAGQRFIOE9AE,Service_beiakklem1vi3j5fejp0,100,2,0.3821388833,0
1537353300,Prod-EcsStagingCluster-EcsCluster-1AAGQRFIOE9AE,Service_beiakklem1vi3j5fejp0,100,2,0.4233843818,0
1537370220,Prod-EcsStagingCluster-EcsCluster-1AAGQRFIOE9AE,Service_beiakklem1vi3j5fejp0,100,2,0.4653405675,0
1537422240,Prod-EcsStagingCluster-EcsCluster-1AAGQRFIOE9AE,Service_beiakklem1vi3j5fejp0,100,2,0.4491688350,0
1537383960,Prod-EcsStagingCluster-EcsCluster-1AAGQRFIOE9AE,Service_beiakklem1vi3j5fejp0,100,2,0.4241485663,0
1537387140,Prod-EcsStagingCluster-EcsCluster-1AAGQRFIOE9AE,Service_beiakklem1vi3j5fejp0,100,2,0.4542990773,0
1537405200,Prod-EcsStagingCluster-EcsCluster-1AAGQRFIOE9AE,Service_beiakklem1vi3j5fejp0,100,2,0.4397147123,0
1537378620,Prod-EcsStagingCluster-EcsCluster-1AAGQRFIOE9AE,Service_beiakklem1vi3j5fejp0,100,2,0.4275198674,0
1537388160,Prod-EcsStagingCluster-EcsCluster-1AAGQRFIOE9AE,Service_beiakklem1vi3j5fejp0,100,2,0.4135432658,0
1537420980,Prod-EcsStagingCluster-EcsCluster-1AAGQRFIOE9AE,Service_beiakklem1vi3j5fejp0,100,2,0.5169345394,0
1537389120,Prod-EcsStagingCluster-EcsCluster-1AAGQRFIOE9AE,Service_beiakklem1vi3j5fejp0,100,2,0.4242608912,0
1537403940,Prod-EcsStagingCluster-EcsCluster-1AAGQRFIOE9AE,Service_beiakklem1vi3j5fejp0,100,2,0.4554257753,0
1537386900,Prod-EcsStagingCluster-EcsCluster-1AAGQRFIOE9AE,Service_beiakklem1vi3j5fejp0,100,2,0.4865710549,0
1537418760,Prod-EcsStagingCluster-EcsCluster-1AAGQRFIOE9AE,Service_beiakklem1vi3j5fejp0,100,2,0.4719716089,0
1537355040,Prod-EcsStagingCluster-EcsCluster-1AAGQRFIOE9AE,Service_beiakklem1vi3j5fejp0,100,2,0.4108857100,0
1537422960,Prod-EcsStagingCluster-EcsCluster-1AAGQRFIOE9AE,Service_beiakklem1vi3j5fejp0,100,2,0.4347423829,0
1537403820,Prod-EcsStagingCluster-EcsCluster-1AAGQRFIOE9AE,Service_beiakklem1vi3j5fejp0,100,2,0.4447953689,0
1537401720,Prod-EcsStagingCluster-EcsCluster-1AAGQRFIOE9AE,Service_beiakklem1vi3j5fejp0,100,2,0.4531331551,0
1537384680,Prod-EcsStagingCluster-EcsCluster-1AAGQRFIOE9AE,Service_beiakklem1vi3j5fejp0,100,2,0.4788171156,0
1537352820,Prod-EcsStagingCluster-EcsCluster-1AAGQRFIOE9AE,Service_beiakklem1vi3j5fejp0,100,2,0.4367577325,0
1537420740,Prod-EcsStagingCluster-EcsCluster-1AAGQRFIOE9AE,Service_beiakklem1vi3j5fejp0,100,2,0.4708268095,0
1537412220,Prod-EcsStagingCluster-EcsCluster-1AAGQRFIOE9AE,Service_beiakklem1vi3j5fejp0,100,2,0.4470976645,0
1537369740,Prod-EcsStagingCluster-EcsCluster-1AAGQRFIOE9AE,Service_beiakklem1vi3j5fejp0,100,2,0.4545988680,0
1537350600,Prod-EcsStagingCluster-EcsCluster-1AAGQRFIOE9AE,Service_beiakklem1vi3j5fejp0,100,2,0.4079189677,0
1537418520,Prod-EcsStagingCluster-EcsCluster-1AAGQRFIOE9AE,Service_beiakklem1vi3j5fejp0,100,2,0.4618932072,0
1537422720,Prod-EcsStagingCluster-EcsCluster-1AAGQRFIOE9AE,Service_beiakklem1vi3j5fejp0,100,2,0.4715540205,0
1537354800,Prod-EcsStagingCluster-EcsCluster-1AAGQRFIOE9AE,Service_beiakklem1vi3j5fejp0,100,2,0.4196030316,0
1537378140,Prod-EcsStagingCluster-EcsCluster-1AAGQRFIOE9AE,Service_beiakklem1vi3j5fejp0,100,2,0.4131265677,0
1537420500,Prod-EcsStagingCluster-EcsCluster-1AAGQRFIOE9AE,Service_beiakklem1vi3j5fejp0,100,2,0.4632029530,0
1537352580,Prod-EcsStagingCluster-EcsCluster-1AAGQRFIOE9AE,Service_beiakklem1vi3j5fejp0,100,2,0.4131472360,0
1537388640,Prod-EcsStagingCluster-EcsCluster-1AAGQRFIOE9AE,Service_beiakklem1vi3j5fejp0,100,2,0.4267442969,0
1537350420,Prod-EcsStagingCluster-EcsCluster-1AAGQRFIOE9AE,Service_beiakklem1vi3j5fejp0,100,2,0.4602655767,0
1537353600,Prod-EcsStagingCluster-EcsCluster-1AAGQRFIOE9AE,Service_beiakklem1vi3j5fejp0,100,2,0.4183019390,0
1537416060,Prod-EcsStagingCluster-EcsCluster-1AAGQRFIOE9AE,Service_beiakklem1vi3j5fejp0,100,2,0.5036993795,0
1537351320,Prod-EcsStagingCluster-EcsCluster-1AAGQRFIOE9AE,Service_beiakklem1vi3j5fejp0,100,2,0.4171187434,0
1537354500,Prod-EcsStagingCluster-EcsCluster-1AAGQRFIOE9AE,Service_beiakklem1vi3j5fejp0,100,2,0.4172603008,0
1537403340,Prod-EcsStagingCluster-EcsCluster-1AAGQRFIOE9AE,Service_beiakklem1vi3j5fejp0,100,2,0.4525202396,0
1537357680,Prod-EcsStagingCluster-EcsCluster-1AAGQRFIOE9AE,Service_beiakklem1vi3j5fejp0,100,2,0.4505303405,0
1537414920,Prod-EcsStagingCluster-EcsCluster-1AAGQRFIOE9AE,Service_beiakklem1vi3j5fejp0,100,2,0.4566764611,0
1537369260,Prod-EcsStagingCluster-EcsCluster-1AAGQRFIOE9AE,Service_beiakklem1vi3j5fejp0,100,2,0.4339141329,0
1537418100,Prod-EcsStagingCluster-EcsCluster-1AAGQRFIOE9AE,Service_beiakklem1vi3j5fejp0,100,2,0.4548343619,0
1537421280,Prod-EcsStagingCluster-EcsCluster-1AAGQRFIOE9AE,Service_beiakklem1vi3j5fejp0,100,2,0.4658311583,0
1537381980,Prod-EcsStagingCluster-EcsCluster-1AAGQRFIOE9AE,Service_beiakklem1vi3j5fejp0,100,2,0.4522647431,0
1537374480,Prod-EcsStagingCluster-EcsCluster-1AAGQRFIOE9AE,Service_beiakklem1vi3j5fejp0,100,2,0.4290395424,0
1537380840,Prod-EcsStagingCluster-EcsCluster-1AAGQRFIOE9AE,Service_beiakklem1vi3j5fejp0,100,2,0.4229580285,0
1537384020,Prod-EcsStagingCluster-EcsCluster-1AAGQRFIOE9AE,Service_beiakklem1vi3j5fejp0,100,2,0.4414676437,0
1537387200,Prod-EcsStagingCluster-EcsCluster-1AAGQRFIOE9AE,Service_beiakklem1vi3j5fejp0,100,2,0.4447323704,0
1537368120,Prod-EcsStagingCluster-EcsCluster-1AAGQRFIOE9AE,Service_beiakklem1vi3j5fejp0,100,2,0.4442944060,0
1537371300,Prod-EcsStagingCluster-EcsCluster-1AAGQRFIOE9AE,Service_beiakklem1vi3j5fejp0,100,2,0.5340640945,0
1537347900,Prod-EcsStagingCluster-EcsCluster-1AAGQRFIOE9AE,Service_beiakklem1vi3j5fejp0,100,2,0.4176119478,0
1537353120,Prod-EcsStagingCluster-EcsCluster-1AAGQRFIOE9AE,Service_beiakklem1vi3j5fejp0,100,2,0.4695154717,0
1537346760,Prod-EcsStagingCluster-EcsCluster-1AAGQRFIOE9AE,Service_beiakklem1vi3j5fejp0,100,2,0.4529993880,0
1537349940,Prod-EcsStagingCluster-EcsCluster-1AAGQRFIOE9AE,Service_beiakklem1vi3j5fejp0,100,2,0.4078283650,0
1537391280,Prod-EcsStagingCluster-EcsCluster-1AAGQRFIOE9AE,Service_beiakklem1vi3j5fejp0,100,2,0.4334835789,0
1537384920,Prod-EcsStagingCluster-EcsCluster-1AAGQRFIOE9AE,Service_beiakklem1vi3j5fejp0,100,2,0.4454502261,0
1537388100,Prod-EcsStagingCluster-EcsCluster-1AAGQRFIOE9AE,Service_beiakklem1vi3j5fejp0,100,2,0.4070108082,0
1537354080,Prod-EcsStagingCluster-EcsCluster-1AAGQRFIOE9AE,Service_beiakklem1vi3j5fejp0,100,2,0.4129774094,0
1537347720,Prod-EcsStagingCluster-EcsCluster-1AAGQRFIOE9AE,Service_beiakklem1vi3j5fejp0,100,2,0.4246410909,0
1537392240,Prod-EcsStagingCluster-EcsCluster-1AAGQRFIOE9AE,Service_beiakklem1vi3j5fejp0,100,2,0.4028533964,0
1537402860,Prod-EcsStagingCluster-EcsCluster-1AAGQRFIOE9AE,Service_beiakklem1vi3j5fejp0,100,2,0.4690922709,0
1537415580,Prod-EcsStagingCluster-EcsCluster-1AAGQRFIOE9AE,Service_beiakklem1vi3j5fejp0,100,2,0.4780818556,0
1537385880,Prod-EcsStagingCluster-EcsCluster-1AAGQRFIOE9AE,Service_beiakklem1vi3j5fejp0,100,2,0.4428505985,0
1537417620,Prod-EcsStagingCluster-EcsCluster-1AAGQRFIOE9AE,Service_beiakklem1vi3j5fejp0,100,2,0.4493499267,0
1537404900,Prod-EcsStagingCluster-EcsCluster-1AAGQRFIOE9AE,Service_beiakklem1vi3j5fejp0,100,2,0.4785086640,0
1537381500,Prod-EcsStagingCluster-EcsCluster-1AAGQRFIOE9AE,Service_beiakklem1vi3j5fejp0,100,2,0.4232917883,0
1537368780,Prod-EcsStagingCluster-EcsCluster-1AAGQRFIOE9AE,Service_beiakklem1vi3j5fejp0,100,2,0.4883401257,0
1537415400,Prod-EcsStagingCluster-EcsCluster-1AAGQRFIOE9AE,Service_beiakklem1vi3j5fejp0,100,2,0.4743623521,0
1537421760,Prod-EcsStagingCluster-EcsCluster-1AAGQRFIOE9AE,Service_beiakklem1vi3j5fejp0,100,2,0.4488086528,0
1537409040,Prod-EcsStagingCluster-EcsCluster-1AAGQRFIOE9AE,Service_beiakklem1vi3j5fejp0,100,2,0.4647457834,0
1537402680,Prod-EcsStagingCluster-EcsCluster-1AAGQRFIOE9AE,Service_beiakklem1vi3j5fejp0,100,2,0.5289828809,0
1537383540,Prod-EcsStagingCluster-EcsCluster-1AAGQRFIOE9AE,Service_beiakklem1vi3j5fejp0,100,2,0.4396892966,0
1537421700,Prod-EcsStagingCluster-EcsCluster-1AAGQRFIOE9AE,Service_beiakklem1vi3j5fejp0,100,2,0.4397592545,0
1537347420,Prod-EcsStagingCluster-EcsCluster-1AAGQRFIOE9AE,Service_beiakklem1vi3j5fejp0,100,2,0.3890026492,0
1537381320,Prod-EcsStagingCluster-EcsCluster-1AAGQRFIOE9AE,Service_beiakklem1vi3j5fejp0,100,2,0.4133134019,0
1537387680,Prod-EcsStagingCluster-EcsCluster-1AAGQRFIOE9AE,Service_beiakklem1vi3j5fejp0,100,2,0.3816146769,0
1537425840,Prod-EcsStagingCluster-EcsCluster-1AAGQRFIOE9AE,Service_beiakklem1vi3j5fejp0,100,2,0.4761025922,0
1537419480,Prod-EcsStagingCluster-EcsCluster-1AAGQRFIOE9AE,Service_beiakklem1vi3j5fejp0,100,2,0.4476906658,0
1537349460,Prod-EcsStagingCluster-EcsCluster-1AAGQRFIOE9AE,Service_beiakklem1vi3j5fejp0,100,2,0.4152915918,0
1537347240,Prod-EcsStagingCluster-EcsCluster-1AAGQRFIOE9AE,Service_beiakklem1vi3j5fejp0,100,2,0.3989044501,0
1537423620,Prod-EcsStagingCluster-EcsCluster-1AAGQRFIOE9AE,Service_beiakklem1vi3j5fejp0,100,2,0.4461338242,0
1537420440,Prod-EcsStagingCluster-EcsCluster-1AAGQRFIOE9AE,Service_beiakklem1vi3j5fejp0,100,2,0.4608603901,0
1537415100,Prod-EcsStagingCluster-EcsCluster-1AAGQRFIOE9AE,Service_beiakklem1vi3j5fejp0,100,2,0.4604493342,0
1537356720,Prod-EcsStagingCluster-EcsCluster-1AAGQRFIOE9AE,Service_beiakklem1vi3j5fejp0,100,2,0.4328915762,0
1537402380,Prod-EcsStagingCluster-EcsCluster-1AAGQRFIOE9AE,Service_beiakklem1vi3j5fejp0,100,2,0.4623412643,0
1537348200,Prod-EcsStagingCluster-EcsCluster-1AAGQRFIOE9AE,Service_beiakklem1vi3j5fejp0,100,2,0.4100747423,0
1537351380,Prod-EcsStagingCluster-EcsCluster-1AAGQRFIOE9AE,Service_beiakklem1vi3j5fejp0,100,2,0.4138904838,0
1537368300,Prod-EcsStagingCluster-EcsCluster-1AAGQRFIOE9AE,Service_beiakklem1vi3j5fejp0,100,2,0.4496448172,0
1537420320,Prod-EcsStagingCluster-EcsCluster-1AAGQRFIOE9AE,Service_beiakklem1vi3j5fejp0,100,2,0.4682878140,0
1537381020,Prod-EcsStagingCluster-EcsCluster-1AAGQRFIOE9AE,Service_beiakklem1vi3j5fejp0,100,2,0.4132242711,0
1537352280,Prod-EcsStagingCluster-EcsCluster-1AAGQRFIOE9AE,Service_beiakklem1vi3j5fejp0,100,2,0.4172665795,0
1537355460,Prod-EcsStagingCluster-EcsCluster-1AAGQRFIOE9AE,Service_beiakklem1vi3j5fejp0,100,2,0.4431913796,0
1537386240,Prod-EcsStagingCluster-EcsCluster-1AAGQRFIOE9AE,Service_beiakklem1vi3j5fejp0,100,2,0.4563681275,0
1537373520,Prod-EcsStagingCluster-EcsCluster-1AAGQRFIOE9AE,Service_beiakklem1vi3j5fejp0,100,2,0.4090213794,0
1537346940,Prod-EcsStagingCluster-EcsCluster-1AAGQRFIOE9AE,Service_beiakklem1vi3j5fejp0,100,2,0.4146687032,0
1537415880,Prod-EcsStagingCluster-EcsCluster-1AAGQRFIOE9AE,Service_beiakklem1vi3j5fejp0,100,2,0.4499495381,0
1537419060,Prod-EcsStagingCluster-EcsCluster-1AAGQRFIOE9AE,Service_beiakklem1vi3j5fejp0,100,2,0.4793389058,0
1537352160,Prod-EcsStagingCluster-EcsCluster-1AAGQRFIOE9AE,Service_beiakklem1vi3j5fejp0,100,2,0.4160361919,0
1537390320,Prod-EcsStagingCluster-EcsCluster-1AAGQRFIOE9AE,Service_beiakklem1vi3j5fejp0,100,2,0.4330993932,0
1537381800,Prod-EcsStagingCluster-EcsCluster-1AAGQRFIOE9AE,Service_beiakklem1vi3j5fejp0,100,2,0.4528718962,0
1537384980,Prod-EcsStagingCluster-EcsCluster-1AAGQRFIOE9AE,Service_beiakklem1vi3j5fejp0,100,2,0.4215506796,0
1537369080,Prod-EcsStagingCluster-EcsCluster-1AAGQRFIOE9AE,Service_beiakklem1vi3j5fejp0,100,2,0.4317117863,0
1537372260,Prod-EcsStagingCluster-EcsCluster-1AAGQRFIOE9AE,Service_beiakklem1vi3j5fejp0,100,2,0.4153349982,0
1537401900,Prod-EcsStagingCluster-EcsCluster-1AAGQRFIOE9AE,Service_beiakklem1vi3j5fejp0,100,2,0.4645599399,0
1537414620,Prod-EcsStagingCluster-EcsCluster-1AAGQRFIOE9AE,Service_beiakklem1vi3j5fejp0,100,2,0.4379269024,0
1537382760,Prod-EcsStagingCluster-EcsCluster-1AAGQRFIOE9AE,Service_beiakklem1vi3j5fejp0,100,2,0.4330214343,0
1537370040,Prod-EcsStagingCluster-EcsCluster-1AAGQRFIOE9AE,Service_beiakklem1vi3j5fejp0,100,2,0.4488927184,0
1537350900,Prod-EcsStagingCluster-EcsCluster-1AAGQRFIOE9AE,Service_beiakklem1vi3j5fejp0,100,2,0.4197148167,0
1537389060,Prod-EcsStagingCluster-EcsCluster-1AAGQRFIOE9AE,Service_beiakklem1vi3j5fejp0,100,2,0.4071436939,0
1537380540,Prod-EcsStagingCluster-EcsCluster-1AAGQRFIOE9AE,Service_beiakklem1vi3j5fejp0,100,2,0.4103001832,0
1537367820,Prod-EcsStagingCluster-EcsCluster-1AAGQRFIOE9AE,Service_beiakklem1vi3j5fejp0,100,2,0.4498369465,0
1537348680,Prod-EcsStagingCluster-EcsCluster-1AAGQRFIOE9AE,Service_beiakklem1vi3j5fejp0,100,2,0.4016394483,0
1537420800,Prod-EcsStagingCluster-EcsCluster-1AAGQRFIOE9AE,Service_beiakklem1vi3j5fejp0,100,2,0.4699202589,0
1537386840,Prod-EcsStagingCluster-EcsCluster-1AAGQRFIOE9AE,Service_beiakklem1vi3j5fejp0,100,2,0.4667877368,0
1537408080,Prod-EcsStagingCluster-EcsCluster-1AAGQRFIOE9AE,Service_beiakklem1vi3j5fejp0,100,2,0.5196973525,0
1537346460,Prod-EcsStagingCluster-EcsCluster-1AAGQRFIOE9AE,Service_beiakklem1vi3j5fejp0,100,2,0.4127027863,0
1537418580,Prod-EcsStagingCluster-EcsCluster-1AAGQRFIOE9AE,Service_beiakklem1vi3j5fejp0,100,2,0.4618930074,0
1537405860,Prod-EcsStagingCluster-EcsCluster-1AAGQRFIOE9AE,Service_beiakklem1vi3j5fejp0,100,2,0.4949056187,0
1537386720,Prod-EcsStagingCluster-EcsCluster-1AAGQRFIOE9AE,Service_beiakklem1vi3j5fejp0,100,2,0.4651451422,0
1537424880,Prod-EcsStagingCluster-EcsCluster-1AAGQRFIOE9AE,Service_beiakklem1vi3j5fejp0,100,2,0.4337052635,0
1537416360,Prod-EcsStagingCluster-EcsCluster-1AAGQRFIOE9AE,Service_beiakklem1vi3j5fejp0,100,2,0.4377735719,0
1537403640,Prod-EcsStagingCluster-EcsCluster-1AAGQRFIOE9AE,Service_beiakklem1vi3j5fejp0,100,2,0.4548440682,0
1537384500,Prod-EcsStagingCluster-EcsCluster-1AAGQRFIOE9AE,Service_beiakklem1vi3j5fejp0,100,2,0.4255899101,0
1537422660,Prod-EcsStagingCluster-EcsCluster-1AAGQRFIOE9AE,Service_beiakklem1vi3j5fejp0,100,2,0.4716383221,0
1537352640,Prod-EcsStagingCluster-EcsCluster-1AAGQRFIOE9AE,Service_beiakklem1vi3j5fejp0,100,2,0.4134895880,0
1537414140,Prod-EcsStagingCluster-EcsCluster-1AAGQRFIOE9AE,Service_beiakklem1vi3j5fejp0,100,2,0.4490489926,0
1537401420,Prod-EcsStagingCluster-EcsCluster-1AAGQRFIOE9AE,Service_beiakklem1vi3j5fejp0,100,2,0.4664703385,0
1537382280,Prod-EcsStagingCluster-EcsCluster-1AAGQRFIOE9AE,Service_beiakklem1vi3j5fejp0,100,2,0.4381958848,0
1537409820,Prod-EcsStagingCluster-EcsCluster-1AAGQRFIOE9AE,Service_beiakklem1vi3j5fejp0,100,2,0.4726431164,0
1537416180,Prod-EcsStagingCluster-EcsCluster-1AAGQRFIOE9AE,Service_beiakklem1vi3j5fejp0,100,2,0.4268323239,0
1537393920,Prod-EcsStagingCluster-EcsCluster-1AAGQRFIOE9AE,Service_beiakklem1vi3j5fejp0,100,2,0.4120304414,0
1537387560,Prod-EcsStagingCluster-EcsCluster-1AAGQRFIOE9AE,Service_beiakklem1vi3j5fejp0,100,2,0.4233874172,0
1537373700,Prod-EcsStagingCluster-EcsCluster-1AAGQRFIOE9AE,Service_beiakklem1vi3j5fejp0,100,2,0.4088670752,0
1537348260,Prod-EcsStagingCluster-EcsCluster-1AAGQRFIOE9AE,Service_beiakklem1vi3j5fejp0,100,2,0.4090662259,0
1537392780,Prod-EcsStagingCluster-EcsCluster-1AAGQRFIOE9AE,Service_beiakklem1vi3j5fejp0,100,2,0.4120606504,0
1537399140,Prod-EcsStagingCluster-EcsCluster-1AAGQRFIOE9AE,Service_beiakklem1vi3j5fejp0,100,2,0.4731226458,0
1537424580,Prod-EcsStagingCluster-EcsCluster-1AAGQRFIOE9AE,Service_beiakklem1vi3j5fejp0,100,2,0.4444915541,0
1537351200,Prod-EcsStagingCluster-EcsCluster-1AAGQRFIOE9AE,Service_beiakklem1vi3j5fejp0,100,2,0.4065531010,0
1537395720,Prod-EcsStagingCluster-EcsCluster-1AAGQRFIOE9AE,Service_beiakklem1vi3j5fejp0,100,2,0.4357641076,0
1537367100,Prod-EcsStagingCluster-EcsCluster-1AAGQRFIOE9AE,Service_beiakklem1vi3j5fejp0,100,2,0.4414389348,0
1537373460,Prod-EcsStagingCluster-EcsCluster-1AAGQRFIOE9AE,Service_beiakklem1vi3j5fejp0,100,2,0.4055364401,0
1537417980,Prod-EcsStagingCluster-EcsCluster-1AAGQRFIOE9AE,Service_beiakklem1vi3j5fejp0,100,2,0.4588595180,0
1537424340,Prod-EcsStagingCluster-EcsCluster-1AAGQRFIOE9AE,Service_beiakklem1vi3j5fejp0,100,2,0.4859995929,0
1537350060,Prod-EcsStagingCluster-EcsCluster-1AAGQRFIOE9AE,Service_beiakklem1vi3j5fejp0,100,2,0.4102265179,0
1537353240,Prod-EcsStagingCluster-EcsCluster-1AAGQRFIOE9AE,Service_beiakklem1vi3j5fejp0,100,2,0.4158889760,0
1537402080,Prod-EcsStagingCluster-EcsCluster-1AAGQRFIOE9AE,Service_beiakklem1vi3j5fejp0,100,2,0.4621219498,0
1537378680,Prod-EcsStagingCluster-EcsCluster-1AAGQRFIOE9AE,Service_beiakklem1vi3j5fejp0,100,2,0.4278372284,0
1537359600,Prod-EcsStagingCluster-EcsCluster-1AAGQRFIOE9AE,Service_beiakklem1vi3j5fejp0,100,2,0.4522358076,0
1537404120,Prod-EcsStagingCluster-EcsCluster-1AAGQRFIOE9AE,Service_beiakklem1vi3j5fejp0,100,2,0.4740531739,0
1537410480,Prod-EcsStagingCluster-EcsCluster-1AAGQRFIOE9AE,Service_beiakklem1vi3j5fejp0,100,2,0.4484467963,0
1537400940,Prod-EcsStagingCluster-EcsCluster-1AAGQRFIOE9AE,Service_beiakklem1vi3j5fejp0,100,2,0.4690192521,0
1537385040,Prod-EcsStagingCluster-EcsCluster-1AAGQRFIOE9AE,Service_beiakklem1vi3j5fejp0,100,2,0.4364330230,0
1537429560,Prod-EcsStagingCluster-EcsCluster-1AAGQRFIOE9AE,Service_beiakklem1vi3j5fejp0,100,2,0.4466461933,0
1537375260,Prod-EcsStagingCluster-EcsCluster-1AAGQRFIOE9AE,Service_beiakklem1vi3j5fejp0,100,2,0.4309455176,0
1537381620,Prod-EcsStagingCluster-EcsCluster-1AAGQRFIOE9AE,Service_beiakklem1vi3j5fejp0,100,2,0.4518792291,0
1537426140,Prod-EcsStagingCluster-EcsCluster-1AAGQRFIOE9AE,Service_beiakklem1vi3j5fejp0,100,2,0.4547022110,0
1537358220,Prod-EcsStagingCluster-EcsCluster-1AAGQRFIOE9AE,Service_beiakklem1vi3j5fejp0,100,2,0.4289007565,0
1537390020,Prod-EcsStagingCluster-EcsCluster-1AAGQRFIOE9AE,Service_beiakklem1vi3j5fejp0,100,2,0.4205803754,0
1537364580,Prod-EcsStagingCluster-EcsCluster-1AAGQRFIOE9AE,Service_beiakklem1vi3j5fejp0,100,2,0.4309523442,0
1537409100,Prod-EcsStagingCluster-EcsCluster-1AAGQRFIOE9AE,Service_beiakklem1vi3j5fejp0,100,2,0.4693884410,0
1537415460,Prod-EcsStagingCluster-EcsCluster-1AAGQRFIOE9AE,Service_beiakklem1vi3j5fejp0,100,2,0.4743188830,0
1537379400,Prod-EcsStagingCluster-EcsCluster-1AAGQRFIOE9AE,Service_beiakklem1vi3j5fejp0,100,2,0.4252819433,0
1537385760,Prod-EcsStagingCluster-EcsCluster-1AAGQRFIOE9AE,Service_beiakklem1vi3j5fejp0,100,2,0.4351283605,0
1537430280,Prod-EcsStagingCluster-EcsCluster-1AAGQRFIOE9AE,Service_beiakklem1vi3j5fejp0,100,2,0.4690531066,0
1537362360,Prod-EcsStagingCluster-EcsCluster-1AAGQRFIOE9AE,Service_beiakklem1vi3j5fejp0,100,2,0.4372816087,0
1537394160,Prod-EcsStagingCluster-EcsCluster-1AAGQRFIOE9AE,Service_beiakklem1vi3j5fejp0,100,2,0.4135212467,0
1537387800,Prod-EcsStagingCluster-EcsCluster-1AAGQRFIOE9AE,Service_beiakklem1vi3j5fejp0,100,2,0.3963742823,0
1537368720,Prod-EcsStagingCluster-EcsCluster-1AAGQRFIOE9AE,Service_beiakklem1vi3j5fejp0,100,2,0.4481939132,0
1537413240,Prod-EcsStagingCluster-EcsCluster-1AAGQRFIOE9AE,Service_beiakklem1vi3j5fejp0,100,2,0.4504559060,0
1537419600,Prod-EcsStagingCluster-EcsCluster-1AAGQRFIOE9AE,Service_beiakklem1vi3j5fejp0,100,2,0.4348582954,0
1537383420,Prod-EcsStagingCluster-EcsCluster-1AAGQRFIOE9AE,Service_beiakklem1vi3j5fejp0,100,2,0.4331351939,0
1537389780,Prod-EcsStagingCluster-EcsCluster-1AAGQRFIOE9AE,Service_beiakklem1vi3j5fejp0,100,2,0.4029982525,0
1537366380,Prod-EcsStagingCluster-EcsCluster-1AAGQRFIOE9AE,Service_beiakklem1vi3j5fejp0,100,2,0.4323474163,0
1537426800,Prod-EcsStagingCluster-EcsCluster-1AAGQRFIOE9AE,Service_beiakklem1vi3j5fejp0,100,2,0.4697506787,0
1537417260,Prod-EcsStagingCluster-EcsCluster-1AAGQRFIOE9AE,Service_beiakklem1vi3j5fejp0,100,2,0.4494307224,0
1537363080,Prod-EcsStagingCluster-EcsCluster-1AAGQRFIOE9AE,Service_beiakklem1vi3j5fejp0,100,2,0.4444111396,0
1537413960,Prod-EcsStagingCluster-EcsCluster-1AAGQRFIOE9AE,Service_beiakklem1vi3j5fejp0,100,2,0.4625063526,0
1537391700,Prod-EcsStagingCluster-EcsCluster-1AAGQRFIOE9AE,Service_beiakklem1vi3j5fejp0,100,2,0.4018682189,0
1537371480,Prod-EcsStagingCluster-EcsCluster-1AAGQRFIOE9AE,Service_beiakklem1vi3j5fejp0,100,2,0.4394779771,0
1537346040,Prod-EcsStagingCluster-EcsCluster-1AAGQRFIOE9AE,Service_beiakklem1vi3j5fejp0,100,2,0.4652757300,0
1537396920,Prod-EcsStagingCluster-EcsCluster-1AAGQRFIOE9AE,Service_beiakklem1vi3j5fejp0,100,2,0.4485615637,0
1537422360,Prod-EcsStagingCluster-EcsCluster-1AAGQRFIOE9AE,Service_beiakklem1vi3j5fejp0,100,2,0.4468174655,0
1537391580,Prod-EcsStagingCluster-EcsCluster-1AAGQRFIOE9AE,Service_beiakklem1vi3j5fejp0,100,2,0.3973324593,0
1537375680,Prod-EcsStagingCluster-EcsCluster-1AAGQRFIOE9AE,Service_beiakklem1vi3j5fejp0,100,2,0.4322750425,0
1537374540,Prod-EcsStagingCluster-EcsCluster-1AAGQRFIOE9AE,Service_beiakklem1vi3j5fejp0,100,2,0.4335665770,0
1537426560,Prod-EcsStagingCluster-EcsCluster-1AAGQRFIOE9AE,Service_beiakklem1vi3j5fejp0,100,2,0.4542667826,0
1537425420,Prod-EcsStagingCluster-EcsCluster-1AAGQRFIOE9AE,Service_beiakklem1vi3j5fejp0,100,2,0.4538375778,0
1537348980,Prod-EcsStagingCluster-EcsCluster-1AAGQRFIOE9AE,Service_beiakklem1vi3j5fejp0,100,2,0.3830170483,0
1537371240,Prod-EcsStagingCluster-EcsCluster-1AAGQRFIOE9AE,Service_beiakklem1vi3j5fejp0,100,2,0.4542999273,0
1537422120,Prod-EcsStagingCluster-EcsCluster-1AAGQRFIOE9AE,Service_beiakklem1vi3j5fejp0,100,2,0.4767934727,0
1537399860,Prod-EcsStagingCluster-EcsCluster-1AAGQRFIOE9AE,Service_beiakklem1vi3j5fejp0,100,2,0.4577065843,0
1537357380,Prod-EcsStagingCluster-EcsCluster-1AAGQRFIOE9AE,Service_beiakklem1vi3j5fejp0,100,2,0.4165742550,0
1537408260,Prod-EcsStagingCluster-EcsCluster-1AAGQRFIOE9AE,Service_beiakklem1vi3j5fejp0,100,2,0.4725019027,0
1537348860,Prod-EcsStagingCluster-EcsCluster-1AAGQRFIOE9AE,Service_beiakklem1vi3j5fejp0,100,2,0.3832720096,0
1537382820,Prod-EcsStagingCluster-EcsCluster-1AAGQRFIOE9AE,Service_beiakklem1vi3j5fejp0,100,2,0.4322185229,0
1537399740,Prod-EcsStagingCluster-EcsCluster-1AAGQRFIOE9AE,Service_beiakklem1vi3j5fejp0,100,2,0.4628652313,0
1537355160,Prod-EcsStagingCluster-EcsCluster-1AAGQRFIOE9AE,Service_beiakklem1vi3j5fejp0,100,2,0.4087580053,0
1537380600,Prod-EcsStagingCluster-EcsCluster-1AAGQRFIOE9AE,Service_beiakklem1vi3j5fejp0,100,2,0.4130266690,0
1537406040,Prod-EcsStagingCluster-EcsCluster-1AAGQRFIOE9AE,Service_beiakklem1vi3j5fejp0,100,2,0.4715220495,0
1537359360,Prod-EcsStagingCluster-EcsCluster-1AAGQRFIOE9AE,Service_beiakklem1vi3j5fejp0,100,2,0.4490093541,0
1537382700,Prod-EcsStagingCluster-EcsCluster-1AAGQRFIOE9AE,Service_beiakklem1vi3j5fejp0,100,2,0.4891075648,0
1537431480,Prod-EcsStagingCluster-EcsCluster-1AAGQRFIOE9AE,Service_beiakklem1vi3j5fejp0,100,2,0.4412501231,0
1537410240,Prod-EcsStagingCluster-EcsCluster-1AAGQRFIOE9AE,Service_beiakklem1vi3j5fejp0,100,2,0.4713910951,0
1537357140,Prod-EcsStagingCluster-EcsCluster-1AAGQRFIOE9AE,Service_beiakklem1vi3j5fejp0,100,2,0.4355281547,0
1537408020,Prod-EcsStagingCluster-EcsCluster-1AAGQRFIOE9AE,Service_beiakklem1vi3j5fejp0,100,2,0.4707014119,0
1537357020,Prod-EcsStagingCluster-EcsCluster-1AAGQRFIOE9AE,Service_beiakklem1vi3j5fejp0,100,2,0.4343726332,0
1537354920,Prod-EcsStagingCluster-EcsCluster-1AAGQRFIOE9AE,Service_beiakklem1vi3j5fejp0,100,2,0.4200965356,0
1537407900,Prod-EcsStagingCluster-EcsCluster-1AAGQRFIOE9AE,Service_beiakklem1vi3j5fejp0,100,2,0.4554544939,0
1537405800,Prod-EcsStagingCluster-EcsCluster-1AAGQRFIOE9AE,Service_beiakklem1vi3j5fejp0,100,2,0.4753094091,0
1537390860,Prod-EcsStagingCluster-EcsCluster-1AAGQRFIOE9AE,Service_beiakklem1vi3j5fejp0,100,2,0.4349037786,0
1537367520,Prod-EcsStagingCluster-EcsCluster-1AAGQRFIOE9AE,Service_beiakklem1vi3j5fejp0,100,2,0.4765526688,0
1537418400,Prod-EcsStagingCluster-EcsCluster-1AAGQRFIOE9AE,Service_beiakklem1vi3j5fejp0,100,2,0.4525524798,0
1537375920,Prod-EcsStagingCluster-EcsCluster-1AAGQRFIOE9AE,Service_beiakklem1vi3j5fejp0,100,2,0.4141377319,0
1537350480,Prod-EcsStagingCluster-EcsCluster-1AAGQRFIOE9AE,Service_beiakklem1vi3j5fejp0,100,2,0.4017242167,0
1537401360,Prod-EcsStagingCluster-EcsCluster-1AAGQRFIOE9AE,Service_beiakklem1vi3j5fejp0,100,2,0.4547015847,0
1537365300,Prod-EcsStagingCluster-EcsCluster-1AAGQRFIOE9AE,Service_beiakklem1vi3j5fejp0,100,2,0.4388996034,0
1537421520,Prod-EcsStagingCluster-EcsCluster-1AAGQRFIOE9AE,Service_beiakklem1vi3j5fejp0,100,2,0.4424777693,0
1537349280,Prod-EcsStagingCluster-EcsCluster-1AAGQRFIOE9AE,Service_beiakklem1vi3j5fejp0,100,2,0.4143440068,0
1537393800,Prod-EcsStagingCluster-EcsCluster-1AAGQRFIOE9AE,Service_beiakklem1vi3j5fejp0,100,2,0.4106538910,0
1537371540,Prod-EcsStagingCluster-EcsCluster-1AAGQRFIOE9AE,Service_beiakklem1vi3j5fejp0,100,2,0.4475448446,0
1537422420,Prod-EcsStagingCluster-EcsCluster-1AAGQRFIOE9AE,Service_beiakklem1vi3j5fejp0,100,2,0.4516623253,0
1537348140,Prod-EcsStagingCluster-EcsCluster-1AAGQRFIOE9AE,Service_beiakklem1vi3j5fejp0,100,2,0.4044256289,0
1537400160,Prod-EcsStagingCluster-EcsCluster-1AAGQRFIOE9AE,Service_beiakklem1vi3j5fejp0,100,2,0.4613700840,0
1537360860,Prod-EcsStagingCluster-EcsCluster-1AAGQRFIOE9AE,Service_beiakklem1vi3j5fejp0,100,2,0.4660938920,0
1537411740,Prod-EcsStagingCluster-EcsCluster-1AAGQRFIOE9AE,Service_beiakklem1vi3j5fejp0,100,2,0.4509004884,0
1537399020,Prod-EcsStagingCluster-EcsCluster-1AAGQRFIOE9AE,Service_beiakklem1vi3j5fejp0,100,2,0.4638796723,0
1537350180,Prod-EcsStagingCluster-EcsCluster-1AAGQRFIOE9AE,Service_beiakklem1vi3j5fejp0,100,2,0.4164653156,0
1537401060,Prod-EcsStagingCluster-EcsCluster-1AAGQRFIOE9AE,Service_beiakklem1vi3j5fejp0,100,2,0.5136438328,0
1537375620,Prod-EcsStagingCluster-EcsCluster-1AAGQRFIOE9AE,Service_beiakklem1vi3j5fejp0,100,2,0.4283157648,0
1537426500,Prod-EcsStagingCluster-EcsCluster-1AAGQRFIOE9AE,Service_beiakklem1vi3j5fejp0,100,2,0.4519163240,0
1537379700,Prod-EcsStagingCluster-EcsCluster-1AAGQRFIOE9AE,Service_beiakklem1vi3j5fejp0,100,2,0.3962769682,0
1537351080,Prod-EcsStagingCluster-EcsCluster-1AAGQRFIOE9AE,Service_beiakklem1vi3j5fejp0,100,2,0.4184281930,0
1537357440,Prod-EcsStagingCluster-EcsCluster-1AAGQRFIOE9AE,Service_beiakklem1vi3j5fejp0,100,2,0.4437169467,0
1537401960,Prod-EcsStagingCluster-EcsCluster-1AAGQRFIOE9AE,Service_beiakklem1vi3j5fejp0,100,2,0.4645789359,0
1537430580,Prod-EcsStagingCluster-EcsCluster-1AAGQRFIOE9AE,Service_beiakklem1vi3j5fejp0,100,2,0.4744652518,0
1537356300,Prod-EcsStagingCluster-EcsCluster-1AAGQRFIOE9AE,Service_beiakklem1vi3j5fejp0,100,2,0.4123423742,0
1537408320,Prod-EcsStagingCluster-EcsCluster-1AAGQRFIOE9AE,Service_beiakklem1vi3j5fejp0,100,2,0.4618311855,0
1537369020,Prod-EcsStagingCluster-EcsCluster-1AAGQRFIOE9AE,Service_beiakklem1vi3j5fejp0,100,2,0.4341654832,0
1537419900,Prod-EcsStagingCluster-EcsCluster-1AAGQRFIOE9AE,Service_beiakklem1vi3j5fejp0,100,2,0.4656232750,0
1537407180,Prod-EcsStagingCluster-EcsCluster-1AAGQRFIOE9AE,Service_beiakklem1vi3j5fejp0,100,2,0.4633316764,0
1537383840,Prod-EcsStagingCluster-EcsCluster-1AAGQRFIOE9AE,Service_beiakklem1vi3j5fejp0,100,2,0.4567460288,0
1537428360,Prod-EcsStagingCluster-EcsCluster-1AAGQRFIOE9AE,Service_beiakklem1vi3j5fejp0,100,2,0.4568939801,0
1537387860,Prod-EcsStagingCluster-EcsCluster-1AAGQRFIOE9AE,Service_beiakklem1vi3j5fejp0,100,2,0.4015914124,0
1537364460,Prod-EcsStagingCluster-EcsCluster-1AAGQRFIOE9AE,Service_beiakklem1vi3j5fejp0,100,2,0.4341943886,0
1537377180,Prod-EcsStagingCluster-EcsCluster-1AAGQRFIOE9AE,Service_beiakklem1vi3j5fejp0,100,2,0.4105748581,0
1537385640,Prod-EcsStagingCluster-EcsCluster-1AAGQRFIOE9AE,Service_beiakklem1vi3j5fejp0,100,2,0.4491776545,0
1537428060,Prod-EcsStagingCluster-EcsCluster-1AAGQRFIOE9AE,Service_beiakklem1vi3j5fejp0,100,2,0.4593662123,0
1537392000,Prod-EcsStagingCluster-EcsCluster-1AAGQRFIOE9AE,Service_beiakklem1vi3j5fejp0,100,2,0.3979375523,0
1537415340,Prod-EcsStagingCluster-EcsCluster-1AAGQRFIOE9AE,Service_beiakklem1vi3j5fejp0,100,2,0.4651280950,0
1537391940,Prod-EcsStagingCluster-EcsCluster-1AAGQRFIOE9AE,Service_beiakklem1vi3j5fejp0,100,2,0.4058010101,0
1537366500,Prod-EcsStagingCluster-EcsCluster-1AAGQRFIOE9AE,Service_beiakklem1vi3j5fejp0,100,2,0.4283667481,0
1537417380,Prod-EcsStagingCluster-EcsCluster-1AAGQRFIOE9AE,Service_beiakklem1vi3j5fejp0,100,2,0.4482683649,0
1537389720,Prod-EcsStagingCluster-EcsCluster-1AAGQRFIOE9AE,Service_beiakklem1vi3j5fejp0,100,2,0.4128950179,0
1537364280,Prod-EcsStagingCluster-EcsCluster-1AAGQRFIOE9AE,Service_beiakklem1vi3j5fejp0,100,2,0.7198496909,0
1537370640,Prod-EcsStagingCluster-EcsCluster-1AAGQRFIOE9AE,Service_beiakklem1vi3j5fejp0,100,2,0.4600784902,0
1537415160,Prod-EcsStagingCluster-EcsCluster-1AAGQRFIOE9AE,Service_beiakklem1vi3j5fejp0,100,2,0.4620619272,0
1537396080,Prod-EcsStagingCluster-EcsCluster-1AAGQRFIOE9AE,Service_beiakklem1vi3j5fejp0,100,2,0.4457609438,0
1537373760,Prod-EcsStagingCluster-EcsCluster-1AAGQRFIOE9AE,Service_beiakklem1vi3j5fejp0,100,2,0.4191235788,0
1537424640,Prod-EcsStagingCluster-EcsCluster-1AAGQRFIOE9AE,Service_beiakklem1vi3j5fejp0,100,2,0.4477606355,0
1537393860,Prod-EcsStagingCluster-EcsCluster-1AAGQRFIOE9AE,Service_beiakklem1vi3j5fejp0,100,2,0.4094843202,0
1537368420,Prod-EcsStagingCluster-EcsCluster-1AAGQRFIOE9AE,Service_beiakklem1vi3j5fejp0,100,2,0.4351035856,0
1537419300,Prod-EcsStagingCluster-EcsCluster-1AAGQRFIOE9AE,Service_beiakklem1vi3j5fejp0,100,2,0.4383283897,0
1537372620,Prod-EcsStagingCluster-EcsCluster-1AAGQRFIOE9AE,Service_beiakklem1vi3j5fejp0,100,2,0.4521349834,0
1537385340,Prod-EcsStagingCluster-EcsCluster-1AAGQRFIOE9AE,Service_beiakklem1vi3j5fejp0,100,2,0.4570404784,0
1537423500,Prod-EcsStagingCluster-EcsCluster-1AAGQRFIOE9AE,Service_beiakklem1vi3j5fejp0,100,2,0.4384122455,0
1537352400,Prod-EcsStagingCluster-EcsCluster-1AAGQRFIOE9AE,Service_beiakklem1vi3j5fejp0,100,2,0.4243555797,0
1537347060,Prod-EcsStagingCluster-EcsCluster-1AAGQRFIOE9AE,Service_beiakklem1vi3j5fejp0,100,2,0.4118627630,0
1537377840,Prod-EcsStagingCluster-EcsCluster-1AAGQRFIOE9AE,Service_beiakklem1vi3j5fejp0,100,2,0.4153699795,0
1537397940,Prod-EcsStagingCluster-EcsCluster-1AAGQRFIOE9AE,Service_beiakklem1vi3j5fejp0,100,2,0.4522048460,0
1537428720,Prod-EcsStagingCluster-EcsCluster-1AAGQRFIOE9AE,Service_beiakklem1vi3j5fejp0,100,2,0.4413646524,0
1537403280,Prod-EcsStagingCluster-EcsCluster-1AAGQRFIOE9AE,Service_beiakklem1vi3j5fejp0,100,2,0.4669771591,0
1537369320,Prod-EcsStagingCluster-EcsCluster-1AAGQRFIOE9AE,Service_beiakklem1vi3j5fejp0,100,2,0.4542205812,0
1537420200,Prod-EcsStagingCluster-EcsCluster-1AAGQRFIOE9AE,Service_beiakklem1vi3j5fejp0,100,2,0.4561081421,0
1537373400,Prod-EcsStagingCluster-EcsCluster-1AAGQRFIOE9AE,Service_beiakklem1vi3j5fejp0,100,2,0.4152933039,0
1537347960,Prod-EcsStagingCluster-EcsCluster-1AAGQRFIOE9AE,Service_beiakklem1vi3j5fejp0,100,2,0.4087698075,0
1537381920,Prod-EcsStagingCluster-EcsCluster-1AAGQRFIOE9AE,Service_beiakklem1vi3j5fejp0,100,2,0.4513688804,0
1537398840,Prod-EcsStagingCluster-EcsCluster-1AAGQRFIOE9AE,Service_beiakklem1vi3j5fejp0,100,2,0.4541843466,0
1537424280,Prod-EcsStagingCluster-EcsCluster-1AAGQRFIOE9AE,Service_beiakklem1vi3j5fejp0,100,2,0.4486674292,0
1537393500,Prod-EcsStagingCluster-EcsCluster-1AAGQRFIOE9AE,Service_beiakklem1vi3j5fejp0,100,2,0.4162183899,0
1537380780,Prod-EcsStagingCluster-EcsCluster-1AAGQRFIOE9AE,Service_beiakklem1vi3j5fejp0,100,2,0.4833236847,0
1537431660,Prod-EcsStagingCluster-EcsCluster-1AAGQRFIOE9AE,Service_beiakklem1vi3j5fejp0,100,2,0.4418678371,0
1537377480,Prod-EcsStagingCluster-EcsCluster-1AAGQRFIOE9AE,Service_beiakklem1vi3j5fejp0,100,2,0.4120732351,0
1537355220,Prod-EcsStagingCluster-EcsCluster-1AAGQRFIOE9AE,Service_beiakklem1vi3j5fejp0,100,2,0.4175290874,0
1537406100,Prod-EcsStagingCluster-EcsCluster-1AAGQRFIOE9AE,Service_beiakklem1vi3j5fejp0,100,2,0.4745063057,0
1537361520,Prod-EcsStagingCluster-EcsCluster-1AAGQRFIOE9AE,Service_beiakklem1vi3j5fejp0,100,2,0.4411306093,0
1537412400,Prod-EcsStagingCluster-EcsCluster-1AAGQRFIOE9AE,Service_beiakklem1vi3j5fejp0,100,2,0.4645630910,0
1537353000,Prod-EcsStagingCluster-EcsCluster-1AAGQRFIOE9AE,Service_beiakklem1vi3j5fejp0,100,2,0.4362430240,0
1537386960,Prod-EcsStagingCluster-EcsCluster-1AAGQRFIOE9AE,Service_beiakklem1vi3j5fejp0,100,2,0.4504377114,0
1537403880,Prod-EcsStagingCluster-EcsCluster-1AAGQRFIOE9AE,Service_beiakklem1vi3j5fejp0,100,2,0.4536264590,0
1537359300,Prod-EcsStagingCluster-EcsCluster-1AAGQRFIOE9AE,Service_beiakklem1vi3j5fejp0,100,2,0.4466417112,0
1537410180,Prod-EcsStagingCluster-EcsCluster-1AAGQRFIOE9AE,Service_beiakklem1vi3j5fejp0,100,2,0.4654248109,0
1537350780,Prod-EcsStagingCluster-EcsCluster-1AAGQRFIOE9AE,Service_beiakklem1vi3j5fejp0,100,2,0.4091340221,0
1537384740,Prod-EcsStagingCluster-EcsCluster-1AAGQRFIOE9AE,Service_beiakklem1vi3j5fejp0,100,2,0.4431481815,0
1537401660,Prod-EcsStagingCluster-EcsCluster-1AAGQRFIOE9AE,Service_beiakklem1vi3j5fejp0,100,2,0.4560243369,0
1537388940,Prod-EcsStagingCluster-EcsCluster-1AAGQRFIOE9AE,Service_beiakklem1vi3j5fejp0,100,2,0.4186676967,0
1537365600,Prod-EcsStagingCluster-EcsCluster-1AAGQRFIOE9AE,Service_beiakklem1vi3j5fejp0,100,2,0.4725847847,0
1537416480,Prod-EcsStagingCluster-EcsCluster-1AAGQRFIOE9AE,Service_beiakklem1vi3j5fejp0,100,2,0.4510631026,0
1537357080,Prod-EcsStagingCluster-EcsCluster-1AAGQRFIOE9AE,Service_beiakklem1vi3j5fejp0,100,2,0.4151226290,0
1537407960,Prod-EcsStagingCluster-EcsCluster-1AAGQRFIOE9AE,Service_beiakklem1vi3j5fejp0,100,2,0.4787463735,0
1537382520,Prod-EcsStagingCluster-EcsCluster-1AAGQRFIOE9AE,Service_beiakklem1vi3j5fejp0,100,2,0.4689289618,0
1537363380,Prod-EcsStagingCluster-EcsCluster-1AAGQRFIOE9AE,Service_beiakklem1vi3j5fejp0,100,2,0.4352326611,0
1537414260,Prod-EcsStagingCluster-EcsCluster-1AAGQRFIOE9AE,Service_beiakklem1vi3j5fejp0,100,2,0.4472449582,0
1537361160,Prod-EcsStagingCluster-EcsCluster-1AAGQRFIOE9AE,Service_beiakklem1vi3j5fejp0,100,2,0.4414286766,0
1537412040,Prod-EcsStagingCluster-EcsCluster-1AAGQRFIOE9AE,Service_beiakklem1vi3j5fejp0,100,2,0.4568180037,0
1537346220,Prod-EcsStagingCluster-EcsCluster-1AAGQRFIOE9AE,Service_beiakklem1vi3j5fejp0,100,2,0.4141948439,0
1537358940,Prod-EcsStagingCluster-EcsCluster-1AAGQRFIOE9AE,Service_beiakklem1vi3j5fejp0,100,2,0.4423319263,0
1537397100,Prod-EcsStagingCluster-EcsCluster-1AAGQRFIOE9AE,Service_beiakklem1vi3j5fejp0,100,2,0.4359912755,0
1537360980,Prod-EcsStagingCluster-EcsCluster-1AAGQRFIOE9AE,Service_beiakklem1vi3j5fejp0,100,2,0.4277507128,0
1537425720,Prod-EcsStagingCluster-EcsCluster-1AAGQRFIOE9AE,Service_beiakklem1vi3j5fejp0,100,2,0.4414926669,0
1537354620,Prod-EcsStagingCluster-EcsCluster-1AAGQRFIOE9AE,Service_beiakklem1vi3j5fejp0,100,2,0.3940945088,0
1537411860,Prod-EcsStagingCluster-EcsCluster-1AAGQRFIOE9AE,Service_beiakklem1vi3j5fejp0,100,2,0.4501680290,0
1537405500,Prod-EcsStagingCluster-EcsCluster-1AAGQRFIOE9AE,Service_beiakklem1vi3j5fejp0,100,2,0.4771356640,0
1537347120,Prod-EcsStagingCluster-EcsCluster-1AAGQRFIOE9AE,Service_beiakklem1vi3j5fejp0,100,2,0.4090564318,0
1537391640,Prod-EcsStagingCluster-EcsCluster-1AAGQRFIOE9AE,Service_beiakklem1vi3j5fejp0,100,2,0.3934020129,0
1537398000,Prod-EcsStagingCluster-EcsCluster-1AAGQRFIOE9AE,Service_beiakklem1vi3j5fejp0,100,2,0.4642068092,0
1537371420,Prod-EcsStagingCluster-EcsCluster-1AAGQRFIOE9AE,Service_beiakklem1vi3j5fejp0,100,2,0.4486767188,0
1537377780,Prod-EcsStagingCluster-EcsCluster-1AAGQRFIOE9AE,Service_beiakklem1vi3j5fejp0,100,2,0.4201682017,0
1537428660,Prod-EcsStagingCluster-EcsCluster-1AAGQRFIOE9AE,Service_beiakklem1vi3j5fejp0,100,2,0.4386434824,0
1537360740,Prod-EcsStagingCluster-EcsCluster-1AAGQRFIOE9AE,Service_beiakklem1vi3j5fejp0,100,2,0.4373043029,0
1537422300,Prod-EcsStagingCluster-EcsCluster-1AAGQRFIOE9AE,Service_beiakklem1vi3j5fejp0,100,2,0.4467096543,0
1537411620,Prod-EcsStagingCluster-EcsCluster-1AAGQRFIOE9AE,Service_beiakklem1vi3j5fejp0,100,2,0.4582906601,0
1537346880,Prod-EcsStagingCluster-EcsCluster-1AAGQRFIOE9AE,Service_beiakklem1vi3j5fejp0,100,2,0.4098250352,0
1537397760,Prod-EcsStagingCluster-EcsCluster-1AAGQRFIOE9AE,Service_beiakklem1vi3j5fejp0,100,2,0.4491117713,0
1537391400,Prod-EcsStagingCluster-EcsCluster-1AAGQRFIOE9AE,Service_beiakklem1vi3j5fejp0,100,2,0.3886445562,0
1537345740,Prod-EcsStagingCluster-EcsCluster-1AAGQRFIOE9AE,Service_beiakklem1vi3j5fejp0,100,2,0.4499438401,0
1537396620,Prod-EcsStagingCluster-EcsCluster-1AAGQRFIOE9AE,Service_beiakklem1vi3j5fejp0,100,2,0.4303872823,0
1537377540,Prod-EcsStagingCluster-EcsCluster-1AAGQRFIOE9AE,Service_beiakklem1vi3j5fejp0,100,2,0.4100507423,0
1537428420,Prod-EcsStagingCluster-EcsCluster-1AAGQRFIOE9AE,Service_beiakklem1vi3j5fejp0,100,2,0.4542289053,0
1537357320,Prod-EcsStagingCluster-EcsCluster-1AAGQRFIOE9AE,Service_beiakklem1vi3j5fejp0,100,2,0.4399387406,0
1537375320,Prod-EcsStagingCluster-EcsCluster-1AAGQRFIOE9AE,Service_beiakklem1vi3j5fejp0,100,2,0.4372638983,0
1537381680,Prod-EcsStagingCluster-EcsCluster-1AAGQRFIOE9AE,Service_beiakklem1vi3j5fejp0,100,2,0.4450084010,0
1537426200,Prod-EcsStagingCluster-EcsCluster-1AAGQRFIOE9AE,Service_beiakklem1vi3j5fejp0,100,2,0.4510312338,0
1537362540,Prod-EcsStagingCluster-EcsCluster-1AAGQRFIOE9AE,Service_beiakklem1vi3j5fejp0,100,2,0.4273013523,0
1537413420,Prod-EcsStagingCluster-EcsCluster-1AAGQRFIOE9AE,Service_beiakklem1vi3j5fejp0,100,2,0.4674367153,0
1537370940,Prod-EcsStagingCluster-EcsCluster-1AAGQRFIOE9AE,Service_beiakklem1vi3j5fejp0,100,2,0.4454244712,0
1537377300,Prod-EcsStagingCluster-EcsCluster-1AAGQRFIOE9AE,Service_beiakklem1vi3j5fejp0,100,2,0.4075195408,0
1537421820,Prod-EcsStagingCluster-EcsCluster-1AAGQRFIOE9AE,Service_beiakklem1vi3j5fejp0,100,2,0.4393181993,0
1537428180,Prod-EcsStagingCluster-EcsCluster-1AAGQRFIOE9AE,Service_beiakklem1vi3j5fejp0,100,2,0.4540379344,0
1537381440,Prod-EcsStagingCluster-EcsCluster-1AAGQRFIOE9AE,Service_beiakklem1vi3j5fejp0,100,2,0.4267072790,0
1537375080,Prod-EcsStagingCluster-EcsCluster-1AAGQRFIOE9AE,Service_beiakklem1vi3j5fejp0,100,2,0.4485804148,0
1537394100,Prod-EcsStagingCluster-EcsCluster-1AAGQRFIOE9AE,Service_beiakklem1vi3j5fejp0,100,2,0.4168562001,0
1537387740,Prod-EcsStagingCluster-EcsCluster-1AAGQRFIOE9AE,Service_beiakklem1vi3j5fejp0,100,2,0.3977559476,0
1537425960,Prod-EcsStagingCluster-EcsCluster-1AAGQRFIOE9AE,Service_beiakklem1vi3j5fejp0,100,2,0.4772777671,0
1537377060,Prod-EcsStagingCluster-EcsCluster-1AAGQRFIOE9AE,Service_beiakklem1vi3j5fejp0,100,2,0.4215283158,0
1537347360,Prod-EcsStagingCluster-EcsCluster-1AAGQRFIOE9AE,Service_beiakklem1vi3j5fejp0,100,2,0.3950791561,0
1537391880,Prod-EcsStagingCluster-EcsCluster-1AAGQRFIOE9AE,Service_beiakklem1vi3j5fejp0,100,2,0.3994175223,0
1537398240,Prod-EcsStagingCluster-EcsCluster-1AAGQRFIOE9AE,Service_beiakklem1vi3j5fejp0,100,2,0.4495063641,0
1537427940,Prod-EcsStagingCluster-EcsCluster-1AAGQRFIOE9AE,Service_beiakklem1vi3j5fejp0,100,2,0.4651839437,0
1537374840,Prod-EcsStagingCluster-EcsCluster-1AAGQRFIOE9AE,Service_beiakklem1vi3j5fejp0,100,2,0.4441614143,0
1537381200,Prod-EcsStagingCluster-EcsCluster-1AAGQRFIOE9AE,Service_beiakklem1vi3j5fejp0,100,2,0.4201944413,0
1537396020,Prod-EcsStagingCluster-EcsCluster-1AAGQRFIOE9AE,Service_beiakklem1vi3j5fejp0,100,2,0.4554054555,0
1537414080,Prod-EcsStagingCluster-EcsCluster-1AAGQRFIOE9AE,Service_beiakklem1vi3j5fejp0,100,2,0.4743811459,0
1537362060,Prod-EcsStagingCluster-EcsCluster-1AAGQRFIOE9AE,Service_beiakklem1vi3j5fejp0,100,2,0.4214298447,0
1537412940,Prod-EcsStagingCluster-EcsCluster-1AAGQRFIOE9AE,Service_beiakklem1vi3j5fejp0,100,2,0.4453778424,0
1537378980,Prod-EcsStagingCluster-EcsCluster-1AAGQRFIOE9AE,Service_beiakklem1vi3j5fejp0,100,2,0.4281671377,0
1537380000,Prod-EcsStagingCluster-EcsCluster-1AAGQRFIOE9AE,Service_beiakklem1vi3j5fejp0,100,2,0.4131226689,0
1537429860,Prod-EcsStagingCluster-EcsCluster-1AAGQRFIOE9AE,Service_beiakklem1vi3j5fejp0,100,2,0.4579461989,0
1537358760,Prod-EcsStagingCluster-EcsCluster-1AAGQRFIOE9AE,Service_beiakklem1vi3j5fejp0,100,2,0.4433278586,0
1537430880,Prod-EcsStagingCluster-EcsCluster-1AAGQRFIOE9AE,Service_beiakklem1vi3j5fejp0,100,2,0.5067418035,0
1537362960,Prod-EcsStagingCluster-EcsCluster-1AAGQRFIOE9AE,Service_beiakklem1vi3j5fejp0,100,2,0.4368430183,0
1537409640,Prod-EcsStagingCluster-EcsCluster-1AAGQRFIOE9AE,Service_beiakklem1vi3j5fejp0,100,2,0.4613492762,0
1537378860,Prod-EcsStagingCluster-EcsCluster-1AAGQRFIOE9AE,Service_beiakklem1vi3j5fejp0,100,2,0.4663820459,0
1537429740,Prod-EcsStagingCluster-EcsCluster-1AAGQRFIOE9AE,Service_beiakklem1vi3j5fejp0,100,2,0.4446817202,0
1537413840,Prod-EcsStagingCluster-EcsCluster-1AAGQRFIOE9AE,Service_beiakklem1vi3j5fejp0,100,2,0.4480969508,0
1537395780,Prod-EcsStagingCluster-EcsCluster-1AAGQRFIOE9AE,Service_beiakklem1vi3j5fejp0,100,2,0.4365275582,0
1537375560,Prod-EcsStagingCluster-EcsCluster-1AAGQRFIOE9AE,Service_beiakklem1vi3j5fejp0,100,2,0.4315765384,0
1537387260,Prod-EcsStagingCluster-EcsCluster-1AAGQRFIOE9AE,Service_beiakklem1vi3j5fejp0,100,2,0.4497239879,0
1537426440,Prod-EcsStagingCluster-EcsCluster-1AAGQRFIOE9AE,Service_beiakklem1vi3j5fejp0,100,2,0.4604723079,0
1537358520,Prod-EcsStagingCluster-EcsCluster-1AAGQRFIOE9AE,Service_beiakklem1vi3j5fejp0,100,2,0.4308922701,0
1537379760,Prod-EcsStagingCluster-EcsCluster-1AAGQRFIOE9AE,Service_beiakklem1vi3j5fejp0,100,2,0.4151635628,0
1537430640,Prod-EcsStagingCluster-EcsCluster-1AAGQRFIOE9AE,Service_beiakklem1vi3j5fejp0,100,2,0.4502733428,0
1537353180,Prod-EcsStagingCluster-EcsCluster-1AAGQRFIOE9AE,Service_beiakklem1vi3j5fejp0,100,2,0.4060242163,0
1537409400,Prod-EcsStagingCluster-EcsCluster-1AAGQRFIOE9AE,Service_beiakklem1vi3j5fejp0,100,2,0.4664415860,0
1537404060,Prod-EcsStagingCluster-EcsCluster-1AAGQRFIOE9AE,Service_beiakklem1vi3j5fejp0,100,2,0.4613027266,0
1537395540,Prod-EcsStagingCluster-EcsCluster-1AAGQRFIOE9AE,Service_beiakklem1vi3j5fejp0,100,2,0.4281938255,0
1537363680,Prod-EcsStagingCluster-EcsCluster-1AAGQRFIOE9AE,Service_beiakklem1vi3j5fejp0,100,2,0.4503620364,0
1537414560,Prod-EcsStagingCluster-EcsCluster-1AAGQRFIOE9AE,Service_beiakklem1vi3j5fejp0,100,2,0.4494130173,0
1537393320,Prod-EcsStagingCluster-EcsCluster-1AAGQRFIOE9AE,Service_beiakklem1vi3j5fejp0,100,2,0.4030026277,0
1537346640,Prod-EcsStagingCluster-EcsCluster-1AAGQRFIOE9AE,Service_beiakklem1vi3j5fejp0,100,2,0.4133616083,0
1537397520,Prod-EcsStagingCluster-EcsCluster-1AAGQRFIOE9AE,Service_beiakklem1vi3j5fejp0,100,2,0.4430332440,0
1537361460,Prod-EcsStagingCluster-EcsCluster-1AAGQRFIOE9AE,Service_beiakklem1vi3j5fejp0,100,2,0.4458430146,0
1537412340,Prod-EcsStagingCluster-EcsCluster-1AAGQRFIOE9AE,Service_beiakklem1vi3j5fejp0,100,2,0.5032062437,0
1537378380,Prod-EcsStagingCluster-EcsCluster-1AAGQRFIOE9AE,Service_beiakklem1vi3j5fejp0,100,2,0.4781007042,0
1537359240,Prod-EcsStagingCluster-EcsCluster-1AAGQRFIOE9AE,Service_beiakklem1vi3j5fejp0,100,2,0.4466766043,0
1537395300,Prod-EcsStagingCluster-EcsCluster-1AAGQRFIOE9AE,Service_beiakklem1vi3j5fejp0,100,2,0.4200343820,0
1537429260,Prod-EcsStagingCluster-EcsCluster-1AAGQRFIOE9AE,Service_beiakklem1vi3j5fejp0,100,2,0.4442511482,0
1537410120,Prod-EcsStagingCluster-EcsCluster-1AAGQRFIOE9AE,Service_beiakklem1vi3j5fejp0,100,2,0.4572411641,0
1537363440,Prod-EcsStagingCluster-EcsCluster-1AAGQRFIOE9AE,Service_beiakklem1vi3j5fejp0,100,2,0.4370772906,0
1537393080,Prod-EcsStagingCluster-EcsCluster-1AAGQRFIOE9AE,Service_beiakklem1vi3j5fejp0,100,2,0.4186381732,0
1537414320,Prod-EcsStagingCluster-EcsCluster-1AAGQRFIOE9AE,Service_beiakklem1vi3j5fejp0,100,2,0.4236447078,0
1537395180,Prod-EcsStagingCluster-EcsCluster-1AAGQRFIOE9AE,Service_beiakklem1vi3j5fejp0,100,2,0.4092578123,0
1537361220,Prod-EcsStagingCluster-EcsCluster-1AAGQRFIOE9AE,Service_beiakklem1vi3j5fejp0,100,2,0.4406388944,0
1537412100,Prod-EcsStagingCluster-EcsCluster-1AAGQRFIOE9AE,Service_beiakklem1vi3j5fejp0,100,2,0.4317477591,0
1537352700,Prod-EcsStagingCluster-EcsCluster-1AAGQRFIOE9AE,Service_beiakklem1vi3j5fejp0,100,2,0.3997816098,0
1537403580,Prod-EcsStagingCluster-EcsCluster-1AAGQRFIOE9AE,Service_beiakklem1vi3j5fejp0,100,2,0.4483523447,0
1537359000,Prod-EcsStagingCluster-EcsCluster-1AAGQRFIOE9AE,Service_beiakklem1vi3j5fejp0,100,2,0.4463799651,0
1537409880,Prod-EcsStagingCluster-EcsCluster-1AAGQRFIOE9AE,Service_beiakklem1vi3j5fejp0,100,2,0.4620944836,0
1537363200,Prod-EcsStagingCluster-EcsCluster-1AAGQRFIOE9AE,Service_beiakklem1vi3j5fejp0,100,2,0.4446898648,0
1537375860,Prod-EcsStagingCluster-EcsCluster-1AAGQRFIOE9AE,Service_beiakklem1vi3j5fejp0,100,2,0.4147114963,0
1537363140,Prod-EcsStagingCluster-EcsCluster-1AAGQRFIOE9AE,Service_beiakklem1vi3j5fejp0,100,2,0.4347420433,0
1537414020,Prod-EcsStagingCluster-EcsCluster-1AAGQRFIOE9AE,Service_beiakklem1vi3j5fejp0,100,2,0.4629903415,0
1537426740,Prod-EcsStagingCluster-EcsCluster-1AAGQRFIOE9AE,Service_beiakklem1vi3j5fejp0,100,2,0.4730404089,0
1537376760,Prod-EcsStagingCluster-EcsCluster-1AAGQRFIOE9AE,Service_beiakklem1vi3j5fejp0,100,2,0.4261862591,0
1537383120,Prod-EcsStagingCluster-EcsCluster-1AAGQRFIOE9AE,Service_beiakklem1vi3j5fejp0,100,2,0.4381441424,0
1537389480,Prod-EcsStagingCluster-EcsCluster-1AAGQRFIOE9AE,Service_beiakklem1vi3j5fejp0,100,2,0.4174723249,0
1537395840,Prod-EcsStagingCluster-EcsCluster-1AAGQRFIOE9AE,Service_beiakklem1vi3j5fejp0,100,2,0.4487181309,0
1537427640,Prod-EcsStagingCluster-EcsCluster-1AAGQRFIOE9AE,Service_beiakklem1vi3j5fejp0,100,2,0.4519609757,0
1537356540,Prod-EcsStagingCluster-EcsCluster-1AAGQRFIOE9AE,Service_beiakklem1vi3j5fejp0,100,2,0.4185614606,0
1537394700,Prod-EcsStagingCluster-EcsCluster-1AAGQRFIOE9AE,Service_beiakklem1vi3j5fejp0,100,2,0.4125167979,0
1537349040,Prod-EcsStagingCluster-EcsCluster-1AAGQRFIOE9AE,Service_beiakklem1vi3j5fejp0,100,2,0.4108658282,0
1537355400,Prod-EcsStagingCluster-EcsCluster-1AAGQRFIOE9AE,Service_beiakklem1vi3j5fejp0,100,2,0.4434428238,0
1537361760,Prod-EcsStagingCluster-EcsCluster-1AAGQRFIOE9AE,Service_beiakklem1vi3j5fejp0,100,2,0.4561183779,0
1537407420,Prod-EcsStagingCluster-EcsCluster-1AAGQRFIOE9AE,Service_beiakklem1vi3j5fejp0,100,2,0.4805494472,0
1537412640,Prod-EcsStagingCluster-EcsCluster-1AAGQRFIOE9AE,Service_beiakklem1vi3j5fejp0,100,2,0.4516719398,0
1537393560,Prod-EcsStagingCluster-EcsCluster-1AAGQRFIOE9AE,Service_beiakklem1vi3j5fejp0,100,2,0.4040819320,0
1537399920,Prod-EcsStagingCluster-EcsCluster-1AAGQRFIOE9AE,Service_beiakklem1vi3j5fejp0,100,2,0.4487084399,0
1537406280,Prod-EcsStagingCluster-EcsCluster-1AAGQRFIOE9AE,Service_beiakklem1vi3j5fejp0,100,2,0.4587620053,0
1537373340,Prod-EcsStagingCluster-EcsCluster-1AAGQRFIOE9AE,Service_beiakklem1vi3j5fejp0,100,2,0.4204513684,0
1537360620,Prod-EcsStagingCluster-EcsCluster-1AAGQRFIOE9AE,Service_beiakklem1vi3j5fejp0,100,2,0.4638327165,0
1537362660,Prod-EcsStagingCluster-EcsCluster-1AAGQRFIOE9AE,Service_beiakklem1vi3j5fejp0,100,2,0.4368886762,0
1537411500,Prod-EcsStagingCluster-EcsCluster-1AAGQRFIOE9AE,Service_beiakklem1vi3j5fejp0,100,2,0.4479148455,0
1537424220,Prod-EcsStagingCluster-EcsCluster-1AAGQRFIOE9AE,Service_beiakklem1vi3j5fejp0,100,2,0.4472135813,0
1537375380,Prod-EcsStagingCluster-EcsCluster-1AAGQRFIOE9AE,Service_beiakklem1vi3j5fejp0,100,2,0.4266731786,0
1537413540,Prod-EcsStagingCluster-EcsCluster-1AAGQRFIOE9AE,Service_beiakklem1vi3j5fejp0,100,2,0.4629461590,0
1537360440,Prod-EcsStagingCluster-EcsCluster-1AAGQRFIOE9AE,Service_beiakklem1vi3j5fejp0,100,2,0.4710370288,0
1537426260,Prod-EcsStagingCluster-EcsCluster-1AAGQRFIOE9AE,Service_beiakklem1vi3j5fejp0,100,2,0.4601567248,0
1537379520,Prod-EcsStagingCluster-EcsCluster-1AAGQRFIOE9AE,Service_beiakklem1vi3j5fejp0,100,2,0.4478376417,0
1537366800,Prod-EcsStagingCluster-EcsCluster-1AAGQRFIOE9AE,Service_beiakklem1vi3j5fejp0,100,2,0.4391630061,0
1537373160,Prod-EcsStagingCluster-EcsCluster-1AAGQRFIOE9AE,Service_beiakklem1vi3j5fejp0,100,2,0.4625703119,0
1537417680,Prod-EcsStagingCluster-EcsCluster-1AAGQRFIOE9AE,Service_beiakklem1vi3j5fejp0,100,2,0.4368192725,0
1537411320,Prod-EcsStagingCluster-EcsCluster-1AAGQRFIOE9AE,Service_beiakklem1vi3j5fejp0,100,2,0.4471502640,0
1537392180,Prod-EcsStagingCluster-EcsCluster-1AAGQRFIOE9AE,Service_beiakklem1vi3j5fejp0,100,2,0.3975511485,0
1537424040,Prod-EcsStagingCluster-EcsCluster-1AAGQRFIOE9AE,Service_beiakklem1vi3j5fejp0,100,2,0.4691612709,0
1537430400,Prod-EcsStagingCluster-EcsCluster-1AAGQRFIOE9AE,Service_beiakklem1vi3j5fejp0,100,2,0.4541729867,0
1537379460,Prod-EcsStagingCluster-EcsCluster-1AAGQRFIOE9AE,Service_beiakklem1vi3j5fejp0,100,2,0.4210261792,0
1537430340,Prod-EcsStagingCluster-EcsCluster-1AAGQRFIOE9AE,Service_beiakklem1vi3j5fejp0,100,2,0.5020973539,0
1537345440,Prod-EcsStagingCluster-EcsCluster-1AAGQRFIOE9AE,Service_beiakklem1vi3j5fejp0,100,2,0.4395977360,0
1537396320,Prod-EcsStagingCluster-EcsCluster-1AAGQRFIOE9AE,Service_beiakklem1vi3j5fejp0,100,2,0.4326475050,0
1537389960,Prod-EcsStagingCluster-EcsCluster-1AAGQRFIOE9AE,Service_beiakklem1vi3j5fejp0,100,2,0.4247165646,0
1537377240,Prod-EcsStagingCluster-EcsCluster-1AAGQRFIOE9AE,Service_beiakklem1vi3j5fejp0,100,2,0.4015039302,0
1537383600,Prod-EcsStagingCluster-EcsCluster-1AAGQRFIOE9AE,Service_beiakklem1vi3j5fejp0,100,2,0.4437213593,0
1537428120,Prod-EcsStagingCluster-EcsCluster-1AAGQRFIOE9AE,Service_beiakklem1vi3j5fejp0,100,2,0.4481219109,0
1537360140,Prod-EcsStagingCluster-EcsCluster-1AAGQRFIOE9AE,Service_beiakklem1vi3j5fejp0,100,2,0.4534588277,0
1537372860,Prod-EcsStagingCluster-EcsCluster-1AAGQRFIOE9AE,Service_beiakklem1vi3j5fejp0,100,2,0.4394016448,0
1537411020,Prod-EcsStagingCluster-EcsCluster-1AAGQRFIOE9AE,Service_beiakklem1vi3j5fejp0,100,2,0.4648053004,0
1537423740,Prod-EcsStagingCluster-EcsCluster-1AAGQRFIOE9AE,Service_beiakklem1vi3j5fejp0,100,2,0.4440568424,0
1537389660,Prod-EcsStagingCluster-EcsCluster-1AAGQRFIOE9AE,Service_beiakklem1vi3j5fejp0,100,2,0.4106431876,0
1537407720,Prod-EcsStagingCluster-EcsCluster-1AAGQRFIOE9AE,Service_beiakklem1vi3j5fejp0,100,2,0.4626699141,0
1537376940,Prod-EcsStagingCluster-EcsCluster-1AAGQRFIOE9AE,Service_beiakklem1vi3j5fejp0,100,2,0.4265411171,0
1537427820,Prod-EcsStagingCluster-EcsCluster-1AAGQRFIOE9AE,Service_beiakklem1vi3j5fejp0,100,2,0.4564097783,0
1537373640,Prod-EcsStagingCluster-EcsCluster-1AAGQRFIOE9AE,Service_beiakklem1vi3j5fejp0,100,2,0.4166370211,0
1537360920,Prod-EcsStagingCluster-EcsCluster-1AAGQRFIOE9AE,Service_beiakklem1vi3j5fejp0,100,2,0.4878350168,0
1537411800,Prod-EcsStagingCluster-EcsCluster-1AAGQRFIOE9AE,Service_beiakklem1vi3j5fejp0,100,2,0.4597627941,0
1537424520,Prod-EcsStagingCluster-EcsCluster-1AAGQRFIOE9AE,Service_beiakklem1vi3j5fejp0,100,2,0.4433187158,0
1537380900,Prod-EcsStagingCluster-EcsCluster-1AAGQRFIOE9AE,Service_beiakklem1vi3j5fejp0,100,2,0.4226157936,0
1537393620,Prod-EcsStagingCluster-EcsCluster-1AAGQRFIOE9AE,Service_beiakklem1vi3j5fejp0,100,2,0.4018828235,0
1537346820,Prod-EcsStagingCluster-EcsCluster-1AAGQRFIOE9AE,Service_beiakklem1vi3j5fejp0,100,2,0.4006192291,0
1537359540,Prod-EcsStagingCluster-EcsCluster-1AAGQRFIOE9AE,Service_beiakklem1vi3j5fejp0,100,2,0.4563041203,0
1537364880,Prod-EcsStagingCluster-EcsCluster-1AAGQRFIOE9AE,Service_beiakklem1vi3j5fejp0,100,2,0.4273081030,0
1537377600,Prod-EcsStagingCluster-EcsCluster-1AAGQRFIOE9AE,Service_beiakklem1vi3j5fejp0,100,2,0.4051170550,0
1537415760,Prod-EcsStagingCluster-EcsCluster-1AAGQRFIOE9AE,Service_beiakklem1vi3j5fejp0,100,2,0.4567310132,0
1537410420,Prod-EcsStagingCluster-EcsCluster-1AAGQRFIOE9AE,Service_beiakklem1vi3j5fejp0,100,2,0.5432999172,0
1537376460,Prod-EcsStagingCluster-EcsCluster-1AAGQRFIOE9AE,Service_beiakklem1vi3j5fejp0,100,2,0.4212292240,0
1537397700,Prod-EcsStagingCluster-EcsCluster-1AAGQRFIOE9AE,Service_beiakklem1vi3j5fejp0,100,2,0.4279194009,0
1537428480,Prod-EcsStagingCluster-EcsCluster-1AAGQRFIOE9AE,Service_beiakklem1vi3j5fejp0,100,2,0.7022073854,0
1537389180,Prod-EcsStagingCluster-EcsCluster-1AAGQRFIOE9AE,Service_beiakklem1vi3j5fejp0,100,2,0.4504621454,0
1537427340,Prod-EcsStagingCluster-EcsCluster-1AAGQRFIOE9AE,Service_beiakklem1vi3j5fejp0,100,2,0.4461654712,0
1537408200,Prod-EcsStagingCluster-EcsCluster-1AAGQRFIOE9AE,Service_beiakklem1vi3j5fejp0,100,2,0.4646595020,0
1537395480,Prod-EcsStagingCluster-EcsCluster-1AAGQRFIOE9AE,Service_beiakklem1vi3j5fejp0,100,2,0.4324883648,0
1537355100,Prod-EcsStagingCluster-EcsCluster-1AAGQRFIOE9AE,Service_beiakklem1vi3j5fejp0,100,2,0.4088652902,0
1537405980,Prod-EcsStagingCluster-EcsCluster-1AAGQRFIOE9AE,Service_beiakklem1vi3j5fejp0,100,2,0.4708368447,0
1537393260,Prod-EcsStagingCluster-EcsCluster-1AAGQRFIOE9AE,Service_beiakklem1vi3j5fejp0,100,2,0.4098133577,0
1537361280,Prod-EcsStagingCluster-EcsCluster-1AAGQRFIOE9AE,Service_beiakklem1vi3j5fejp0,100,2,0.4314506956,0
1537348560,Prod-EcsStagingCluster-EcsCluster-1AAGQRFIOE9AE,Service_beiakklem1vi3j5fejp0,100,2,0.4350711384,0
1537399440,Prod-EcsStagingCluster-EcsCluster-1AAGQRFIOE9AE,Service_beiakklem1vi3j5fejp0,100,2,0.4508803259,0
1537412160,Prod-EcsStagingCluster-EcsCluster-1AAGQRFIOE9AE,Service_beiakklem1vi3j5fejp0,100,2,0.4480713185,0
1537359060,Prod-EcsStagingCluster-EcsCluster-1AAGQRFIOE9AE,Service_beiakklem1vi3j5fejp0,100,2,0.4567058314,0
1537346340,Prod-EcsStagingCluster-EcsCluster-1AAGQRFIOE9AE,Service_beiakklem1vi3j5fejp0,100,2,0.4085254281,0
1537397220,Prod-EcsStagingCluster-EcsCluster-1AAGQRFIOE9AE,Service_beiakklem1vi3j5fejp0,100,2,0.4412247618,0
1537378080,Prod-EcsStagingCluster-EcsCluster-1AAGQRFIOE9AE,Service_beiakklem1vi3j5fejp0,100,2,0.4185701668,0
1537409940,Prod-EcsStagingCluster-EcsCluster-1AAGQRFIOE9AE,Service_beiakklem1vi3j5fejp0,100,2,0.4670117363,0
1537365360,Prod-EcsStagingCluster-EcsCluster-1AAGQRFIOE9AE,Service_beiakklem1vi3j5fejp0,100,2,0.4547702727,0
1537356840,Prod-EcsStagingCluster-EcsCluster-1AAGQRFIOE9AE,Service_beiakklem1vi3j5fejp0,100,2,0.4333053403,0
1537395000,Prod-EcsStagingCluster-EcsCluster-1AAGQRFIOE9AE,Service_beiakklem1vi3j5fejp0,100,2,0.4075548149,0
1537428960,Prod-EcsStagingCluster-EcsCluster-1AAGQRFIOE9AE,Service_beiakklem1vi3j5fejp0,100,2,0.4390099000,0
1537416240,Prod-EcsStagingCluster-EcsCluster-1AAGQRFIOE9AE,Service_beiakklem1vi3j5fejp0,100,2,0.4388403561,0
1537410720,Prod-EcsStagingCluster-EcsCluster-1AAGQRFIOE9AE,Service_beiakklem1vi3j5fejp0,100,2,0.4515784222,0
1537401180,Prod-EcsStagingCluster-EcsCluster-1AAGQRFIOE9AE,Service_beiakklem1vi3j5fejp0,100,2,0.4539853908,0
1537404360,Prod-EcsStagingCluster-EcsCluster-1AAGQRFIOE9AE,Service_beiakklem1vi3j5fejp0,100,2,0.5001231731,0
1537407540,Prod-EcsStagingCluster-EcsCluster-1AAGQRFIOE9AE,Service_beiakklem1vi3j5fejp0,100,2,0.4441557210,0
1537368240,Prod-EcsStagingCluster-EcsCluster-1AAGQRFIOE9AE,Service_beiakklem1vi3j5fejp0,100,2,0.4339614575,0
1537426620,Prod-EcsStagingCluster-EcsCluster-1AAGQRFIOE9AE,Service_beiakklem1vi3j5fejp0,100,2,0.4432185379,0
1537429800,Prod-EcsStagingCluster-EcsCluster-1AAGQRFIOE9AE,Service_beiakklem1vi3j5fejp0,100,2,0.4527772156,0
1537358700,Prod-EcsStagingCluster-EcsCluster-1AAGQRFIOE9AE,Service_beiakklem1vi3j5fejp0,100,2,0.4334718701,0
1537361880,Prod-EcsStagingCluster-EcsCluster-1AAGQRFIOE9AE,Service_beiakklem1vi3j5fejp0,100,2,0.4442332875,0
1537365060,Prod-EcsStagingCluster-EcsCluster-1AAGQRFIOE9AE,Service_beiakklem1vi3j5fejp0,100,2,0.4327915668,0
1537393680,Prod-EcsStagingCluster-EcsCluster-1AAGQRFIOE9AE,Service_beiakklem1vi3j5fejp0,100,2,0.4013711764,0
1537390500,Prod-EcsStagingCluster-EcsCluster-1AAGQRFIOE9AE,Service_beiakklem1vi3j5fejp0,100,2,0.4401946436,0
1537384140,Prod-EcsStagingCluster-EcsCluster-1AAGQRFIOE9AE,Service_beiakklem1vi3j5fejp0,100,2,0.4356435605,0
1537387320,Prod-EcsStagingCluster-EcsCluster-1AAGQRFIOE9AE,Service_beiakklem1vi3j5fejp0,100,2,0.4640341779,0
1537358460,Prod-EcsStagingCluster-EcsCluster-1AAGQRFIOE9AE,Service_beiakklem1vi3j5fejp0,100,2,0.4246007257,0
1537361640,Prod-EcsStagingCluster-EcsCluster-1AAGQRFIOE9AE,Service_beiakklem1vi3j5fejp0,100,2,0.4310705777,0
1537364820,Prod-EcsStagingCluster-EcsCluster-1AAGQRFIOE9AE,Service_beiakklem1vi3j5fejp0,100,2,0.4422427870,0
1537368000,Prod-EcsStagingCluster-EcsCluster-1AAGQRFIOE9AE,Service_beiakklem1vi3j5fejp0,100,2,0.4271779850,0
1537362600,Prod-EcsStagingCluster-EcsCluster-1AAGQRFIOE9AE,Service_beiakklem1vi3j5fejp0,100,2,0.4326532593,0
1537368960,Prod-EcsStagingCluster-EcsCluster-1AAGQRFIOE9AE,Service_beiakklem1vi3j5fejp0,100,2,0.4397469352,0
1537417740,Prod-EcsStagingCluster-EcsCluster-1AAGQRFIOE9AE,Service_beiakklem1vi3j5fejp0,100,2,0.4629407605,0
1537392300,Prod-EcsStagingCluster-EcsCluster-1AAGQRFIOE9AE,Service_beiakklem1vi3j5fejp0,100,2,0.4005113612,0
1537398660,Prod-EcsStagingCluster-EcsCluster-1AAGQRFIOE9AE,Service_beiakklem1vi3j5fejp0,100,2,0.4520959287,0
1537424100,Prod-EcsStagingCluster-EcsCluster-1AAGQRFIOE9AE,Service_beiakklem1vi3j5fejp0,100,2,0.4669211684,0
1537402800,Prod-EcsStagingCluster-EcsCluster-1AAGQRFIOE9AE,Service_beiakklem1vi3j5fejp0,100,2,0.4667745232,0
1537396440,Prod-EcsStagingCluster-EcsCluster-1AAGQRFIOE9AE,Service_beiakklem1vi3j5fejp0,100,2,0.4460949725,0
1537421880,Prod-EcsStagingCluster-EcsCluster-1AAGQRFIOE9AE,Service_beiakklem1vi3j5fejp0,100,2,0.4439359616,0
1537428240,Prod-EcsStagingCluster-EcsCluster-1AAGQRFIOE9AE,Service_beiakklem1vi3j5fejp0,100,2,0.4515322966,0
1537372980,Prod-EcsStagingCluster-EcsCluster-1AAGQRFIOE9AE,Service_beiakklem1vi3j5fejp0,100,2,0.4216739007,0
1537366620,Prod-EcsStagingCluster-EcsCluster-1AAGQRFIOE9AE,Service_beiakklem1vi3j5fejp0,100,2,0.4347799885,0
1537398420,Prod-EcsStagingCluster-EcsCluster-1AAGQRFIOE9AE,Service_beiakklem1vi3j5fejp0,100,2,0.4624950322,0
1537392060,Prod-EcsStagingCluster-EcsCluster-1AAGQRFIOE9AE,Service_beiakklem1vi3j5fejp0,100,2,0.4043785696,0
1537355940,Prod-EcsStagingCluster-EcsCluster-1AAGQRFIOE9AE,Service_beiakklem1vi3j5fejp0,100,2,0.4289908312,0
1537349580,Prod-EcsStagingCluster-EcsCluster-1AAGQRFIOE9AE,Service_beiakklem1vi3j5fejp0,100,2,0.4172627842,0
1537370760,Prod-EcsStagingCluster-EcsCluster-1AAGQRFIOE9AE,Service_beiakklem1vi3j5fejp0,100,2,0.4556991291,0
1537377120,Prod-EcsStagingCluster-EcsCluster-1AAGQRFIOE9AE,Service_beiakklem1vi3j5fejp0,100,2,0.4073383315,0
1537396200,Prod-EcsStagingCluster-EcsCluster-1AAGQRFIOE9AE,Service_beiakklem1vi3j5fejp0,100,2,0.4455877686,0
1537402560,Prod-EcsStagingCluster-EcsCluster-1AAGQRFIOE9AE,Service_beiakklem1vi3j5fejp0,100,2,0.4907591997,0
1537425900,Prod-EcsStagingCluster-EcsCluster-1AAGQRFIOE9AE,Service_beiakklem1vi3j5fejp0,100,2,0.4478963912,0
1537353720,Prod-EcsStagingCluster-EcsCluster-1AAGQRFIOE9AE,Service_beiakklem1vi3j5fejp0,100,2,0.4151891484,0
1537360080,Prod-EcsStagingCluster-EcsCluster-1AAGQRFIOE9AE,Service_beiakklem1vi3j5fejp0,100,2,0.4443768744,0
1537430040,Prod-EcsStagingCluster-EcsCluster-1AAGQRFIOE9AE,Service_beiakklem1vi3j5fejp0,100,2,0.4457899043,0
1537409760,Prod-EcsStagingCluster-EcsCluster-1AAGQRFIOE9AE,Service_beiakklem1vi3j5fejp0,100,2,0.4625533932,0
1537400220,Prod-EcsStagingCluster-EcsCluster-1AAGQRFIOE9AE,Service_beiakklem1vi3j5fejp0,100,2,0.4706509053,0
1537431000,Prod-EcsStagingCluster-EcsCluster-1AAGQRFIOE9AE,Service_beiakklem1vi3j5fejp0,100,2,0.4476317851,0
1537367280,Prod-EcsStagingCluster-EcsCluster-1AAGQRFIOE9AE,Service_beiakklem1vi3j5fejp0,100,2,0.4258025010,0
1537425660,Prod-EcsStagingCluster-EcsCluster-1AAGQRFIOE9AE,Service_beiakklem1vi3j5fejp0,100,2,0.4499311742,0
1537357740,Prod-EcsStagingCluster-EcsCluster-1AAGQRFIOE9AE,Service_beiakklem1vi3j5fejp0,100,2,0.4425310670,0
1537392720,Prod-EcsStagingCluster-EcsCluster-1AAGQRFIOE9AE,Service_beiakklem1vi3j5fejp0,100,2,0.4207443965,0
1537383180,Prod-EcsStagingCluster-EcsCluster-1AAGQRFIOE9AE,Service_beiakklem1vi3j5fejp0,100,2,0.4450186693,0
1537408500,Prod-EcsStagingCluster-EcsCluster-1AAGQRFIOE9AE,Service_beiakklem1vi3j5fejp0,100,2,0.4460895960,0
1537405320,Prod-EcsStagingCluster-EcsCluster-1AAGQRFIOE9AE,Service_beiakklem1vi3j5fejp0,100,2,0.4683312218,0
1537366020,Prod-EcsStagingCluster-EcsCluster-1AAGQRFIOE9AE,Service_beiakklem1vi3j5fejp0,100,2,0.4299442188,0
1537430760,Prod-EcsStagingCluster-EcsCluster-1AAGQRFIOE9AE,Service_beiakklem1vi3j5fejp0,100,2,0.4315861479,0
1537362840,Prod-EcsStagingCluster-EcsCluster-1AAGQRFIOE9AE,Service_beiakklem1vi3j5fejp0,100,2,0.4864964674,0
1537357500,Prod-EcsStagingCluster-EcsCluster-1AAGQRFIOE9AE,Service_beiakklem1vi3j5fejp0,100,2,0.4415441901,0
1537367040,Prod-EcsStagingCluster-EcsCluster-1AAGQRFIOE9AE,Service_beiakklem1vi3j5fejp0,100,2,0.4450400712,0
1537391460,Prod-EcsStagingCluster-EcsCluster-1AAGQRFIOE9AE,Service_beiakklem1vi3j5fejp0,100,2,0.4033543068,0
1537388280,Prod-EcsStagingCluster-EcsCluster-1AAGQRFIOE9AE,Service_beiakklem1vi3j5fejp0,100,2,0.3991265448,0
1537391340,Prod-EcsStagingCluster-EcsCluster-1AAGQRFIOE9AE,Service_beiakklem1vi3j5fejp0,100,2,0.4221412563,0
1537416780,Prod-EcsStagingCluster-EcsCluster-1AAGQRFIOE9AE,Service_beiakklem1vi3j5fejp0,100,2,0.4488728493,0
1537400880,Prod-EcsStagingCluster-EcsCluster-1AAGQRFIOE9AE,Service_beiakklem1vi3j5fejp0,100,2,0.4740293284,0
1537426320,Prod-EcsStagingCluster-EcsCluster-1AAGQRFIOE9AE,Service_beiakklem1vi3j5fejp0,100,2,0.4553094139,0
1537365780,Prod-EcsStagingCluster-EcsCluster-1AAGQRFIOE9AE,Service_beiakklem1vi3j5fejp0,100,2,0.4295927864,0
1537401840,Prod-EcsStagingCluster-EcsCluster-1AAGQRFIOE9AE,Service_beiakklem1vi3j5fejp0,100,2,0.4386748923,0
1537427280,Prod-EcsStagingCluster-EcsCluster-1AAGQRFIOE9AE,Service_beiakklem1vi3j5fejp0,100,2,0.5015085814,0
1537363560,Prod-EcsStagingCluster-EcsCluster-1AAGQRFIOE9AE,Service_beiakklem1vi3j5fejp0,100,2,0.4441587261,0
1537399620,Prod-EcsStagingCluster-EcsCluster-1AAGQRFIOE9AE,Service_beiakklem1vi3j5fejp0,100,2,0.4350843277,0
1537365660,Prod-EcsStagingCluster-EcsCluster-1AAGQRFIOE9AE,Service_beiakklem1vi3j5fejp0,100,2,0.4901510197,0
1537391100,Prod-EcsStagingCluster-EcsCluster-1AAGQRFIOE9AE,Service_beiakklem1vi3j5fejp0,100,2,0.4553823978,0
1537425060,Prod-EcsStagingCluster-EcsCluster-1AAGQRFIOE9AE,Service_beiakklem1vi3j5fejp0,100,2,0.4362702944,0
1537348620,Prod-EcsStagingCluster-EcsCluster-1AAGQRFIOE9AE,Service_beiakklem1vi3j5fejp0,100,2,0.3875537399,0
1537376160,Prod-EcsStagingCluster-EcsCluster-1AAGQRFIOE9AE,Service_beiakklem1vi3j5fejp0,100,2,0.4243267702,0
1537397400,Prod-EcsStagingCluster-EcsCluster-1AAGQRFIOE9AE,Service_beiakklem1vi3j5fejp0,100,2,0.4426629254,0
1537401600,Prod-EcsStagingCluster-EcsCluster-1AAGQRFIOE9AE,Service_beiakklem1vi3j5fejp0,100,2,0.4604364685,0
1537424940,Prod-EcsStagingCluster-EcsCluster-1AAGQRFIOE9AE,Service_beiakklem1vi3j5fejp0,100,2,0.4430988748,0
1537422840,Prod-EcsStagingCluster-EcsCluster-1AAGQRFIOE9AE,Service_beiakklem1vi3j5fejp0,100,2,0.4468922449,0
1537359120,Prod-EcsStagingCluster-EcsCluster-1AAGQRFIOE9AE,Service_beiakklem1vi3j5fejp0,100,2,0.4487462019,0
1537373940,Prod-EcsStagingCluster-EcsCluster-1AAGQRFIOE9AE,Service_beiakklem1vi3j5fejp0,100,2,0.4283606374,0
1537399380,Prod-EcsStagingCluster-EcsCluster-1AAGQRFIOE9AE,Service_beiakklem1vi3j5fejp0,100,2,0.4413970586,0
1537356900,Prod-EcsStagingCluster-EcsCluster-1AAGQRFIOE9AE,Service_beiakklem1vi3j5fejp0,100,2,0.4343012184,0
1537371720,Prod-EcsStagingCluster-EcsCluster-1AAGQRFIOE9AE,Service_beiakklem1vi3j5fejp0,100,2,0.4350298212,0
1537397160,Prod-EcsStagingCluster-EcsCluster-1AAGQRFIOE9AE,Service_beiakklem1vi3j5fejp0,100,2,0.4292815742,0
1537354680,Prod-EcsStagingCluster-EcsCluster-1AAGQRFIOE9AE,Service_beiakklem1vi3j5fejp0,100,2,0.4076110152,0
1537399260,Prod-EcsStagingCluster-EcsCluster-1AAGQRFIOE9AE,Service_beiakklem1vi3j5fejp0,100,2,0.4486803379,0
1537369500,Prod-EcsStagingCluster-EcsCluster-1AAGQRFIOE9AE,Service_beiakklem1vi3j5fejp0,100,2,0.4124289002,0
1537427880,Prod-EcsStagingCluster-EcsCluster-1AAGQRFIOE9AE,Service_beiakklem1vi3j5fejp0,100,2,0.4755390652,0
1537431060,Prod-EcsStagingCluster-EcsCluster-1AAGQRFIOE9AE,Service_beiakklem1vi3j5fejp0,100,2,0.4497722547,0
1537356780,Prod-EcsStagingCluster-EcsCluster-1AAGQRFIOE9AE,Service_beiakklem1vi3j5fejp0,100,2,0.4320694816,0
1537394940,Prod-EcsStagingCluster-EcsCluster-1AAGQRFIOE9AE,Service_beiakklem1vi3j5fejp0,100,2,0.4129129150,0
1537382220,Prod-EcsStagingCluster-EcsCluster-1AAGQRFIOE9AE,Service_beiakklem1vi3j5fejp0,100,2,0.4485708754,0
1537355640,Prod-EcsStagingCluster-EcsCluster-1AAGQRFIOE9AE,Service_beiakklem1vi3j5fejp0,100,2,0.4313913969,0
1537358820,Prod-EcsStagingCluster-EcsCluster-1AAGQRFIOE9AE,Service_beiakklem1vi3j5fejp0,100,2,0.4453946631,0
1537362000,Prod-EcsStagingCluster-EcsCluster-1AAGQRFIOE9AE,Service_beiakklem1vi3j5fejp0,100,2,0.7008504217,0
1537359720,Prod-EcsStagingCluster-EcsCluster-1AAGQRFIOE9AE,Service_beiakklem1vi3j5fejp0,100,2,0.5020187466,0
1537362900,Prod-EcsStagingCluster-EcsCluster-1AAGQRFIOE9AE,Service_beiakklem1vi3j5fejp0,100,2,0.4224176298,0
1537366080,Prod-EcsStagingCluster-EcsCluster-1AAGQRFIOE9AE,Service_beiakklem1vi3j5fejp0,100,2,0.4407326320,0
1537390380,Prod-EcsStagingCluster-EcsCluster-1AAGQRFIOE9AE,Service_beiakklem1vi3j5fejp0,100,2,0.4470019167,0
1537415820,Prod-EcsStagingCluster-EcsCluster-1AAGQRFIOE9AE,Service_beiakklem1vi3j5fejp0,100,2,0.4518729093,0
1537403100,Prod-EcsStagingCluster-EcsCluster-1AAGQRFIOE9AE,Service_beiakklem1vi3j5fejp0,100,2,0.4704887524,0
1537366980,Prod-EcsStagingCluster-EcsCluster-1AAGQRFIOE9AE,Service_beiakklem1vi3j5fejp0,100,2,0.4406064166,0
1537370160,Prod-EcsStagingCluster-EcsCluster-1AAGQRFIOE9AE,Service_beiakklem1vi3j5fejp0,100,2,0.4509967898,0
1537428540,Prod-EcsStagingCluster-EcsCluster-1AAGQRFIOE9AE,Service_beiakklem1vi3j5fejp0,100,2,0.4450032386,0
1537363800,Prod-EcsStagingCluster-EcsCluster-1AAGQRFIOE9AE,Service_beiakklem1vi3j5fejp0,100,2,0.4948957778,0
1537392420,Prod-EcsStagingCluster-EcsCluster-1AAGQRFIOE9AE,Service_beiakklem1vi3j5fejp0,100,2,0.3998559922,0
1537395600,Prod-EcsStagingCluster-EcsCluster-1AAGQRFIOE9AE,Service_beiakklem1vi3j5fejp0,100,2,0.4539857259,0
1537389240,Prod-EcsStagingCluster-EcsCluster-1AAGQRFIOE9AE,Service_beiakklem1vi3j5fejp0,100,2,0.4108615619,0
1537396560,Prod-EcsStagingCluster-EcsCluster-1AAGQRFIOE9AE,Service_beiakklem1vi3j5fejp0,100,2,0.4918272661,0
1537390200,Prod-EcsStagingCluster-EcsCluster-1AAGQRFIOE9AE,Service_beiakklem1vi3j5fejp0,100,2,0.4320086948,0
1537371060,Prod-EcsStagingCluster-EcsCluster-1AAGQRFIOE9AE,Service_beiakklem1vi3j5fejp0,100,2,0.4671526447,0
1537396500,Prod-EcsStagingCluster-EcsCluster-1AAGQRFIOE9AE,Service_beiakklem1vi3j5fejp0,100,2,0.4580380555,0
1537360380,Prod-EcsStagingCluster-EcsCluster-1AAGQRFIOE9AE,Service_beiakklem1vi3j5fejp0,100,2,0.4543964619,0
1537347660,Prod-EcsStagingCluster-EcsCluster-1AAGQRFIOE9AE,Service_beiakklem1vi3j5fejp0,100,2,0.4141265078,0
1537375200,Prod-EcsStagingCluster-EcsCluster-1AAGQRFIOE9AE,Service_beiakklem1vi3j5fejp0,100,2,0.4265724989,0
1537368840,Prod-EcsStagingCluster-EcsCluster-1AAGQRFIOE9AE,Service_beiakklem1vi3j5fejp0,100,2,0.4654917574,0
1537400640,Prod-EcsStagingCluster-EcsCluster-1AAGQRFIOE9AE,Service_beiakklem1vi3j5fejp0,100,2,0.4752165878,0
1537423980,Prod-EcsStagingCluster-EcsCluster-1AAGQRFIOE9AE,Service_beiakklem1vi3j5fejp0,100,2,0.4524542740,0
1537394280,Prod-EcsStagingCluster-EcsCluster-1AAGQRFIOE9AE,Service_beiakklem1vi3j5fejp0,100,2,0.4031579796,0
1537400580,Prod-EcsStagingCluster-EcsCluster-1AAGQRFIOE9AE,Service_beiakklem1vi3j5fejp0,100,2,0.4765862507,0
1537426020,Prod-EcsStagingCluster-EcsCluster-1AAGQRFIOE9AE,Service_beiakklem1vi3j5fejp0,100,2,0.4606734371,0
1537404720,Prod-EcsStagingCluster-EcsCluster-1AAGQRFIOE9AE,Service_beiakklem1vi3j5fejp0,100,2,0.4575564940,0
1537398360,Prod-EcsStagingCluster-EcsCluster-1AAGQRFIOE9AE,Service_beiakklem1vi3j5fejp0,100,2,0.4286705879,0
1537423800,Prod-EcsStagingCluster-EcsCluster-1AAGQRFIOE9AE,Service_beiakklem1vi3j5fejp0,100,2,0.4553970303,0
1537430160,Prod-EcsStagingCluster-EcsCluster-1AAGQRFIOE9AE,Service_beiakklem1vi3j5fejp0,100,2,0.4578726499,0
1537404660,Prod-EcsStagingCluster-EcsCluster-1AAGQRFIOE9AE,Service_beiakklem1vi3j5fejp0,100,2,0.4464468305,0
1537430100,Prod-EcsStagingCluster-EcsCluster-1AAGQRFIOE9AE,Service_beiakklem1vi3j5fejp0,100,2,0.4610594995,0
1537355820,Prod-EcsStagingCluster-EcsCluster-1AAGQRFIOE9AE,Service_beiakklem1vi3j5fejp0,100,2,0.4727760939,0
1537368540,Prod-EcsStagingCluster-EcsCluster-1AAGQRFIOE9AE,Service_beiakklem1vi3j5fejp0,100,2,0.4526707880,0
1537393980,Prod-EcsStagingCluster-EcsCluster-1AAGQRFIOE9AE,Service_beiakklem1vi3j5fejp0,100,2,0.4164206281,0
1537381260,Prod-EcsStagingCluster-EcsCluster-1AAGQRFIOE9AE,Service_beiakklem1vi3j5fejp0,100,2,0.4091929263,0
1537357860,Prod-EcsStagingCluster-EcsCluster-1AAGQRFIOE9AE,Service_beiakklem1vi3j5fejp0,100,2,0.4375072616,0
1537408800,Prod-EcsStagingCluster-EcsCluster-1AAGQRFIOE9AE,Service_beiakklem1vi3j5fejp0,100,2,0.4628027150,0
1537402440,Prod-EcsStagingCluster-EcsCluster-1AAGQRFIOE9AE,Service_beiakklem1vi3j5fejp0,100,2,0.4785981797,0
1537403400,Prod-EcsStagingCluster-EcsCluster-1AAGQRFIOE9AE,Service_beiakklem1vi3j5fejp0,100,2,0.4644005175,0
1537406580,Prod-EcsStagingCluster-EcsCluster-1AAGQRFIOE9AE,Service_beiakklem1vi3j5fejp0,100,2,0.4320611052,0
1537428840,Prod-EcsStagingCluster-EcsCluster-1AAGQRFIOE9AE,Service_beiakklem1vi3j5fejp0,100,2,0.4965672655,0
1537365120,Prod-EcsStagingCluster-EcsCluster-1AAGQRFIOE9AE,Service_beiakklem1vi3j5fejp0,100,2,0.4266493230,0
1537356600,Prod-EcsStagingCluster-EcsCluster-1AAGQRFIOE9AE,Service_beiakklem1vi3j5fejp0,100,2,0.4087516149,0
1537359780,Prod-EcsStagingCluster-EcsCluster-1AAGQRFIOE9AE,Service_beiakklem1vi3j5fejp0,100,2,0.4580102793,0
1537389420,Prod-EcsStagingCluster-EcsCluster-1AAGQRFIOE9AE,Service_beiakklem1vi3j5fejp0,100,2,0.4085937147,0
1537414860,Prod-EcsStagingCluster-EcsCluster-1AAGQRFIOE9AE,Service_beiakklem1vi3j5fejp0,100,2,0.4439504327,0
1537402140,Prod-EcsStagingCluster-EcsCluster-1AAGQRFIOE9AE,Service_beiakklem1vi3j5fejp0,100,2,0.4597675390,0
1537369200,Prod-EcsStagingCluster-EcsCluster-1AAGQRFIOE9AE,Service_beiakklem1vi3j5fejp0,100,2,0.4298605796,0
1537427580,Prod-EcsStagingCluster-EcsCluster-1AAGQRFIOE9AE,Service_beiakklem1vi3j5fejp0,100,2,0.4575379179,0
1537394640,Prod-EcsStagingCluster-EcsCluster-1AAGQRFIOE9AE,Service_beiakklem1vi3j5fejp0,100,2,0.4108291818,0
1537360680,Prod-EcsStagingCluster-EcsCluster-1AAGQRFIOE9AE,Service_beiakklem1vi3j5fejp0,100,2,0.4463325718,0
1537363860,Prod-EcsStagingCluster-EcsCluster-1AAGQRFIOE9AE,Service_beiakklem1vi3j5fejp0,100,2,0.4447877504,0
1537373280,Prod-EcsStagingCluster-EcsCluster-1AAGQRFIOE9AE,Service_beiakklem1vi3j5fejp0,100,2,0.4213449393,0
1537398720,Prod-EcsStagingCluster-EcsCluster-1AAGQRFIOE9AE,Service_beiakklem1vi3j5fejp0,100,2,0.4608324212,0
1537367940,Prod-EcsStagingCluster-EcsCluster-1AAGQRFIOE9AE,Service_beiakklem1vi3j5fejp0,100,2,0.4294997414,0
1537364760,Prod-EcsStagingCluster-EcsCluster-1AAGQRFIOE9AE,Service_beiakklem1vi3j5fejp0,100,2,0.4354670275,0
1537393380,Prod-EcsStagingCluster-EcsCluster-1AAGQRFIOE9AE,Service_beiakklem1vi3j5fejp0,100,2,0.4142735225,0
1537359420,Prod-EcsStagingCluster-EcsCluster-1AAGQRFIOE9AE,Service_beiakklem1vi3j5fejp0,100,2,0.4464547785,0
1537346700,Prod-EcsStagingCluster-EcsCluster-1AAGQRFIOE9AE,Service_beiakklem1vi3j5fejp0,100,2,0.4165828181,0
1537374240,Prod-EcsStagingCluster-EcsCluster-1AAGQRFIOE9AE,Service_beiakklem1vi3j5fejp0,100,2,0.4192224533,0
1537399680,Prod-EcsStagingCluster-EcsCluster-1AAGQRFIOE9AE,Service_beiakklem1vi3j5fejp0,100,2,0.4343497216,0
1537423020,Prod-EcsStagingCluster-EcsCluster-1AAGQRFIOE9AE,Service_beiakklem1vi3j5fejp0,100,2,0.4570206267,0
1537365720,Prod-EcsStagingCluster-EcsCluster-1AAGQRFIOE9AE,Service_beiakklem1vi3j5fejp0,100,2,0.4391452978,0
1537391160,Prod-EcsStagingCluster-EcsCluster-1AAGQRFIOE9AE,Service_beiakklem1vi3j5fejp0,100,2,0.4755102865,0
1537372020,Prod-EcsStagingCluster-EcsCluster-1AAGQRFIOE9AE,Service_beiakklem1vi3j5fejp0,100,2,0.4447799310,0
1537397460,Prod-EcsStagingCluster-EcsCluster-1AAGQRFIOE9AE,Service_beiakklem1vi3j5fejp0,100,2,0.4431696430,0
1537369800,Prod-EcsStagingCluster-EcsCluster-1AAGQRFIOE9AE,Service_beiakklem1vi3j5fejp0,100,2,0.4663215741,0
1537403760,Prod-EcsStagingCluster-EcsCluster-1AAGQRFIOE9AE,Service_beiakklem1vi3j5fejp0,100,2,0.4567478215,0
1537395240,Prod-EcsStagingCluster-EcsCluster-1AAGQRFIOE9AE,Service_beiakklem1vi3j5fejp0,100,2,0.4214075927,0
1537429200,Prod-EcsStagingCluster-EcsCluster-1AAGQRFIOE9AE,Service_beiakklem1vi3j5fejp0,100,2,0.4270513971,0
1537380300,Prod-EcsStagingCluster-EcsCluster-1AAGQRFIOE9AE,Service_beiakklem1vi3j5fejp0,100,2,0.4308102695,0
1537401540,Prod-EcsStagingCluster-EcsCluster-1AAGQRFIOE9AE,Service_beiakklem1vi3j5fejp0,100,2,0.4500712636,0
1537354860,Prod-EcsStagingCluster-EcsCluster-1AAGQRFIOE9AE,Service_beiakklem1vi3j5fejp0,100,2,0.4267531000,0
1537367580,Prod-EcsStagingCluster-EcsCluster-1AAGQRFIOE9AE,Service_beiakklem1vi3j5fejp0,100,2,0.4329716527,0
1537393020,Prod-EcsStagingCluster-EcsCluster-1AAGQRFIOE9AE,Service_beiakklem1vi3j5fejp0,100,2,0.4271460672,0
1537426980,Prod-EcsStagingCluster-EcsCluster-1AAGQRFIOE9AE,Service_beiakklem1vi3j5fejp0,100,2,0.4499281714,0
1537407840,Prod-EcsStagingCluster-EcsCluster-1AAGQRFIOE9AE,Service_beiakklem1vi3j5fejp0,100,2,0.4979203095,0
1537399320,Prod-EcsStagingCluster-EcsCluster-1AAGQRFIOE9AE,Service_beiakklem1vi3j5fejp0,100,2,0.4393790488,0
1537424760,Prod-EcsStagingCluster-EcsCluster-1AAGQRFIOE9AE,Service_beiakklem1vi3j5fejp0,100,2,0.4415143788,0
1537361040,Prod-EcsStagingCluster-EcsCluster-1AAGQRFIOE9AE,Service_beiakklem1vi3j5fejp0,100,2,0.4257002657,0
1537405620,Prod-EcsStagingCluster-EcsCluster-1AAGQRFIOE9AE,Service_beiakklem1vi3j5fejp0,100,2,0.4663629585,0
1537406640,Prod-EcsStagingCluster-EcsCluster-1AAGQRFIOE9AE,Service_beiakklem1vi3j5fejp0,100,2,0.4374918275,0
1537400280,Prod-EcsStagingCluster-EcsCluster-1AAGQRFIOE9AE,Service_beiakklem1vi3j5fejp0,100,2,0.4808550381,0
1537403460,Prod-EcsStagingCluster-EcsCluster-1AAGQRFIOE9AE,Service_beiakklem1vi3j5fejp0,100,2,0.4765894523,0
1537422540,Prod-EcsStagingCluster-EcsCluster-1AAGQRFIOE9AE,Service_beiakklem1vi3j5fejp0,100,2,0.4688908291,0
1537430940,Prod-EcsStagingCluster-EcsCluster-1AAGQRFIOE9AE,Service_beiakklem1vi3j5fejp0,100,2,0.4455254232,0
1537388460,Prod-EcsStagingCluster-EcsCluster-1AAGQRFIOE9AE,Service_beiakklem1vi3j5fejp0,100,2,0.4239618952,0
1537417080,Prod-EcsStagingCluster-EcsCluster-1AAGQRFIOE9AE,Service_beiakklem1vi3j5fejp0,100,2,0.4646600579,0
1537420260,Prod-EcsStagingCluster-EcsCluster-1AAGQRFIOE9AE,Service_beiakklem1vi3j5fejp0,100,2,0.4616867658,0
1537423440,Prod-EcsStagingCluster-EcsCluster-1AAGQRFIOE9AE,Service_beiakklem1vi3j5fejp0,100,2,0.4403651592,0
1537396860,Prod-EcsStagingCluster-EcsCluster-1AAGQRFIOE9AE,Service_beiakklem1vi3j5fejp0,100,2,0.4286287699,0
1537400040,Prod-EcsStagingCluster-EcsCluster-1AAGQRFIOE9AE,Service_beiakklem1vi3j5fejp0,100,2,0.4704156911,0
1537403220,Prod-EcsStagingCluster-EcsCluster-1AAGQRFIOE9AE,Service_beiakklem1vi3j5fejp0,100,2,0.4644447631,0
1537406400,Prod-EcsStagingCluster-EcsCluster-1AAGQRFIOE9AE,Service_beiakklem1vi3j5fejp0,100,2,0.4742147488,0
1537354380,Prod-EcsStagingCluster-EcsCluster-1AAGQRFIOE9AE,Service_beiakklem1vi3j5fejp0,100,2,0.3940010474,0
1537372320,Prod-EcsStagingCluster-EcsCluster-1AAGQRFIOE9AE,Service_beiakklem1vi3j5fejp0,100,2,0.4269135181,0
1537362780,Prod-EcsStagingCluster-EcsCluster-1AAGQRFIOE9AE,Service_beiakklem1vi3j5fejp0,100,2,0.4271179345,0
1537365960,Prod-EcsStagingCluster-EcsCluster-1AAGQRFIOE9AE,Service_beiakklem1vi3j5fejp0,100,2,0.4391861722,0
1537369140,Prod-EcsStagingCluster-EcsCluster-1AAGQRFIOE9AE,Service_beiakklem1vi3j5fejp0,100,2,0.4405881596,0
1537355280,Prod-EcsStagingCluster-EcsCluster-1AAGQRFIOE9AE,Service_beiakklem1vi3j5fejp0,100,2,0.4338203989,0
1537348920,Prod-EcsStagingCluster-EcsCluster-1AAGQRFIOE9AE,Service_beiakklem1vi3j5fejp0,100,2,0.3921970995,0
1537352100,Prod-EcsStagingCluster-EcsCluster-1AAGQRFIOE9AE,Service_beiakklem1vi3j5fejp0,100,2,0.4142942951,0
1537422060,Prod-EcsStagingCluster-EcsCluster-1AAGQRFIOE9AE,Service_beiakklem1vi3j5fejp0,100,2,0.4796759212,0
1537356240,Prod-EcsStagingCluster-EcsCluster-1AAGQRFIOE9AE,Service_beiakklem1vi3j5fejp0,100,2,0.4248241508,0
1537349880,Prod-EcsStagingCluster-EcsCluster-1AAGQRFIOE9AE,Service_beiakklem1vi3j5fejp0,100,2,0.4264789508,0
1537368900,Prod-EcsStagingCluster-EcsCluster-1AAGQRFIOE9AE,Service_beiakklem1vi3j5fejp0,100,2,0.4520948526,0
1537430460,Prod-EcsStagingCluster-EcsCluster-1AAGQRFIOE9AE,Service_beiakklem1vi3j5fejp0,100,2,0.4469680517,0
1537387980,Prod-EcsStagingCluster-EcsCluster-1AAGQRFIOE9AE,Service_beiakklem1vi3j5fejp0,100,2,0.4121314601,0
1537396380,Prod-EcsStagingCluster-EcsCluster-1AAGQRFIOE9AE,Service_beiakklem1vi3j5fejp0,100,2,0.4398482313,0
1537366680,Prod-EcsStagingCluster-EcsCluster-1AAGQRFIOE9AE,Service_beiakklem1vi3j5fejp0,100,2,0.4244585865,0
1537373040,Prod-EcsStagingCluster-EcsCluster-1AAGQRFIOE9AE,Service_beiakklem1vi3j5fejp0,100,2,0.4283950294,0
1537353900,Prod-EcsStagingCluster-EcsCluster-1AAGQRFIOE9AE,Service_beiakklem1vi3j5fejp0,100,2,0.4596161360,0
1537402740,Prod-EcsStagingCluster-EcsCluster-1AAGQRFIOE9AE,Service_beiakklem1vi3j5fejp0,100,2,0.4710681708,0
1537385700,Prod-EcsStagingCluster-EcsCluster-1AAGQRFIOE9AE,Service_beiakklem1vi3j5fejp0,100,2,0.6819171927,0
1537362300,Prod-EcsStagingCluster-EcsCluster-1AAGQRFIOE9AE,Service_beiakklem1vi3j5fejp0,100,2,0.4549685848,0
1537400520,Prod-EcsStagingCluster-EcsCluster-1AAGQRFIOE9AE,Service_beiakklem1vi3j5fejp0,100,2,0.4465919225,0
1537406880,Prod-EcsStagingCluster-EcsCluster-1AAGQRFIOE9AE,Service_beiakklem1vi3j5fejp0,100,2,0.4621662764,0
1537368660,Prod-EcsStagingCluster-EcsCluster-1AAGQRFIOE9AE,Service_beiakklem1vi3j5fejp0,100,2,0.4558497474,0
1537389840,Prod-EcsStagingCluster-EcsCluster-1AAGQRFIOE9AE,Service_beiakklem1vi3j5fejp0,100,2,0.3955833985,0
1537383480,Prod-EcsStagingCluster-EcsCluster-1AAGQRFIOE9AE,Service_beiakklem1vi3j5fejp0,100,2,0.4275119606,0
1537366440,Prod-EcsStagingCluster-EcsCluster-1AAGQRFIOE9AE,Service_beiakklem1vi3j5fejp0,100,2,0.4297429593,0
1537402500,Prod-EcsStagingCluster-EcsCluster-1AAGQRFIOE9AE,Service_beiakklem1vi3j5fejp0,100,2,0.4783026155,0
1537372800,Prod-EcsStagingCluster-EcsCluster-1AAGQRFIOE9AE,Service_beiakklem1vi3j5fejp0,100,2,0.4243334118,0
1537421580,Prod-EcsStagingCluster-EcsCluster-1AAGQRFIOE9AE,Service_beiakklem1vi3j5fejp0,100,2,0.4537188167,0
1537429980,Prod-EcsStagingCluster-EcsCluster-1AAGQRFIOE9AE,Service_beiakklem1vi3j5fejp0,100,2,0.4444231816,0
1537367400,Prod-EcsStagingCluster-EcsCluster-1AAGQRFIOE9AE,Service_beiakklem1vi3j5fejp0,100,2,0.4409665029,0
1537370580,Prod-EcsStagingCluster-EcsCluster-1AAGQRFIOE9AE,Service_beiakklem1vi3j5fejp0,100,2,0.4447708403,0
1537387500,Prod-EcsStagingCluster-EcsCluster-1AAGQRFIOE9AE,Service_beiakklem1vi3j5fejp0,100,2,0.4139967149,0
1537404420,Prod-EcsStagingCluster-EcsCluster-1AAGQRFIOE9AE,Service_beiakklem1vi3j5fejp0,100,2,0.4707980276,0
1537401240,Prod-EcsStagingCluster-EcsCluster-1AAGQRFIOE9AE,Service_beiakklem1vi3j5fejp0,100,2,0.4588341706,0
1537422480,Prod-EcsStagingCluster-EcsCluster-1AAGQRFIOE9AE,Service_beiakklem1vi3j5fejp0,100,2,0.4487364264,0
1537395900,Prod-EcsStagingCluster-EcsCluster-1AAGQRFIOE9AE,Service_beiakklem1vi3j5fejp0,100,2,0.4501374181,0
1537405440,Prod-EcsStagingCluster-EcsCluster-1AAGQRFIOE9AE,Service_beiakklem1vi3j5fejp0,100,2,0.4808316810,0
1537353420,Prod-EcsStagingCluster-EcsCluster-1AAGQRFIOE9AE,Service_beiakklem1vi3j5fejp0,100,2,0.4119718634,0
1537418040,Prod-EcsStagingCluster-EcsCluster-1AAGQRFIOE9AE,Service_beiakklem1vi3j5fejp0,100,2,0.4426309754,0
1537371360,Prod-EcsStagingCluster-EcsCluster-1AAGQRFIOE9AE,Service_beiakklem1vi3j5fejp0,100,2,0.4269654950,0
1537361820,Prod-EcsStagingCluster-EcsCluster-1AAGQRFIOE9AE,Service_beiakklem1vi3j5fejp0,100,2,0.4556605393,0
1537421220,Prod-EcsStagingCluster-EcsCluster-1AAGQRFIOE9AE,Service_beiakklem1vi3j5fejp0,100,2,0.4596542188,0
1537401000,Prod-EcsStagingCluster-EcsCluster-1AAGQRFIOE9AE,Service_beiakklem1vi3j5fejp0,100,2,0.4808849244,0
1537404180,Prod-EcsStagingCluster-EcsCluster-1AAGQRFIOE9AE,Service_beiakklem1vi3j5fejp0,100,2,0.4879899418,0
1537354320,Prod-EcsStagingCluster-EcsCluster-1AAGQRFIOE9AE,Service_beiakklem1vi3j5fejp0,100,2,0.4020988404,0
1537421100,Prod-EcsStagingCluster-EcsCluster-1AAGQRFIOE9AE,Service_beiakklem1vi3j5fejp0,100,2,0.4389881574,0
1537366920,Prod-EcsStagingCluster-EcsCluster-1AAGQRFIOE9AE,Service_beiakklem1vi3j5fejp0,100,2,0.4347044232,0
1537370100,Prod-EcsStagingCluster-EcsCluster-1AAGQRFIOE9AE,Service_beiakklem1vi3j5fejp0,100,2,0.4553757380,0
1537371120,Prod-EcsStagingCluster-EcsCluster-1AAGQRFIOE9AE,Service_beiakklem1vi3j5fejp0,100,2,0.4642984379,0
1537429500,Prod-EcsStagingCluster-EcsCluster-1AAGQRFIOE9AE,Service_beiakklem1vi3j5fejp0,100,2,0.4511671043,0
1537353060,Prod-EcsStagingCluster-EcsCluster-1AAGQRFIOE9AE,Service_beiakklem1vi3j5fejp0,100,2,0.4219739621,0
1537387020,Prod-EcsStagingCluster-EcsCluster-1AAGQRFIOE9AE,Service_beiakklem1vi3j5fejp0,100,2,0.4478105960,0
1537367880,Prod-EcsStagingCluster-EcsCluster-1AAGQRFIOE9AE,Service_beiakklem1vi3j5fejp0,100,2,0.4480150194,0
1537395420,Prod-EcsStagingCluster-EcsCluster-1AAGQRFIOE9AE,Service_beiakklem1vi3j5fejp0,100,2,0.4441659098,0
1537372080,Prod-EcsStagingCluster-EcsCluster-1AAGQRFIOE9AE,Service_beiakklem1vi3j5fejp0,100,2,0.4425227398,0
1537352940,Prod-EcsStagingCluster-EcsCluster-1AAGQRFIOE9AE,Service_beiakklem1vi3j5fejp0,100,2,0.4230380380,0
1537350840,Prod-EcsStagingCluster-EcsCluster-1AAGQRFIOE9AE,Service_beiakklem1vi3j5fejp0,100,2,0.4045835032,0
1537369860,Prod-EcsStagingCluster-EcsCluster-1AAGQRFIOE9AE,Service_beiakklem1vi3j5fejp0,100,2,0.4612885358,0
1537361340,Prod-EcsStagingCluster-EcsCluster-1AAGQRFIOE9AE,Service_beiakklem1vi3j5fejp0,100,2,0.4434678722,0
1537405920,Prod-EcsStagingCluster-EcsCluster-1AAGQRFIOE9AE,Service_beiakklem1vi3j5fejp0,100,2,0.4733903764,0
1537367640,Prod-EcsStagingCluster-EcsCluster-1AAGQRFIOE9AE,Service_beiakklem1vi3j5fejp0,100,2,0.4539278854,0
1537388880,Prod-EcsStagingCluster-EcsCluster-1AAGQRFIOE9AE,Service_beiakklem1vi3j5fejp0,100,2,0.4290041539,0
1537403700,Prod-EcsStagingCluster-EcsCluster-1AAGQRFIOE9AE,Service_beiakklem1vi3j5fejp0,100,2,0.4562764829,0
1537371840,Prod-EcsStagingCluster-EcsCluster-1AAGQRFIOE9AE,Service_beiakklem1vi3j5fejp0,100,2,0.4424545644,0
1537420620,Prod-EcsStagingCluster-EcsCluster-1AAGQRFIOE9AE,Service_beiakklem1vi3j5fejp0,100,2,0.4614052973,0
1537386660,Prod-EcsStagingCluster-EcsCluster-1AAGQRFIOE9AE,Service_beiakklem1vi3j5fejp0,100,2,0.4533101150,0
1537401480,Prod-EcsStagingCluster-EcsCluster-1AAGQRFIOE9AE,Service_beiakklem1vi3j5fejp0,100,2,0.4548019269,0
1537405680,Prod-EcsStagingCluster-EcsCluster-1AAGQRFIOE9AE,Service_beiakklem1vi3j5fejp0,100,2,0.4737837284,0
1537429020,Prod-EcsStagingCluster-EcsCluster-1AAGQRFIOE9AE,Service_beiakklem1vi3j5fejp0,100,2,0.4398998706,0
1537369620,Prod-EcsStagingCluster-EcsCluster-1AAGQRFIOE9AE,Service_beiakklem1vi3j5fejp0,100,2,0.4281604007,0
1537386540,Prod-EcsStagingCluster-EcsCluster-1AAGQRFIOE9AE,Service_beiakklem1vi3j5fejp0,100,2,0.4398752663,0
1537384440,Prod-EcsStagingCluster-EcsCluster-1AAGQRFIOE9AE,Service_beiakklem1vi3j5fejp0,100,2,0.4356750681,0
1537404480,Prod-EcsStagingCluster-EcsCluster-1AAGQRFIOE9AE,Service_beiakklem1vi3j5fejp0,100,2,0.4741747470,0
1537401300,Prod-EcsStagingCluster-EcsCluster-1AAGQRFIOE9AE,Service_beiakklem1vi3j5fejp0,100,2,0.4741800173,0
1537398120,Prod-EcsStagingCluster-EcsCluster-1AAGQRFIOE9AE,Service_beiakklem1vi3j5fejp0,100,2,0.4463581962,0
1537388580,Prod-EcsStagingCluster-EcsCluster-1AAGQRFIOE9AE,Service_beiakklem1vi3j5fejp0,100,2,0.4272845993,0
1537391760,Prod-EcsStagingCluster-EcsCluster-1AAGQRFIOE9AE,Service_beiakklem1vi3j5fejp0,100,2,0.4026569614,0
1537385400,Prod-EcsStagingCluster-EcsCluster-1AAGQRFIOE9AE,Service_beiakklem1vi3j5fejp0,100,2,0.4563765583,0
1537352460,Prod-EcsStagingCluster-EcsCluster-1AAGQRFIOE9AE,Service_beiakklem1vi3j5fejp0,100,2,0.4207007273,0
1537365180,Prod-EcsStagingCluster-EcsCluster-1AAGQRFIOE9AE,Service_beiakklem1vi3j5fejp0,100,2,0.4398698450,0
1537364040,Prod-EcsStagingCluster-EcsCluster-1AAGQRFIOE9AE,Service_beiakklem1vi3j5fejp0,100,2,0.4319053265,0
1537367220,Prod-EcsStagingCluster-EcsCluster-1AAGQRFIOE9AE,Service_beiakklem1vi3j5fejp0,100,2,0.4293289151,0
1537370400,Prod-EcsStagingCluster-EcsCluster-1AAGQRFIOE9AE,Service_beiakklem1vi3j5fejp0,100,2,0.4694952739,0
1537408560,Prod-EcsStagingCluster-EcsCluster-1AAGQRFIOE9AE,Service_beiakklem1vi3j5fejp0,100,2,0.4464053412,0
1537405380,Prod-EcsStagingCluster-EcsCluster-1AAGQRFIOE9AE,Service_beiakklem1vi3j5fejp0,100,2,0.4703305932,0
1537402200,Prod-EcsStagingCluster-EcsCluster-1AAGQRFIOE9AE,Service_beiakklem1vi3j5fejp0,100,2,0.4550445859,0
1537420140,Prod-EcsStagingCluster-EcsCluster-1AAGQRFIOE9AE,Service_beiakklem1vi3j5fejp0,100,2,0.4634342366,0
1537419000,Prod-EcsStagingCluster-EcsCluster-1AAGQRFIOE9AE,Service_beiakklem1vi3j5fejp0,100,2,0.4614527443,0
1537425360,Prod-EcsStagingCluster-EcsCluster-1AAGQRFIOE9AE,Service_beiakklem1vi3j5fejp0,100,2,0.5056038743,0
1537422180,Prod-EcsStagingCluster-EcsCluster-1AAGQRFIOE9AE,Service_beiakklem1vi3j5fejp0,100,2,0.4512222185,0
1537398780,Prod-EcsStagingCluster-EcsCluster-1AAGQRFIOE9AE,Service_beiakklem1vi3j5fejp0,100,2,0.5078199223,0
1537386060,Prod-EcsStagingCluster-EcsCluster-1AAGQRFIOE9AE,Service_beiakklem1vi3j5fejp0,100,2,0.4419704524,0
1537397640,Prod-EcsStagingCluster-EcsCluster-1AAGQRFIOE9AE,Service_beiakklem1vi3j5fejp0,100,2,0.4262876555,0
1537351980,Prod-EcsStagingCluster-EcsCluster-1AAGQRFIOE9AE,Service_beiakklem1vi3j5fejp0,100,2,0.4334978529,0
1537400820,Prod-EcsStagingCluster-EcsCluster-1AAGQRFIOE9AE,Service_beiakklem1vi3j5fejp0,100,2,0.4561298252,0
1537364700,Prod-EcsStagingCluster-EcsCluster-1AAGQRFIOE9AE,Service_beiakklem1vi3j5fejp0,100,2,0.4385475955,0
1537354020,Prod-EcsStagingCluster-EcsCluster-1AAGQRFIOE9AE,Service_beiakklem1vi3j5fejp0,100,2,0.4077211837,0
1537366740,Prod-EcsStagingCluster-EcsCluster-1AAGQRFIOE9AE,Service_beiakklem1vi3j5fejp0,100,2,0.4255555592,0
1537398600,Prod-EcsStagingCluster-EcsCluster-1AAGQRFIOE9AE,Service_beiakklem1vi3j5fejp0,100,2,0.4655283970,0
1537404960,Prod-EcsStagingCluster-EcsCluster-1AAGQRFIOE9AE,Service_beiakklem1vi3j5fejp0,100,2,0.4970676263,0
1537358160,Prod-EcsStagingCluster-EcsCluster-1AAGQRFIOE9AE,Service_beiakklem1vi3j5fejp0,100,2,0.4335022286,0
1537364520,Prod-EcsStagingCluster-EcsCluster-1AAGQRFIOE9AE,Service_beiakklem1vi3j5fejp0,100,2,0.4385438881,0
1537351800,Prod-EcsStagingCluster-EcsCluster-1AAGQRFIOE9AE,Service_beiakklem1vi3j5fejp0,100,2,0.4260271767,0
1537370880,Prod-EcsStagingCluster-EcsCluster-1AAGQRFIOE9AE,Service_beiakklem1vi3j5fejp0,100,2,0.4494742479,0
1537370820,Prod-EcsStagingCluster-EcsCluster-1AAGQRFIOE9AE,Service_beiakklem1vi3j5fejp0,100,2,0.4566266958,0
1537419660,Prod-EcsStagingCluster-EcsCluster-1AAGQRFIOE9AE,Service_beiakklem1vi3j5fejp0,100,2,0.4498064956,0
1537368600,Prod-EcsStagingCluster-EcsCluster-1AAGQRFIOE9AE,Service_beiakklem1vi3j5fejp0,100,2,0.4450290533,0
1537374960,Prod-EcsStagingCluster-EcsCluster-1AAGQRFIOE9AE,Service_beiakklem1vi3j5fejp0,100,2,0.4502619454,0
1537385580,Prod-EcsStagingCluster-EcsCluster-1AAGQRFIOE9AE,Service_beiakklem1vi3j5fejp0,100,2,0.4393004538,0
1537398300,Prod-EcsStagingCluster-EcsCluster-1AAGQRFIOE9AE,Service_beiakklem1vi3j5fejp0,100,2,0.4456876944,0
1537400340,Prod-EcsStagingCluster-EcsCluster-1AAGQRFIOE9AE,Service_beiakklem1vi3j5fejp0,100,2,0.4692390838,0
1537387620,Prod-EcsStagingCluster-EcsCluster-1AAGQRFIOE9AE,Service_beiakklem1vi3j5fejp0,100,2,0.3992598992,0
1537364220,Prod-EcsStagingCluster-EcsCluster-1AAGQRFIOE9AE,Service_beiakklem1vi3j5fejp0,100,2,0.4364839801,0
1537351500,Prod-EcsStagingCluster-EcsCluster-1AAGQRFIOE9AE,Service_beiakklem1vi3j5fejp0,100,2,0.4274191664,0
1537369440,Prod-EcsStagingCluster-EcsCluster-1AAGQRFIOE9AE,Service_beiakklem1vi3j5fejp0,100,2,0.4658746166,0
1537407600,Prod-EcsStagingCluster-EcsCluster-1AAGQRFIOE9AE,Service_beiakklem1vi3j5fejp0,100,2,0.4604730641,0
1537399080,Prod-EcsStagingCluster-EcsCluster-1AAGQRFIOE9AE,Service_beiakklem1vi3j5fejp0,100,2,0.4536322697,0
1537402260,Prod-EcsStagingCluster-EcsCluster-1AAGQRFIOE9AE,Service_beiakklem1vi3j5fejp0,100,2,0.4728993228,0
1537389540,Prod-EcsStagingCluster-EcsCluster-1AAGQRFIOE9AE,Service_beiakklem1vi3j5fejp0,100,2,0.4298953943,0
1537386360,Prod-EcsStagingCluster-EcsCluster-1AAGQRFIOE9AE,Service_beiakklem1vi3j5fejp0,100,2,0.4586062896,0
1537419180,Prod-EcsStagingCluster-EcsCluster-1AAGQRFIOE9AE,Service_beiakklem1vi3j5fejp0,100,2,0.4375576518,0
1537365000,Prod-EcsStagingCluster-EcsCluster-1AAGQRFIOE9AE,Service_beiakklem1vi3j5fejp0,100,2,0.4383771786,0
1537368180,Prod-EcsStagingCluster-EcsCluster-1AAGQRFIOE9AE,Service_beiakklem1vi3j5fejp0,100,2,0.4420441388,0
1537406340,Prod-EcsStagingCluster-EcsCluster-1AAGQRFIOE9AE,Service_beiakklem1vi3j5fejp0,100,2,0.4748168211,0
1537403160,Prod-EcsStagingCluster-EcsCluster-1AAGQRFIOE9AE,Service_beiakklem1vi3j5fejp0,100,2,0.4707944639,0
1537424400,Prod-EcsStagingCluster-EcsCluster-1AAGQRFIOE9AE,Service_beiakklem1vi3j5fejp0,100,2,0.4520619010,0
1537397820,Prod-EcsStagingCluster-EcsCluster-1AAGQRFIOE9AE,Service_beiakklem1vi3j5fejp0,100,2,0.4442921214,0
1537385100,Prod-EcsStagingCluster-EcsCluster-1AAGQRFIOE9AE,Service_beiakklem1vi3j5fejp0,100,2,0.4445563271,0
1537351020,Prod-EcsStagingCluster-EcsCluster-1AAGQRFIOE9AE,Service_beiakklem1vi3j5fejp0,100,2,0.4287882224,0
1537403040,Prod-EcsStagingCluster-EcsCluster-1AAGQRFIOE9AE,Service_beiakklem1vi3j5fejp0,100,2,0.5240144002,0
1537363740,Prod-EcsStagingCluster-EcsCluster-1AAGQRFIOE9AE,Service_beiakklem1vi3j5fejp0,100,2,0.4386710923,0
1537419960,Prod-EcsStagingCluster-EcsCluster-1AAGQRFIOE9AE,Service_beiakklem1vi3j5fejp0,100,2,0.4588955637,0
1537423140,Prod-EcsStagingCluster-EcsCluster-1AAGQRFIOE9AE,Service_beiakklem1vi3j5fejp0,100,2,0.4778168375,0
1537404000,Prod-EcsStagingCluster-EcsCluster-1AAGQRFIOE9AE,Service_beiakklem1vi3j5fejp0,100,2,0.4494884227,0
1537420920,Prod-EcsStagingCluster-EcsCluster-1AAGQRFIOE9AE,Service_beiakklem1vi3j5fejp0,100,2,0.4760834210,0
1537357200,Prod-EcsStagingCluster-EcsCluster-1AAGQRFIOE9AE,Service_beiakklem1vi3j5fejp0,100,2,0.4370323240,0
1537401780,Prod-EcsStagingCluster-EcsCluster-1AAGQRFIOE9AE,Service_beiakklem1vi3j5fejp0,100,2,0.4589771900,0
1537369920,Prod-EcsStagingCluster-EcsCluster-1AAGQRFIOE9AE,Service_beiakklem1vi3j5fejp0,100,2,0.4500275706,0
1537418700,Prod-EcsStagingCluster-EcsCluster-1AAGQRFIOE9AE,Service_beiakklem1vi3j5fejp0,100,2,0.4670678030,0
1537431420,Prod-EcsStagingCluster-EcsCluster-1AAGQRFIOE9AE,Service_beiakklem1vi3j5fejp0,100,2,0.4519896584,0
1537354980,Prod-EcsStagingCluster-EcsCluster-1AAGQRFIOE9AE,Service_beiakklem1vi3j5fejp0,100,2,0.4201590362,0
1537367700,Prod-EcsStagingCluster-EcsCluster-1AAGQRFIOE9AE,Service_beiakklem1vi3j5fejp0,100,2,0.4421377256,0
1537399560,Prod-EcsStagingCluster-EcsCluster-1AAGQRFIOE9AE,Service_beiakklem1vi3j5fejp0,100,2,0.4690842577,0
1537374000,Prod-EcsStagingCluster-EcsCluster-1AAGQRFIOE9AE,Service_beiakklem1vi3j5fejp0,100,2,0.4462471440,0
1537384620,Prod-EcsStagingCluster-EcsCluster-1AAGQRFIOE9AE,Service_beiakklem1vi3j5fejp0,100,2,0.4481428603,0
1537365480,Prod-EcsStagingCluster-EcsCluster-1AAGQRFIOE9AE,Service_beiakklem1vi3j5fejp0,100,2,0.4543403202,0
1537397340,Prod-EcsStagingCluster-EcsCluster-1AAGQRFIOE9AE,Service_beiakklem1vi3j5fejp0,100,2,0.5162135072,0
1537352760,Prod-EcsStagingCluster-EcsCluster-1AAGQRFIOE9AE,Service_beiakklem1vi3j5fejp0,100,2,0.4244670865,0
1537371780,Prod-EcsStagingCluster-EcsCluster-1AAGQRFIOE9AE,Service_beiakklem1vi3j5fejp0,100,2,0.4433523652,0
1537363260,Prod-EcsStagingCluster-EcsCluster-1AAGQRFIOE9AE,Service_beiakklem1vi3j5fejp0,100,2,0.4386136818,0
1537350540,Prod-EcsStagingCluster-EcsCluster-1AAGQRFIOE9AE,Service_beiakklem1vi3j5fejp0,100,2,0.4195860669,0
1537403520,Prod-EcsStagingCluster-EcsCluster-1AAGQRFIOE9AE,Service_beiakklem1vi3j5fejp0,100,2,0.4617816313,0
1537369560,Prod-EcsStagingCluster-EcsCluster-1AAGQRFIOE9AE,Service_beiakklem1vi3j5fejp0,100,2,0.4190607335,0
1537390800,Prod-EcsStagingCluster-EcsCluster-1AAGQRFIOE9AE,Service_beiakklem1vi3j5fejp0,100,2,0.4143110381,0
1537413000,Prod-EcsStagingCluster-EcsCluster-1AAGQRFIOE9AE,Service_beiakklem1vi3j5fejp0,100,2,0.4518599626,0
1537390740,Prod-EcsStagingCluster-EcsCluster-1AAGQRFIOE9AE,Service_beiakklem1vi3j5fejp0,100,2,0.4380733303,0
1537367340,Prod-EcsStagingCluster-EcsCluster-1AAGQRFIOE9AE,Service_beiakklem1vi3j5fejp0,100,2,0.4464608442,0
1537370520,Prod-EcsStagingCluster-EcsCluster-1AAGQRFIOE9AE,Service_beiakklem1vi3j5fejp0,100,2,0.4350684668,0
1537419360,Prod-EcsStagingCluster-EcsCluster-1AAGQRFIOE9AE,Service_beiakklem1vi3j5fejp0,100,2,0.4565605436,0
1537351440,Prod-EcsStagingCluster-EcsCluster-1AAGQRFIOE9AE,Service_beiakklem1vi3j5fejp0,100,2,0.4243765471,0
1537395960,Prod-EcsStagingCluster-EcsCluster-1AAGQRFIOE9AE,Service_beiakklem1vi3j5fejp0,100,2,0.4561479548,0
1537376880,Prod-EcsStagingCluster-EcsCluster-1AAGQRFIOE9AE,Service_beiakklem1vi3j5fejp0,100,2,0.4241908189,0
1537427760,Prod-EcsStagingCluster-EcsCluster-1AAGQRFIOE9AE,Service_beiakklem1vi3j5fejp0,100,2,0.4539874937,0
1537402320,Prod-EcsStagingCluster-EcsCluster-1AAGQRFIOE9AE,Service_beiakklem1vi3j5fejp0,100,2,0.4569775883,0
1537418220,Prod-EcsStagingCluster-EcsCluster-1AAGQRFIOE9AE,Service_beiakklem1vi3j5fejp0,100,2,0.4607893039,0
1537421400,Prod-EcsStagingCluster-EcsCluster-1AAGQRFIOE9AE,Service_beiakklem1vi3j5fejp0,100,2,0.4593505511,0
1537348020,Prod-EcsStagingCluster-EcsCluster-1AAGQRFIOE9AE,Service_beiakklem1vi3j5fejp0,100,2,0.4059533308,0
1537392540,Prod-EcsStagingCluster-EcsCluster-1AAGQRFIOE9AE,Service_beiakklem1vi3j5fejp0,100,2,0.3935440164,0
1537370280,Prod-EcsStagingCluster-EcsCluster-1AAGQRFIOE9AE,Service_beiakklem1vi3j5fejp0,100,2,0.4542803339,0
1537376640,Prod-EcsStagingCluster-EcsCluster-1AAGQRFIOE9AE,Service_beiakklem1vi3j5fejp0,100,2,0.4271704829,0
1537421160,Prod-EcsStagingCluster-EcsCluster-1AAGQRFIOE9AE,Service_beiakklem1vi3j5fejp0,100,2,0.4504706823,0
1537398900,Prod-EcsStagingCluster-EcsCluster-1AAGQRFIOE9AE,Service_beiakklem1vi3j5fejp0,100,2,0.4400876574,0
1537375500,Prod-EcsStagingCluster-EcsCluster-1AAGQRFIOE9AE,Service_beiakklem1vi3j5fejp0,100,2,0.4279579567,0
1537381860,Prod-EcsStagingCluster-EcsCluster-1AAGQRFIOE9AE,Service_beiakklem1vi3j5fejp0,100,2,0.4581084459,0
1537427520,Prod-EcsStagingCluster-EcsCluster-1AAGQRFIOE9AE,Service_beiakklem1vi3j5fejp0,100,2,0.4573161905,0
1537356420,Prod-EcsStagingCluster-EcsCluster-1AAGQRFIOE9AE,Service_beiakklem1vi3j5fejp0,100,2,0.4138921047,0
1537407300,Prod-EcsStagingCluster-EcsCluster-1AAGQRFIOE9AE,Service_beiakklem1vi3j5fejp0,100,2,0.4521050528,0
1537426380,Prod-EcsStagingCluster-EcsCluster-1AAGQRFIOE9AE,Service_beiakklem1vi3j5fejp0,100,2,0.4605759194,0
1537430520,Prod-EcsStagingCluster-EcsCluster-1AAGQRFIOE9AE,Service_beiakklem1vi3j5fejp0,100,2,0.4309822606,0
1537349820,Prod-EcsStagingCluster-EcsCluster-1AAGQRFIOE9AE,Service_beiakklem1vi3j5fejp0,100,2,0.4183034885,0
1537356180,Prod-EcsStagingCluster-EcsCluster-1AAGQRFIOE9AE,Service_beiakklem1vi3j5fejp0,100,2,0.4725676953,0
1537400700,Prod-EcsStagingCluster-EcsCluster-1AAGQRFIOE9AE,Service_beiakklem1vi3j5fejp0,100,2,0.4659814329,0
1537407060,Prod-EcsStagingCluster-EcsCluster-1AAGQRFIOE9AE,Service_beiakklem1vi3j5fejp0,100,2,0.4620823241,0
1537360320,Prod-EcsStagingCluster-EcsCluster-1AAGQRFIOE9AE,Service_beiakklem1vi3j5fejp0,100,2,0.4811248461,0
1537383660,Prod-EcsStagingCluster-EcsCluster-1AAGQRFIOE9AE,Service_beiakklem1vi3j5fejp0,100,2,0.4344471724,0
1537353960,Prod-EcsStagingCluster-EcsCluster-1AAGQRFIOE9AE,Service_beiakklem1vi3j5fejp0,100,2,0.4077393418,0
1537404840,Prod-EcsStagingCluster-EcsCluster-1AAGQRFIOE9AE,Service_beiakklem1vi3j5fejp0,100,2,0.4552069937,0
1537411200,Prod-EcsStagingCluster-EcsCluster-1AAGQRFIOE9AE,Service_beiakklem1vi3j5fejp0,100,2,0.4585842814,0
1537357980,Prod-EcsStagingCluster-EcsCluster-1AAGQRFIOE9AE,Service_beiakklem1vi3j5fejp0,100,2,0.4343005154,0
1537364340,Prod-EcsStagingCluster-EcsCluster-1AAGQRFIOE9AE,Service_beiakklem1vi3j5fejp0,100,2,0.4408890291,0
1537408860,Prod-EcsStagingCluster-EcsCluster-1AAGQRFIOE9AE,Service_beiakklem1vi3j5fejp0,100,2,0.4586665967,0
1537415220,Prod-EcsStagingCluster-EcsCluster-1AAGQRFIOE9AE,Service_beiakklem1vi3j5fejp0,100,2,0.4423034129,0
1537372740,Prod-EcsStagingCluster-EcsCluster-1AAGQRFIOE9AE,Service_beiakklem1vi3j5fejp0,100,2,0.4543657895,0
1537347300,Prod-EcsStagingCluster-EcsCluster-1AAGQRFIOE9AE,Service_beiakklem1vi3j5fejp0,100,2,0.3947841813,0
1537391820,Prod-EcsStagingCluster-EcsCluster-1AAGQRFIOE9AE,Service_beiakklem1vi3j5fejp0,100,2,0.4178718599,0
1537398180,Prod-EcsStagingCluster-EcsCluster-1AAGQRFIOE9AE,Service_beiakklem1vi3j5fejp0,100,2,0.4543406376,0
1537362120,Prod-EcsStagingCluster-EcsCluster-1AAGQRFIOE9AE,Service_beiakklem1vi3j5fejp0,100,2,0.4326407929,0
1537368480,Prod-EcsStagingCluster-EcsCluster-1AAGQRFIOE9AE,Service_beiakklem1vi3j5fejp0,100,2,0.4526341174,0
1537366260,Prod-EcsStagingCluster-EcsCluster-1AAGQRFIOE9AE,Service_beiakklem1vi3j5fejp0,100,2,0.4293327268,0
1537417140,Prod-EcsStagingCluster-EcsCluster-1AAGQRFIOE9AE,Service_beiakklem1vi3j5fejp0,100,2,0.4612775870,0
1537388520,Prod-EcsStagingCluster-EcsCluster-1AAGQRFIOE9AE,Service_beiakklem1vi3j5fejp0,100,2,0.4258393850,0
1537374660,Prod-EcsStagingCluster-EcsCluster-1AAGQRFIOE9AE,Service_beiakklem1vi3j5fejp0,100,2,0.4488296398,0
1537349220,Prod-EcsStagingCluster-EcsCluster-1AAGQRFIOE9AE,Service_beiakklem1vi3j5fejp0,100,2,0.3925408240,0
1537400100,Prod-EcsStagingCluster-EcsCluster-1AAGQRFIOE9AE,Service_beiakklem1vi3j5fejp0,100,2,0.4615412680,0
1537366140,Prod-EcsStagingCluster-EcsCluster-1AAGQRFIOE9AE,Service_beiakklem1vi3j5fejp0,100,2,0.4736747887,0
1537350240,Prod-EcsStagingCluster-EcsCluster-1AAGQRFIOE9AE,Service_beiakklem1vi3j5fejp0,100,2,0.4437255936,0
1537425540,Prod-EcsStagingCluster-EcsCluster-1AAGQRFIOE9AE,Service_beiakklem1vi3j5fejp0,100,2,0.4403185543,0
1537417020,Prod-EcsStagingCluster-EcsCluster-1AAGQRFIOE9AE,Service_beiakklem1vi3j5fejp0,100,2,0.4632540278,0
1537349100,Prod-EcsStagingCluster-EcsCluster-1AAGQRFIOE9AE,Service_beiakklem1vi3j5fejp0,100,2,0.3926334918,0
1537401120,Prod-EcsStagingCluster-EcsCluster-1AAGQRFIOE9AE,Service_beiakklem1vi3j5fejp0,100,2,0.4580072714,0
1537358640,Prod-EcsStagingCluster-EcsCluster-1AAGQRFIOE9AE,Service_beiakklem1vi3j5fejp0,100,2,0.4383770392,0
1537409520,Prod-EcsStagingCluster-EcsCluster-1AAGQRFIOE9AE,Service_beiakklem1vi3j5fejp0,100,2,0.4729721126,0
1537399980,Prod-EcsStagingCluster-EcsCluster-1AAGQRFIOE9AE,Service_beiakklem1vi3j5fejp0,100,2,0.4565527247,0
1537384080,Prod-EcsStagingCluster-EcsCluster-1AAGQRFIOE9AE,Service_beiakklem1vi3j5fejp0,100,2,0.4435688191,0
1537345800,Prod-EcsStagingCluster-EcsCluster-1AAGQRFIOE9AE,Service_beiakklem1vi3j5fejp0,100,2,0.4574196302,0
1537396680,Prod-EcsStagingCluster-EcsCluster-1AAGQRFIOE9AE,Service_beiakklem1vi3j5fejp0,100,2,0.4259623598,0
1537374420,Prod-EcsStagingCluster-EcsCluster-1AAGQRFIOE9AE,Service_beiakklem1vi3j5fejp0,100,2,0.4260876761,0
1537354200,Prod-EcsStagingCluster-EcsCluster-1AAGQRFIOE9AE,Service_beiakklem1vi3j5fejp0,100,2,0.4036740321,0
1537379640,Prod-EcsStagingCluster-EcsCluster-1AAGQRFIOE9AE,Service_beiakklem1vi3j5fejp0,100,2,0.4102635076,0
1537425300,Prod-EcsStagingCluster-EcsCluster-1AAGQRFIOE9AE,Service_beiakklem1vi3j5fejp0,100,2,0.4659882015,0
1537405080,Prod-EcsStagingCluster-EcsCluster-1AAGQRFIOE9AE,Service_beiakklem1vi3j5fejp0,100,2,0.4483363142,0
1537374300,Prod-EcsStagingCluster-EcsCluster-1AAGQRFIOE9AE,Service_beiakklem1vi3j5fejp0,100,2,0.4171576796,0
1537358400,Prod-EcsStagingCluster-EcsCluster-1AAGQRFIOE9AE,Service_beiakklem1vi3j5fejp0,100,2,0.4136075462,0
1537423080,Prod-EcsStagingCluster-EcsCluster-1AAGQRFIOE9AE,Service_beiakklem1vi3j5fejp0,100,2,0.4719138534,0
1537357260,Prod-EcsStagingCluster-EcsCluster-1AAGQRFIOE9AE,Service_beiakklem1vi3j5fejp0,100,2,0.4183287447,0
1537425180,Prod-EcsStagingCluster-EcsCluster-1AAGQRFIOE9AE,Service_beiakklem1vi3j5fejp0,100,2,0.4435975721,0
1537408140,Prod-EcsStagingCluster-EcsCluster-1AAGQRFIOE9AE,Service_beiakklem1vi3j5fejp0,100,2,0.4696201818,0
1537384800,Prod-EcsStagingCluster-EcsCluster-1AAGQRFIOE9AE,Service_beiakklem1vi3j5fejp0,100,2,0.4427478912,0
1537393200,Prod-EcsStagingCluster-EcsCluster-1AAGQRFIOE9AE,Service_beiakklem1vi3j5fejp0,100,2,0.4226462078,0
1537367760,Prod-EcsStagingCluster-EcsCluster-1AAGQRFIOE9AE,Service_beiakklem1vi3j5fejp0,100,2,0.4256346211,0
1537418640,Prod-EcsStagingCluster-EcsCluster-1AAGQRFIOE9AE,Service_beiakklem1vi3j5fejp0,100,2,0.4803416821,0
1537382580,Prod-EcsStagingCluster-EcsCluster-1AAGQRFIOE9AE,Service_beiakklem1vi3j5fejp0,100,2,0.4456524267,0
1537390980,Prod-EcsStagingCluster-EcsCluster-1AAGQRFIOE9AE,Service_beiakklem1vi3j5fejp0,100,2,0.4505665423,0
1537365540,Prod-EcsStagingCluster-EcsCluster-1AAGQRFIOE9AE,Service_beiakklem1vi3j5fejp0,100,2,0.4490646294,0
1537416420,Prod-EcsStagingCluster-EcsCluster-1AAGQRFIOE9AE,Service_beiakklem1vi3j5fejp0,100,2,0.4414488749,0
1537382460,Prod-EcsStagingCluster-EcsCluster-1AAGQRFIOE9AE,Service_beiakklem1vi3j5fejp0,100,2,0.4442510443,0
1537380360,Prod-EcsStagingCluster-EcsCluster-1AAGQRFIOE9AE,Service_beiakklem1vi3j5fejp0,100,2,0.4092785723,0
1537431240,Prod-EcsStagingCluster-EcsCluster-1AAGQRFIOE9AE,Service_beiakklem1vi3j5fejp0,100,2,0.4576917916,0
1537388760,Prod-EcsStagingCluster-EcsCluster-1AAGQRFIOE9AE,Service_beiakklem1vi3j5fejp0,100,2,0.4164280826,0
1537365420,Prod-EcsStagingCluster-EcsCluster-1AAGQRFIOE9AE,Service_beiakklem1vi3j5fejp0,100,2,0.4458942524,0
1537363320,Prod-EcsStagingCluster-EcsCluster-1AAGQRFIOE9AE,Service_beiakklem1vi3j5fejp0,100,2,0.4458161831,0
1537414200,Prod-EcsStagingCluster-EcsCluster-1AAGQRFIOE9AE,Service_beiakklem1vi3j5fejp0,100,2,0.4926662860,0
1537392960,Prod-EcsStagingCluster-EcsCluster-1AAGQRFIOE9AE,Service_beiakklem1vi3j5fejp0,100,2,0.4577161866,0
1537416300,Prod-EcsStagingCluster-EcsCluster-1AAGQRFIOE9AE,Service_beiakklem1vi3j5fejp0,100,2,0.4135162323,0
1537346100,Prod-EcsStagingCluster-EcsCluster-1AAGQRFIOE9AE,Service_beiakklem1vi3j5fejp0,100,2,0.4429425462,0
1537396980,Prod-EcsStagingCluster-EcsCluster-1AAGQRFIOE9AE,Service_beiakklem1vi3j5fejp0,100,2,0.4356319673,0
1537368360,Prod-EcsStagingCluster-EcsCluster-1AAGQRFIOE9AE,Service_beiakklem1vi3j5fejp0,100,2,0.4588727923,0
1537374720,Prod-EcsStagingCluster-EcsCluster-1AAGQRFIOE9AE,Service_beiakklem1vi3j5fejp0,100,2,0.4098178747,0
1537425600,Prod-EcsStagingCluster-EcsCluster-1AAGQRFIOE9AE,Service_beiakklem1vi3j5fejp0,100,2,0.4555640930,0
1537419240,Prod-EcsStagingCluster-EcsCluster-1AAGQRFIOE9AE,Service_beiakklem1vi3j5fejp0,100,2,0.4453110822,0
1537373580,Prod-EcsStagingCluster-EcsCluster-1AAGQRFIOE9AE,Service_beiakklem1vi3j5fejp0,100,2,0.4086974069,0
1537386300,Prod-EcsStagingCluster-EcsCluster-1AAGQRFIOE9AE,Service_beiakklem1vi3j5fejp0,100,2,0.4549281675,0
1537372440,Prod-EcsStagingCluster-EcsCluster-1AAGQRFIOE9AE,Service_beiakklem1vi3j5fejp0,100,2,0.4272725390,0
1537424460,Prod-EcsStagingCluster-EcsCluster-1AAGQRFIOE9AE,Service_beiakklem1vi3j5fejp0,100,2,0.4442913726,0
1537347000,Prod-EcsStagingCluster-EcsCluster-1AAGQRFIOE9AE,Service_beiakklem1vi3j5fejp0,100,2,0.4161371382,0
1537353360,Prod-EcsStagingCluster-EcsCluster-1AAGQRFIOE9AE,Service_beiakklem1vi3j5fejp0,100,2,0.4140419160,0
1537397880,Prod-EcsStagingCluster-EcsCluster-1AAGQRFIOE9AE,Service_beiakklem1vi3j5fejp0,100,2,0.4553821997,0
1537378800,Prod-EcsStagingCluster-EcsCluster-1AAGQRFIOE9AE,Service_beiakklem1vi3j5fejp0,100,2,0.4264822821,0
1537423320,Prod-EcsStagingCluster-EcsCluster-1AAGQRFIOE9AE,Service_beiakklem1vi3j5fejp0,100,2,0.4778859399,0
1537429680,Prod-EcsStagingCluster-EcsCluster-1AAGQRFIOE9AE,Service_beiakklem1vi3j5fejp0,100,2,0.4512436323,0
1537404240,Prod-EcsStagingCluster-EcsCluster-1AAGQRFIOE9AE,Service_beiakklem1vi3j5fejp0,100,2,0.4880357254,0
1537376520,Prod-EcsStagingCluster-EcsCluster-1AAGQRFIOE9AE,Service_beiakklem1vi3j5fejp0,100,2,0.4290212471,0
1537354260,Prod-EcsStagingCluster-EcsCluster-1AAGQRFIOE9AE,Service_beiakklem1vi3j5fejp0,100,2,0.4034737323,0
1537405140,Prod-EcsStagingCluster-EcsCluster-1AAGQRFIOE9AE,Service_beiakklem1vi3j5fejp0,100,2,0.4380576587,0
1537382880,Prod-EcsStagingCluster-EcsCluster-1AAGQRFIOE9AE,Service_beiakklem1vi3j5fejp0,100,2,0.4412194752,0
1537427400,Prod-EcsStagingCluster-EcsCluster-1AAGQRFIOE9AE,Service_beiakklem1vi3j5fejp0,100,2,0.4588638605,0
1537394460,Prod-EcsStagingCluster-EcsCluster-1AAGQRFIOE9AE,Service_beiakklem1vi3j5fejp0,100,2,0.4284942813,0
1537381740,Prod-EcsStagingCluster-EcsCluster-1AAGQRFIOE9AE,Service_beiakklem1vi3j5fejp0,100,2,0.4576870363,0
1537402920,Prod-EcsStagingCluster-EcsCluster-1AAGQRFIOE9AE,Service_beiakklem1vi3j5fejp0,100,2,0.4796090118,0
1537409280,Prod-EcsStagingCluster-EcsCluster-1AAGQRFIOE9AE,Service_beiakklem1vi3j5fejp0,100,2,0.4672307511,0
1537358340,Prod-EcsStagingCluster-EcsCluster-1AAGQRFIOE9AE,Service_beiakklem1vi3j5fejp0,100,2,0.4816545535,0
1537409220,Prod-EcsStagingCluster-EcsCluster-1AAGQRFIOE9AE,Service_beiakklem1vi3j5fejp0,100,2,0.4644208423,0
1537383780,Prod-EcsStagingCluster-EcsCluster-1AAGQRFIOE9AE,Service_beiakklem1vi3j5fejp0,100,2,0.4420346550,0
1537356120,Prod-EcsStagingCluster-EcsCluster-1AAGQRFIOE9AE,Service_beiakklem1vi3j5fejp0,100,2,0.4275939896,0
1537362480,Prod-EcsStagingCluster-EcsCluster-1AAGQRFIOE9AE,Service_beiakklem1vi3j5fejp0,100,2,0.4459442468,0
1537407000,Prod-EcsStagingCluster-EcsCluster-1AAGQRFIOE9AE,Service_beiakklem1vi3j5fejp0,100,2,0.4496465302,0
1537413360,Prod-EcsStagingCluster-EcsCluster-1AAGQRFIOE9AE,Service_beiakklem1vi3j5fejp0,100,2,0.4625752759,0
1537381560,Prod-EcsStagingCluster-EcsCluster-1AAGQRFIOE9AE,Service_beiakklem1vi3j5fejp0,100,2,0.4271903147,0
1537387920,Prod-EcsStagingCluster-EcsCluster-1AAGQRFIOE9AE,Service_beiakklem1vi3j5fejp0,100,2,0.4204345967,0
1537362420,Prod-EcsStagingCluster-EcsCluster-1AAGQRFIOE9AE,Service_beiakklem1vi3j5fejp0,100,2,0.4390013189,0
1537413300,Prod-EcsStagingCluster-EcsCluster-1AAGQRFIOE9AE,Service_beiakklem1vi3j5fejp0,100,2,0.4589761717,0
1537351740,Prod-EcsStagingCluster-EcsCluster-1AAGQRFIOE9AE,Service_beiakklem1vi3j5fejp0,100,2,0.4338555410,0
1537402620,Prod-EcsStagingCluster-EcsCluster-1AAGQRFIOE9AE,Service_beiakklem1vi3j5fejp0,100,2,0.5011832025,0
1537389900,Prod-EcsStagingCluster-EcsCluster-1AAGQRFIOE9AE,Service_beiakklem1vi3j5fejp0,100,2,0.4392389995,0
1537360200,Prod-EcsStagingCluster-EcsCluster-1AAGQRFIOE9AE,Service_beiakklem1vi3j5fejp0,100,2,0.4587244944,0
1537366560,Prod-EcsStagingCluster-EcsCluster-1AAGQRFIOE9AE,Service_beiakklem1vi3j5fejp0,100,2,0.4187729605,0
1537417440,Prod-EcsStagingCluster-EcsCluster-1AAGQRFIOE9AE,Service_beiakklem1vi3j5fejp0,100,2,0.4576429923,0
1537411080,Prod-EcsStagingCluster-EcsCluster-1AAGQRFIOE9AE,Service_beiakklem1vi3j5fejp0,100,2,0.4637030471,0
1537399200,Prod-EcsStagingCluster-EcsCluster-1AAGQRFIOE9AE,Service_beiakklem1vi3j5fejp0,100,2,0.4966660305,0
1537390680,Prod-EcsStagingCluster-EcsCluster-1AAGQRFIOE9AE,Service_beiakklem1vi3j5fejp0,100,2,0.4351711997,0
1537347180,Prod-EcsStagingCluster-EcsCluster-1AAGQRFIOE9AE,Service_beiakklem1vi3j5fejp0,100,2,0.3806475944,0
1537365240,Prod-EcsStagingCluster-EcsCluster-1AAGQRFIOE9AE,Service_beiakklem1vi3j5fejp0,100,2,0.4299479925,0
1537416120,Prod-EcsStagingCluster-EcsCluster-1AAGQRFIOE9AE,Service_beiakklem1vi3j5fejp0,100,2,0.4373932546,0
1537359900,Prod-EcsStagingCluster-EcsCluster-1AAGQRFIOE9AE,Service_beiakklem1vi3j5fejp0,100,2,0.4422059009,0
1537410780,Prod-EcsStagingCluster-EcsCluster-1AAGQRFIOE9AE,Service_beiakklem1vi3j5fejp0,100,2,0.4620724313,0
1537398060,Prod-EcsStagingCluster-EcsCluster-1AAGQRFIOE9AE,Service_beiakklem1vi3j5fejp0,100,2,0.4474806454,0
1537394760,Prod-EcsStagingCluster-EcsCluster-1AAGQRFIOE9AE,Service_beiakklem1vi3j5fejp0,100,2,0.6798314809,0
1537372500,Prod-EcsStagingCluster-EcsCluster-1AAGQRFIOE9AE,Service_beiakklem1vi3j5fejp0,100,2,0.4480239065,0
1537423380,Prod-EcsStagingCluster-EcsCluster-1AAGQRFIOE9AE,Service_beiakklem1vi3j5fejp0,100,2,0.4973560338,0
1537356480,Prod-EcsStagingCluster-EcsCluster-1AAGQRFIOE9AE,Service_beiakklem1vi3j5fejp0,100,2,0.4174616568,0
1537351140,Prod-EcsStagingCluster-EcsCluster-1AAGQRFIOE9AE,Service_beiakklem1vi3j5fejp0,100,2,0.4180681036,0
1537355340,Prod-EcsStagingCluster-EcsCluster-1AAGQRFIOE9AE,Service_beiakklem1vi3j5fejp0,100,2,0.4418012646,0
1537407360,Prod-EcsStagingCluster-EcsCluster-1AAGQRFIOE9AE,Service_beiakklem1vi3j5fejp0,100,2,0.4578143292,0
1537376580,Prod-EcsStagingCluster-EcsCluster-1AAGQRFIOE9AE,Service_beiakklem1vi3j5fejp0,100,2,0.4292536351,0
1537427460,Prod-EcsStagingCluster-EcsCluster-1AAGQRFIOE9AE,Service_beiakklem1vi3j5fejp0,100,2,0.4680633575,0
1537402020,Prod-EcsStagingCluster-EcsCluster-1AAGQRFIOE9AE,Service_beiakklem1vi3j5fejp0,100,2,0.4656555084,0
1537368060,Prod-EcsStagingCluster-EcsCluster-1AAGQRFIOE9AE,Service_beiakklem1vi3j5fejp0,100,2,0.4283162316,0
1537418940,Prod-EcsStagingCluster-EcsCluster-1AAGQRFIOE9AE,Service_beiakklem1vi3j5fejp0,100,2,0.4695254886,0
1537406220,Prod-EcsStagingCluster-EcsCluster-1AAGQRFIOE9AE,Service_beiakklem1vi3j5fejp0,100,2,0.7110533736,0
1537360560,Prod-EcsStagingCluster-EcsCluster-1AAGQRFIOE9AE,Service_beiakklem1vi3j5fejp0,100,2,0.4408237524,0
1537411440,Prod-EcsStagingCluster-EcsCluster-1AAGQRFIOE9AE,Service_beiakklem1vi3j5fejp0,100,2,0.4440932873,0
1537352040,Prod-EcsStagingCluster-EcsCluster-1AAGQRFIOE9AE,Service_beiakklem1vi3j5fejp0,100,2,0.4418344710,0
1537386000,Prod-EcsStagingCluster-EcsCluster-1AAGQRFIOE9AE,Service_beiakklem1vi3j5fejp0,100,2,0.4380833638,0
1537380660,Prod-EcsStagingCluster-EcsCluster-1AAGQRFIOE9AE,Service_beiakklem1vi3j5fejp0,100,2,0.4165101664,0
1537431540,Prod-EcsStagingCluster-EcsCluster-1AAGQRFIOE9AE,Service_beiakklem1vi3j5fejp0,100,2,0.4446284589,0
1537378440,Prod-EcsStagingCluster-EcsCluster-1AAGQRFIOE9AE,Service_beiakklem1vi3j5fejp0,100,2,0.4175891988,0
1537429320,Prod-EcsStagingCluster-EcsCluster-1AAGQRFIOE9AE,Service_beiakklem1vi3j5fejp0,100,2,0.4513823185,0
1537376220,Prod-EcsStagingCluster-EcsCluster-1AAGQRFIOE9AE,Service_beiakklem1vi3j5fejp0,100,2,0.4409909559,0
1537363500,Prod-EcsStagingCluster-EcsCluster-1AAGQRFIOE9AE,Service_beiakklem1vi3j5fejp0,100,2,0.4381615714,0
1537427100,Prod-EcsStagingCluster-EcsCluster-1AAGQRFIOE9AE,Service_beiakklem1vi3j5fejp0,100,2,0.4423392301,0
1537391040,Prod-EcsStagingCluster-EcsCluster-1AAGQRFIOE9AE,Service_beiakklem1vi3j5fejp0,100,2,0.4471504452,0
1537414380,Prod-EcsStagingCluster-EcsCluster-1AAGQRFIOE9AE,Service_beiakklem1vi3j5fejp0,100,2,0.4424726946,0
1537388820,Prod-EcsStagingCluster-EcsCluster-1AAGQRFIOE9AE,Service_beiakklem1vi3j5fejp0,100,2,0.4278314483,0
1537369680,Prod-EcsStagingCluster-EcsCluster-1AAGQRFIOE9AE,Service_beiakklem1vi3j5fejp0,100,2,0.4468454737,0
1537420560,Prod-EcsStagingCluster-EcsCluster-1AAGQRFIOE9AE,Service_beiakklem1vi3j5fejp0,100,2,0.4506865178,0
1537395120,Prod-EcsStagingCluster-EcsCluster-1AAGQRFIOE9AE,Service_beiakklem1vi3j5fejp0,100,2,0.4154043855,0
1537386600,Prod-EcsStagingCluster-EcsCluster-1AAGQRFIOE9AE,Service_beiakklem1vi3j5fejp0,100,2,0.4489826756,0
1537392900,Prod-EcsStagingCluster-EcsCluster-1AAGQRFIOE9AE,Service_beiakklem1vi3j5fejp0,100,2,0.4191270360,0
1537367460,Prod-EcsStagingCluster-EcsCluster-1AAGQRFIOE9AE,Service_beiakklem1vi3j5fejp0,100,2,0.4326766452,0
1537418340,Prod-EcsStagingCluster-EcsCluster-1AAGQRFIOE9AE,Service_beiakklem1vi3j5fejp0,100,2,0.4559828931,0
1537371660,Prod-EcsStagingCluster-EcsCluster-1AAGQRFIOE9AE,Service_beiakklem1vi3j5fejp0,100,2,0.4198160235,0
1537384380,Prod-EcsStagingCluster-EcsCluster-1AAGQRFIOE9AE,Service_beiakklem1vi3j5fejp0,100,2,0.4458546938,0
1537348320,Prod-EcsStagingCluster-EcsCluster-1AAGQRFIOE9AE,Service_beiakklem1vi3j5fejp0,100,2,0.4211874811,0
1537357800,Prod-EcsStagingCluster-EcsCluster-1AAGQRFIOE9AE,Service_beiakklem1vi3j5fejp0,100,2,0.4490467510,0
1537364160,Prod-EcsStagingCluster-EcsCluster-1AAGQRFIOE9AE,Service_beiakklem1vi3j5fejp0,100,2,0.4451232607,0
1537428900,Prod-EcsStagingCluster-EcsCluster-1AAGQRFIOE9AE,Service_beiakklem1vi3j5fejp0,100,2,0.4312559934,0
1537415040,Prod-EcsStagingCluster-EcsCluster-1AAGQRFIOE9AE,Service_beiakklem1vi3j5fejp0,100,2,0.4677174078,0
1537408680,Prod-EcsStagingCluster-EcsCluster-1AAGQRFIOE9AE,Service_beiakklem1vi3j5fejp0,100,2,0.4279433076,0
1537363020,Prod-EcsStagingCluster-EcsCluster-1AAGQRFIOE9AE,Service_beiakklem1vi3j5fejp0,100,2,0.4341535070,0
1537413900,Prod-EcsStagingCluster-EcsCluster-1AAGQRFIOE9AE,Service_beiakklem1vi3j5fejp0,100,2,0.4600569310,0
1537394820,Prod-EcsStagingCluster-EcsCluster-1AAGQRFIOE9AE,Service_beiakklem1vi3j5fejp0,100,2,0.4095855310,0
1537374600,Prod-EcsStagingCluster-EcsCluster-1AAGQRFIOE9AE,Service_beiakklem1vi3j5fejp0,100,2,0.4423978754,0
1537380960,Prod-EcsStagingCluster-EcsCluster-1AAGQRFIOE9AE,Service_beiakklem1vi3j5fejp0,100,2,0.4176067742,0
1537357560,Prod-EcsStagingCluster-EcsCluster-1AAGQRFIOE9AE,Service_beiakklem1vi3j5fejp0,100,2,0.4496298405,0
1537363920,Prod-EcsStagingCluster-EcsCluster-1AAGQRFIOE9AE,Service_beiakklem1vi3j5fejp0,100,2,0.4236178381,0
1537425480,Prod-EcsStagingCluster-EcsCluster-1AAGQRFIOE9AE,Service_beiakklem1vi3j5fejp0,100,2,0.4525498929,0
1537379820,Prod-EcsStagingCluster-EcsCluster-1AAGQRFIOE9AE,Service_beiakklem1vi3j5fejp0,100,2,0.4162867760,0
1537414800,Prod-EcsStagingCluster-EcsCluster-1AAGQRFIOE9AE,Service_beiakklem1vi3j5fejp0,100,2,0.4365870272,0
1537408440,Prod-EcsStagingCluster-EcsCluster-1AAGQRFIOE9AE,Service_beiakklem1vi3j5fejp0,100,2,0.5186780786,0
1537430700,Prod-EcsStagingCluster-EcsCluster-1AAGQRFIOE9AE,Service_beiakklem1vi3j5fejp0,100,2,0.4534306097,0
1537394580,Prod-EcsStagingCluster-EcsCluster-1AAGQRFIOE9AE,Service_beiakklem1vi3j5fejp0,100,2,0.4154017825,0
1537388220,Prod-EcsStagingCluster-EcsCluster-1AAGQRFIOE9AE,Service_beiakklem1vi3j5fejp0,100,2,0.4153075772,0
1537374360,Prod-EcsStagingCluster-EcsCluster-1AAGQRFIOE9AE,Service_beiakklem1vi3j5fejp0,100,2,0.4413521199,0
1537380720,Prod-EcsStagingCluster-EcsCluster-1AAGQRFIOE9AE,Service_beiakklem1vi3j5fejp0,100,2,0.4316757609,0
1537425240,Prod-EcsStagingCluster-EcsCluster-1AAGQRFIOE9AE,Service_beiakklem1vi3j5fejp0,100,2,0.4502971294,0
1537431600,Prod-EcsStagingCluster-EcsCluster-1AAGQRFIOE9AE,Service_beiakklem1vi3j5fejp0,100,2,0.4450476625,0
1537354140,Prod-EcsStagingCluster-EcsCluster-1AAGQRFIOE9AE,Service_beiakklem1vi3j5fejp0,100,2,0.3989444159,0
1537360500,Prod-EcsStagingCluster-EcsCluster-1AAGQRFIOE9AE,Service_beiakklem1vi3j5fejp0,100,2,0.4496802410,0
1537411380,Prod-EcsStagingCluster-EcsCluster-1AAGQRFIOE9AE,Service_beiakklem1vi3j5fejp0,100,2,0.4441781651,0
1537405020,Prod-EcsStagingCluster-EcsCluster-1AAGQRFIOE9AE,Service_beiakklem1vi3j5fejp0,100,2,0.4553337037,0
1537358280,Prod-EcsStagingCluster-EcsCluster-1AAGQRFIOE9AE,Service_beiakklem1vi3j5fejp0,100,2,0.4412268587,0
1537394340,Prod-EcsStagingCluster-EcsCluster-1AAGQRFIOE9AE,Service_beiakklem1vi3j5fejp0,100,2,0.4193683442,0
1537364640,Prod-EcsStagingCluster-EcsCluster-1AAGQRFIOE9AE,Service_beiakklem1vi3j5fejp0,100,2,0.4403022333,0
1537409160,Prod-EcsStagingCluster-EcsCluster-1AAGQRFIOE9AE,Service_beiakklem1vi3j5fejp0,100,2,0.4630341224,0
1537415520,Prod-EcsStagingCluster-EcsCluster-1AAGQRFIOE9AE,Service_beiakklem1vi3j5fejp0,100,2,0.4758742182,0
1537347600,Prod-EcsStagingCluster-EcsCluster-1AAGQRFIOE9AE,Service_beiakklem1vi3j5fejp0,100,2,0.4090974624,0
1537398480,Prod-EcsStagingCluster-EcsCluster-1AAGQRFIOE9AE,Service_beiakklem1vi3j5fejp0,100,2,0.4551792884,0
1537392120,Prod-EcsStagingCluster-EcsCluster-1AAGQRFIOE9AE,Service_beiakklem1vi3j5fejp0,100,2,0.4096707894,0
1537379340,Prod-EcsStagingCluster-EcsCluster-1AAGQRFIOE9AE,Service_beiakklem1vi3j5fejp0,100,2,0.4232271487,0
1537360260,Prod-EcsStagingCluster-EcsCluster-1AAGQRFIOE9AE,Service_beiakklem1vi3j5fejp0,100,2,0.4668744102,0
1537411140,Prod-EcsStagingCluster-EcsCluster-1AAGQRFIOE9AE,Service_beiakklem1vi3j5fejp0,100,2,0.4702110356,0
1537430220,Prod-EcsStagingCluster-EcsCluster-1AAGQRFIOE9AE,Service_beiakklem1vi3j5fejp0,100,2,0.4653319832,0
1537358040,Prod-EcsStagingCluster-EcsCluster-1AAGQRFIOE9AE,Service_beiakklem1vi3j5fejp0,100,2,0.4546686293,0
1537364400,Prod-EcsStagingCluster-EcsCluster-1AAGQRFIOE9AE,Service_beiakklem1vi3j5fejp0,100,2,0.4283615880,0
1537408920,Prod-EcsStagingCluster-EcsCluster-1AAGQRFIOE9AE,Service_beiakklem1vi3j5fejp0,100,2,0.4566755494,0
1537415280,Prod-EcsStagingCluster-EcsCluster-1AAGQRFIOE9AE,Service_beiakklem1vi3j5fejp0,100,2,0.4491582952,0
1537396140,Prod-EcsStagingCluster-EcsCluster-1AAGQRFIOE9AE,Service_beiakklem1vi3j5fejp0,100,2,0.4437570023,0
1537360020,Prod-EcsStagingCluster-EcsCluster-1AAGQRFIOE9AE,Service_beiakklem1vi3j5fejp0,100,2,0.4904975001,0
1537353660,Prod-EcsStagingCluster-EcsCluster-1AAGQRFIOE9AE,Service_beiakklem1vi3j5fejp0,100,2,0.4152942472,0
1537392840,Prod-EcsStagingCluster-EcsCluster-1AAGQRFIOE9AE,Service_beiakklem1vi3j5fejp0,100,2,0.4142960471,0
1537404540,Prod-EcsStagingCluster-EcsCluster-1AAGQRFIOE9AE,Service_beiakklem1vi3j5fejp0,100,2,0.5119885804,0
1537346160,Prod-EcsStagingCluster-EcsCluster-1AAGQRFIOE9AE,Service_beiakklem1vi3j5fejp0,100,2,0.4120432230,0
1537375800,Prod-EcsStagingCluster-EcsCluster-1AAGQRFIOE9AE,Service_beiakklem1vi3j5fejp0,100,2,0.4071422508,0
1537397040,Prod-EcsStagingCluster-EcsCluster-1AAGQRFIOE9AE,Service_beiakklem1vi3j5fejp0,100,2,0.4309669712,0
1537370460,Prod-EcsStagingCluster-EcsCluster-1AAGQRFIOE9AE,Service_beiakklem1vi3j5fejp0,100,2,0.4573005951,0
1537361940,Prod-EcsStagingCluster-EcsCluster-1AAGQRFIOE9AE,Service_beiakklem1vi3j5fejp0,100,2,0.4497763835,0
1537426680,Prod-EcsStagingCluster-EcsCluster-1AAGQRFIOE9AE,Service_beiakklem1vi3j5fejp0,100,2,0.4633696638,0
1537421340,Prod-EcsStagingCluster-EcsCluster-1AAGQRFIOE9AE,Service_beiakklem1vi3j5fejp0,100,2,0.4437836186,0
1537412820,Prod-EcsStagingCluster-EcsCluster-1AAGQRFIOE9AE,Service_beiakklem1vi3j5fejp0,100,2,0.4486206891,0
1537392600,Prod-EcsStagingCluster-EcsCluster-1AAGQRFIOE9AE,Service_beiakklem1vi3j5fejp0,100,2,0.3985904146,0
1537345920,Prod-EcsStagingCluster-EcsCluster-1AAGQRFIOE9AE,Service_beiakklem1vi3j5fejp0,100,2,0.3962784562,0
1537378740,Prod-EcsStagingCluster-EcsCluster-1AAGQRFIOE9AE,Service_beiakklem1vi3j5fejp0,100,2,0.4233941662,0
1537396800,Prod-EcsStagingCluster-EcsCluster-1AAGQRFIOE9AE,Service_beiakklem1vi3j5fejp0,100,2,0.4448142445,0
1537395660,Prod-EcsStagingCluster-EcsCluster-1AAGQRFIOE9AE,Service_beiakklem1vi3j5fejp0,100,2,0.4349239734,0
1537429620,Prod-EcsStagingCluster-EcsCluster-1AAGQRFIOE9AE,Service_beiakklem1vi3j5fejp0,100,2,0.4534631314,0
1537361700,Prod-EcsStagingCluster-EcsCluster-1AAGQRFIOE9AE,Service_beiakklem1vi3j5fejp0,100,2,0.4309120428,0
1537412580,Prod-EcsStagingCluster-EcsCluster-1AAGQRFIOE9AE,Service_beiakklem1vi3j5fejp0,100,2,0.4276996504,0
1537362720,Prod-EcsStagingCluster-EcsCluster-1AAGQRFIOE9AE,Service_beiakklem1vi3j5fejp0,100,2,0.4176297189,0
1537413600,Prod-EcsStagingCluster-EcsCluster-1AAGQRFIOE9AE,Service_beiakklem1vi3j5fejp0,100,2,0.4554762173,0
1537392360,Prod-EcsStagingCluster-EcsCluster-1AAGQRFIOE9AE,Service_beiakklem1vi3j5fejp0,100,2,0.3905930024,0
1537345680,Prod-EcsStagingCluster-EcsCluster-1AAGQRFIOE9AE,Service_beiakklem1vi3j5fejp0,100,2,0.4450601611,0
1537361580,Prod-EcsStagingCluster-EcsCluster-1AAGQRFIOE9AE,Service_beiakklem1vi3j5fejp0,100,2,0.4460007167,0
1537410360,Prod-EcsStagingCluster-EcsCluster-1AAGQRFIOE9AE,Service_beiakklem1vi3j5fejp0,100,2,0.4742629252,0
1537412460,Prod-EcsStagingCluster-EcsCluster-1AAGQRFIOE9AE,Service_beiakklem1vi3j5fejp0,100,2,0.4460271881,0
1537378500,Prod-EcsStagingCluster-EcsCluster-1AAGQRFIOE9AE,Service_beiakklem1vi3j5fejp0,100,2,0.4110186175,0
1537429380,Prod-EcsStagingCluster-EcsCluster-1AAGQRFIOE9AE,Service_beiakklem1vi3j5fejp0,100,2,0.4486780578,0
1537369980,Prod-EcsStagingCluster-EcsCluster-1AAGQRFIOE9AE,Service_beiakklem1vi3j5fejp0,100,2,0.4512378663,0
1537420860,Prod-EcsStagingCluster-EcsCluster-1AAGQRFIOE9AE,Service_beiakklem1vi3j5fejp0,100,2,0.4544825745,0
1537376280,Prod-EcsStagingCluster-EcsCluster-1AAGQRFIOE9AE,Service_beiakklem1vi3j5fejp0,100,2,0.4287606820,0
1537427160,Prod-EcsStagingCluster-EcsCluster-1AAGQRFIOE9AE,Service_beiakklem1vi3j5fejp0,100,2,0.4475930170,0
1537380480,Prod-EcsStagingCluster-EcsCluster-1AAGQRFIOE9AE,Service_beiakklem1vi3j5fejp0,100,2,0.4113375938,0
1537431360,Prod-EcsStagingCluster-EcsCluster-1AAGQRFIOE9AE,Service_beiakklem1vi3j5fejp0,100,2,0.4736922108,0
1537386780,Prod-EcsStagingCluster-EcsCluster-1AAGQRFIOE9AE,Service_beiakklem1vi3j5fejp0,100,2,0.4649601130,0
1537378260,Prod-EcsStagingCluster-EcsCluster-1AAGQRFIOE9AE,Service_beiakklem1vi3j5fejp0,100,2,0.4514826684,0
1537346400,Prod-EcsStagingCluster-EcsCluster-1AAGQRFIOE9AE,Service_beiakklem1vi3j5fejp0,100,2,0.4095366163,0
1537397280,Prod-EcsStagingCluster-EcsCluster-1AAGQRFIOE9AE,Service_beiakklem1vi3j5fejp0,100,2,0.4498230852,0
1537429140,Prod-EcsStagingCluster-EcsCluster-1AAGQRFIOE9AE,Service_beiakklem1vi3j5fejp0,100,2,0.4449178195,0
1537376040,Prod-EcsStagingCluster-EcsCluster-1AAGQRFIOE9AE,Service_beiakklem1vi3j5fejp0,100,2,0.4293487554,0
1537380240,Prod-EcsStagingCluster-EcsCluster-1AAGQRFIOE9AE,Service_beiakklem1vi3j5fejp0,100,2,0.4387428286,0
1537395060,Prod-EcsStagingCluster-EcsCluster-1AAGQRFIOE9AE,Service_beiakklem1vi3j5fejp0,100,2,0.4107683652,0
1537361100,Prod-EcsStagingCluster-EcsCluster-1AAGQRFIOE9AE,Service_beiakklem1vi3j5fejp0,100,2,0.4368185458,0
1537426920,Prod-EcsStagingCluster-EcsCluster-1AAGQRFIOE9AE,Service_beiakklem1vi3j5fejp0,100,2,0.4526781442,0
1537431120,Prod-EcsStagingCluster-EcsCluster-1AAGQRFIOE9AE,Service_beiakklem1vi3j5fejp0,100,2,0.4553022169,0
1537411980,Prod-EcsStagingCluster-EcsCluster-1AAGQRFIOE9AE,Service_beiakklem1vi3j5fejp0,100,2,0.4463206338,0
1537378020,Prod-EcsStagingCluster-EcsCluster-1AAGQRFIOE9AE,Service_beiakklem1vi3j5fejp0,100,2,0.4138420210,0
1537372680,Prod-EcsStagingCluster-EcsCluster-1AAGQRFIOE9AE,Service_beiakklem1vi3j5fejp0,100,2,0.4350456517,0
1537379040,Prod-EcsStagingCluster-EcsCluster-1AAGQRFIOE9AE,Service_beiakklem1vi3j5fejp0,100,2,0.4129993370,0
1537424700,Prod-EcsStagingCluster-EcsCluster-1AAGQRFIOE9AE,Service_beiakklem1vi3j5fejp0,100,2,0.4411755627,0
1537359960,Prod-EcsStagingCluster-EcsCluster-1AAGQRFIOE9AE,Service_beiakklem1vi3j5fejp0,100,2,0.4459242484,0
1537366320,Prod-EcsStagingCluster-EcsCluster-1AAGQRFIOE9AE,Service_beiakklem1vi3j5fejp0,100,2,0.4418182189,0
1537410840,Prod-EcsStagingCluster-EcsCluster-1AAGQRFIOE9AE,Service_beiakklem1vi3j5fejp0,100,2,0.4327398795,0
1537429920,Prod-EcsStagingCluster-EcsCluster-1AAGQRFIOE9AE,Service_beiakklem1vi3j5fejp0,100,2,0.4430354426,0
1537423560,Prod-EcsStagingCluster-EcsCluster-1AAGQRFIOE9AE,Service_beiakklem1vi3j5fejp0,100,2,0.4615177921,0
1537417200,Prod-EcsStagingCluster-EcsCluster-1AAGQRFIOE9AE,Service_beiakklem1vi3j5fejp0,100,2,0.4664507543,0
1537390620,Prod-EcsStagingCluster-EcsCluster-1AAGQRFIOE9AE,Service_beiakklem1vi3j5fejp0,100,2,0.4396160050,0
1537377900,Prod-EcsStagingCluster-EcsCluster-1AAGQRFIOE9AE,Service_beiakklem1vi3j5fejp0,100,2,0.4112743863,0
1537428780,Prod-EcsStagingCluster-EcsCluster-1AAGQRFIOE9AE,Service_beiakklem1vi3j5fejp0,100,2,0.4547685299,0
1537379940,Prod-EcsStagingCluster-EcsCluster-1AAGQRFIOE9AE,Service_beiakklem1vi3j5fejp0,100,2,0.4264128948,0
1537392660,Prod-EcsStagingCluster-EcsCluster-1AAGQRFIOE9AE,Service_beiakklem1vi3j5fejp0,100,2,0.3927106461,0
1537430820,Prod-EcsStagingCluster-EcsCluster-1AAGQRFIOE9AE,Service_beiakklem1vi3j5fejp0,100,2,0.4379940973,0
1537358580,Prod-EcsStagingCluster-EcsCluster-1AAGQRFIOE9AE,Service_beiakklem1vi3j5fejp0,100,2,0.4355549046,0
1537345860,Prod-EcsStagingCluster-EcsCluster-1AAGQRFIOE9AE,Service_beiakklem1vi3j5fejp0,100,2,0.4502675798,0
1537409460,Prod-EcsStagingCluster-EcsCluster-1AAGQRFIOE9AE,Service_beiakklem1vi3j5fejp0,100,2,0.4672182918,0
1537396740,Prod-EcsStagingCluster-EcsCluster-1AAGQRFIOE9AE,Service_beiakklem1vi3j5fejp0,100,2,0.4373966331,0
1537359480,Prod-EcsStagingCluster-EcsCluster-1AAGQRFIOE9AE,Service_beiakklem1vi3j5fejp0,100,2,0.4635275980,0
1537378560,Prod-EcsStagingCluster-EcsCluster-1AAGQRFIOE9AE,Service_beiakklem1vi3j5fejp0,100,2,0.4216183984,0
1537365840,Prod-EcsStagingCluster-EcsCluster-1AAGQRFIOE9AE,Service_beiakklem1vi3j5fejp0,100,2,0.4458858769,0
1537372200,Prod-EcsStagingCluster-EcsCluster-1AAGQRFIOE9AE,Service_beiakklem1vi3j5fejp0,100,2,0.4390859853,0
1537377420,Prod-EcsStagingCluster-EcsCluster-1AAGQRFIOE9AE,Service_beiakklem1vi3j5fejp0,100,2,0.4089232517,0
1537390140,Prod-EcsStagingCluster-EcsCluster-1AAGQRFIOE9AE,Service_beiakklem1vi3j5fejp0,100,2,0.4201758360,0
1537428300,Prod-EcsStagingCluster-EcsCluster-1AAGQRFIOE9AE,Service_beiakklem1vi3j5fejp0,100,2,0.4422835476,0
1537356060,Prod-EcsStagingCluster-EcsCluster-1AAGQRFIOE9AE,Service_beiakklem1vi3j5fejp0,100,2,0.4325415949,0
1537406940,Prod-EcsStagingCluster-EcsCluster-1AAGQRFIOE9AE,Service_beiakklem1vi3j5fejp0,100,2,0.4614207248,0
1537394220,Prod-EcsStagingCluster-EcsCluster-1AAGQRFIOE9AE,Service_beiakklem1vi3j5fejp0,100,2,0.4150345837,0
1537345380,Prod-EcsStagingCluster-EcsCluster-1AAGQRFIOE9AE,Service_beiakklem1vi3j5fejp0,100,2,0.4398382416,0
1537358100,Prod-EcsStagingCluster-EcsCluster-1AAGQRFIOE9AE,Service_beiakklem1vi3j5fejp0,100,2,0.4882090840,0
1537396260,Prod-EcsStagingCluster-EcsCluster-1AAGQRFIOE9AE,Service_beiakklem1vi3j5fejp0,100,2,0.4447335586,0
1537408980,Prod-EcsStagingCluster-EcsCluster-1AAGQRFIOE9AE,Service_beiakklem1vi3j5fejp0,100,2,0.4725876644,0
1537362240,Prod-EcsStagingCluster-EcsCluster-1AAGQRFIOE9AE,Service_beiakklem1vi3j5fejp0,100,2,0.4442947836,0
1537349520,Prod-EcsStagingCluster-EcsCluster-1AAGQRFIOE9AE,Service_beiakklem1vi3j5fejp0,100,2,0.4233772390,0
1537355880,Prod-EcsStagingCluster-EcsCluster-1AAGQRFIOE9AE,Service_beiakklem1vi3j5fejp0,100,2,0.4302415329,0
1537400400,Prod-EcsStagingCluster-EcsCluster-1AAGQRFIOE9AE,Service_beiakklem1vi3j5fejp0,100,2,0.4603279276,0
1537394040,Prod-EcsStagingCluster-EcsCluster-1AAGQRFIOE9AE,Service_beiakklem1vi3j5fejp0,100,2,0.4175814642,0
1537374900,Prod-EcsStagingCluster-EcsCluster-1AAGQRFIOE9AE,Service_beiakklem1vi3j5fejp0,100,2,0.4359207046,0
1537413120,Prod-EcsStagingCluster-EcsCluster-1AAGQRFIOE9AE,Service_beiakklem1vi3j5fejp0,100,2,0.4718736356,0
1537406760,Prod-EcsStagingCluster-EcsCluster-1AAGQRFIOE9AE,Service_beiakklem1vi3j5fejp0,100,2,0.4532184957,0
1537362180,Prod-EcsStagingCluster-EcsCluster-1AAGQRFIOE9AE,Service_beiakklem1vi3j5fejp0,100,2,0.4291438372,0
1537413060,Prod-EcsStagingCluster-EcsCluster-1AAGQRFIOE9AE,Service_beiakklem1vi3j5fejp0,100,2,0.4454055196,0
1537425780,Prod-EcsStagingCluster-EcsCluster-1AAGQRFIOE9AE,Service_beiakklem1vi3j5fejp0,100,2,0.4385876448,0
1537410900,Prod-EcsStagingCluster-EcsCluster-1AAGQRFIOE9AE,Service_beiakklem1vi3j5fejp0,100,2,0.4646279581,0
1537382160,Prod-EcsStagingCluster-EcsCluster-1AAGQRFIOE9AE,Service_beiakklem1vi3j5fejp0,100,2,0.4426125324,0
1537376820,Prod-EcsStagingCluster-EcsCluster-1AAGQRFIOE9AE,Service_beiakklem1vi3j5fejp0,100,2,0.4291967713,0
1537394880,Prod-EcsStagingCluster-EcsCluster-1AAGQRFIOE9AE,Service_beiakklem1vi3j5fejp0,100,2,0.4111135531,0
1537364100,Prod-EcsStagingCluster-EcsCluster-1AAGQRFIOE9AE,Service_beiakklem1vi3j5fejp0,100,2,0.4567790816,0
1537355580,Prod-EcsStagingCluster-EcsCluster-1AAGQRFIOE9AE,Service_beiakklem1vi3j5fejp0,100,2,0.4399028999,0
1537393740,Prod-EcsStagingCluster-EcsCluster-1AAGQRFIOE9AE,Service_beiakklem1vi3j5fejp0,100,2,0.4016681920,0
1537427700,Prod-EcsStagingCluster-EcsCluster-1AAGQRFIOE9AE,Service_beiakklem1vi3j5fejp0,100,2,0.4431188595,0
1537414980,Prod-EcsStagingCluster-EcsCluster-1AAGQRFIOE9AE,Service_beiakklem1vi3j5fejp0,100,2,0.4616244306,0
1537348080,Prod-EcsStagingCluster-EcsCluster-1AAGQRFIOE9AE,Service_beiakklem1vi3j5fejp0,100,2,0.3996095636,0
1537360800,Prod-EcsStagingCluster-EcsCluster-1AAGQRFIOE9AE,Service_beiakklem1vi3j5fejp0,100,2,0.4636793694,0
1537406460,Prod-EcsStagingCluster-EcsCluster-1AAGQRFIOE9AE,Service_beiakklem1vi3j5fejp0,100,2,0.4780829309,0
1537411680,Prod-EcsStagingCluster-EcsCluster-1AAGQRFIOE9AE,Service_beiakklem1vi3j5fejp0,100,2,0.4719988132,0
1537377720,Prod-EcsStagingCluster-EcsCluster-1AAGQRFIOE9AE,Service_beiakklem1vi3j5fejp0,100,2,0.4351661982,0
1537398960,Prod-EcsStagingCluster-EcsCluster-1AAGQRFIOE9AE,Service_beiakklem1vi3j5fejp0,100,2,0.4522667728,0
1537372380,Prod-EcsStagingCluster-EcsCluster-1AAGQRFIOE9AE,Service_beiakklem1vi3j5fejp0,100,2,0.4388174735,0
1537390440,Prod-EcsStagingCluster-EcsCluster-1AAGQRFIOE9AE,Service_beiakklem1vi3j5fejp0,100,2,0.4385300308,0
1537359660,Prod-EcsStagingCluster-EcsCluster-1AAGQRFIOE9AE,Service_beiakklem1vi3j5fejp0,100,2,0.4627997275,0
1537410540,Prod-EcsStagingCluster-EcsCluster-1AAGQRFIOE9AE,Service_beiakklem1vi3j5fejp0,100,2,0.4726563946,0
1537428600,Prod-EcsStagingCluster-EcsCluster-1AAGQRFIOE9AE,Service_beiakklem1vi3j5fejp0,100,2,0.4514911197,0
1537423260,Prod-EcsStagingCluster-EcsCluster-1AAGQRFIOE9AE,Service_beiakklem1vi3j5fejp0,100,2,0.4662704893,0
1537356360,Prod-EcsStagingCluster-EcsCluster-1AAGQRFIOE9AE,Service_beiakklem1vi3j5fejp0,100,2,0.4004045575,0
1537407240,Prod-EcsStagingCluster-EcsCluster-1AAGQRFIOE9AE,Service_beiakklem1vi3j5fejp0,100,2,0.4634643765,0
1537394520,Prod-EcsStagingCluster-EcsCluster-1AAGQRFIOE9AE,Service_beiakklem1vi3j5fejp0,100,2,0.4207317839,0
1537416720,Prod-EcsStagingCluster-EcsCluster-1AAGQRFIOE9AE,Service_beiakklem1vi3j5fejp0,100,2,0.4401517783,0
1537429440,Prod-EcsStagingCluster-EcsCluster-1AAGQRFIOE9AE,Service_beiakklem1vi3j5fejp0,100,2,0.4529075981,0
1537363620,Prod-EcsStagingCluster-EcsCluster-1AAGQRFIOE9AE,Service_beiakklem1vi3j5fejp0,100,2,0.4548832806,0
1537376340,Prod-EcsStagingCluster-EcsCluster-1AAGQRFIOE9AE,Service_beiakklem1vi3j5fejp0,100,2,0.4264459844,0
1537414500,Prod-EcsStagingCluster-EcsCluster-1AAGQRFIOE9AE,Service_beiakklem1vi3j5fejp0,100,2,0.4529899411,0
1537395360,Prod-EcsStagingCluster-EcsCluster-1AAGQRFIOE9AE,Service_beiakklem1vi3j5fejp0,100,2,0.4230477156,0
1537361400,Prod-EcsStagingCluster-EcsCluster-1AAGQRFIOE9AE,Service_beiakklem1vi3j5fejp0,100,2,0.4294149141,0
1537427220,Prod-EcsStagingCluster-EcsCluster-1AAGQRFIOE9AE,Service_beiakklem1vi3j5fejp0,100,2,0.4561178274,0
1537382640,Prod-EcsStagingCluster-EcsCluster-1AAGQRFIOE9AE,Service_beiakklem1vi3j5fejp0,100,2,0.4641070543,0
1537374120,Prod-EcsStagingCluster-EcsCluster-1AAGQRFIOE9AE,Service_beiakklem1vi3j5fejp0,100,2,0.4281370792,0
1537412280,Prod-EcsStagingCluster-EcsCluster-1AAGQRFIOE9AE,Service_beiakklem1vi3j5fejp0,100,2,0.4522453833,0
1537393140,Prod-EcsStagingCluster-EcsCluster-1AAGQRFIOE9AE,Service_beiakklem1vi3j5fejp0,100,2,0.4194225547,0
1537359180,Prod-EcsStagingCluster-EcsCluster-1AAGQRFIOE9AE,Service_beiakklem1vi3j5fejp0,100,2,0.4401405734,0
1537425000,Prod-EcsStagingCluster-EcsCluster-1AAGQRFIOE9AE,Service_beiakklem1vi3j5fejp0,100,2,0.4564788885,0
1537380420,Prod-EcsStagingCluster-EcsCluster-1AAGQRFIOE9AE,Service_beiakklem1vi3j5fejp0,100,2,0.4177213368,0
1537431300,Prod-EcsStagingCluster-EcsCluster-1AAGQRFIOE9AE,Service_beiakklem1vi3j5fejp0,100,2,0.4434157569,0
1537371900,Prod-EcsStagingCluster-EcsCluster-1AAGQRFIOE9AE,Service_beiakklem1vi3j5fejp0,100,2,0.4291309211,0
1537410060,Prod-EcsStagingCluster-EcsCluster-1AAGQRFIOE9AE,Service_beiakklem1vi3j5fejp0,100,2,0.4407404421,0
1537422780,Prod-EcsStagingCluster-EcsCluster-1AAGQRFIOE9AE,Service_beiakklem1vi3j5fejp0,100,2,0.4620277155,0
1537390920,Prod-EcsStagingCluster-EcsCluster-1AAGQRFIOE9AE,Service_beiakklem1vi3j5fejp0,100,2,0.4351849062,0
1537378200,Prod-EcsStagingCluster-EcsCluster-1AAGQRFIOE9AE,Service_beiakklem1vi3j5fejp0,100,2,0.4245124673,0
1537429080,Prod-EcsStagingCluster-EcsCluster-1AAGQRFIOE9AE,Service_beiakklem1vi3j5fejp0,100,2,0.4368721584,0
1537388700,Prod-EcsStagingCluster-EcsCluster-1AAGQRFIOE9AE,Service_beiakklem1vi3j5fejp0,100,2,0.4346556326,0
1537375980,Prod-EcsStagingCluster-EcsCluster-1AAGQRFIOE9AE,Service_beiakklem1vi3j5fejp0,100,2,0.4262429639,0
1537350300,Prod-EcsStagingCluster-EcsCluster-1AAGQRFIOE9AE,Service_beiakklem1vi3j5fejpg,2000,2,0.0384594351,0
1537353480,Prod-EcsStagingCluster-EcsCluster-1AAGQRFIOE9AE,Service_beiakklem1vi3j5fejpg,2000,2,0.0321080520,0
1537356660,Prod-EcsStagingCluster-EcsCluster-1AAGQRFIOE9AE,Service_beiakklem1vi3j5fejpg,2000,2,0.0314747889,0
1537359840,Prod-EcsStagingCluster-EcsCluster-1AAGQRFIOE9AE,Service_beiakklem1vi3j5fejpg,2000,2,0.0363093272,0
1537378920,Prod-EcsStagingCluster-EcsCluster-1AAGQRFIOE9AE,Service_beiakklem1vi3j5fejpg,2000,2,0.0371631614,0
1537382100,Prod-EcsStagingCluster-EcsCluster-1AAGQRFIOE9AE,Service_beiakklem1vi3j5fejpg,2000,2,0.0426431197,0
1537385280,Prod-EcsStagingCluster-EcsCluster-1AAGQRFIOE9AE,Service_beiakklem1vi3j5fejpg,2000,2,0.0305251353,0
1537375740,Prod-EcsStagingCluster-EcsCluster-1AAGQRFIOE9AE,Service_beiakklem1vi3j5fejpg,2000,2,0.0354852216,0
1537409580,Prod-EcsStagingCluster-EcsCluster-1AAGQRFIOE9AE,Service_beiakklem1vi3j5fejpg,2000,2,0.1839723660,10
1537412760,Prod-EcsStagingCluster-EcsCluster-1AAGQRFIOE9AE,Service_beiakklem1vi3j5fejpg,2000,2,0.0937541494,6
1537415940,Prod-EcsStagingCluster-EcsCluster-1AAGQRFIOE9AE,Service_beiakklem1vi3j5fejpg,2000,2,0.1661152148,0
1537419120,Prod-EcsStagingCluster-EcsCluster-1AAGQRFIOE9AE,Service_beiakklem1vi3j5fejpg,2000,2,0.1176862454,0
1537393440,Prod-EcsStagingCluster-EcsCluster-1AAGQRFIOE9AE,Service_beiakklem1vi3j5fejpg,2000,2,0.0365848806,0
1537390260,Prod-EcsStagingCluster-EcsCluster-1AAGQRFIOE9AE,Service_beiakklem1vi3j5fejpg,2000,2,0.0369036422,0
1537383900,Prod-EcsStagingCluster-EcsCluster-1AAGQRFIOE9AE,Service_beiakklem1vi3j5fejpg,2000,2,0.0366060301,11
1537387080,Prod-EcsStagingCluster-EcsCluster-1AAGQRFIOE9AE,Service_beiakklem1vi3j5fejpg,2000,2,0.0415672505,0
1537415700,Prod-EcsStagingCluster-EcsCluster-1AAGQRFIOE9AE,Service_beiakklem1vi3j5fejpg,2000,2,0.0305763274,0
1537418880,Prod-EcsStagingCluster-EcsCluster-1AAGQRFIOE9AE,Service_beiakklem1vi3j5fejpg,2000,2,0.1800229128,0
1537347780,Prod-EcsStagingCluster-EcsCluster-1AAGQRFIOE9AE,Service_beiakklem1vi3j5fejpg,2000,2,0.0356643380,0
1537350960,Prod-EcsStagingCluster-EcsCluster-1AAGQRFIOE9AE,Service_beiakklem1vi3j5fejpg,2000,2,0.0368519126,0
1537409340,Prod-EcsStagingCluster-EcsCluster-1AAGQRFIOE9AE,Service_beiakklem1vi3j5fejpg,2000,2,0.0743084754,0
1537412520,Prod-EcsStagingCluster-EcsCluster-1AAGQRFIOE9AE,Service_beiakklem1vi3j5fejpg,2000,2,0.1609002916,0
1537373220,Prod-EcsStagingCluster-EcsCluster-1AAGQRFIOE9AE,Service_beiakklem1vi3j5fejpg,2000,2,0.0621488601,1
1537366860,Prod-EcsStagingCluster-EcsCluster-1AAGQRFIOE9AE,Service_beiakklem1vi3j5fejpg,2000,2,0.0361224728,6
1537394400,Prod-EcsStagingCluster-EcsCluster-1AAGQRFIOE9AE,Service_beiakklem1vi3j5fejpg,2000,2,0.0353812341,3
1537388040,Prod-EcsStagingCluster-EcsCluster-1AAGQRFIOE9AE,Service_beiakklem1vi3j5fejpg,2000,2,0.0377950225,0
1537419840,Prod-EcsStagingCluster-EcsCluster-1AAGQRFIOE9AE,Service_beiakklem1vi3j5fejpg,2000,2,0.1917105222,0
1537351920,Prod-EcsStagingCluster-EcsCluster-1AAGQRFIOE9AE,Service_beiakklem1vi3j5fejpg,2000,2,0.0330838189,6
1537413480,Prod-EcsStagingCluster-EcsCluster-1AAGQRFIOE9AE,Service_beiakklem1vi3j5fejpg,2000,2,0.1165210876,0
1537345560,Prod-EcsStagingCluster-EcsCluster-1AAGQRFIOE9AE,Service_beiakklem1vi3j5fejpg,2000,2,0.1365195383,0
1537377360,Prod-EcsStagingCluster-EcsCluster-1AAGQRFIOE9AE,Service_beiakklem1vi3j5fejpg,2000,2,0.0352071675,0
1537371000,Prod-EcsStagingCluster-EcsCluster-1AAGQRFIOE9AE,Service_beiakklem1vi3j5fejpg,2000,2,0.0389841371,0
1537347540,Prod-EcsStagingCluster-EcsCluster-1AAGQRFIOE9AE,Service_beiakklem1vi3j5fejpg,2000,2,0.0317825017,0
1537345320,Prod-EcsStagingCluster-EcsCluster-1AAGQRFIOE9AE,Service_beiakklem1vi3j5fejpg,2000,2,0.0345015906,0
1537417500,Prod-EcsStagingCluster-EcsCluster-1AAGQRFIOE9AE,Service_beiakklem1vi3j5fejpg,2000,2,0.0545503845,4
1537423860,Prod-EcsStagingCluster-EcsCluster-1AAGQRFIOE9AE,Service_beiakklem1vi3j5fejpg,2000,2,0.1254205093,0
1537351680,Prod-EcsStagingCluster-EcsCluster-1AAGQRFIOE9AE,Service_beiakklem1vi3j5fejpg,2000,2,0.0326814338,0
1537375020,Prod-EcsStagingCluster-EcsCluster-1AAGQRFIOE9AE,Service_beiakklem1vi3j5fejpg,2000,2,0.0383964180,5
1537381380,Prod-EcsStagingCluster-EcsCluster-1AAGQRFIOE9AE,Service_beiakklem1vi3j5fejpg,2000,2,0.0367920129,0
1537400460,Prod-EcsStagingCluster-EcsCluster-1AAGQRFIOE9AE,Service_beiakklem1vi3j5fejpg,2000,2,0.0338100213,4
1537406820,Prod-EcsStagingCluster-EcsCluster-1AAGQRFIOE9AE,Service_beiakklem1vi3j5fejpg,2000,2,0.1259748922,0
1537428000,Prod-EcsStagingCluster-EcsCluster-1AAGQRFIOE9AE,Service_beiakklem1vi3j5fejpg,2000,2,0.1414580588,0
1537421640,Prod-EcsStagingCluster-EcsCluster-1AAGQRFIOE9AE,Service_beiakklem1vi3j5fejpg,2000,2,0.1866824629,2
1537385520,Prod-EcsStagingCluster-EcsCluster-1AAGQRFIOE9AE,Service_beiakklem1vi3j5fejpg,2000,2,0.0315958848,9
1537379160,Prod-EcsStagingCluster-EcsCluster-1AAGQRFIOE9AE,Service_beiakklem1vi3j5fejpg,2000,2,0.0369199239,18
1537404600,Prod-EcsStagingCluster-EcsCluster-1AAGQRFIOE9AE,Service_beiakklem1vi3j5fejpg,2000,2,0.1248831603,0
1537410960,Prod-EcsStagingCluster-EcsCluster-1AAGQRFIOE9AE,Service_beiakklem1vi3j5fejpg,2000,2,0.0649770920,0
1537358880,Prod-EcsStagingCluster-EcsCluster-1AAGQRFIOE9AE,Service_beiakklem1vi3j5fejpg,2000,2,0.0371860321,0
1537349340,Prod-EcsStagingCluster-EcsCluster-1AAGQRFIOE9AE,Service_beiakklem1vi3j5fejpg,2000,2,0.0330641854,9
1537380120,Prod-EcsStagingCluster-EcsCluster-1AAGQRFIOE9AE,Service_beiakklem1vi3j5fejpg,2000,2,0.0317565391,8
1537383300,Prod-EcsStagingCluster-EcsCluster-1AAGQRFIOE9AE,Service_beiakklem1vi3j5fejpg,2000,2,0.0368187552,0
1537384320,Prod-EcsStagingCluster-EcsCluster-1AAGQRFIOE9AE,Service_beiakklem1vi3j5fejpg,2000,2,0.0372851759,0
1537405560,Prod-EcsStagingCluster-EcsCluster-1AAGQRFIOE9AE,Service_beiakklem1vi3j5fejpg,2000,2,0.0635781537,0
1537408740,Prod-EcsStagingCluster-EcsCluster-1AAGQRFIOE9AE,Service_beiakklem1vi3j5fejpg,2000,2,0.0446511500,0
1537374780,Prod-EcsStagingCluster-EcsCluster-1AAGQRFIOE9AE,Service_beiakklem1vi3j5fejpg,2000,2,0.0365365673,0
1537408620,Prod-EcsStagingCluster-EcsCluster-1AAGQRFIOE9AE,Service_beiakklem1vi3j5fejpg,2000,2,0.1066670541,0
1537418160,Prod-EcsStagingCluster-EcsCluster-1AAGQRFIOE9AE,Service_beiakklem1vi3j5fejpg,2000,2,0.1343042856,2
1537354440,Prod-EcsStagingCluster-EcsCluster-1AAGQRFIOE9AE,Service_beiakklem1vi3j5fejpg,2000,2,0.0356152174,6
1537357620,Prod-EcsStagingCluster-EcsCluster-1AAGQRFIOE9AE,Service_beiakklem1vi3j5fejpg,2000,2,0.0369096712,3
1537379880,Prod-EcsStagingCluster-EcsCluster-1AAGQRFIOE9AE,Service_beiakklem1vi3j5fejpg,2000,2,0.0316382774,0
1537383060,Prod-EcsStagingCluster-EcsCluster-1AAGQRFIOE9AE,Service_beiakklem1vi3j5fejpg,2000,2,0.0372973445,0
1537392480,Prod-EcsStagingCluster-EcsCluster-1AAGQRFIOE9AE,Service_beiakklem1vi3j5fejpg,2000,2,0.0314228797,0
1537413720,Prod-EcsStagingCluster-EcsCluster-1AAGQRFIOE9AE,Service_beiakklem1vi3j5fejpg,2000,2,0.0820064700,0
1537416900,Prod-EcsStagingCluster-EcsCluster-1AAGQRFIOE9AE,Service_beiakklem1vi3j5fejpg,2000,2,0.1425078112,0
1537382940,Prod-EcsStagingCluster-EcsCluster-1AAGQRFIOE9AE,Service_beiakklem1vi3j5fejpg,2000,2,0.0374681613,0
1537417920,Prod-EcsStagingCluster-EcsCluster-1AAGQRFIOE9AE,Service_beiakklem1vi3j5fejpg,2000,2,0.0754800348,0
1537350000,Prod-EcsStagingCluster-EcsCluster-1AAGQRFIOE9AE,Service_beiakklem1vi3j5fejpg,2000,2,0.0879930794,0
1537408380,Prod-EcsStagingCluster-EcsCluster-1AAGQRFIOE9AE,Service_beiakklem1vi3j5fejpg,2000,2,0.0307617447,0
1537375440,Prod-EcsStagingCluster-EcsCluster-1AAGQRFIOE9AE,Service_beiakklem1vi3j5fejpg,2000,2,0.0357914536,0
1537365900,Prod-EcsStagingCluster-EcsCluster-1AAGQRFIOE9AE,Service_beiakklem1vi3j5fejpg,2000,2,0.0363635494,2
1537376400,Prod-EcsStagingCluster-EcsCluster-1AAGQRFIOE9AE,Service_beiakklem1vi3j5fejpg,2000,2,0.0358696982,2
1537391220,Prod-EcsStagingCluster-EcsCluster-1AAGQRFIOE9AE,Service_beiakklem1vi3j5fejpg,2000,2,0.0362028257,0
1537416660,Prod-EcsStagingCluster-EcsCluster-1AAGQRFIOE9AE,Service_beiakklem1vi3j5fejpg,2000,2,0.1213954267,0
1537348740,Prod-EcsStagingCluster-EcsCluster-1AAGQRFIOE9AE,Service_beiakklem1vi3j5fejpg,2000,2,0.0566059705,0
1537374180,Prod-EcsStagingCluster-EcsCluster-1AAGQRFIOE9AE,Service_beiakklem1vi3j5fejpg,2000,2,0.0315522809,0
1537389000,Prod-EcsStagingCluster-EcsCluster-1AAGQRFIOE9AE,Service_beiakklem1vi3j5fejpg,2000,2,0.0357667629,2
1537346520,Prod-EcsStagingCluster-EcsCluster-1AAGQRFIOE9AE,Service_beiakklem1vi3j5fejpg,2000,2,0.0333541920,0
1537414440,Prod-EcsStagingCluster-EcsCluster-1AAGQRFIOE9AE,Service_beiakklem1vi3j5fejpg,2000,2,0.0582846838,0
1537371960,Prod-EcsStagingCluster-EcsCluster-1AAGQRFIOE9AE,Service_beiakklem1vi3j5fejpg,2000,2,0.0407869661,4
1537416540,Prod-EcsStagingCluster-EcsCluster-1AAGQRFIOE9AE,Service_beiakklem1vi3j5fejpg,2000,2,0.0812787800,1
1537350720,Prod-EcsStagingCluster-EcsCluster-1AAGQRFIOE9AE,Service_beiakklem1vi3j5fejpg,2000,2,0.0382525978,0
1537374060,Prod-EcsStagingCluster-EcsCluster-1AAGQRFIOE9AE,Service_beiakklem1vi3j5fejpg,2000,2,0.0380995974,0
1537399500,Prod-EcsStagingCluster-EcsCluster-1AAGQRFIOE9AE,Service_beiakklem1vi3j5fejpg,2000,2,0.0326350805,0
1537348500,Prod-EcsStagingCluster-EcsCluster-1AAGQRFIOE9AE,Service_beiakklem1vi3j5fejpg,2000,2,0.0848546241,0
1537427040,Prod-EcsStagingCluster-EcsCluster-1AAGQRFIOE9AE,Service_beiakklem1vi3j5fejpg,2000,2,0.1506803411,0
1537384560,Prod-EcsStagingCluster-EcsCluster-1AAGQRFIOE9AE,Service_beiakklem1vi3j5fejpg,2000,2,0.0369886277,0
1537410000,Prod-EcsStagingCluster-EcsCluster-1AAGQRFIOE9AE,Service_beiakklem1vi3j5fejpg,2000,2,0.1161990223,0
1537346280,Prod-EcsStagingCluster-EcsCluster-1AAGQRFIOE9AE,Service_beiakklem1vi3j5fejpg,2000,2,0.0953857494,0
1537424820,Prod-EcsStagingCluster-EcsCluster-1AAGQRFIOE9AE,Service_beiakklem1vi3j5fejpg,2000,2,0.0768321169,6
1537348380,Prod-EcsStagingCluster-EcsCluster-1AAGQRFIOE9AE,Service_beiakklem1vi3j5fejpg,2000,2,0.0874381115,0
1537382340,Prod-EcsStagingCluster-EcsCluster-1AAGQRFIOE9AE,Service_beiakklem1vi3j5fejpg,2000,2,0.0369277265,0
1537407780,Prod-EcsStagingCluster-EcsCluster-1AAGQRFIOE9AE,Service_beiakklem1vi3j5fejpg,2000,2,0.1502597318,0
1537373820,Prod-EcsStagingCluster-EcsCluster-1AAGQRFIOE9AE,Service_beiakklem1vi3j5fejpg,2000,2,0.0309877964,5
1537422600,Prod-EcsStagingCluster-EcsCluster-1AAGQRFIOE9AE,Service_beiakklem1vi3j5fejpg,2000,2,0.0903591310,0
1537407660,Prod-EcsStagingCluster-EcsCluster-1AAGQRFIOE9AE,Service_beiakklem1vi3j5fejpg,2000,2,0.1237898967,0
1537420380,Prod-EcsStagingCluster-EcsCluster-1AAGQRFIOE9AE,Service_beiakklem1vi3j5fejpg,2000,2,0.1656446580,0
1537387440,Prod-EcsStagingCluster-EcsCluster-1AAGQRFIOE9AE,Service_beiakklem1vi3j5fejpg,2000,2,0.0473981765,0
1537381080,Prod-EcsStagingCluster-EcsCluster-1AAGQRFIOE9AE,Service_beiakklem1vi3j5fejpg,2000,2,0.0370769922,8
1537384260,Prod-EcsStagingCluster-EcsCluster-1AAGQRFIOE9AE,Service_beiakklem1vi3j5fejpg,2000,2,0.0373896353,7
1537412880,Prod-EcsStagingCluster-EcsCluster-1AAGQRFIOE9AE,Service_beiakklem1vi3j5fejpg,2000,2,0.0304552177,8
1537406520,Prod-EcsStagingCluster-EcsCluster-1AAGQRFIOE9AE,Service_beiakklem1vi3j5fejpg,2000,2,0.1306644837,2
1537409700,Prod-EcsStagingCluster-EcsCluster-1AAGQRFIOE9AE,Service_beiakklem1vi3j5fejpg,2000,2,0.0503952202,0
1537391520,Prod-EcsStagingCluster-EcsCluster-1AAGQRFIOE9AE,Service_beiakklem1vi3j5fejpg,2000,2,0.0322329800,0
1537385160,Prod-EcsStagingCluster-EcsCluster-1AAGQRFIOE9AE,Service_beiakklem1vi3j5fejpg,2000,2,0.0350234127,0
1537388340,Prod-EcsStagingCluster-EcsCluster-1AAGQRFIOE9AE,Service_beiakklem1vi3j5fejpg,2000,2,0.0374766172,0
1537416960,Prod-EcsStagingCluster-EcsCluster-1AAGQRFIOE9AE,Service_beiakklem1vi3j5fejpg,2000,2,0.1214034003,0
1537352220,Prod-EcsStagingCluster-EcsCluster-1AAGQRFIOE9AE,Service_beiakklem1vi3j5fejpg,2000,2,0.0341024180,0
1537410600,Prod-EcsStagingCluster-EcsCluster-1AAGQRFIOE9AE,Service_beiakklem1vi3j5fejpg,2000,2,0.0436113839,0
1537413780,Prod-EcsStagingCluster-EcsCluster-1AAGQRFIOE9AE,Service_beiakklem1vi3j5fejpg,2000,2,0.1423698754,2
1537377660,Prod-EcsStagingCluster-EcsCluster-1AAGQRFIOE9AE,Service_beiakklem1vi3j5fejpg,2000,2,0.0419271824,0
1537364940,Prod-EcsStagingCluster-EcsCluster-1AAGQRFIOE9AE,Service_beiakklem1vi3j5fejpg,2000,2,0.0375337661,0
1537414680,Prod-EcsStagingCluster-EcsCluster-1AAGQRFIOE9AE,Service_beiakklem1vi3j5fejpg,2000,2,0.1422312638,0
1537417860,Prod-EcsStagingCluster-EcsCluster-1AAGQRFIOE9AE,Service_beiakklem1vi3j5fejpg,2000,2,0.1397787118,11
1537421040,Prod-EcsStagingCluster-EcsCluster-1AAGQRFIOE9AE,Service_beiakklem1vi3j5fejpg,2000,2,0.1114808299,2
1537345620,Prod-EcsStagingCluster-EcsCluster-1AAGQRFIOE9AE,Service_beiakklem1vi3j5fejpg,2000,2,0.0928501158,0
1537415640,Prod-EcsStagingCluster-EcsCluster-1AAGQRFIOE9AE,Service_beiakklem1vi3j5fejpg,2000,2,0.1471446194,8
1537422000,Prod-EcsStagingCluster-EcsCluster-1AAGQRFIOE9AE,Service_beiakklem1vi3j5fejpg,2000,2,0.2431816106,0
1537349760,Prod-EcsStagingCluster-EcsCluster-1AAGQRFIOE9AE,Service_beiakklem1vi3j5fejpg,2000,2,0.0945314610,1
1537373100,Prod-EcsStagingCluster-EcsCluster-1AAGQRFIOE9AE,Service_beiakklem1vi3j5fejpg,2000,2,0.0367709496,0
1537421940,Prod-EcsStagingCluster-EcsCluster-1AAGQRFIOE9AE,Service_beiakklem1vi3j5fejpg,2000,2,0.0702362752,8
1537398540,Prod-EcsStagingCluster-EcsCluster-1AAGQRFIOE9AE,Service_beiakklem1vi3j5fejpg,2000,2,0.0361140728,0
1537385820,Prod-EcsStagingCluster-EcsCluster-1AAGQRFIOE9AE,Service_beiakklem1vi3j5fejpg,2000,2,0.0323400927,0
1537349700,Prod-EcsStagingCluster-EcsCluster-1AAGQRFIOE9AE,Service_beiakklem1vi3j5fejpg,2000,2,0.0790604656,0
1537411260,Prod-EcsStagingCluster-EcsCluster-1AAGQRFIOE9AE,Service_beiakklem1vi3j5fejpg,2000,2,0.1125286464,0
1537375140,Prod-EcsStagingCluster-EcsCluster-1AAGQRFIOE9AE,Service_beiakklem1vi3j5fejpg,2000,2,0.0355755827,5
1537419720,Prod-EcsStagingCluster-EcsCluster-1AAGQRFIOE9AE,Service_beiakklem1vi3j5fejpg,2000,2,0.1397451493,2
1537426080,Prod-EcsStagingCluster-EcsCluster-1AAGQRFIOE9AE,Service_beiakklem1vi3j5fejpg,2000,2,0.1680658206,0
1537347480,Prod-EcsStagingCluster-EcsCluster-1AAGQRFIOE9AE,Service_beiakklem1vi3j5fejpg,2000,2,0.0332109797,0
1537353840,Prod-EcsStagingCluster-EcsCluster-1AAGQRFIOE9AE,Service_beiakklem1vi3j5fejpg,2000,2,0.0367853736,4
1537372920,Prod-EcsStagingCluster-EcsCluster-1AAGQRFIOE9AE,Service_beiakklem1vi3j5fejpg,2000,2,0.0357872972,0
1537379280,Prod-EcsStagingCluster-EcsCluster-1AAGQRFIOE9AE,Service_beiakklem1vi3j5fejpg,2000,2,0.0313959759,0
1537353780,Prod-EcsStagingCluster-EcsCluster-1AAGQRFIOE9AE,Service_beiakklem1vi3j5fejpg,2000,2,0.0371127821,0
1537379220,Prod-EcsStagingCluster-EcsCluster-1AAGQRFIOE9AE,Service_beiakklem1vi3j5fejpg,2000,2,0.0312040068,0
1537351560,Prod-EcsStagingCluster-EcsCluster-1AAGQRFIOE9AE,Service_beiakklem1vi3j5fejpg,2000,2,0.0337075860,2
1537357920,Prod-EcsStagingCluster-EcsCluster-1AAGQRFIOE9AE,Service_beiakklem1vi3j5fejpg,2000,2,0.0403967383,0
1537406700,Prod-EcsStagingCluster-EcsCluster-1AAGQRFIOE9AE,Service_beiakklem1vi3j5fejpg,2000,2,0.2089648435,4
1537377000,Prod-EcsStagingCluster-EcsCluster-1AAGQRFIOE9AE,Service_beiakklem1vi3j5fejpg,2000,2,0.0366911316,0
1537383360,Prod-EcsStagingCluster-EcsCluster-1AAGQRFIOE9AE,Service_beiakklem1vi3j5fejpg,2000,2,0.0372044788,0
1537419420,Prod-EcsStagingCluster-EcsCluster-1AAGQRFIOE9AE,Service_beiakklem1vi3j5fejpg,2000,2,0.1042475989,0
1537352520,Prod-EcsStagingCluster-EcsCluster-1AAGQRFIOE9AE,Service_beiakklem1vi3j5fejpg,2000,2,0.0328213008,0
1537355700,Prod-EcsStagingCluster-EcsCluster-1AAGQRFIOE9AE,Service_beiakklem1vi3j5fejpg,2000,2,0.0403764200,0
1537386480,Prod-EcsStagingCluster-EcsCluster-1AAGQRFIOE9AE,Service_beiakklem1vi3j5fejpg,2000,2,0.0364760621,0
1537411920,Prod-EcsStagingCluster-EcsCluster-1AAGQRFIOE9AE,Service_beiakklem1vi3j5fejpg,2000,2,0.0262923215,0
1537377960,Prod-EcsStagingCluster-EcsCluster-1AAGQRFIOE9AE,Service_beiakklem1vi3j5fejpg,2000,2,0.0367411335,0
1537381140,Prod-EcsStagingCluster-EcsCluster-1AAGQRFIOE9AE,Service_beiakklem1vi3j5fejpg,2000,2,0.0372538685,0
1537390560,Prod-EcsStagingCluster-EcsCluster-1AAGQRFIOE9AE,Service_beiakklem1vi3j5fejpg,2000,2,0.0358074240,0
1537351260,Prod-EcsStagingCluster-EcsCluster-1AAGQRFIOE9AE,Service_beiakklem1vi3j5fejpg,2000,2,0.0332089232,0
1537385220,Prod-EcsStagingCluster-EcsCluster-1AAGQRFIOE9AE,Service_beiakklem1vi3j5fejpg,2000,2,0.0311250371,10
1537416000,Prod-EcsStagingCluster-EcsCluster-1AAGQRFIOE9AE,Service_beiakklem1vi3j5fejpg,2000,2,0.0733822851,0
1537382040,Prod-EcsStagingCluster-EcsCluster-1AAGQRFIOE9AE,Service_beiakklem1vi3j5fejpg,2000,2,0.0368322050,0
1537410660,Prod-EcsStagingCluster-EcsCluster-1AAGQRFIOE9AE,Service_beiakklem1vi3j5fejpg,2000,2,0.0516295777,0
1537376700,Prod-EcsStagingCluster-EcsCluster-1AAGQRFIOE9AE,Service_beiakklem1vi3j5fejpg,2000,2,0.0362109250,0
1537407480,Prod-EcsStagingCluster-EcsCluster-1AAGQRFIOE9AE,Service_beiakklem1vi3j5fejpg,2000,2,0.1115731005,0
1537363980,Prod-EcsStagingCluster-EcsCluster-1AAGQRFIOE9AE,Service_beiakklem1vi3j5fejpg,2000,2,0.0371752067,0
1537389300,Prod-EcsStagingCluster-EcsCluster-1AAGQRFIOE9AE,Service_beiakklem1vi3j5fejpg,2000,2,0.0360526639,3
1537420080,Prod-EcsStagingCluster-EcsCluster-1AAGQRFIOE9AE,Service_beiakklem1vi3j5fejpg,2000,2,0.1253241957,0
1537386120,Prod-EcsStagingCluster-EcsCluster-1AAGQRFIOE9AE,Service_beiakklem1vi3j5fejpg,2000,2,0.0314577005,6
1537411560,Prod-EcsStagingCluster-EcsCluster-1AAGQRFIOE9AE,Service_beiakklem1vi3j5fejpg,2000,2,0.1087808514,0
1537414740,Prod-EcsStagingCluster-EcsCluster-1AAGQRFIOE9AE,Service_beiakklem1vi3j5fejpg,2000,2,0.1181594400,2
1537347840,Prod-EcsStagingCluster-EcsCluster-1AAGQRFIOE9AE,Service_beiakklem1vi3j5fejpg,2000,2,0.0369607977,0
1537348800,Prod-EcsStagingCluster-EcsCluster-1AAGQRFIOE9AE,Service_beiakklem1vi3j5fejpg,2000,2,0.0665754322,0
1537372140,Prod-EcsStagingCluster-EcsCluster-1AAGQRFIOE9AE,Service_beiakklem1vi3j5fejpg,2000,2,0.0350112696,0
1537397580,Prod-EcsStagingCluster-EcsCluster-1AAGQRFIOE9AE,Service_beiakklem1vi3j5fejpg,2000,2,0.0355166356,5
1537418820,Prod-EcsStagingCluster-EcsCluster-1AAGQRFIOE9AE,Service_beiakklem1vi3j5fejpg,2000,2,0.1499820718,7
1537384860,Prod-EcsStagingCluster-EcsCluster-1AAGQRFIOE9AE,Service_beiakklem1vi3j5fejpg,2000,2,0.0372375839,0
1537410300,Prod-EcsStagingCluster-EcsCluster-1AAGQRFIOE9AE,Service_beiakklem1vi3j5fejpg,2000,2,0.1560251070,10
1537346580,Prod-EcsStagingCluster-EcsCluster-1AAGQRFIOE9AE,Service_beiakklem1vi3j5fejpg,2000,2,0.0883894646,2
1537425120,Prod-EcsStagingCluster-EcsCluster-1AAGQRFIOE9AE,Service_beiakklem1vi3j5fejpg,2000,2,0.2082405960,17
1537416600,Prod-EcsStagingCluster-EcsCluster-1AAGQRFIOE9AE,Service_beiakklem1vi3j5fejpg,2000,2,0.0919041751,2
1537352880,Prod-EcsStagingCluster-EcsCluster-1AAGQRFIOE9AE,Service_beiakklem1vi3j5fejpg,2000,2,0.0324225729,0
1537378320,Prod-EcsStagingCluster-EcsCluster-1AAGQRFIOE9AE,Service_beiakklem1vi3j5fejpg,2000,2,0.0417762633,0
1537422900,Prod-EcsStagingCluster-EcsCluster-1AAGQRFIOE9AE,Service_beiakklem1vi3j5fejpg,2000,2,0.2024996363,0
1537350660,Prod-EcsStagingCluster-EcsCluster-1AAGQRFIOE9AE,Service_beiakklem1vi3j5fejpg,2000,2,0.0387109985,0
1537376100,Prod-EcsStagingCluster-EcsCluster-1AAGQRFIOE9AE,Service_beiakklem1vi3j5fejpg,2000,2,0.0357376043,0
1537420680,Prod-EcsStagingCluster-EcsCluster-1AAGQRFIOE9AE,Service_beiakklem1vi3j5fejpg,2000,2,0.1412410820,0
1537356960,Prod-EcsStagingCluster-EcsCluster-1AAGQRFIOE9AE,Service_beiakklem1vi3j5fejpg,2000,2,0.0318164014,0
1537405740,Prod-EcsStagingCluster-EcsCluster-1AAGQRFIOE9AE,Service_beiakklem1vi3j5fejpg,2000,2,0.0838570120,0
1537348440,Prod-EcsStagingCluster-EcsCluster-1AAGQRFIOE9AE,Service_beiakklem1vi3j5fejpg,2000,2,0.0710576038,0
1537382400,Prod-EcsStagingCluster-EcsCluster-1AAGQRFIOE9AE,Service_beiakklem1vi3j5fejpg,2000,2,0.0369737959,0
1537431180,Prod-EcsStagingCluster-EcsCluster-1AAGQRFIOE9AE,Service_beiakklem1vi3j5fejpg,2000,2,0.0335410375,0
1537373880,Prod-EcsStagingCluster-EcsCluster-1AAGQRFIOE9AE,Service_beiakklem1vi3j5fejpg,2000,2,0.0312985028,2
1537418460,Prod-EcsStagingCluster-EcsCluster-1AAGQRFIOE9AE,Service_beiakklem1vi3j5fejpg,2000,2,0.0863863362,11
1537354740,Prod-EcsStagingCluster-EcsCluster-1AAGQRFIOE9AE,Service_beiakklem1vi3j5fejpg,2000,2,0.0363287683,3
1537380180,Prod-EcsStagingCluster-EcsCluster-1AAGQRFIOE9AE,Service_beiakklem1vi3j5fejpg,2000,2,0.0311850648,0
1537389600,Prod-EcsStagingCluster-EcsCluster-1AAGQRFIOE9AE,Service_beiakklem1vi3j5fejpg,2000,2,0.0381955192,0
1537380060,Prod-EcsStagingCluster-EcsCluster-1AAGQRFIOE9AE,Service_beiakklem1vi3j5fejpg,2000,2,0.0313886350,0
1537383240,Prod-EcsStagingCluster-EcsCluster-1AAGQRFIOE9AE,Service_beiakklem1vi3j5fejpg,2000,2,0.0372822482,0
1537386420,Prod-EcsStagingCluster-EcsCluster-1AAGQRFIOE9AE,Service_beiakklem1vi3j5fejpg,2000,2,0.0308590267,0
1537366200,Prod-EcsStagingCluster-EcsCluster-1AAGQRFIOE9AE,Service_beiakklem1vi3j5fejpg,2000,2,0.0355468556,0
1537369380,Prod-EcsStagingCluster-EcsCluster-1AAGQRFIOE9AE,Service_beiakklem1vi3j5fejpg,2000,2,0.0362536968,0
1537372560,Prod-EcsStagingCluster-EcsCluster-1AAGQRFIOE9AE,Service_beiakklem1vi3j5fejpg,2000,2,0.0352028304,0
1537345980,Prod-EcsStagingCluster-EcsCluster-1AAGQRFIOE9AE,Service_beiakklem1vi3j5fejpg,2000,2,0.0403662777,8
1537349160,Prod-EcsStagingCluster-EcsCluster-1AAGQRFIOE9AE,Service_beiakklem1vi3j5fejpg,2000,2,0.1142576258,3
1537352340,Prod-EcsStagingCluster-EcsCluster-1AAGQRFIOE9AE,Service_beiakklem1vi3j5fejpg,2000,2,0.0333148361,4
1537355520,Prod-EcsStagingCluster-EcsCluster-1AAGQRFIOE9AE,Service_beiakklem1vi3j5fejpg,2000,2,0.0359747718,0
1537389360,Prod-EcsStagingCluster-EcsCluster-1AAGQRFIOE9AE,Service_beiakklem1vi3j5fejpg,2000,2,0.0362344555,0
1537386180,Prod-EcsStagingCluster-EcsCluster-1AAGQRFIOE9AE,Service_beiakklem1vi3j5fejpg,2000,2,0.0314466132,2
1537383000,Prod-EcsStagingCluster-EcsCluster-1AAGQRFIOE9AE,Service_beiakklem1vi3j5fejpg,2000,2,0.0364597546,2
1537405260,Prod-EcsStagingCluster-EcsCluster-1AAGQRFIOE9AE,Service_beiakklem1vi3j5fejpg,2000,2,0.0410865398,13
1537413660,Prod-EcsStagingCluster-EcsCluster-1AAGQRFIOE9AE,Service_beiakklem1vi3j5fejpg,2000,2,0.2251857038,3
1537371180,Prod-EcsStagingCluster-EcsCluster-1AAGQRFIOE9AE,Service_beiakklem1vi3j5fejpg,2000,2,0.0362936971,0
1537416840,Prod-EcsStagingCluster-EcsCluster-1AAGQRFIOE9AE,Service_beiakklem1vi3j5fejpg,2000,2,0.0839065285,0
1537420020,Prod-EcsStagingCluster-EcsCluster-1AAGQRFIOE9AE,Service_beiakklem1vi3j5fejpg,2000,2,0.1996236929,0
1537423200,Prod-EcsStagingCluster-EcsCluster-1AAGQRFIOE9AE,Service_beiakklem1vi3j5fejpg,2000,2,0.0811405794,0
1537399800,Prod-EcsStagingCluster-EcsCluster-1AAGQRFIOE9AE,Service_beiakklem1vi3j5fejpg,2000,2,0.0334045786,7
1537402980,Prod-EcsStagingCluster-EcsCluster-1AAGQRFIOE9AE,Service_beiakklem1vi3j5fejpg,2000,2,0.1470065704,0
1537406160,Prod-EcsStagingCluster-EcsCluster-1AAGQRFIOE9AE,Service_beiakklem1vi3j5fejpg,2000,2,0.1010278880,0
1537379580,Prod-EcsStagingCluster-EcsCluster-1AAGQRFIOE9AE,Service_beiakklem1vi3j5fejpg,2000,2,0.0361036936,0
1537385940,Prod-EcsStagingCluster-EcsCluster-1AAGQRFIOE9AE,Service_beiakklem1vi3j5fejpg,2000,2,0.0307987570,0
1537417800,Prod-EcsStagingCluster-EcsCluster-1AAGQRFIOE9AE,Service_beiakklem1vi3j5fejpg,2000,2,0.0907041795,0
1537424160,Prod-EcsStagingCluster-EcsCluster-1AAGQRFIOE9AE,Service_beiakklem1vi3j5fejpg,2000,2,0.1759399301,0
1537407120,Prod-EcsStagingCluster-EcsCluster-1AAGQRFIOE9AE,Service_beiakklem1vi3j5fejpg,2000,2,0.0519283869,2
1537400760,Prod-EcsStagingCluster-EcsCluster-1AAGQRFIOE9AE,Service_beiakklem1vi3j5fejpg,2000,2,0.0334727038,0
1537383720,Prod-EcsStagingCluster-EcsCluster-1AAGQRFIOE9AE,Service_beiakklem1vi3j5fejpg,2000,2,0.0375343214,0
1537351860,Prod-EcsStagingCluster-EcsCluster-1AAGQRFIOE9AE,Service_beiakklem1vi3j5fejpg,2000,2,0.0329339517,0
1537390080,Prod-EcsStagingCluster-EcsCluster-1AAGQRFIOE9AE,Service_beiakklem1vi3j5fejpg,2000,2,0.0369655928,0
1537419780,Prod-EcsStagingCluster-EcsCluster-1AAGQRFIOE9AE,Service_beiakklem1vi3j5fejpg,2000,2,0.1122954148,0
1537345500,Prod-EcsStagingCluster-EcsCluster-1AAGQRFIOE9AE,Service_beiakklem1vi3j5fejpg,2000,2,0.0355812552,4
1537423920,Prod-EcsStagingCluster-EcsCluster-1AAGQRFIOE9AE,Service_beiakklem1vi3j5fejpg,2000,2,0.0782094423,0
1537356000,Prod-EcsStagingCluster-EcsCluster-1AAGQRFIOE9AE,Service_beiakklem1vi3j5fejpg,2000,2,0.0356252682,0
1537417560,Prod-EcsStagingCluster-EcsCluster-1AAGQRFIOE9AE,Service_beiakklem1vi3j5fejpg,2000,2,0.0480016463,0
1537349640,Prod-EcsStagingCluster-EcsCluster-1AAGQRFIOE9AE,Service_beiakklem1vi3j5fejpg,2000,2,0.0878299456,5
1537404780,Prod-EcsStagingCluster-EcsCluster-1AAGQRFIOE9AE,Service_beiakklem1vi3j5fejpg,2000,2,0.1395429832,0
1537419540,Prod-EcsStagingCluster-EcsCluster-1AAGQRFIOE9AE,Service_beiakklem1vi3j5fejpg,2000,2,0.1005346750,0
1537351620,Prod-EcsStagingCluster-EcsCluster-1AAGQRFIOE9AE,Service_beiakklem1vi3j5fejpg,2000,2,0.0303896328,0
1537413180,Prod-EcsStagingCluster-EcsCluster-1AAGQRFIOE9AE,Service_beiakklem1vi3j5fejpg,2000,2,0.1123940596,0
1537370700,Prod-EcsStagingCluster-EcsCluster-1AAGQRFIOE9AE,Service_beiakklem1vi3j5fejpg,2000,2,0.0372967951,10
1537417320,Prod-EcsStagingCluster-EcsCluster-1AAGQRFIOE9AE,Service_beiakklem1vi3j5fejpg,2000,2,0.1426855979,0
1537423680,Prod-EcsStagingCluster-EcsCluster-1AAGQRFIOE9AE,Service_beiakklem1vi3j5fejpg,2000,2,0.0995426775,4
1537349400,Prod-EcsStagingCluster-EcsCluster-1AAGQRFIOE9AE,Service_beiakklem1vi3j5fejpg,2000,2,0.0634052210,6
1537355760,Prod-EcsStagingCluster-EcsCluster-1AAGQRFIOE9AE,Service_beiakklem1vi3j5fejpg,2000,2,0.0312856608,0
1537379100,Prod-EcsStagingCluster-EcsCluster-1AAGQRFIOE9AE,Service_beiakklem1vi3j5fejpg,2000,2,0.0421064896,0
1537385460,Prod-EcsStagingCluster-EcsCluster-1AAGQRFIOE9AE,Service_beiakklem1vi3j5fejpg,2000,2,0.0315712432,0
1537418280,Prod-EcsStagingCluster-EcsCluster-1AAGQRFIOE9AE,Service_beiakklem1vi3j5fejpg,2000,2,0.0735182770,0
1537421460,Prod-EcsStagingCluster-EcsCluster-1AAGQRFIOE9AE,Service_beiakklem1vi3j5fejpg,2000,2,0.2389819269,0
1537350360,Prod-EcsStagingCluster-EcsCluster-1AAGQRFIOE9AE,Service_beiakklem1vi3j5fejpg,2000,2,0.0387691100,0
1537353540,Prod-EcsStagingCluster-EcsCluster-1AAGQRFIOE9AE,Service_beiakklem1vi3j5fejpg,2000,2,0.0325443577,0
1537371600,Prod-EcsStagingCluster-EcsCluster-1AAGQRFIOE9AE,Service_beiakklem1vi3j5fejpg,2000,2,0.0353686024,12
1537354560,Prod-EcsStagingCluster-EcsCluster-1AAGQRFIOE9AE,Service_beiakklem1vi3j5fejpg,2000,2,0.0362155379,2
1537384200,Prod-EcsStagingCluster-EcsCluster-1AAGQRFIOE9AE,Service_beiakklem1vi3j5fejpg,2000,2,0.0380649802,0
1537387380,Prod-EcsStagingCluster-EcsCluster-1AAGQRFIOE9AE,Service_beiakklem1vi3j5fejpg,2000,2,0.0365124611,0
1537388400,Prod-EcsStagingCluster-EcsCluster-1AAGQRFIOE9AE,Service_beiakklem1vi3j5fejpg,2000,2,0.0360333438,0
1537404300,Prod-EcsStagingCluster-EcsCluster-1AAGQRFIOE9AE,Service_beiakklem1vi3j5fejpg,2000,2,0.1270561811,0
1537367160,Prod-EcsStagingCluster-EcsCluster-1AAGQRFIOE9AE,Service_beiakklem1vi3j5fejpg,2000,2,0.0356094197,15
1537370340,Prod-EcsStagingCluster-EcsCluster-1AAGQRFIOE9AE,Service_beiakklem1vi3j5fejpg,2000,2,0.0375234767,0
1537412700,Prod-EcsStagingCluster-EcsCluster-1AAGQRFIOE9AE,Service_beiakklem1vi3j5fejpg,2000,2,0.1464752126,0
1537350120,Prod-EcsStagingCluster-EcsCluster-1AAGQRFIOE9AE,Service_beiakklem1vi3j5fejpg,2000,2,0.0460956504,0
1537353300,Prod-EcsStagingCluster-EcsCluster-1AAGQRFIOE9AE,Service_beiakklem1vi3j5fejpg,2000,2,0.0376721459,26
1537370220,Prod-EcsStagingCluster-EcsCluster-1AAGQRFIOE9AE,Service_beiakklem1vi3j5fejpg,2000,2,0.0380106824,0
1537422240,Prod-EcsStagingCluster-EcsCluster-1AAGQRFIOE9AE,Service_beiakklem1vi3j5fejpg,2000,2,0.1060164035,6
1537383960,Prod-EcsStagingCluster-EcsCluster-1AAGQRFIOE9AE,Service_beiakklem1vi3j5fejpg,2000,2,0.0372709483,0
1537387140,Prod-EcsStagingCluster-EcsCluster-1AAGQRFIOE9AE,Service_beiakklem1vi3j5fejpg,2000,2,0.0355679716,8
1537405200,Prod-EcsStagingCluster-EcsCluster-1AAGQRFIOE9AE,Service_beiakklem1vi3j5fejpg,2000,2,0.1582889655,0
1537378620,Prod-EcsStagingCluster-EcsCluster-1AAGQRFIOE9AE,Service_beiakklem1vi3j5fejpg,2000,2,0.0355864117,0
1537388160,Prod-EcsStagingCluster-EcsCluster-1AAGQRFIOE9AE,Service_beiakklem1vi3j5fejpg,2000,2,0.0380924880,11
1537420980,Prod-EcsStagingCluster-EcsCluster-1AAGQRFIOE9AE,Service_beiakklem1vi3j5fejpg,2000,2,0.1015258275,0
1537389120,Prod-EcsStagingCluster-EcsCluster-1AAGQRFIOE9AE,Service_beiakklem1vi3j5fejpg,2000,2,0.0369120442,4
1537403940,Prod-EcsStagingCluster-EcsCluster-1AAGQRFIOE9AE,Service_beiakklem1vi3j5fejpg,2000,2,0.1060792914,0
1537386900,Prod-EcsStagingCluster-EcsCluster-1AAGQRFIOE9AE,Service_beiakklem1vi3j5fejpg,2000,2,0.0426853142,0
1537418760,Prod-EcsStagingCluster-EcsCluster-1AAGQRFIOE9AE,Service_beiakklem1vi3j5fejpg,2000,2,0.0756166123,0
1537355040,Prod-EcsStagingCluster-EcsCluster-1AAGQRFIOE9AE,Service_beiakklem1vi3j5fejpg,2000,2,0.0356446596,0
1537422960,Prod-EcsStagingCluster-EcsCluster-1AAGQRFIOE9AE,Service_beiakklem1vi3j5fejpg,2000,2,0.1052348653,0
1537403820,Prod-EcsStagingCluster-EcsCluster-1AAGQRFIOE9AE,Service_beiakklem1vi3j5fejpg,2000,2,0.0720517984,0
1537401720,Prod-EcsStagingCluster-EcsCluster-1AAGQRFIOE9AE,Service_beiakklem1vi3j5fejpg,2000,2,0.0341032077,16
1537384680,Prod-EcsStagingCluster-EcsCluster-1AAGQRFIOE9AE,Service_beiakklem1vi3j5fejpg,2000,2,0.0369370033,0
1537352820,Prod-EcsStagingCluster-EcsCluster-1AAGQRFIOE9AE,Service_beiakklem1vi3j5fejpg,2000,2,0.0355426104,0
1537420740,Prod-EcsStagingCluster-EcsCluster-1AAGQRFIOE9AE,Service_beiakklem1vi3j5fejpg,2000,2,0.2473604236,0
1537412220,Prod-EcsStagingCluster-EcsCluster-1AAGQRFIOE9AE,Service_beiakklem1vi3j5fejpg,2000,2,0.0621412244,0
1537369740,Prod-EcsStagingCluster-EcsCluster-1AAGQRFIOE9AE,Service_beiakklem1vi3j5fejpg,2000,2,0.0380201355,0
1537350600,Prod-EcsStagingCluster-EcsCluster-1AAGQRFIOE9AE,Service_beiakklem1vi3j5fejpg,2000,2,0.0380616917,5
1537418520,Prod-EcsStagingCluster-EcsCluster-1AAGQRFIOE9AE,Service_beiakklem1vi3j5fejpg,2000,2,0.1367978001,0
1537422720,Prod-EcsStagingCluster-EcsCluster-1AAGQRFIOE9AE,Service_beiakklem1vi3j5fejpg,2000,2,0.2123006782,0
1537354800,Prod-EcsStagingCluster-EcsCluster-1AAGQRFIOE9AE,Service_beiakklem1vi3j5fejpg,2000,2,0.0366812545,0
1537378140,Prod-EcsStagingCluster-EcsCluster-1AAGQRFIOE9AE,Service_beiakklem1vi3j5fejpg,2000,2,0.0355266462,0
1537420500,Prod-EcsStagingCluster-EcsCluster-1AAGQRFIOE9AE,Service_beiakklem1vi3j5fejpg,2000,2,0.1360262607,4
1537352580,Prod-EcsStagingCluster-EcsCluster-1AAGQRFIOE9AE,Service_beiakklem1vi3j5fejpg,2000,2,0.0325029338,4
1537388640,Prod-EcsStagingCluster-EcsCluster-1AAGQRFIOE9AE,Service_beiakklem1vi3j5fejpg,2000,2,0.0379396017,2
1537350420,Prod-EcsStagingCluster-EcsCluster-1AAGQRFIOE9AE,Service_beiakklem1vi3j5fejpg,2000,2,0.0383197964,2
1537353600,Prod-EcsStagingCluster-EcsCluster-1AAGQRFIOE9AE,Service_beiakklem1vi3j5fejpg,2000,2,0.0355608724,0
1537416060,Prod-EcsStagingCluster-EcsCluster-1AAGQRFIOE9AE,Service_beiakklem1vi3j5fejpg,2000,2,0.1009152531,0
1537351320,Prod-EcsStagingCluster-EcsCluster-1AAGQRFIOE9AE,Service_beiakklem1vi3j5fejpg,2000,2,0.0325203984,1
1537354500,Prod-EcsStagingCluster-EcsCluster-1AAGQRFIOE9AE,Service_beiakklem1vi3j5fejpg,2000,2,0.0422645147,4
1537403340,Prod-EcsStagingCluster-EcsCluster-1AAGQRFIOE9AE,Service_beiakklem1vi3j5fejpg,2000,2,0.1661504049,12
1537357680,Prod-EcsStagingCluster-EcsCluster-1AAGQRFIOE9AE,Service_beiakklem1vi3j5fejpg,2000,2,0.0374954991,0
1537414920,Prod-EcsStagingCluster-EcsCluster-1AAGQRFIOE9AE,Service_beiakklem1vi3j5fejpg,2000,2,0.0955257787,0
1537369260,Prod-EcsStagingCluster-EcsCluster-1AAGQRFIOE9AE,Service_beiakklem1vi3j5fejpg,2000,2,0.0365225287,10
1537418100,Prod-EcsStagingCluster-EcsCluster-1AAGQRFIOE9AE,Service_beiakklem1vi3j5fejpg,2000,2,0.0885983844,7
1537421280,Prod-EcsStagingCluster-EcsCluster-1AAGQRFIOE9AE,Service_beiakklem1vi3j5fejpg,2000,2,0.1851677745,6
1537381980,Prod-EcsStagingCluster-EcsCluster-1AAGQRFIOE9AE,Service_beiakklem1vi3j5fejpg,2000,2,0.0368411577,0
1537374480,Prod-EcsStagingCluster-EcsCluster-1AAGQRFIOE9AE,Service_beiakklem1vi3j5fejpg,2000,2,0.0358568416,0
1537380840,Prod-EcsStagingCluster-EcsCluster-1AAGQRFIOE9AE,Service_beiakklem1vi3j5fejpg,2000,2,0.0373783580,0
1537384020,Prod-EcsStagingCluster-EcsCluster-1AAGQRFIOE9AE,Service_beiakklem1vi3j5fejpg,2000,2,0.0536063476,0
1537387200,Prod-EcsStagingCluster-EcsCluster-1AAGQRFIOE9AE,Service_beiakklem1vi3j5fejpg,2000,2,0.0357453720,0
1537368120,Prod-EcsStagingCluster-EcsCluster-1AAGQRFIOE9AE,Service_beiakklem1vi3j5fejpg,2000,2,0.0314641525,6
1537371300,Prod-EcsStagingCluster-EcsCluster-1AAGQRFIOE9AE,Service_beiakklem1vi3j5fejpg,2000,2,0.0362988114,0
1537347900,Prod-EcsStagingCluster-EcsCluster-1AAGQRFIOE9AE,Service_beiakklem1vi3j5fejpg,2000,2,0.1378718932,0
1537353120,Prod-EcsStagingCluster-EcsCluster-1AAGQRFIOE9AE,Service_beiakklem1vi3j5fejpg,2000,2,0.0323120466,0
1537346760,Prod-EcsStagingCluster-EcsCluster-1AAGQRFIOE9AE,Service_beiakklem1vi3j5fejpg,2000,2,0.0350285342,0
1537349940,Prod-EcsStagingCluster-EcsCluster-1AAGQRFIOE9AE,Service_beiakklem1vi3j5fejpg,2000,2,0.0780620417,0
1537391280,Prod-EcsStagingCluster-EcsCluster-1AAGQRFIOE9AE,Service_beiakklem1vi3j5fejpg,2000,2,0.0412860380,0
1537384920,Prod-EcsStagingCluster-EcsCluster-1AAGQRFIOE9AE,Service_beiakklem1vi3j5fejpg,2000,2,0.0309239158,0
1537388100,Prod-EcsStagingCluster-EcsCluster-1AAGQRFIOE9AE,Service_beiakklem1vi3j5fejpg,2000,2,0.0377710009,0
1537354080,Prod-EcsStagingCluster-EcsCluster-1AAGQRFIOE9AE,Service_beiakklem1vi3j5fejpg,2000,2,0.0379267328,20
1537347720,Prod-EcsStagingCluster-EcsCluster-1AAGQRFIOE9AE,Service_beiakklem1vi3j5fejpg,2000,2,0.1188116223,0
1537392240,Prod-EcsStagingCluster-EcsCluster-1AAGQRFIOE9AE,Service_beiakklem1vi3j5fejpg,2000,2,0.0351832324,0
1537402860,Prod-EcsStagingCluster-EcsCluster-1AAGQRFIOE9AE,Service_beiakklem1vi3j5fejpg,2000,2,0.0340213461,0
1537415580,Prod-EcsStagingCluster-EcsCluster-1AAGQRFIOE9AE,Service_beiakklem1vi3j5fejpg,2000,2,0.2047721331,0
1537385880,Prod-EcsStagingCluster-EcsCluster-1AAGQRFIOE9AE,Service_beiakklem1vi3j5fejpg,2000,2,0.0307934364,0
1537417620,Prod-EcsStagingCluster-EcsCluster-1AAGQRFIOE9AE,Service_beiakklem1vi3j5fejpg,2000,2,0.0750670166,0
1537404900,Prod-EcsStagingCluster-EcsCluster-1AAGQRFIOE9AE,Service_beiakklem1vi3j5fejpg,2000,2,0.1974683564,0
1537381500,Prod-EcsStagingCluster-EcsCluster-1AAGQRFIOE9AE,Service_beiakklem1vi3j5fejpg,2000,2,0.0368328253,0
1537368780,Prod-EcsStagingCluster-EcsCluster-1AAGQRFIOE9AE,Service_beiakklem1vi3j5fejpg,2000,2,0.0393702667,0
1537415400,Prod-EcsStagingCluster-EcsCluster-1AAGQRFIOE9AE,Service_beiakklem1vi3j5fejpg,2000,2,0.2277211445,0
1537421760,Prod-EcsStagingCluster-EcsCluster-1AAGQRFIOE9AE,Service_beiakklem1vi3j5fejpg,2000,2,0.0693957713,15
1537409040,Prod-EcsStagingCluster-EcsCluster-1AAGQRFIOE9AE,Service_beiakklem1vi3j5fejpg,2000,2,0.1070405965,7
1537402680,Prod-EcsStagingCluster-EcsCluster-1AAGQRFIOE9AE,Service_beiakklem1vi3j5fejpg,2000,2,0.1255114915,2
1537383540,Prod-EcsStagingCluster-EcsCluster-1AAGQRFIOE9AE,Service_beiakklem1vi3j5fejpg,2000,2,0.0363644293,0
1537421700,Prod-EcsStagingCluster-EcsCluster-1AAGQRFIOE9AE,Service_beiakklem1vi3j5fejpg,2000,2,0.1350462233,10
1537347420,Prod-EcsStagingCluster-EcsCluster-1AAGQRFIOE9AE,Service_beiakklem1vi3j5fejpg,2000,2,0.0331438921,4
1537381320,Prod-EcsStagingCluster-EcsCluster-1AAGQRFIOE9AE,Service_beiakklem1vi3j5fejpg,2000,2,0.0359892720,0
1537387680,Prod-EcsStagingCluster-EcsCluster-1AAGQRFIOE9AE,Service_beiakklem1vi3j5fejpg,2000,2,0.0364345314,0
1537425840,Prod-EcsStagingCluster-EcsCluster-1AAGQRFIOE9AE,Service_beiakklem1vi3j5fejpg,2000,2,0.2335776537,0
1537419480,Prod-EcsStagingCluster-EcsCluster-1AAGQRFIOE9AE,Service_beiakklem1vi3j5fejpg,2000,2,0.2055561236,0
1537349460,Prod-EcsStagingCluster-EcsCluster-1AAGQRFIOE9AE,Service_beiakklem1vi3j5fejpg,2000,2,0.0824998226,0
1537347240,Prod-EcsStagingCluster-EcsCluster-1AAGQRFIOE9AE,Service_beiakklem1vi3j5fejpg,2000,2,0.1563241688,0
1537423620,Prod-EcsStagingCluster-EcsCluster-1AAGQRFIOE9AE,Service_beiakklem1vi3j5fejpg,2000,2,0.2235625665,0
1537420440,Prod-EcsStagingCluster-EcsCluster-1AAGQRFIOE9AE,Service_beiakklem1vi3j5fejpg,2000,2,0.1186332387,0
1537415100,Prod-EcsStagingCluster-EcsCluster-1AAGQRFIOE9AE,Service_beiakklem1vi3j5fejpg,2000,2,0.1104537233,0
1537356720,Prod-EcsStagingCluster-EcsCluster-1AAGQRFIOE9AE,Service_beiakklem1vi3j5fejpg,2000,2,0.0312449083,0
1537402380,Prod-EcsStagingCluster-EcsCluster-1AAGQRFIOE9AE,Service_beiakklem1vi3j5fejpg,2000,2,0.0947079658,0
1537348200,Prod-EcsStagingCluster-EcsCluster-1AAGQRFIOE9AE,Service_beiakklem1vi3j5fejpg,2000,2,0.0370150676,5
1537351380,Prod-EcsStagingCluster-EcsCluster-1AAGQRFIOE9AE,Service_beiakklem1vi3j5fejpg,2000,2,0.0326265143,7
1537368300,Prod-EcsStagingCluster-EcsCluster-1AAGQRFIOE9AE,Service_beiakklem1vi3j5fejpg,2000,2,0.0434226602,1
1537420320,Prod-EcsStagingCluster-EcsCluster-1AAGQRFIOE9AE,Service_beiakklem1vi3j5fejpg,2000,2,0.1416537904,0
1537381020,Prod-EcsStagingCluster-EcsCluster-1AAGQRFIOE9AE,Service_beiakklem1vi3j5fejpg,2000,2,0.0371417243,0
1537352280,Prod-EcsStagingCluster-EcsCluster-1AAGQRFIOE9AE,Service_beiakklem1vi3j5fejpg,2000,2,0.0332633379,0
1537355460,Prod-EcsStagingCluster-EcsCluster-1AAGQRFIOE9AE,Service_beiakklem1vi3j5fejpg,2000,2,0.0352885678,0
1537386240,Prod-EcsStagingCluster-EcsCluster-1AAGQRFIOE9AE,Service_beiakklem1vi3j5fejpg,2000,2,0.0337181209,0
1537373520,Prod-EcsStagingCluster-EcsCluster-1AAGQRFIOE9AE,Service_beiakklem1vi3j5fejpg,2000,2,0.0355874389,0
1537346940,Prod-EcsStagingCluster-EcsCluster-1AAGQRFIOE9AE,Service_beiakklem1vi3j5fejpg,2000,2,0.0348961858,0
1537415880,Prod-EcsStagingCluster-EcsCluster-1AAGQRFIOE9AE,Service_beiakklem1vi3j5fejpg,2000,2,0.0285801445,8
1537419060,Prod-EcsStagingCluster-EcsCluster-1AAGQRFIOE9AE,Service_beiakklem1vi3j5fejpg,2000,2,0.1408786258,0
1537352160,Prod-EcsStagingCluster-EcsCluster-1AAGQRFIOE9AE,Service_beiakklem1vi3j5fejpg,2000,2,0.0331052900,0
1537390320,Prod-EcsStagingCluster-EcsCluster-1AAGQRFIOE9AE,Service_beiakklem1vi3j5fejpg,2000,2,0.0368980521,0
1537381800,Prod-EcsStagingCluster-EcsCluster-1AAGQRFIOE9AE,Service_beiakklem1vi3j5fejpg,2000,2,0.0376087192,0
1537384980,Prod-EcsStagingCluster-EcsCluster-1AAGQRFIOE9AE,Service_beiakklem1vi3j5fejpg,2000,2,0.0303749213,0
1537369080,Prod-EcsStagingCluster-EcsCluster-1AAGQRFIOE9AE,Service_beiakklem1vi3j5fejpg,2000,2,0.0368670995,0
1537372260,Prod-EcsStagingCluster-EcsCluster-1AAGQRFIOE9AE,Service_beiakklem1vi3j5fejpg,2000,2,0.0357791770,2
1537401900,Prod-EcsStagingCluster-EcsCluster-1AAGQRFIOE9AE,Service_beiakklem1vi3j5fejpg,2000,2,0.0343387322,0
1537414620,Prod-EcsStagingCluster-EcsCluster-1AAGQRFIOE9AE,Service_beiakklem1vi3j5fejpg,2000,2,0.0699741139,2
1537382760,Prod-EcsStagingCluster-EcsCluster-1AAGQRFIOE9AE,Service_beiakklem1vi3j5fejpg,2000,2,0.0360084140,0
1537370040,Prod-EcsStagingCluster-EcsCluster-1AAGQRFIOE9AE,Service_beiakklem1vi3j5fejpg,2000,2,0.0374123750,11
1537350900,Prod-EcsStagingCluster-EcsCluster-1AAGQRFIOE9AE,Service_beiakklem1vi3j5fejpg,2000,2,0.0370132731,0
1537389060,Prod-EcsStagingCluster-EcsCluster-1AAGQRFIOE9AE,Service_beiakklem1vi3j5fejpg,2000,2,0.0367061345,0
1537380540,Prod-EcsStagingCluster-EcsCluster-1AAGQRFIOE9AE,Service_beiakklem1vi3j5fejpg,2000,2,0.0353822060,2
1537367820,Prod-EcsStagingCluster-EcsCluster-1AAGQRFIOE9AE,Service_beiakklem1vi3j5fejpg,2000,2,0.0372195336,0
1537348680,Prod-EcsStagingCluster-EcsCluster-1AAGQRFIOE9AE,Service_beiakklem1vi3j5fejpg,2000,2,0.0552311027,0
1537420800,Prod-EcsStagingCluster-EcsCluster-1AAGQRFIOE9AE,Service_beiakklem1vi3j5fejpg,2000,2,0.0789246623,0
1537386840,Prod-EcsStagingCluster-EcsCluster-1AAGQRFIOE9AE,Service_beiakklem1vi3j5fejpg,2000,2,0.0374199558,1
1537408080,Prod-EcsStagingCluster-EcsCluster-1AAGQRFIOE9AE,Service_beiakklem1vi3j5fejpg,2000,2,2.4869948598,0
1537346460,Prod-EcsStagingCluster-EcsCluster-1AAGQRFIOE9AE,Service_beiakklem1vi3j5fejpg,2000,2,0.2344087866,6
1537418580,Prod-EcsStagingCluster-EcsCluster-1AAGQRFIOE9AE,Service_beiakklem1vi3j5fejpg,2000,2,0.1441885561,0
1537405860,Prod-EcsStagingCluster-EcsCluster-1AAGQRFIOE9AE,Service_beiakklem1vi3j5fejpg,2000,2,0.1523584908,0
1537386720,Prod-EcsStagingCluster-EcsCluster-1AAGQRFIOE9AE,Service_beiakklem1vi3j5fejpg,2000,2,0.0375166052,0
1537424880,Prod-EcsStagingCluster-EcsCluster-1AAGQRFIOE9AE,Service_beiakklem1vi3j5fejpg,2000,2,0.2642012868,0
1537416360,Prod-EcsStagingCluster-EcsCluster-1AAGQRFIOE9AE,Service_beiakklem1vi3j5fejpg,2000,2,0.0935902574,0
1537403640,Prod-EcsStagingCluster-EcsCluster-1AAGQRFIOE9AE,Service_beiakklem1vi3j5fejpg,2000,2,0.0813877987,6
1537384500,Prod-EcsStagingCluster-EcsCluster-1AAGQRFIOE9AE,Service_beiakklem1vi3j5fejpg,2000,2,0.0399545201,0
1537422660,Prod-EcsStagingCluster-EcsCluster-1AAGQRFIOE9AE,Service_beiakklem1vi3j5fejpg,2000,2,0.0802674753,0
1537352640,Prod-EcsStagingCluster-EcsCluster-1AAGQRFIOE9AE,Service_beiakklem1vi3j5fejpg,2000,2,0.0327073701,9
1537414140,Prod-EcsStagingCluster-EcsCluster-1AAGQRFIOE9AE,Service_beiakklem1vi3j5fejpg,2000,2,0.1460184991,10
1537401420,Prod-EcsStagingCluster-EcsCluster-1AAGQRFIOE9AE,Service_beiakklem1vi3j5fejpg,2000,2,0.1322132927,6
1537382280,Prod-EcsStagingCluster-EcsCluster-1AAGQRFIOE9AE,Service_beiakklem1vi3j5fejpg,2000,2,0.0376164890,0
1537409820,Prod-EcsStagingCluster-EcsCluster-1AAGQRFIOE9AE,Service_beiakklem1vi3j5fejpg,2000,2,0.2044142973,0
1537416180,Prod-EcsStagingCluster-EcsCluster-1AAGQRFIOE9AE,Service_beiakklem1vi3j5fejpg,2000,2,0.1152137254,0
1537393920,Prod-EcsStagingCluster-EcsCluster-1AAGQRFIOE9AE,Service_beiakklem1vi3j5fejpg,2000,2,0.0318716368,0
1537387560,Prod-EcsStagingCluster-EcsCluster-1AAGQRFIOE9AE,Service_beiakklem1vi3j5fejpg,2000,2,0.0368168117,0
1537373700,Prod-EcsStagingCluster-EcsCluster-1AAGQRFIOE9AE,Service_beiakklem1vi3j5fejpg,2000,2,0.0301846970,0
1537348260,Prod-EcsStagingCluster-EcsCluster-1AAGQRFIOE9AE,Service_beiakklem1vi3j5fejpg,2000,2,0.1101921363,3
1537392780,Prod-EcsStagingCluster-EcsCluster-1AAGQRFIOE9AE,Service_beiakklem1vi3j5fejpg,2000,2,0.0315548060,13
1537399140,Prod-EcsStagingCluster-EcsCluster-1AAGQRFIOE9AE,Service_beiakklem1vi3j5fejpg,2000,2,0.0334981720,9
1537424580,Prod-EcsStagingCluster-EcsCluster-1AAGQRFIOE9AE,Service_beiakklem1vi3j5fejpg,2000,2,0.1245978302,2
1537351200,Prod-EcsStagingCluster-EcsCluster-1AAGQRFIOE9AE,Service_beiakklem1vi3j5fejpg,2000,2,0.0334754923,0
1537395720,Prod-EcsStagingCluster-EcsCluster-1AAGQRFIOE9AE,Service_beiakklem1vi3j5fejpg,2000,2,0.0370637080,0
1537367100,Prod-EcsStagingCluster-EcsCluster-1AAGQRFIOE9AE,Service_beiakklem1vi3j5fejpg,2000,2,0.0354478335,0
1537373460,Prod-EcsStagingCluster-EcsCluster-1AAGQRFIOE9AE,Service_beiakklem1vi3j5fejpg,2000,2,0.0355908735,2
1537417980,Prod-EcsStagingCluster-EcsCluster-1AAGQRFIOE9AE,Service_beiakklem1vi3j5fejpg,2000,2,0.1458040403,0
1537424340,Prod-EcsStagingCluster-EcsCluster-1AAGQRFIOE9AE,Service_beiakklem1vi3j5fejpg,2000,2,0.1701789825,4
1537350060,Prod-EcsStagingCluster-EcsCluster-1AAGQRFIOE9AE,Service_beiakklem1vi3j5fejpg,2000,2,0.0819793718,0
1537353240,Prod-EcsStagingCluster-EcsCluster-1AAGQRFIOE9AE,Service_beiakklem1vi3j5fejpg,2000,2,0.0320032502,0
1537402080,Prod-EcsStagingCluster-EcsCluster-1AAGQRFIOE9AE,Service_beiakklem1vi3j5fejpg,2000,2,0.0792897589,0
1537378680,Prod-EcsStagingCluster-EcsCluster-1AAGQRFIOE9AE,Service_beiakklem1vi3j5fejpg,2000,2,0.0356315374,0
1537359600,Prod-EcsStagingCluster-EcsCluster-1AAGQRFIOE9AE,Service_beiakklem1vi3j5fejpg,2000,2,0.0363437759,0
1537404120,Prod-EcsStagingCluster-EcsCluster-1AAGQRFIOE9AE,Service_beiakklem1vi3j5fejpg,2000,2,0.0965150921,0
1537410480,Prod-EcsStagingCluster-EcsCluster-1AAGQRFIOE9AE,Service_beiakklem1vi3j5fejpg,2000,2,0.0834759194,0
1537400940,Prod-EcsStagingCluster-EcsCluster-1AAGQRFIOE9AE,Service_beiakklem1vi3j5fejpg,2000,2,0.0344709955,0
1537385040,Prod-EcsStagingCluster-EcsCluster-1AAGQRFIOE9AE,Service_beiakklem1vi3j5fejpg,2000,2,0.0409484098,0
1537429560,Prod-EcsStagingCluster-EcsCluster-1AAGQRFIOE9AE,Service_beiakklem1vi3j5fejpg,2000,2,0.0275887668,0
1537375260,Prod-EcsStagingCluster-EcsCluster-1AAGQRFIOE9AE,Service_beiakklem1vi3j5fejpg,2000,2,0.0363499649,0
1537381620,Prod-EcsStagingCluster-EcsCluster-1AAGQRFIOE9AE,Service_beiakklem1vi3j5fejpg,2000,2,0.0378696568,0
1537426140,Prod-EcsStagingCluster-EcsCluster-1AAGQRFIOE9AE,Service_beiakklem1vi3j5fejpg,2000,2,0.1590402233,0
1537358220,Prod-EcsStagingCluster-EcsCluster-1AAGQRFIOE9AE,Service_beiakklem1vi3j5fejpg,2000,2,0.0371105924,0
1537390020,Prod-EcsStagingCluster-EcsCluster-1AAGQRFIOE9AE,Service_beiakklem1vi3j5fejpg,2000,2,0.0376894588,2
1537364580,Prod-EcsStagingCluster-EcsCluster-1AAGQRFIOE9AE,Service_beiakklem1vi3j5fejpg,2000,2,0.0367534250,9
1537409100,Prod-EcsStagingCluster-EcsCluster-1AAGQRFIOE9AE,Service_beiakklem1vi3j5fejpg,2000,2,0.1159791720,0
1537415460,Prod-EcsStagingCluster-EcsCluster-1AAGQRFIOE9AE,Service_beiakklem1vi3j5fejpg,2000,2,0.0480106226,0
1537379400,Prod-EcsStagingCluster-EcsCluster-1AAGQRFIOE9AE,Service_beiakklem1vi3j5fejpg,2000,2,0.0317585511,11
1537385760,Prod-EcsStagingCluster-EcsCluster-1AAGQRFIOE9AE,Service_beiakklem1vi3j5fejpg,2000,2,0.0310259660,0
1537430280,Prod-EcsStagingCluster-EcsCluster-1AAGQRFIOE9AE,Service_beiakklem1vi3j5fejpg,2000,2,0.0299696728,0
1537362360,Prod-EcsStagingCluster-EcsCluster-1AAGQRFIOE9AE,Service_beiakklem1vi3j5fejpg,2000,2,0.0321940903,0
1537394160,Prod-EcsStagingCluster-EcsCluster-1AAGQRFIOE9AE,Service_beiakklem1vi3j5fejpg,2000,2,0.0314528335,4
1537387800,Prod-EcsStagingCluster-EcsCluster-1AAGQRFIOE9AE,Service_beiakklem1vi3j5fejpg,2000,2,0.0362813098,0
1537368720,Prod-EcsStagingCluster-EcsCluster-1AAGQRFIOE9AE,Service_beiakklem1vi3j5fejpg,2000,2,0.0368309952,0
1537413240,Prod-EcsStagingCluster-EcsCluster-1AAGQRFIOE9AE,Service_beiakklem1vi3j5fejpg,2000,2,0.1285545088,3
1537419600,Prod-EcsStagingCluster-EcsCluster-1AAGQRFIOE9AE,Service_beiakklem1vi3j5fejpg,2000,2,0.0862401164,0
1537383420,Prod-EcsStagingCluster-EcsCluster-1AAGQRFIOE9AE,Service_beiakklem1vi3j5fejpg,2000,2,0.0366788113,0
1537389780,Prod-EcsStagingCluster-EcsCluster-1AAGQRFIOE9AE,Service_beiakklem1vi3j5fejpg,2000,2,0.0359301394,2
1537366380,Prod-EcsStagingCluster-EcsCluster-1AAGQRFIOE9AE,Service_beiakklem1vi3j5fejpg,2000,2,0.0354341979,0
1537426800,Prod-EcsStagingCluster-EcsCluster-1AAGQRFIOE9AE,Service_beiakklem1vi3j5fejpg,2000,2,0.1105674193,0
1537417260,Prod-EcsStagingCluster-EcsCluster-1AAGQRFIOE9AE,Service_beiakklem1vi3j5fejpg,2000,2,0.0979024553,0
1537363080,Prod-EcsStagingCluster-EcsCluster-1AAGQRFIOE9AE,Service_beiakklem1vi3j5fejpg,2000,2,0.0366637684,0
1537413960,Prod-EcsStagingCluster-EcsCluster-1AAGQRFIOE9AE,Service_beiakklem1vi3j5fejpg,2000,2,0.1251955902,6
1537391700,Prod-EcsStagingCluster-EcsCluster-1AAGQRFIOE9AE,Service_beiakklem1vi3j5fejpg,2000,2,0.0355329767,1
1537371480,Prod-EcsStagingCluster-EcsCluster-1AAGQRFIOE9AE,Service_beiakklem1vi3j5fejpg,2000,2,0.0353729756,7
1537346040,Prod-EcsStagingCluster-EcsCluster-1AAGQRFIOE9AE,Service_beiakklem1vi3j5fejpg,2000,2,0.1374769806,0
1537396920,Prod-EcsStagingCluster-EcsCluster-1AAGQRFIOE9AE,Service_beiakklem1vi3j5fejpg,2000,2,0.0369117597,2
1537422360,Prod-EcsStagingCluster-EcsCluster-1AAGQRFIOE9AE,Service_beiakklem1vi3j5fejpg,2000,2,0.2408197102,5
1537391580,Prod-EcsStagingCluster-EcsCluster-1AAGQRFIOE9AE,Service_beiakklem1vi3j5fejpg,2000,2,0.0361467379,0
1537375680,Prod-EcsStagingCluster-EcsCluster-1AAGQRFIOE9AE,Service_beiakklem1vi3j5fejpg,2000,2,0.0351485596,9
1537374540,Prod-EcsStagingCluster-EcsCluster-1AAGQRFIOE9AE,Service_beiakklem1vi3j5fejpg,2000,2,0.0362993479,6
1537426560,Prod-EcsStagingCluster-EcsCluster-1AAGQRFIOE9AE,Service_beiakklem1vi3j5fejpg,2000,2,0.1516013923,0
1537425420,Prod-EcsStagingCluster-EcsCluster-1AAGQRFIOE9AE,Service_beiakklem1vi3j5fejpg,2000,2,0.1612645819,0
1537348980,Prod-EcsStagingCluster-EcsCluster-1AAGQRFIOE9AE,Service_beiakklem1vi3j5fejpg,2000,2,0.1184981027,4
1537371240,Prod-EcsStagingCluster-EcsCluster-1AAGQRFIOE9AE,Service_beiakklem1vi3j5fejpg,2000,2,0.0362740853,0
1537422120,Prod-EcsStagingCluster-EcsCluster-1AAGQRFIOE9AE,Service_beiakklem1vi3j5fejpg,2000,2,0.0819719424,0
1537399860,Prod-EcsStagingCluster-EcsCluster-1AAGQRFIOE9AE,Service_beiakklem1vi3j5fejpg,2000,2,0.0326070198,0
1537357380,Prod-EcsStagingCluster-EcsCluster-1AAGQRFIOE9AE,Service_beiakklem1vi3j5fejpg,2000,2,0.0364042378,0
1537408260,Prod-EcsStagingCluster-EcsCluster-1AAGQRFIOE9AE,Service_beiakklem1vi3j5fejpg,2000,2,0.0371952472,17
1537348860,Prod-EcsStagingCluster-EcsCluster-1AAGQRFIOE9AE,Service_beiakklem1vi3j5fejpg,2000,2,0.0726842620,2
1537382820,Prod-EcsStagingCluster-EcsCluster-1AAGQRFIOE9AE,Service_beiakklem1vi3j5fejpg,2000,2,0.0364103867,0
1537399740,Prod-EcsStagingCluster-EcsCluster-1AAGQRFIOE9AE,Service_beiakklem1vi3j5fejpg,2000,2,0.0337394452,6
1537355160,Prod-EcsStagingCluster-EcsCluster-1AAGQRFIOE9AE,Service_beiakklem1vi3j5fejpg,2000,2,0.0353610192,0
1537380600,Prod-EcsStagingCluster-EcsCluster-1AAGQRFIOE9AE,Service_beiakklem1vi3j5fejpg,2000,2,0.0355727137,2
1537406040,Prod-EcsStagingCluster-EcsCluster-1AAGQRFIOE9AE,Service_beiakklem1vi3j5fejpg,2000,2,0.1747367190,1
1537359360,Prod-EcsStagingCluster-EcsCluster-1AAGQRFIOE9AE,Service_beiakklem1vi3j5fejpg,2000,2,0.0360108990,0
1537382700,Prod-EcsStagingCluster-EcsCluster-1AAGQRFIOE9AE,Service_beiakklem1vi3j5fejpg,2000,2,0.0355911417,11
1537431480,Prod-EcsStagingCluster-EcsCluster-1AAGQRFIOE9AE,Service_beiakklem1vi3j5fejpg,2000,2,0.0672482468,0
1537410240,Prod-EcsStagingCluster-EcsCluster-1AAGQRFIOE9AE,Service_beiakklem1vi3j5fejpg,2000,2,0.0763744222,0
1537357140,Prod-EcsStagingCluster-EcsCluster-1AAGQRFIOE9AE,Service_beiakklem1vi3j5fejpg,2000,2,0.0354646341,8
1537408020,Prod-EcsStagingCluster-EcsCluster-1AAGQRFIOE9AE,Service_beiakklem1vi3j5fejpg,2000,2,0.6331534315,0
1537357020,Prod-EcsStagingCluster-EcsCluster-1AAGQRFIOE9AE,Service_beiakklem1vi3j5fejpg,2000,2,0.0306340231,0
1537354920,Prod-EcsStagingCluster-EcsCluster-1AAGQRFIOE9AE,Service_beiakklem1vi3j5fejpg,2000,2,0.0361094478,11
1537407900,Prod-EcsStagingCluster-EcsCluster-1AAGQRFIOE9AE,Service_beiakklem1vi3j5fejpg,2000,2,0.0601596009,0
1537405800,Prod-EcsStagingCluster-EcsCluster-1AAGQRFIOE9AE,Service_beiakklem1vi3j5fejpg,2000,2,0.0661680093,0
1537390860,Prod-EcsStagingCluster-EcsCluster-1AAGQRFIOE9AE,Service_beiakklem1vi3j5fejpg,2000,2,0.0362872036,0
1537367520,Prod-EcsStagingCluster-EcsCluster-1AAGQRFIOE9AE,Service_beiakklem1vi3j5fejpg,2000,2,0.0417794091,2
1537418400,Prod-EcsStagingCluster-EcsCluster-1AAGQRFIOE9AE,Service_beiakklem1vi3j5fejpg,2000,2,0.1084602735,2
1537375920,Prod-EcsStagingCluster-EcsCluster-1AAGQRFIOE9AE,Service_beiakklem1vi3j5fejpg,2000,2,0.0353495325,7
1537350480,Prod-EcsStagingCluster-EcsCluster-1AAGQRFIOE9AE,Service_beiakklem1vi3j5fejpg,2000,2,0.0380572972,0
1537401360,Prod-EcsStagingCluster-EcsCluster-1AAGQRFIOE9AE,Service_beiakklem1vi3j5fejpg,2000,2,0.0328389194,0
1537365300,Prod-EcsStagingCluster-EcsCluster-1AAGQRFIOE9AE,Service_beiakklem1vi3j5fejpg,2000,2,0.0444823007,0
1537421520,Prod-EcsStagingCluster-EcsCluster-1AAGQRFIOE9AE,Service_beiakklem1vi3j5fejpg,2000,2,0.1004566298,0
1537349280,Prod-EcsStagingCluster-EcsCluster-1AAGQRFIOE9AE,Service_beiakklem1vi3j5fejpg,2000,2,0.0360110740,8
1537393800,Prod-EcsStagingCluster-EcsCluster-1AAGQRFIOE9AE,Service_beiakklem1vi3j5fejpg,2000,2,0.0315736365,4
1537371540,Prod-EcsStagingCluster-EcsCluster-1AAGQRFIOE9AE,Service_beiakklem1vi3j5fejpg,2000,2,0.0361502571,0
1537422420,Prod-EcsStagingCluster-EcsCluster-1AAGQRFIOE9AE,Service_beiakklem1vi3j5fejpg,2000,2,0.1001838908,0
1537348140,Prod-EcsStagingCluster-EcsCluster-1AAGQRFIOE9AE,Service_beiakklem1vi3j5fejpg,2000,2,0.0359124859,0
1537400160,Prod-EcsStagingCluster-EcsCluster-1AAGQRFIOE9AE,Service_beiakklem1vi3j5fejpg,2000,2,0.0327167621,0
1537360860,Prod-EcsStagingCluster-EcsCluster-1AAGQRFIOE9AE,Service_beiakklem1vi3j5fejpg,2000,2,0.0420991192,11
1537411740,Prod-EcsStagingCluster-EcsCluster-1AAGQRFIOE9AE,Service_beiakklem1vi3j5fejpg,2000,2,0.0294321623,1
1537399020,Prod-EcsStagingCluster-EcsCluster-1AAGQRFIOE9AE,Service_beiakklem1vi3j5fejpg,2000,2,0.0334598358,0
1537350180,Prod-EcsStagingCluster-EcsCluster-1AAGQRFIOE9AE,Service_beiakklem1vi3j5fejpg,2000,2,0.0389878229,2
1537401060,Prod-EcsStagingCluster-EcsCluster-1AAGQRFIOE9AE,Service_beiakklem1vi3j5fejpg,2000,2,0.0337328112,6
1537375620,Prod-EcsStagingCluster-EcsCluster-1AAGQRFIOE9AE,Service_beiakklem1vi3j5fejpg,2000,2,0.0354711740,7
1537426500,Prod-EcsStagingCluster-EcsCluster-1AAGQRFIOE9AE,Service_beiakklem1vi3j5fejpg,2000,2,0.1902185479,2
1537379700,Prod-EcsStagingCluster-EcsCluster-1AAGQRFIOE9AE,Service_beiakklem1vi3j5fejpg,2000,2,0.0367232443,0
1537351080,Prod-EcsStagingCluster-EcsCluster-1AAGQRFIOE9AE,Service_beiakklem1vi3j5fejpg,2000,2,0.0374763360,0
1537357440,Prod-EcsStagingCluster-EcsCluster-1AAGQRFIOE9AE,Service_beiakklem1vi3j5fejpg,2000,2,0.0370295581,0
1537401960,Prod-EcsStagingCluster-EcsCluster-1AAGQRFIOE9AE,Service_beiakklem1vi3j5fejpg,2000,2,0.0746281738,0
1537430580,Prod-EcsStagingCluster-EcsCluster-1AAGQRFIOE9AE,Service_beiakklem1vi3j5fejpg,2000,2,0.0796595743,0
1537356300,Prod-EcsStagingCluster-EcsCluster-1AAGQRFIOE9AE,Service_beiakklem1vi3j5fejpg,2000,2,0.0411917864,0
1537408320,Prod-EcsStagingCluster-EcsCluster-1AAGQRFIOE9AE,Service_beiakklem1vi3j5fejpg,2000,2,0.2121725320,0
1537369020,Prod-EcsStagingCluster-EcsCluster-1AAGQRFIOE9AE,Service_beiakklem1vi3j5fejpg,2000,2,0.0368364856,1
1537419900,Prod-EcsStagingCluster-EcsCluster-1AAGQRFIOE9AE,Service_beiakklem1vi3j5fejpg,2000,2,0.1286805318,0
1537407180,Prod-EcsStagingCluster-EcsCluster-1AAGQRFIOE9AE,Service_beiakklem1vi3j5fejpg,2000,2,0.0728795707,0
1537383840,Prod-EcsStagingCluster-EcsCluster-1AAGQRFIOE9AE,Service_beiakklem1vi3j5fejpg,2000,2,0.0372774229,0
1537428360,Prod-EcsStagingCluster-EcsCluster-1AAGQRFIOE9AE,Service_beiakklem1vi3j5fejpg,2000,2,0.1662440781,0
1537387860,Prod-EcsStagingCluster-EcsCluster-1AAGQRFIOE9AE,Service_beiakklem1vi3j5fejpg,2000,2,0.0378098254,0
1537364460,Prod-EcsStagingCluster-EcsCluster-1AAGQRFIOE9AE,Service_beiakklem1vi3j5fejpg,2000,2,0.0360742052,8
1537377180,Prod-EcsStagingCluster-EcsCluster-1AAGQRFIOE9AE,Service_beiakklem1vi3j5fejpg,2000,2,0.0361429605,6
1537385640,Prod-EcsStagingCluster-EcsCluster-1AAGQRFIOE9AE,Service_beiakklem1vi3j5fejpg,2000,2,0.0310549339,4
1537428060,Prod-EcsStagingCluster-EcsCluster-1AAGQRFIOE9AE,Service_beiakklem1vi3j5fejpg,2000,2,0.0318387301,0
1537392000,Prod-EcsStagingCluster-EcsCluster-1AAGQRFIOE9AE,Service_beiakklem1vi3j5fejpg,2000,2,0.0302393425,6
1537415340,Prod-EcsStagingCluster-EcsCluster-1AAGQRFIOE9AE,Service_beiakklem1vi3j5fejpg,2000,2,0.0525526619,0
1537391940,Prod-EcsStagingCluster-EcsCluster-1AAGQRFIOE9AE,Service_beiakklem1vi3j5fejpg,2000,2,0.0400687647,0
1537366500,Prod-EcsStagingCluster-EcsCluster-1AAGQRFIOE9AE,Service_beiakklem1vi3j5fejpg,2000,2,0.0525773177,0
1537417380,Prod-EcsStagingCluster-EcsCluster-1AAGQRFIOE9AE,Service_beiakklem1vi3j5fejpg,2000,2,0.0845534626,0
1537389720,Prod-EcsStagingCluster-EcsCluster-1AAGQRFIOE9AE,Service_beiakklem1vi3j5fejpg,2000,2,0.0365638188,0
1537364280,Prod-EcsStagingCluster-EcsCluster-1AAGQRFIOE9AE,Service_beiakklem1vi3j5fejpg,2000,2,0.0396248186,5
1537370640,Prod-EcsStagingCluster-EcsCluster-1AAGQRFIOE9AE,Service_beiakklem1vi3j5fejpg,2000,2,0.0367914196,0
1537415160,Prod-EcsStagingCluster-EcsCluster-1AAGQRFIOE9AE,Service_beiakklem1vi3j5fejpg,2000,2,0.0510247378,0
1537396080,Prod-EcsStagingCluster-EcsCluster-1AAGQRFIOE9AE,Service_beiakklem1vi3j5fejpg,2000,2,0.0422025286,0
1537373760,Prod-EcsStagingCluster-EcsCluster-1AAGQRFIOE9AE,Service_beiakklem1vi3j5fejpg,2000,2,0.0305894346,0
1537424640,Prod-EcsStagingCluster-EcsCluster-1AAGQRFIOE9AE,Service_beiakklem1vi3j5fejpg,2000,2,0.1516883773,8
1537393860,Prod-EcsStagingCluster-EcsCluster-1AAGQRFIOE9AE,Service_beiakklem1vi3j5fejpg,2000,2,0.0319492980,3
1537368420,Prod-EcsStagingCluster-EcsCluster-1AAGQRFIOE9AE,Service_beiakklem1vi3j5fejpg,2000,2,0.0309000438,6
1537419300,Prod-EcsStagingCluster-EcsCluster-1AAGQRFIOE9AE,Service_beiakklem1vi3j5fejpg,2000,2,0.1859936937,0
1537372620,Prod-EcsStagingCluster-EcsCluster-1AAGQRFIOE9AE,Service_beiakklem1vi3j5fejpg,2000,2,0.0411274752,5
1537385340,Prod-EcsStagingCluster-EcsCluster-1AAGQRFIOE9AE,Service_beiakklem1vi3j5fejpg,2000,2,0.0313720534,0
1537423500,Prod-EcsStagingCluster-EcsCluster-1AAGQRFIOE9AE,Service_beiakklem1vi3j5fejpg,2000,2,0.0986792191,0
1537352400,Prod-EcsStagingCluster-EcsCluster-1AAGQRFIOE9AE,Service_beiakklem1vi3j5fejpg,2000,2,0.0332365248,0
1537347060,Prod-EcsStagingCluster-EcsCluster-1AAGQRFIOE9AE,Service_beiakklem1vi3j5fejpg,2000,2,0.0369613777,0
1537377840,Prod-EcsStagingCluster-EcsCluster-1AAGQRFIOE9AE,Service_beiakklem1vi3j5fejpg,2000,2,0.0382442658,4
1537397940,Prod-EcsStagingCluster-EcsCluster-1AAGQRFIOE9AE,Service_beiakklem1vi3j5fejpg,2000,2,0.0824320053,0
1537428720,Prod-EcsStagingCluster-EcsCluster-1AAGQRFIOE9AE,Service_beiakklem1vi3j5fejpg,2000,2,0.1570673579,0
1537403280,Prod-EcsStagingCluster-EcsCluster-1AAGQRFIOE9AE,Service_beiakklem1vi3j5fejpg,2000,2,0.0376828993,0
1537369320,Prod-EcsStagingCluster-EcsCluster-1AAGQRFIOE9AE,Service_beiakklem1vi3j5fejpg,2000,2,0.0371475908,0
1537420200,Prod-EcsStagingCluster-EcsCluster-1AAGQRFIOE9AE,Service_beiakklem1vi3j5fejpg,2000,2,0.2108380696,12
1537373400,Prod-EcsStagingCluster-EcsCluster-1AAGQRFIOE9AE,Service_beiakklem1vi3j5fejpg,2000,2,0.0358167493,0
1537347960,Prod-EcsStagingCluster-EcsCluster-1AAGQRFIOE9AE,Service_beiakklem1vi3j5fejpg,2000,2,0.0420354151,0
1537381920,Prod-EcsStagingCluster-EcsCluster-1AAGQRFIOE9AE,Service_beiakklem1vi3j5fejpg,2000,2,0.0378907931,0
1537398840,Prod-EcsStagingCluster-EcsCluster-1AAGQRFIOE9AE,Service_beiakklem1vi3j5fejpg,2000,2,0.0331629567,10
1537424280,Prod-EcsStagingCluster-EcsCluster-1AAGQRFIOE9AE,Service_beiakklem1vi3j5fejpg,2000,2,0.2026879081,7
1537393500,Prod-EcsStagingCluster-EcsCluster-1AAGQRFIOE9AE,Service_beiakklem1vi3j5fejpg,2000,2,0.0313547252,0
1537380780,Prod-EcsStagingCluster-EcsCluster-1AAGQRFIOE9AE,Service_beiakklem1vi3j5fejpg,2000,2,0.0367902086,9
1537431660,Prod-EcsStagingCluster-EcsCluster-1AAGQRFIOE9AE,Service_beiakklem1vi3j5fejpg,2000,2,0.0717015388,0
1537377480,Prod-EcsStagingCluster-EcsCluster-1AAGQRFIOE9AE,Service_beiakklem1vi3j5fejpg,2000,2,0.0366905963,0
1537355220,Prod-EcsStagingCluster-EcsCluster-1AAGQRFIOE9AE,Service_beiakklem1vi3j5fejpg,2000,2,0.0355999183,0
1537406100,Prod-EcsStagingCluster-EcsCluster-1AAGQRFIOE9AE,Service_beiakklem1vi3j5fejpg,2000,2,0.1295792026,9
1537361520,Prod-EcsStagingCluster-EcsCluster-1AAGQRFIOE9AE,Service_beiakklem1vi3j5fejpg,2000,2,0.0369424142,2
1537412400,Prod-EcsStagingCluster-EcsCluster-1AAGQRFIOE9AE,Service_beiakklem1vi3j5fejpg,2000,2,0.0584711965,0
1537353000,Prod-EcsStagingCluster-EcsCluster-1AAGQRFIOE9AE,Service_beiakklem1vi3j5fejpg,2000,2,0.0357594693,18
1537386960,Prod-EcsStagingCluster-EcsCluster-1AAGQRFIOE9AE,Service_beiakklem1vi3j5fejpg,2000,2,0.0370049736,15
1537403880,Prod-EcsStagingCluster-EcsCluster-1AAGQRFIOE9AE,Service_beiakklem1vi3j5fejpg,2000,2,0.2135941441,0
1537359300,Prod-EcsStagingCluster-EcsCluster-1AAGQRFIOE9AE,Service_beiakklem1vi3j5fejpg,2000,2,0.0368791407,0
1537410180,Prod-EcsStagingCluster-EcsCluster-1AAGQRFIOE9AE,Service_beiakklem1vi3j5fejpg,2000,2,0.1058617815,4
1537350780,Prod-EcsStagingCluster-EcsCluster-1AAGQRFIOE9AE,Service_beiakklem1vi3j5fejpg,2000,2,0.0512159816,0
1537384740,Prod-EcsStagingCluster-EcsCluster-1AAGQRFIOE9AE,Service_beiakklem1vi3j5fejpg,2000,2,0.0362142564,13
1537401660,Prod-EcsStagingCluster-EcsCluster-1AAGQRFIOE9AE,Service_beiakklem1vi3j5fejpg,2000,2,0.0387226514,0
1537388940,Prod-EcsStagingCluster-EcsCluster-1AAGQRFIOE9AE,Service_beiakklem1vi3j5fejpg,2000,2,0.0358410289,0
1537365600,Prod-EcsStagingCluster-EcsCluster-1AAGQRFIOE9AE,Service_beiakklem1vi3j5fejpg,2000,2,0.0374449206,0
1537416480,Prod-EcsStagingCluster-EcsCluster-1AAGQRFIOE9AE,Service_beiakklem1vi3j5fejpg,2000,2,0.1236360947,7
1537357080,Prod-EcsStagingCluster-EcsCluster-1AAGQRFIOE9AE,Service_beiakklem1vi3j5fejpg,2000,3,0.0328986102,2
1537407960,Prod-EcsStagingCluster-EcsCluster-1AAGQRFIOE9AE,Service_beiakklem1vi3j5fejpg,2000,2,0.1687548694,0
1537382520,Prod-EcsStagingCluster-EcsCluster-1AAGQRFIOE9AE,Service_beiakklem1vi3j5fejpg,2000,2,0.0410756978,0
1537363380,Prod-EcsStagingCluster-EcsCluster-1AAGQRFIOE9AE,Service_beiakklem1vi3j5fejpg,2000,2,0.0365220459,0
1537414260,Prod-EcsStagingCluster-EcsCluster-1AAGQRFIOE9AE,Service_beiakklem1vi3j5fejpg,2000,2,0.0781449263,0
1537361160,Prod-EcsStagingCluster-EcsCluster-1AAGQRFIOE9AE,Service_beiakklem1vi3j5fejpg,2000,2,0.0367047554,0
1537412040,Prod-EcsStagingCluster-EcsCluster-1AAGQRFIOE9AE,Service_beiakklem1vi3j5fejpg,2000,2,0.0567420669,0
1537346220,Prod-EcsStagingCluster-EcsCluster-1AAGQRFIOE9AE,Service_beiakklem1vi3j5fejpg,2000,2,0.0363645588,14
1537358940,Prod-EcsStagingCluster-EcsCluster-1AAGQRFIOE9AE,Service_beiakklem1vi3j5fejpg,2000,2,0.0362610914,24
1537397100,Prod-EcsStagingCluster-EcsCluster-1AAGQRFIOE9AE,Service_beiakklem1vi3j5fejpg,2000,2,0.0366396546,0
1537360980,Prod-EcsStagingCluster-EcsCluster-1AAGQRFIOE9AE,Service_beiakklem1vi3j5fejpg,2000,2,0.0403658836,0
1537425720,Prod-EcsStagingCluster-EcsCluster-1AAGQRFIOE9AE,Service_beiakklem1vi3j5fejpg,2000,2,0.1701611455,0
1537354620,Prod-EcsStagingCluster-EcsCluster-1AAGQRFIOE9AE,Service_beiakklem1vi3j5fejpg,2000,2,0.0365339790,0
1537411860,Prod-EcsStagingCluster-EcsCluster-1AAGQRFIOE9AE,Service_beiakklem1vi3j5fejpg,2000,2,0.0942672614,0
1537405500,Prod-EcsStagingCluster-EcsCluster-1AAGQRFIOE9AE,Service_beiakklem1vi3j5fejpg,2000,2,0.2266742276,0
1537347120,Prod-EcsStagingCluster-EcsCluster-1AAGQRFIOE9AE,Service_beiakklem1vi3j5fejpg,2000,2,0.0368726843,0
1537391640,Prod-EcsStagingCluster-EcsCluster-1AAGQRFIOE9AE,Service_beiakklem1vi3j5fejpg,2000,2,0.0357014508,0
1537398000,Prod-EcsStagingCluster-EcsCluster-1AAGQRFIOE9AE,Service_beiakklem1vi3j5fejpg,2000,2,0.0335926802,0
1537371420,Prod-EcsStagingCluster-EcsCluster-1AAGQRFIOE9AE,Service_beiakklem1vi3j5fejpg,2000,2,0.0403430645,0
1537377780,Prod-EcsStagingCluster-EcsCluster-1AAGQRFIOE9AE,Service_beiakklem1vi3j5fejpg,2000,2,0.0400777049,3
1537428660,Prod-EcsStagingCluster-EcsCluster-1AAGQRFIOE9AE,Service_beiakklem1vi3j5fejpg,2000,2,0.1671546198,0
1537360740,Prod-EcsStagingCluster-EcsCluster-1AAGQRFIOE9AE,Service_beiakklem1vi3j5fejpg,2000,2,0.0363653659,0
1537422300,Prod-EcsStagingCluster-EcsCluster-1AAGQRFIOE9AE,Service_beiakklem1vi3j5fejpg,2000,2,0.0933640751,0
1537411620,Prod-EcsStagingCluster-EcsCluster-1AAGQRFIOE9AE,Service_beiakklem1vi3j5fejpg,2000,2,0.1824224434,0
1537346880,Prod-EcsStagingCluster-EcsCluster-1AAGQRFIOE9AE,Service_beiakklem1vi3j5fejpg,2000,2,0.0338646350,0
1537397760,Prod-EcsStagingCluster-EcsCluster-1AAGQRFIOE9AE,Service_beiakklem1vi3j5fejpg,2000,2,0.0358182312,2
1537391400,Prod-EcsStagingCluster-EcsCluster-1AAGQRFIOE9AE,Service_beiakklem1vi3j5fejpg,2000,2,0.0271694589,0
1537345740,Prod-EcsStagingCluster-EcsCluster-1AAGQRFIOE9AE,Service_beiakklem1vi3j5fejpg,2000,2,0.0410760072,0
1537396620,Prod-EcsStagingCluster-EcsCluster-1AAGQRFIOE9AE,Service_beiakklem1vi3j5fejpg,2000,2,0.0370213652,6
1537377540,Prod-EcsStagingCluster-EcsCluster-1AAGQRFIOE9AE,Service_beiakklem1vi3j5fejpg,2000,2,0.0355023902,0
1537428420,Prod-EcsStagingCluster-EcsCluster-1AAGQRFIOE9AE,Service_beiakklem1vi3j5fejpg,2000,2,0.0297097917,2
1537357320,Prod-EcsStagingCluster-EcsCluster-1AAGQRFIOE9AE,Service_beiakklem1vi3j5fejpg,2000,2,0.0362409917,0
1537375320,Prod-EcsStagingCluster-EcsCluster-1AAGQRFIOE9AE,Service_beiakklem1vi3j5fejpg,2000,2,0.0358171889,0
1537381680,Prod-EcsStagingCluster-EcsCluster-1AAGQRFIOE9AE,Service_beiakklem1vi3j5fejpg,2000,2,0.0379961011,0
1537426200,Prod-EcsStagingCluster-EcsCluster-1AAGQRFIOE9AE,Service_beiakklem1vi3j5fejpg,2000,2,0.1578674735,4
1537362540,Prod-EcsStagingCluster-EcsCluster-1AAGQRFIOE9AE,Service_beiakklem1vi3j5fejpg,2000,2,0.0371593065,2
1537413420,Prod-EcsStagingCluster-EcsCluster-1AAGQRFIOE9AE,Service_beiakklem1vi3j5fejpg,2000,2,0.1403035848,1
1537370940,Prod-EcsStagingCluster-EcsCluster-1AAGQRFIOE9AE,Service_beiakklem1vi3j5fejpg,2000,2,0.0363304972,0
1537377300,Prod-EcsStagingCluster-EcsCluster-1AAGQRFIOE9AE,Service_beiakklem1vi3j5fejpg,2000,2,0.0350998179,0
1537421820,Prod-EcsStagingCluster-EcsCluster-1AAGQRFIOE9AE,Service_beiakklem1vi3j5fejpg,2000,2,0.2192720881,6
1537428180,Prod-EcsStagingCluster-EcsCluster-1AAGQRFIOE9AE,Service_beiakklem1vi3j5fejpg,2000,2,0.1881273767,0
1537381440,Prod-EcsStagingCluster-EcsCluster-1AAGQRFIOE9AE,Service_beiakklem1vi3j5fejpg,2000,2,0.0368305394,0
1537375080,Prod-EcsStagingCluster-EcsCluster-1AAGQRFIOE9AE,Service_beiakklem1vi3j5fejpg,2000,2,0.0415543974,2
1537394100,Prod-EcsStagingCluster-EcsCluster-1AAGQRFIOE9AE,Service_beiakklem1vi3j5fejpg,2000,2,0.0313153436,0
1537387740,Prod-EcsStagingCluster-EcsCluster-1AAGQRFIOE9AE,Service_beiakklem1vi3j5fejpg,2000,2,0.0421280726,0
1537425960,Prod-EcsStagingCluster-EcsCluster-1AAGQRFIOE9AE,Service_beiakklem1vi3j5fejpg,2000,2,0.1682243952,0
1537377060,Prod-EcsStagingCluster-EcsCluster-1AAGQRFIOE9AE,Service_beiakklem1vi3j5fejpg,2000,2,0.0355319244,6
1537347360,Prod-EcsStagingCluster-EcsCluster-1AAGQRFIOE9AE,Service_beiakklem1vi3j5fejpg,2000,2,0.0316483367,13
1537391880,Prod-EcsStagingCluster-EcsCluster-1AAGQRFIOE9AE,Service_beiakklem1vi3j5fejpg,2000,2,0.0306138854,2
1537398240,Prod-EcsStagingCluster-EcsCluster-1AAGQRFIOE9AE,Service_beiakklem1vi3j5fejpg,2000,2,0.0359486939,0
1537427940,Prod-EcsStagingCluster-EcsCluster-1AAGQRFIOE9AE,Service_beiakklem1vi3j5fejpg,2000,2,0.0947568536,8
1537374840,Prod-EcsStagingCluster-EcsCluster-1AAGQRFIOE9AE,Service_beiakklem1vi3j5fejpg,2000,2,0.0364474244,0
1537381200,Prod-EcsStagingCluster-EcsCluster-1AAGQRFIOE9AE,Service_beiakklem1vi3j5fejpg,2000,2,0.0376666338,0
1537396020,Prod-EcsStagingCluster-EcsCluster-1AAGQRFIOE9AE,Service_beiakklem1vi3j5fejpg,2000,2,0.0374347665,0
1537414080,Prod-EcsStagingCluster-EcsCluster-1AAGQRFIOE9AE,Service_beiakklem1vi3j5fejpg,2000,2,0.0842286779,0
1537362060,Prod-EcsStagingCluster-EcsCluster-1AAGQRFIOE9AE,Service_beiakklem1vi3j5fejpg,2000,2,0.0272191643,0
1537412940,Prod-EcsStagingCluster-EcsCluster-1AAGQRFIOE9AE,Service_beiakklem1vi3j5fejpg,2000,2,0.1482001187,9
1537378980,Prod-EcsStagingCluster-EcsCluster-1AAGQRFIOE9AE,Service_beiakklem1vi3j5fejpg,2000,2,0.0363563421,0
1537380000,Prod-EcsStagingCluster-EcsCluster-1AAGQRFIOE9AE,Service_beiakklem1vi3j5fejpg,2000,2,0.0312766151,0
1537429860,Prod-EcsStagingCluster-EcsCluster-1AAGQRFIOE9AE,Service_beiakklem1vi3j5fejpg,2000,2,0.0362127826,10
1537358760,Prod-EcsStagingCluster-EcsCluster-1AAGQRFIOE9AE,Service_beiakklem1vi3j5fejpg,2000,2,0.0376513579,6
1537430880,Prod-EcsStagingCluster-EcsCluster-1AAGQRFIOE9AE,Service_beiakklem1vi3j5fejpg,2000,2,0.1394573078,6
1537362960,Prod-EcsStagingCluster-EcsCluster-1AAGQRFIOE9AE,Service_beiakklem1vi3j5fejpg,2000,2,0.0368357298,0
1537409640,Prod-EcsStagingCluster-EcsCluster-1AAGQRFIOE9AE,Service_beiakklem1vi3j5fejpg,2000,2,0.2152853015,0
1537378860,Prod-EcsStagingCluster-EcsCluster-1AAGQRFIOE9AE,Service_beiakklem1vi3j5fejpg,2000,2,0.0363429907,0
1537429740,Prod-EcsStagingCluster-EcsCluster-1AAGQRFIOE9AE,Service_beiakklem1vi3j5fejpg,2000,2,0.1325916575,0
1537413840,Prod-EcsStagingCluster-EcsCluster-1AAGQRFIOE9AE,Service_beiakklem1vi3j5fejpg,2000,2,0.1434927651,15
1537395780,Prod-EcsStagingCluster-EcsCluster-1AAGQRFIOE9AE,Service_beiakklem1vi3j5fejpg,2000,2,0.0368362706,0
1537375560,Prod-EcsStagingCluster-EcsCluster-1AAGQRFIOE9AE,Service_beiakklem1vi3j5fejpg,2000,2,0.0357030214,0
1537387260,Prod-EcsStagingCluster-EcsCluster-1AAGQRFIOE9AE,Service_beiakklem1vi3j5fejpg,2000,2,0.0374344465,6
1537426440,Prod-EcsStagingCluster-EcsCluster-1AAGQRFIOE9AE,Service_beiakklem1vi3j5fejpg,2000,2,0.1153678233,0
1537358520,Prod-EcsStagingCluster-EcsCluster-1AAGQRFIOE9AE,Service_beiakklem1vi3j5fejpg,2000,2,0.0367249106,0
1537379760,Prod-EcsStagingCluster-EcsCluster-1AAGQRFIOE9AE,Service_beiakklem1vi3j5fejpg,2000,2,0.0424332628,0
1537430640,Prod-EcsStagingCluster-EcsCluster-1AAGQRFIOE9AE,Service_beiakklem1vi3j5fejpg,2000,2,0.0301998149,8
1537353180,Prod-EcsStagingCluster-EcsCluster-1AAGQRFIOE9AE,Service_beiakklem1vi3j5fejpg,2000,2,0.0320655713,0
1537409400,Prod-EcsStagingCluster-EcsCluster-1AAGQRFIOE9AE,Service_beiakklem1vi3j5fejpg,2000,2,0.1391735757,6
1537404060,Prod-EcsStagingCluster-EcsCluster-1AAGQRFIOE9AE,Service_beiakklem1vi3j5fejpg,2000,2,0.1752591839,5
1537395540,Prod-EcsStagingCluster-EcsCluster-1AAGQRFIOE9AE,Service_beiakklem1vi3j5fejpg,2000,2,0.0369338664,0
1537363680,Prod-EcsStagingCluster-EcsCluster-1AAGQRFIOE9AE,Service_beiakklem1vi3j5fejpg,2000,2,0.0367366806,0
1537414560,Prod-EcsStagingCluster-EcsCluster-1AAGQRFIOE9AE,Service_beiakklem1vi3j5fejpg,2000,2,0.1386076498,0
1537393320,Prod-EcsStagingCluster-EcsCluster-1AAGQRFIOE9AE,Service_beiakklem1vi3j5fejpg,2000,2,0.0316358827,0
1537346640,Prod-EcsStagingCluster-EcsCluster-1AAGQRFIOE9AE,Service_beiakklem1vi3j5fejpg,2000,2,0.0400401485,0
1537397520,Prod-EcsStagingCluster-EcsCluster-1AAGQRFIOE9AE,Service_beiakklem1vi3j5fejpg,2000,2,0.0359579996,0
1537361460,Prod-EcsStagingCluster-EcsCluster-1AAGQRFIOE9AE,Service_beiakklem1vi3j5fejpg,2000,2,0.0368533651,0
1537412340,Prod-EcsStagingCluster-EcsCluster-1AAGQRFIOE9AE,Service_beiakklem1vi3j5fejpg,2000,2,0.1854515010,0
1537378380,Prod-EcsStagingCluster-EcsCluster-1AAGQRFIOE9AE,Service_beiakklem1vi3j5fejpg,2000,2,0.0360842038,7
1537359240,Prod-EcsStagingCluster-EcsCluster-1AAGQRFIOE9AE,Service_beiakklem1vi3j5fejpg,2000,2,0.0373492168,0
1537395300,Prod-EcsStagingCluster-EcsCluster-1AAGQRFIOE9AE,Service_beiakklem1vi3j5fejpg,2000,2,0.0368466476,0
1537429260,Prod-EcsStagingCluster-EcsCluster-1AAGQRFIOE9AE,Service_beiakklem1vi3j5fejpg,2000,2,0.1684931183,2
1537410120,Prod-EcsStagingCluster-EcsCluster-1AAGQRFIOE9AE,Service_beiakklem1vi3j5fejpg,2000,2,0.1327790097,0
1537363440,Prod-EcsStagingCluster-EcsCluster-1AAGQRFIOE9AE,Service_beiakklem1vi3j5fejpg,2000,2,0.0359929140,0
1537393080,Prod-EcsStagingCluster-EcsCluster-1AAGQRFIOE9AE,Service_beiakklem1vi3j5fejpg,2000,2,0.0312961272,0
1537414320,Prod-EcsStagingCluster-EcsCluster-1AAGQRFIOE9AE,Service_beiakklem1vi3j5fejpg,2000,2,0.1223310579,0
1537395180,Prod-EcsStagingCluster-EcsCluster-1AAGQRFIOE9AE,Service_beiakklem1vi3j5fejpg,2000,2,0.0374984276,0
1537361220,Prod-EcsStagingCluster-EcsCluster-1AAGQRFIOE9AE,Service_beiakklem1vi3j5fejpg,2000,2,0.0364180721,8
1537412100,Prod-EcsStagingCluster-EcsCluster-1AAGQRFIOE9AE,Service_beiakklem1vi3j5fejpg,2000,2,0.0270580448,0
1537352700,Prod-EcsStagingCluster-EcsCluster-1AAGQRFIOE9AE,Service_beiakklem1vi3j5fejpg,2000,2,0.0329163509,0
1537403580,Prod-EcsStagingCluster-EcsCluster-1AAGQRFIOE9AE,Service_beiakklem1vi3j5fejpg,2000,2,0.1362166960,8
1537359000,Prod-EcsStagingCluster-EcsCluster-1AAGQRFIOE9AE,Service_beiakklem1vi3j5fejpg,2000,2,0.0370388420,4
1537409880,Prod-EcsStagingCluster-EcsCluster-1AAGQRFIOE9AE,Service_beiakklem1vi3j5fejpg,2000,2,0.1913236818,6
1537363200,Prod-EcsStagingCluster-EcsCluster-1AAGQRFIOE9AE,Service_beiakklem1vi3j5fejpg,2000,2,0.0369983022,15
1537375860,Prod-EcsStagingCluster-EcsCluster-1AAGQRFIOE9AE,Service_beiakklem1vi3j5fejpg,2000,2,0.0350960471,0
1537363140,Prod-EcsStagingCluster-EcsCluster-1AAGQRFIOE9AE,Service_beiakklem1vi3j5fejpg,2000,2,0.0371984169,0
1537414020,Prod-EcsStagingCluster-EcsCluster-1AAGQRFIOE9AE,Service_beiakklem1vi3j5fejpg,2000,2,0.1546776728,0
1537426740,Prod-EcsStagingCluster-EcsCluster-1AAGQRFIOE9AE,Service_beiakklem1vi3j5fejpg,2000,2,0.1605446686,5
1537376760,Prod-EcsStagingCluster-EcsCluster-1AAGQRFIOE9AE,Service_beiakklem1vi3j5fejpg,2000,2,0.0366132611,8
1537383120,Prod-EcsStagingCluster-EcsCluster-1AAGQRFIOE9AE,Service_beiakklem1vi3j5fejpg,2000,2,0.0370893723,0
1537389480,Prod-EcsStagingCluster-EcsCluster-1AAGQRFIOE9AE,Service_beiakklem1vi3j5fejpg,2000,2,0.0370647413,0
1537395840,Prod-EcsStagingCluster-EcsCluster-1AAGQRFIOE9AE,Service_beiakklem1vi3j5fejpg,2000,2,0.0369858995,0
1537427640,Prod-EcsStagingCluster-EcsCluster-1AAGQRFIOE9AE,Service_beiakklem1vi3j5fejpg,2000,2,0.2467304397,0
1537356540,Prod-EcsStagingCluster-EcsCluster-1AAGQRFIOE9AE,Service_beiakklem1vi3j5fejpg,2000,2,0.0311806684,0
1537394700,Prod-EcsStagingCluster-EcsCluster-1AAGQRFIOE9AE,Service_beiakklem1vi3j5fejpg,2000,2,0.0363029870,0
1537349040,Prod-EcsStagingCluster-EcsCluster-1AAGQRFIOE9AE,Service_beiakklem1vi3j5fejpg,2000,2,0.0617908482,0
1537355400,Prod-EcsStagingCluster-EcsCluster-1AAGQRFIOE9AE,Service_beiakklem1vi3j5fejpg,2000,2,0.0352468700,0
1537361760,Prod-EcsStagingCluster-EcsCluster-1AAGQRFIOE9AE,Service_beiakklem1vi3j5fejpg,2000,2,0.0325176699,0
1537407420,Prod-EcsStagingCluster-EcsCluster-1AAGQRFIOE9AE,Service_beiakklem1vi3j5fejpg,2000,2,0.1965632818,0
1537412640,Prod-EcsStagingCluster-EcsCluster-1AAGQRFIOE9AE,Service_beiakklem1vi3j5fejpg,2000,2,0.0296799626,10
1537393560,Prod-EcsStagingCluster-EcsCluster-1AAGQRFIOE9AE,Service_beiakklem1vi3j5fejpg,2000,2,0.0317706143,8
1537399920,Prod-EcsStagingCluster-EcsCluster-1AAGQRFIOE9AE,Service_beiakklem1vi3j5fejpg,2000,2,0.0329433641,0
1537406280,Prod-EcsStagingCluster-EcsCluster-1AAGQRFIOE9AE,Service_beiakklem1vi3j5fejpg,2000,2,0.1380041378,0
1537373340,Prod-EcsStagingCluster-EcsCluster-1AAGQRFIOE9AE,Service_beiakklem1vi3j5fejpg,2000,2,0.0358109012,0
1537360620,Prod-EcsStagingCluster-EcsCluster-1AAGQRFIOE9AE,Service_beiakklem1vi3j5fejpg,2000,2,0.0375418672,0
1537362660,Prod-EcsStagingCluster-EcsCluster-1AAGQRFIOE9AE,Service_beiakklem1vi3j5fejpg,2000,2,0.0366791465,6
1537411500,Prod-EcsStagingCluster-EcsCluster-1AAGQRFIOE9AE,Service_beiakklem1vi3j5fejpg,2000,2,0.0328601444,6
1537424220,Prod-EcsStagingCluster-EcsCluster-1AAGQRFIOE9AE,Service_beiakklem1vi3j5fejpg,2000,2,0.1524244401,0
1537375380,Prod-EcsStagingCluster-EcsCluster-1AAGQRFIOE9AE,Service_beiakklem1vi3j5fejpg,2000,2,0.0415945891,0
1537413540,Prod-EcsStagingCluster-EcsCluster-1AAGQRFIOE9AE,Service_beiakklem1vi3j5fejpg,2000,2,0.1346709053,0
1537360440,Prod-EcsStagingCluster-EcsCluster-1AAGQRFIOE9AE,Service_beiakklem1vi3j5fejpg,2000,2,0.0370381300,4
1537426260,Prod-EcsStagingCluster-EcsCluster-1AAGQRFIOE9AE,Service_beiakklem1vi3j5fejpg,2000,2,0.1112399078,0
1537379520,Prod-EcsStagingCluster-EcsCluster-1AAGQRFIOE9AE,Service_beiakklem1vi3j5fejpg,2000,2,0.0493672393,5
1537366800,Prod-EcsStagingCluster-EcsCluster-1AAGQRFIOE9AE,Service_beiakklem1vi3j5fejpg,2000,2,0.0351922814,8
1537373160,Prod-EcsStagingCluster-EcsCluster-1AAGQRFIOE9AE,Service_beiakklem1vi3j5fejpg,2000,2,0.0355815594,0
1537417680,Prod-EcsStagingCluster-EcsCluster-1AAGQRFIOE9AE,Service_beiakklem1vi3j5fejpg,2000,2,0.1127798156,3
1537411320,Prod-EcsStagingCluster-EcsCluster-1AAGQRFIOE9AE,Service_beiakklem1vi3j5fejpg,2000,2,0.0323672635,0
1537392180,Prod-EcsStagingCluster-EcsCluster-1AAGQRFIOE9AE,Service_beiakklem1vi3j5fejpg,2000,2,0.0353194659,0
1537424040,Prod-EcsStagingCluster-EcsCluster-1AAGQRFIOE9AE,Service_beiakklem1vi3j5fejpg,2000,2,0.1591607020,0
1537430400,Prod-EcsStagingCluster-EcsCluster-1AAGQRFIOE9AE,Service_beiakklem1vi3j5fejpg,2000,2,0.0760640864,10
1537379460,Prod-EcsStagingCluster-EcsCluster-1AAGQRFIOE9AE,Service_beiakklem1vi3j5fejpg,2000,2,0.0314338118,0
1537430340,Prod-EcsStagingCluster-EcsCluster-1AAGQRFIOE9AE,Service_beiakklem1vi3j5fejpg,2000,2,0.1684767556,10
1537345440,Prod-EcsStagingCluster-EcsCluster-1AAGQRFIOE9AE,Service_beiakklem1vi3j5fejpg,2000,2,0.0593794264,0
1537396320,Prod-EcsStagingCluster-EcsCluster-1AAGQRFIOE9AE,Service_beiakklem1vi3j5fejpg,2000,2,0.0379370460,0
1537389960,Prod-EcsStagingCluster-EcsCluster-1AAGQRFIOE9AE,Service_beiakklem1vi3j5fejpg,2000,2,0.0358499156,0
1537377240,Prod-EcsStagingCluster-EcsCluster-1AAGQRFIOE9AE,Service_beiakklem1vi3j5fejpg,2000,2,0.0384064213,0
1537383600,Prod-EcsStagingCluster-EcsCluster-1AAGQRFIOE9AE,Service_beiakklem1vi3j5fejpg,2000,2,0.0431425098,0
1537428120,Prod-EcsStagingCluster-EcsCluster-1AAGQRFIOE9AE,Service_beiakklem1vi3j5fejpg,2000,2,0.1791066705,2
1537360140,Prod-EcsStagingCluster-EcsCluster-1AAGQRFIOE9AE,Service_beiakklem1vi3j5fejpg,2000,2,0.0364641864,7
1537372860,Prod-EcsStagingCluster-EcsCluster-1AAGQRFIOE9AE,Service_beiakklem1vi3j5fejpg,2000,2,0.0353689620,0
1537411020,Prod-EcsStagingCluster-EcsCluster-1AAGQRFIOE9AE,Service_beiakklem1vi3j5fejpg,2000,2,0.1333605645,0
1537423740,Prod-EcsStagingCluster-EcsCluster-1AAGQRFIOE9AE,Service_beiakklem1vi3j5fejpg,2000,2,0.0831815791,4
1537389660,Prod-EcsStagingCluster-EcsCluster-1AAGQRFIOE9AE,Service_beiakklem1vi3j5fejpg,2000,2,0.0631637752,0
1537407720,Prod-EcsStagingCluster-EcsCluster-1AAGQRFIOE9AE,Service_beiakklem1vi3j5fejpg,2000,2,0.0505865358,0
1537376940,Prod-EcsStagingCluster-EcsCluster-1AAGQRFIOE9AE,Service_beiakklem1vi3j5fejpg,2000,2,0.0382828741,0
1537427820,Prod-EcsStagingCluster-EcsCluster-1AAGQRFIOE9AE,Service_beiakklem1vi3j5fejpg,2000,2,0.2496561631,12
1537373640,Prod-EcsStagingCluster-EcsCluster-1AAGQRFIOE9AE,Service_beiakklem1vi3j5fejpg,2000,2,0.0308849238,7
1537360920,Prod-EcsStagingCluster-EcsCluster-1AAGQRFIOE9AE,Service_beiakklem1vi3j5fejpg,2000,2,0.0368996386,0
1537411800,Prod-EcsStagingCluster-EcsCluster-1AAGQRFIOE9AE,Service_beiakklem1vi3j5fejpg,2000,2,0.0878993798,0
1537424520,Prod-EcsStagingCluster-EcsCluster-1AAGQRFIOE9AE,Service_beiakklem1vi3j5fejpg,2000,2,0.1894503307,12
1537380900,Prod-EcsStagingCluster-EcsCluster-1AAGQRFIOE9AE,Service_beiakklem1vi3j5fejpg,2000,2,0.0369803625,0
1537393620,Prod-EcsStagingCluster-EcsCluster-1AAGQRFIOE9AE,Service_beiakklem1vi3j5fejpg,2000,2,0.0315764222,0
1537346820,Prod-EcsStagingCluster-EcsCluster-1AAGQRFIOE9AE,Service_beiakklem1vi3j5fejpg,2000,2,0.0970606931,0
1537359540,Prod-EcsStagingCluster-EcsCluster-1AAGQRFIOE9AE,Service_beiakklem1vi3j5fejpg,2000,2,0.0364643464,11
1537364880,Prod-EcsStagingCluster-EcsCluster-1AAGQRFIOE9AE,Service_beiakklem1vi3j5fejpg,2000,2,0.0376121019,12
1537377600,Prod-EcsStagingCluster-EcsCluster-1AAGQRFIOE9AE,Service_beiakklem1vi3j5fejpg,2000,2,0.0356024805,0
1537415760,Prod-EcsStagingCluster-EcsCluster-1AAGQRFIOE9AE,Service_beiakklem1vi3j5fejpg,2000,2,0.1590362713,0
1537410420,Prod-EcsStagingCluster-EcsCluster-1AAGQRFIOE9AE,Service_beiakklem1vi3j5fejpg,2000,2,0.0888137857,0
1537376460,Prod-EcsStagingCluster-EcsCluster-1AAGQRFIOE9AE,Service_beiakklem1vi3j5fejpg,2000,2,0.0365888998,0
1537397700,Prod-EcsStagingCluster-EcsCluster-1AAGQRFIOE9AE,Service_beiakklem1vi3j5fejpg,2000,2,0.0370364088,0
1537428480,Prod-EcsStagingCluster-EcsCluster-1AAGQRFIOE9AE,Service_beiakklem1vi3j5fejpg,2000,2,0.1656157667,0
1537389180,Prod-EcsStagingCluster-EcsCluster-1AAGQRFIOE9AE,Service_beiakklem1vi3j5fejpg,2000,2,0.0373317500,0
1537427340,Prod-EcsStagingCluster-EcsCluster-1AAGQRFIOE9AE,Service_beiakklem1vi3j5fejpg,2000,2,0.0338054946,0
1537408200,Prod-EcsStagingCluster-EcsCluster-1AAGQRFIOE9AE,Service_beiakklem1vi3j5fejpg,2000,2,0.0611890546,0
1537395480,Prod-EcsStagingCluster-EcsCluster-1AAGQRFIOE9AE,Service_beiakklem1vi3j5fejpg,2000,2,0.0432828016,17
1537355100,Prod-EcsStagingCluster-EcsCluster-1AAGQRFIOE9AE,Service_beiakklem1vi3j5fejpg,2000,2,0.0358721943,0
1537405980,Prod-EcsStagingCluster-EcsCluster-1AAGQRFIOE9AE,Service_beiakklem1vi3j5fejpg,2000,2,0.0521745059,13
1537393260,Prod-EcsStagingCluster-EcsCluster-1AAGQRFIOE9AE,Service_beiakklem1vi3j5fejpg,2000,2,0.0318231553,7
1537361280,Prod-EcsStagingCluster-EcsCluster-1AAGQRFIOE9AE,Service_beiakklem1vi3j5fejpg,2000,2,0.0381291264,9
1537348560,Prod-EcsStagingCluster-EcsCluster-1AAGQRFIOE9AE,Service_beiakklem1vi3j5fejpg,2000,2,0.0949999919,0
1537399440,Prod-EcsStagingCluster-EcsCluster-1AAGQRFIOE9AE,Service_beiakklem1vi3j5fejpg,2000,2,0.0331212408,6
1537412160,Prod-EcsStagingCluster-EcsCluster-1AAGQRFIOE9AE,Service_beiakklem1vi3j5fejpg,2000,2,0.1563886960,0
1537359060,Prod-EcsStagingCluster-EcsCluster-1AAGQRFIOE9AE,Service_beiakklem1vi3j5fejpg,2000,2,0.0370301445,0
1537346340,Prod-EcsStagingCluster-EcsCluster-1AAGQRFIOE9AE,Service_beiakklem1vi3j5fejpg,2000,2,0.0352592876,0
1537397220,Prod-EcsStagingCluster-EcsCluster-1AAGQRFIOE9AE,Service_beiakklem1vi3j5fejpg,2000,2,0.0364565757,0
1537378080,Prod-EcsStagingCluster-EcsCluster-1AAGQRFIOE9AE,Service_beiakklem1vi3j5fejpg,2000,2,0.0363171452,0
1537409940,Prod-EcsStagingCluster-EcsCluster-1AAGQRFIOE9AE,Service_beiakklem1vi3j5fejpg,2000,2,0.1339196442,9
1537365360,Prod-EcsStagingCluster-EcsCluster-1AAGQRFIOE9AE,Service_beiakklem1vi3j5fejpg,2000,2,0.0376966763,2
1537356840,Prod-EcsStagingCluster-EcsCluster-1AAGQRFIOE9AE,Service_beiakklem1vi3j5fejpg,2000,2,0.0317800747,6
1537395000,Prod-EcsStagingCluster-EcsCluster-1AAGQRFIOE9AE,Service_beiakklem1vi3j5fejpg,2000,2,0.0372664045,0
1537428960,Prod-EcsStagingCluster-EcsCluster-1AAGQRFIOE9AE,Service_beiakklem1vi3j5fejpg,2000,2,0.0345998173,0
1537416240,Prod-EcsStagingCluster-EcsCluster-1AAGQRFIOE9AE,Service_beiakklem1vi3j5fejpg,2000,2,0.0866659479,0
1537410720,Prod-EcsStagingCluster-EcsCluster-1AAGQRFIOE9AE,Service_beiakklem1vi3j5fejpg,2000,2,0.1240756512,0
1537401180,Prod-EcsStagingCluster-EcsCluster-1AAGQRFIOE9AE,Service_beiakklem1vi3j5fejpg,2000,2,0.1276591639,0
1537404360,Prod-EcsStagingCluster-EcsCluster-1AAGQRFIOE9AE,Service_beiakklem1vi3j5fejpg,2000,2,0.1590739975,0
1537407540,Prod-EcsStagingCluster-EcsCluster-1AAGQRFIOE9AE,Service_beiakklem1vi3j5fejpg,2000,2,0.0556117390,0
1537368240,Prod-EcsStagingCluster-EcsCluster-1AAGQRFIOE9AE,Service_beiakklem1vi3j5fejpg,2000,2,0.0364874661,9
1537426620,Prod-EcsStagingCluster-EcsCluster-1AAGQRFIOE9AE,Service_beiakklem1vi3j5fejpg,2000,2,0.0990311161,2
1537429800,Prod-EcsStagingCluster-EcsCluster-1AAGQRFIOE9AE,Service_beiakklem1vi3j5fejpg,2000,2,0.1261881942,4
1537358700,Prod-EcsStagingCluster-EcsCluster-1AAGQRFIOE9AE,Service_beiakklem1vi3j5fejpg,2000,2,0.0362132476,1
1537361880,Prod-EcsStagingCluster-EcsCluster-1AAGQRFIOE9AE,Service_beiakklem1vi3j5fejpg,2000,2,0.0313698662,0
1537365060,Prod-EcsStagingCluster-EcsCluster-1AAGQRFIOE9AE,Service_beiakklem1vi3j5fejpg,2000,2,0.0371574322,0
1537393680,Prod-EcsStagingCluster-EcsCluster-1AAGQRFIOE9AE,Service_beiakklem1vi3j5fejpg,2000,2,0.0317176164,0
1537390500,Prod-EcsStagingCluster-EcsCluster-1AAGQRFIOE9AE,Service_beiakklem1vi3j5fejpg,2000,2,0.0366298937,13
1537384140,Prod-EcsStagingCluster-EcsCluster-1AAGQRFIOE9AE,Service_beiakklem1vi3j5fejpg,2000,2,0.0372091052,9
1537387320,Prod-EcsStagingCluster-EcsCluster-1AAGQRFIOE9AE,Service_beiakklem1vi3j5fejpg,2000,2,0.0361755456,2
1537358460,Prod-EcsStagingCluster-EcsCluster-1AAGQRFIOE9AE,Service_beiakklem1vi3j5fejpg,2000,2,0.0364145790,0
1537361640,Prod-EcsStagingCluster-EcsCluster-1AAGQRFIOE9AE,Service_beiakklem1vi3j5fejpg,2000,2,0.0369447798,0
1537364820,Prod-EcsStagingCluster-EcsCluster-1AAGQRFIOE9AE,Service_beiakklem1vi3j5fejpg,2000,2,0.0382047380,4
1537368000,Prod-EcsStagingCluster-EcsCluster-1AAGQRFIOE9AE,Service_beiakklem1vi3j5fejpg,2000,2,0.0314132571,3
1537362600,Prod-EcsStagingCluster-EcsCluster-1AAGQRFIOE9AE,Service_beiakklem1vi3j5fejpg,2000,2,0.0366982778,0
1537368960,Prod-EcsStagingCluster-EcsCluster-1AAGQRFIOE9AE,Service_beiakklem1vi3j5fejpg,2000,2,0.0365151708,0
1537417740,Prod-EcsStagingCluster-EcsCluster-1AAGQRFIOE9AE,Service_beiakklem1vi3j5fejpg,2000,2,0.0817874651,10
1537392300,Prod-EcsStagingCluster-EcsCluster-1AAGQRFIOE9AE,Service_beiakklem1vi3j5fejpg,2000,2,0.0317006424,0
1537398660,Prod-EcsStagingCluster-EcsCluster-1AAGQRFIOE9AE,Service_beiakklem1vi3j5fejpg,2000,2,0.0354530577,0
1537424100,Prod-EcsStagingCluster-EcsCluster-1AAGQRFIOE9AE,Service_beiakklem1vi3j5fejpg,2000,2,0.1413119304,0
1537402800,Prod-EcsStagingCluster-EcsCluster-1AAGQRFIOE9AE,Service_beiakklem1vi3j5fejpg,2000,2,0.0344604019,0
1537396440,Prod-EcsStagingCluster-EcsCluster-1AAGQRFIOE9AE,Service_beiakklem1vi3j5fejpg,2000,2,0.0372139426,0
1537421880,Prod-EcsStagingCluster-EcsCluster-1AAGQRFIOE9AE,Service_beiakklem1vi3j5fejpg,2000,2,0.1353285479,0
1537428240,Prod-EcsStagingCluster-EcsCluster-1AAGQRFIOE9AE,Service_beiakklem1vi3j5fejpg,2000,2,0.0334196817,0
1537372980,Prod-EcsStagingCluster-EcsCluster-1AAGQRFIOE9AE,Service_beiakklem1vi3j5fejpg,2000,2,0.0359889664,0
1537366620,Prod-EcsStagingCluster-EcsCluster-1AAGQRFIOE9AE,Service_beiakklem1vi3j5fejpg,2000,2,0.0349738482,7
1537398420,Prod-EcsStagingCluster-EcsCluster-1AAGQRFIOE9AE,Service_beiakklem1vi3j5fejpg,2000,2,0.0372548168,10
1537392060,Prod-EcsStagingCluster-EcsCluster-1AAGQRFIOE9AE,Service_beiakklem1vi3j5fejpg,2000,2,0.0307900452,2
1537355940,Prod-EcsStagingCluster-EcsCluster-1AAGQRFIOE9AE,Service_beiakklem1vi3j5fejpg,2000,2,0.0360850495,1
1537349580,Prod-EcsStagingCluster-EcsCluster-1AAGQRFIOE9AE,Service_beiakklem1vi3j5fejpg,2000,2,0.0768517115,5
1537370760,Prod-EcsStagingCluster-EcsCluster-1AAGQRFIOE9AE,Service_beiakklem1vi3j5fejpg,2000,2,0.0372247261,0
1537377120,Prod-EcsStagingCluster-EcsCluster-1AAGQRFIOE9AE,Service_beiakklem1vi3j5fejpg,2000,2,0.0362118853,12
1537396200,Prod-EcsStagingCluster-EcsCluster-1AAGQRFIOE9AE,Service_beiakklem1vi3j5fejpg,2000,2,0.0373993387,0
1537402560,Prod-EcsStagingCluster-EcsCluster-1AAGQRFIOE9AE,Service_beiakklem1vi3j5fejpg,2000,2,0.1047938107,0
1537425900,Prod-EcsStagingCluster-EcsCluster-1AAGQRFIOE9AE,Service_beiakklem1vi3j5fejpg,2000,2,0.1777810939,10
1537353720,Prod-EcsStagingCluster-EcsCluster-1AAGQRFIOE9AE,Service_beiakklem1vi3j5fejpg,2000,2,0.0369832011,1
1537360080,Prod-EcsStagingCluster-EcsCluster-1AAGQRFIOE9AE,Service_beiakklem1vi3j5fejpg,2000,2,0.0363034105,0
1537430040,Prod-EcsStagingCluster-EcsCluster-1AAGQRFIOE9AE,Service_beiakklem1vi3j5fejpg,2000,2,0.0357205533,0
1537409760,Prod-EcsStagingCluster-EcsCluster-1AAGQRFIOE9AE,Service_beiakklem1vi3j5fejpg,2000,2,0.1255035751,6
1537400220,Prod-EcsStagingCluster-EcsCluster-1AAGQRFIOE9AE,Service_beiakklem1vi3j5fejpg,2000,2,0.0332791202,0
1537431000,Prod-EcsStagingCluster-EcsCluster-1AAGQRFIOE9AE,Service_beiakklem1vi3j5fejpg,2000,2,0.0317160104,0
1537367280,Prod-EcsStagingCluster-EcsCluster-1AAGQRFIOE9AE,Service_beiakklem1vi3j5fejpg,2000,2,0.0354067664,0
1537425660,Prod-EcsStagingCluster-EcsCluster-1AAGQRFIOE9AE,Service_beiakklem1vi3j5fejpg,2000,2,0.2126241634,6
1537357740,Prod-EcsStagingCluster-EcsCluster-1AAGQRFIOE9AE,Service_beiakklem1vi3j5fejpg,2000,2,0.0360359127,0
1537392720,Prod-EcsStagingCluster-EcsCluster-1AAGQRFIOE9AE,Service_beiakklem1vi3j5fejpg,2000,2,0.0311251098,0
1537383180,Prod-EcsStagingCluster-EcsCluster-1AAGQRFIOE9AE,Service_beiakklem1vi3j5fejpg,2000,2,0.0371886015,0
1537408500,Prod-EcsStagingCluster-EcsCluster-1AAGQRFIOE9AE,Service_beiakklem1vi3j5fejpg,2000,2,0.1536278944,0
1537405320,Prod-EcsStagingCluster-EcsCluster-1AAGQRFIOE9AE,Service_beiakklem1vi3j5fejpg,2000,2,0.0546075029,6
1537366020,Prod-EcsStagingCluster-EcsCluster-1AAGQRFIOE9AE,Service_beiakklem1vi3j5fejpg,2000,2,0.0357317100,2
1537430760,Prod-EcsStagingCluster-EcsCluster-1AAGQRFIOE9AE,Service_beiakklem1vi3j5fejpg,2000,2,0.0350221384,0
1537362840,Prod-EcsStagingCluster-EcsCluster-1AAGQRFIOE9AE,Service_beiakklem1vi3j5fejpg,2000,2,0.0374075214,0
1537357500,Prod-EcsStagingCluster-EcsCluster-1AAGQRFIOE9AE,Service_beiakklem1vi3j5fejpg,2000,2,0.0490806000,0
1537367040,Prod-EcsStagingCluster-EcsCluster-1AAGQRFIOE9AE,Service_beiakklem1vi3j5fejpg,2000,2,0.0354268132,2
1537391460,Prod-EcsStagingCluster-EcsCluster-1AAGQRFIOE9AE,Service_beiakklem1vi3j5fejpg,2000,2,0.0270805970,0
1537388280,Prod-EcsStagingCluster-EcsCluster-1AAGQRFIOE9AE,Service_beiakklem1vi3j5fejpg,2000,2,0.0380755545,7
1537391340,Prod-EcsStagingCluster-EcsCluster-1AAGQRFIOE9AE,Service_beiakklem1vi3j5fejpg,2000,2,0.0269203423,4
1537416780,Prod-EcsStagingCluster-EcsCluster-1AAGQRFIOE9AE,Service_beiakklem1vi3j5fejpg,2000,2,0.0902103421,14
1537400880,Prod-EcsStagingCluster-EcsCluster-1AAGQRFIOE9AE,Service_beiakklem1vi3j5fejpg,2000,2,0.0347179615,4
1537426320,Prod-EcsStagingCluster-EcsCluster-1AAGQRFIOE9AE,Service_beiakklem1vi3j5fejpg,2000,2,0.1603606849,0
1537365780,Prod-EcsStagingCluster-EcsCluster-1AAGQRFIOE9AE,Service_beiakklem1vi3j5fejpg,2000,2,0.0362807665,8
1537401840,Prod-EcsStagingCluster-EcsCluster-1AAGQRFIOE9AE,Service_beiakklem1vi3j5fejpg,2000,2,0.0874205327,0
1537427280,Prod-EcsStagingCluster-EcsCluster-1AAGQRFIOE9AE,Service_beiakklem1vi3j5fejpg,2000,2,0.1671784038,1
1537363560,Prod-EcsStagingCluster-EcsCluster-1AAGQRFIOE9AE,Service_beiakklem1vi3j5fejpg,2000,2,0.0368665574,0
1537399620,Prod-EcsStagingCluster-EcsCluster-1AAGQRFIOE9AE,Service_beiakklem1vi3j5fejpg,2000,2,0.0326340643,0
1537365660,Prod-EcsStagingCluster-EcsCluster-1AAGQRFIOE9AE,Service_beiakklem1vi3j5fejpg,2000,2,0.0376375779,4
1537391100,Prod-EcsStagingCluster-EcsCluster-1AAGQRFIOE9AE,Service_beiakklem1vi3j5fejpg,2000,2,0.0355324893,10
1537425060,Prod-EcsStagingCluster-EcsCluster-1AAGQRFIOE9AE,Service_beiakklem1vi3j5fejpg,2000,2,0.2097764925,0
1537348620,Prod-EcsStagingCluster-EcsCluster-1AAGQRFIOE9AE,Service_beiakklem1vi3j5fejpg,2000,2,0.1410915147,0
1537376160,Prod-EcsStagingCluster-EcsCluster-1AAGQRFIOE9AE,Service_beiakklem1vi3j5fejpg,2000,2,0.0357426284,0
1537397400,Prod-EcsStagingCluster-EcsCluster-1AAGQRFIOE9AE,Service_beiakklem1vi3j5fejpg,2000,2,0.0423356566,0
1537401600,Prod-EcsStagingCluster-EcsCluster-1AAGQRFIOE9AE,Service_beiakklem1vi3j5fejpg,2000,2,0.0939525140,8
1537424940,Prod-EcsStagingCluster-EcsCluster-1AAGQRFIOE9AE,Service_beiakklem1vi3j5fejpg,2000,2,0.1993070377,7
1537422840,Prod-EcsStagingCluster-EcsCluster-1AAGQRFIOE9AE,Service_beiakklem1vi3j5fejpg,2000,2,0.0843920349,8
1537359120,Prod-EcsStagingCluster-EcsCluster-1AAGQRFIOE9AE,Service_beiakklem1vi3j5fejpg,2000,2,0.0363953217,0
1537373940,Prod-EcsStagingCluster-EcsCluster-1AAGQRFIOE9AE,Service_beiakklem1vi3j5fejpg,2000,2,0.0316489654,6
1537399380,Prod-EcsStagingCluster-EcsCluster-1AAGQRFIOE9AE,Service_beiakklem1vi3j5fejpg,2000,2,0.0297046887,0
1537356900,Prod-EcsStagingCluster-EcsCluster-1AAGQRFIOE9AE,Service_beiakklem1vi3j5fejpg,2000,2,0.0310480241,0
1537371720,Prod-EcsStagingCluster-EcsCluster-1AAGQRFIOE9AE,Service_beiakklem1vi3j5fejpg,2000,2,0.0354489069,6
1537397160,Prod-EcsStagingCluster-EcsCluster-1AAGQRFIOE9AE,Service_beiakklem1vi3j5fejpg,2000,2,0.0368924978,0
1537354680,Prod-EcsStagingCluster-EcsCluster-1AAGQRFIOE9AE,Service_beiakklem1vi3j5fejpg,2000,2,0.0363398775,0
1537399260,Prod-EcsStagingCluster-EcsCluster-1AAGQRFIOE9AE,Service_beiakklem1vi3j5fejpg,2000,2,0.0331705413,0
1537369500,Prod-EcsStagingCluster-EcsCluster-1AAGQRFIOE9AE,Service_beiakklem1vi3j5fejpg,2000,2,0.0361789349,0
1537427880,Prod-EcsStagingCluster-EcsCluster-1AAGQRFIOE9AE,Service_beiakklem1vi3j5fejpg,2000,2,0.0315973115,0
1537431060,Prod-EcsStagingCluster-EcsCluster-1AAGQRFIOE9AE,Service_beiakklem1vi3j5fejpg,2000,2,0.1329370472,11
1537356780,Prod-EcsStagingCluster-EcsCluster-1AAGQRFIOE9AE,Service_beiakklem1vi3j5fejpg,2000,2,0.0316916181,4
1537394940,Prod-EcsStagingCluster-EcsCluster-1AAGQRFIOE9AE,Service_beiakklem1vi3j5fejpg,2000,2,0.0380268713,6
1537382220,Prod-EcsStagingCluster-EcsCluster-1AAGQRFIOE9AE,Service_beiakklem1vi3j5fejpg,2000,2,0.0408909516,0
1537355640,Prod-EcsStagingCluster-EcsCluster-1AAGQRFIOE9AE,Service_beiakklem1vi3j5fejpg,2000,2,0.0352594725,0
1537358820,Prod-EcsStagingCluster-EcsCluster-1AAGQRFIOE9AE,Service_beiakklem1vi3j5fejpg,2000,2,0.0376375275,0
1537362000,Prod-EcsStagingCluster-EcsCluster-1AAGQRFIOE9AE,Service_beiakklem1vi3j5fejpg,2000,2,0.0308190321,0
1537359720,Prod-EcsStagingCluster-EcsCluster-1AAGQRFIOE9AE,Service_beiakklem1vi3j5fejpg,2000,2,0.0427500481,0
1537362900,Prod-EcsStagingCluster-EcsCluster-1AAGQRFIOE9AE,Service_beiakklem1vi3j5fejpg,2000,2,0.0421847184,0
1537366080,Prod-EcsStagingCluster-EcsCluster-1AAGQRFIOE9AE,Service_beiakklem1vi3j5fejpg,2000,2,0.0515576059,0
1537390380,Prod-EcsStagingCluster-EcsCluster-1AAGQRFIOE9AE,Service_beiakklem1vi3j5fejpg,2000,2,0.0367027015,7
1537415820,Prod-EcsStagingCluster-EcsCluster-1AAGQRFIOE9AE,Service_beiakklem1vi3j5fejpg,2000,2,0.0366633401,7
1537403100,Prod-EcsStagingCluster-EcsCluster-1AAGQRFIOE9AE,Service_beiakklem1vi3j5fejpg,2000,2,0.0329075492,1
1537366980,Prod-EcsStagingCluster-EcsCluster-1AAGQRFIOE9AE,Service_beiakklem1vi3j5fejpg,2000,2,0.0356251585,0
1537370160,Prod-EcsStagingCluster-EcsCluster-1AAGQRFIOE9AE,Service_beiakklem1vi3j5fejpg,2000,2,0.0380969209,0
1537428540,Prod-EcsStagingCluster-EcsCluster-1AAGQRFIOE9AE,Service_beiakklem1vi3j5fejpg,2000,2,0.1622046167,0
1537363800,Prod-EcsStagingCluster-EcsCluster-1AAGQRFIOE9AE,Service_beiakklem1vi3j5fejpg,2000,2,0.0372985688,0
1537392420,Prod-EcsStagingCluster-EcsCluster-1AAGQRFIOE9AE,Service_beiakklem1vi3j5fejpg,2000,2,0.0318020817,0
1537395600,Prod-EcsStagingCluster-EcsCluster-1AAGQRFIOE9AE,Service_beiakklem1vi3j5fejpg,2000,2,0.0365413231,7
1537389240,Prod-EcsStagingCluster-EcsCluster-1AAGQRFIOE9AE,Service_beiakklem1vi3j5fejpg,2000,2,0.0368633256,2
1537396560,Prod-EcsStagingCluster-EcsCluster-1AAGQRFIOE9AE,Service_beiakklem1vi3j5fejpg,2000,2,0.0370334933,4
1537390200,Prod-EcsStagingCluster-EcsCluster-1AAGQRFIOE9AE,Service_beiakklem1vi3j5fejpg,2000,2,0.0374703366,0
1537371060,Prod-EcsStagingCluster-EcsCluster-1AAGQRFIOE9AE,Service_beiakklem1vi3j5fejpg,2000,2,0.0364253650,0
1537396500,Prod-EcsStagingCluster-EcsCluster-1AAGQRFIOE9AE,Service_beiakklem1vi3j5fejpg,2000,2,0.0375861003,0
1537360380,Prod-EcsStagingCluster-EcsCluster-1AAGQRFIOE9AE,Service_beiakklem1vi3j5fejpg,2000,2,0.0365342679,0
1537347660,Prod-EcsStagingCluster-EcsCluster-1AAGQRFIOE9AE,Service_beiakklem1vi3j5fejpg,2000,2,0.0338646122,2
1537375200,Prod-EcsStagingCluster-EcsCluster-1AAGQRFIOE9AE,Service_beiakklem1vi3j5fejpg,2000,2,0.0352350006,0
1537368840,Prod-EcsStagingCluster-EcsCluster-1AAGQRFIOE9AE,Service_beiakklem1vi3j5fejpg,2000,2,0.0428325715,0
1537400640,Prod-EcsStagingCluster-EcsCluster-1AAGQRFIOE9AE,Service_beiakklem1vi3j5fejpg,2000,2,0.0545863800,2
1537423980,Prod-EcsStagingCluster-EcsCluster-1AAGQRFIOE9AE,Service_beiakklem1vi3j5fejpg,2000,2,0.1952087259,3
1537394280,Prod-EcsStagingCluster-EcsCluster-1AAGQRFIOE9AE,Service_beiakklem1vi3j5fejpg,2000,2,0.0358857218,8
1537400580,Prod-EcsStagingCluster-EcsCluster-1AAGQRFIOE9AE,Service_beiakklem1vi3j5fejpg,2000,2,0.0341271252,6
1537426020,Prod-EcsStagingCluster-EcsCluster-1AAGQRFIOE9AE,Service_beiakklem1vi3j5fejpg,2000,2,0.1551252421,6
1537404720,Prod-EcsStagingCluster-EcsCluster-1AAGQRFIOE9AE,Service_beiakklem1vi3j5fejpg,2000,2,0.1955497455,0
1537398360,Prod-EcsStagingCluster-EcsCluster-1AAGQRFIOE9AE,Service_beiakklem1vi3j5fejpg,2000,2,0.0370113768,0
1537423800,Prod-EcsStagingCluster-EcsCluster-1AAGQRFIOE9AE,Service_beiakklem1vi3j5fejpg,2000,2,0.2136934354,0
1537430160,Prod-EcsStagingCluster-EcsCluster-1AAGQRFIOE9AE,Service_beiakklem1vi3j5fejpg,2000,2,0.2683628943,2
1537404660,Prod-EcsStagingCluster-EcsCluster-1AAGQRFIOE9AE,Service_beiakklem1vi3j5fejpg,2000,2,0.0335886612,0
1537430100,Prod-EcsStagingCluster-EcsCluster-1AAGQRFIOE9AE,Service_beiakklem1vi3j5fejpg,2000,2,0.0916227265,0
1537355820,Prod-EcsStagingCluster-EcsCluster-1AAGQRFIOE9AE,Service_beiakklem1vi3j5fejpg,2000,2,0.0325031079,7
1537368540,Prod-EcsStagingCluster-EcsCluster-1AAGQRFIOE9AE,Service_beiakklem1vi3j5fejpg,2000,2,0.0371792292,0
1537393980,Prod-EcsStagingCluster-EcsCluster-1AAGQRFIOE9AE,Service_beiakklem1vi3j5fejpg,2000,2,0.0309899276,14
1537381260,Prod-EcsStagingCluster-EcsCluster-1AAGQRFIOE9AE,Service_beiakklem1vi3j5fejpg,2000,2,0.0408377961,16
1537357860,Prod-EcsStagingCluster-EcsCluster-1AAGQRFIOE9AE,Service_beiakklem1vi3j5fejpg,2000,2,0.0417438102,8
1537408800,Prod-EcsStagingCluster-EcsCluster-1AAGQRFIOE9AE,Service_beiakklem1vi3j5fejpg,2000,2,0.0522965487,0
1537402440,Prod-EcsStagingCluster-EcsCluster-1AAGQRFIOE9AE,Service_beiakklem1vi3j5fejpg,2000,2,0.0377213970,7
1537403400,Prod-EcsStagingCluster-EcsCluster-1AAGQRFIOE9AE,Service_beiakklem1vi3j5fejpg,2000,2,0.0361134513,11
1537406580,Prod-EcsStagingCluster-EcsCluster-1AAGQRFIOE9AE,Service_beiakklem1vi3j5fejpg,2000,2,0.0390510668,0
1537428840,Prod-EcsStagingCluster-EcsCluster-1AAGQRFIOE9AE,Service_beiakklem1vi3j5fejpg,2000,2,0.0911403349,0
1537365120,Prod-EcsStagingCluster-EcsCluster-1AAGQRFIOE9AE,Service_beiakklem1vi3j5fejpg,2000,2,0.0423357862,0
1537356600,Prod-EcsStagingCluster-EcsCluster-1AAGQRFIOE9AE,Service_beiakklem1vi3j5fejpg,2000,2,0.0310082705,0
1537359780,Prod-EcsStagingCluster-EcsCluster-1AAGQRFIOE9AE,Service_beiakklem1vi3j5fejpg,2000,2,0.0327439318,8
1537389420,Prod-EcsStagingCluster-EcsCluster-1AAGQRFIOE9AE,Service_beiakklem1vi3j5fejpg,2000,2,0.0361079960,0
1537414860,Prod-EcsStagingCluster-EcsCluster-1AAGQRFIOE9AE,Service_beiakklem1vi3j5fejpg,2000,2,0.1654121834,0
1537402140,Prod-EcsStagingCluster-EcsCluster-1AAGQRFIOE9AE,Service_beiakklem1vi3j5fejpg,2000,2,0.0553485411,0
1537369200,Prod-EcsStagingCluster-EcsCluster-1AAGQRFIOE9AE,Service_beiakklem1vi3j5fejpg,2000,2,0.0362195072,0
1537427580,Prod-EcsStagingCluster-EcsCluster-1AAGQRFIOE9AE,Service_beiakklem1vi3j5fejpg,2000,2,0.1842611738,0
1537394640,Prod-EcsStagingCluster-EcsCluster-1AAGQRFIOE9AE,Service_beiakklem1vi3j5fejpg,2000,2,0.0370057918,0
1537360680,Prod-EcsStagingCluster-EcsCluster-1AAGQRFIOE9AE,Service_beiakklem1vi3j5fejpg,2000,2,0.0362082678,2
1537363860,Prod-EcsStagingCluster-EcsCluster-1AAGQRFIOE9AE,Service_beiakklem1vi3j5fejpg,2000,2,0.0371883493,0
1537373280,Prod-EcsStagingCluster-EcsCluster-1AAGQRFIOE9AE,Service_beiakklem1vi3j5fejpg,2000,2,0.0361570533,0
1537398720,Prod-EcsStagingCluster-EcsCluster-1AAGQRFIOE9AE,Service_beiakklem1vi3j5fejpg,2000,2,0.1521173640,0
1537367940,Prod-EcsStagingCluster-EcsCluster-1AAGQRFIOE9AE,Service_beiakklem1vi3j5fejpg,2000,2,0.0317000986,0
1537364760,Prod-EcsStagingCluster-EcsCluster-1AAGQRFIOE9AE,Service_beiakklem1vi3j5fejpg,2000,2,0.0370561190,13
1537393380,Prod-EcsStagingCluster-EcsCluster-1AAGQRFIOE9AE,Service_beiakklem1vi3j5fejpg,2000,2,0.0315599401,0
1537359420,Prod-EcsStagingCluster-EcsCluster-1AAGQRFIOE9AE,Service_beiakklem1vi3j5fejpg,2000,2,0.0368341575,0
1537346700,Prod-EcsStagingCluster-EcsCluster-1AAGQRFIOE9AE,Service_beiakklem1vi3j5fejpg,2000,2,0.0345410226,0
1537374240,Prod-EcsStagingCluster-EcsCluster-1AAGQRFIOE9AE,Service_beiakklem1vi3j5fejpg,2000,2,0.0313716243,0
1537399680,Prod-EcsStagingCluster-EcsCluster-1AAGQRFIOE9AE,Service_beiakklem1vi3j5fejpg,2000,2,0.0324141703,0
1537423020,Prod-EcsStagingCluster-EcsCluster-1AAGQRFIOE9AE,Service_beiakklem1vi3j5fejpg,2000,2,0.0821068031,8
1537365720,Prod-EcsStagingCluster-EcsCluster-1AAGQRFIOE9AE,Service_beiakklem1vi3j5fejpg,2000,2,0.0363972496,0
1537391160,Prod-EcsStagingCluster-EcsCluster-1AAGQRFIOE9AE,Service_beiakklem1vi3j5fejpg,2000,2,0.0362241551,2
1537372020,Prod-EcsStagingCluster-EcsCluster-1AAGQRFIOE9AE,Service_beiakklem1vi3j5fejpg,2000,2,0.0346108728,7
1537397460,Prod-EcsStagingCluster-EcsCluster-1AAGQRFIOE9AE,Service_beiakklem1vi3j5fejpg,2000,2,0.0390876002,5
1537369800,Prod-EcsStagingCluster-EcsCluster-1AAGQRFIOE9AE,Service_beiakklem1vi3j5fejpg,2000,2,0.0384713576,6
1537403760,Prod-EcsStagingCluster-EcsCluster-1AAGQRFIOE9AE,Service_beiakklem1vi3j5fejpg,2000,2,0.0471669513,0
1537395240,Prod-EcsStagingCluster-EcsCluster-1AAGQRFIOE9AE,Service_beiakklem1vi3j5fejpg,2000,2,0.0495869793,8
1537429200,Prod-EcsStagingCluster-EcsCluster-1AAGQRFIOE9AE,Service_beiakklem1vi3j5fejpg,2000,2,0.0312066694,0
1537380300,Prod-EcsStagingCluster-EcsCluster-1AAGQRFIOE9AE,Service_beiakklem1vi3j5fejpg,2000,2,0.0319483153,0
1537401540,Prod-EcsStagingCluster-EcsCluster-1AAGQRFIOE9AE,Service_beiakklem1vi3j5fejpg,2000,2,0.0294303624,0
1537354860,Prod-EcsStagingCluster-EcsCluster-1AAGQRFIOE9AE,Service_beiakklem1vi3j5fejpg,2000,2,0.0361587275,0
1537367580,Prod-EcsStagingCluster-EcsCluster-1AAGQRFIOE9AE,Service_beiakklem1vi3j5fejpg,2000,2,0.0367572974,0
1537393020,Prod-EcsStagingCluster-EcsCluster-1AAGQRFIOE9AE,Service_beiakklem1vi3j5fejpg,2000,2,0.0316575766,0
1537426980,Prod-EcsStagingCluster-EcsCluster-1AAGQRFIOE9AE,Service_beiakklem1vi3j5fejpg,2000,2,0.0375085293,8
1537407840,Prod-EcsStagingCluster-EcsCluster-1AAGQRFIOE9AE,Service_beiakklem1vi3j5fejpg,2000,2,0.0479964715,0
1537399320,Prod-EcsStagingCluster-EcsCluster-1AAGQRFIOE9AE,Service_beiakklem1vi3j5fejpg,2000,2,0.0323364630,0
1537424760,Prod-EcsStagingCluster-EcsCluster-1AAGQRFIOE9AE,Service_beiakklem1vi3j5fejpg,2000,2,0.1489130824,0
1537361040,Prod-EcsStagingCluster-EcsCluster-1AAGQRFIOE9AE,Service_beiakklem1vi3j5fejpg,2000,2,0.0368498706,0
1537405620,Prod-EcsStagingCluster-EcsCluster-1AAGQRFIOE9AE,Service_beiakklem1vi3j5fejpg,2000,2,0.0822831894,15
1537406640,Prod-EcsStagingCluster-EcsCluster-1AAGQRFIOE9AE,Service_beiakklem1vi3j5fejpg,2000,2,0.1787973963,5
1537400280,Prod-EcsStagingCluster-EcsCluster-1AAGQRFIOE9AE,Service_beiakklem1vi3j5fejpg,2000,2,0.0334695340,2
1537403460,Prod-EcsStagingCluster-EcsCluster-1AAGQRFIOE9AE,Service_beiakklem1vi3j5fejpg,2000,2,0.0387846155,5
1537422540,Prod-EcsStagingCluster-EcsCluster-1AAGQRFIOE9AE,Service_beiakklem1vi3j5fejpg,2000,2,0.2545512627,5
1537430940,Prod-EcsStagingCluster-EcsCluster-1AAGQRFIOE9AE,Service_beiakklem1vi3j5fejpg,2000,2,0.0668950709,7
1537388460,Prod-EcsStagingCluster-EcsCluster-1AAGQRFIOE9AE,Service_beiakklem1vi3j5fejpg,2000,2,0.0373896490,10
1537417080,Prod-EcsStagingCluster-EcsCluster-1AAGQRFIOE9AE,Service_beiakklem1vi3j5fejpg,2000,2,0.1711098931,4
1537420260,Prod-EcsStagingCluster-EcsCluster-1AAGQRFIOE9AE,Service_beiakklem1vi3j5fejpg,2000,2,0.1333338474,0
1537423440,Prod-EcsStagingCluster-EcsCluster-1AAGQRFIOE9AE,Service_beiakklem1vi3j5fejpg,2000,2,0.2485897489,0
1537396860,Prod-EcsStagingCluster-EcsCluster-1AAGQRFIOE9AE,Service_beiakklem1vi3j5fejpg,2000,2,0.0371751240,0
1537400040,Prod-EcsStagingCluster-EcsCluster-1AAGQRFIOE9AE,Service_beiakklem1vi3j5fejpg,2000,2,0.0340015605,0
1537403220,Prod-EcsStagingCluster-EcsCluster-1AAGQRFIOE9AE,Service_beiakklem1vi3j5fejpg,2000,2,0.1051774720,2
1537406400,Prod-EcsStagingCluster-EcsCluster-1AAGQRFIOE9AE,Service_beiakklem1vi3j5fejpg,2000,2,0.0860252962,7
1537354380,Prod-EcsStagingCluster-EcsCluster-1AAGQRFIOE9AE,Service_beiakklem1vi3j5fejpg,2000,2,0.0359422996,0
1537372320,Prod-EcsStagingCluster-EcsCluster-1AAGQRFIOE9AE,Service_beiakklem1vi3j5fejpg,2000,2,0.0349181171,0
1537362780,Prod-EcsStagingCluster-EcsCluster-1AAGQRFIOE9AE,Service_beiakklem1vi3j5fejpg,2000,2,0.0374510692,0
1537365960,Prod-EcsStagingCluster-EcsCluster-1AAGQRFIOE9AE,Service_beiakklem1vi3j5fejpg,2000,2,0.0359885868,0
1537369140,Prod-EcsStagingCluster-EcsCluster-1AAGQRFIOE9AE,Service_beiakklem1vi3j5fejpg,2000,2,0.0360752443,8
1537355280,Prod-EcsStagingCluster-EcsCluster-1AAGQRFIOE9AE,Service_beiakklem1vi3j5fejpg,2000,2,0.0658395701,0
1537348920,Prod-EcsStagingCluster-EcsCluster-1AAGQRFIOE9AE,Service_beiakklem1vi3j5fejpg,2000,2,0.0954602479,0
1537352100,Prod-EcsStagingCluster-EcsCluster-1AAGQRFIOE9AE,Service_beiakklem1vi3j5fejpg,2000,2,0.0365006428,20
1537422060,Prod-EcsStagingCluster-EcsCluster-1AAGQRFIOE9AE,Service_beiakklem1vi3j5fejpg,2000,2,0.1583698439,4
1537356240,Prod-EcsStagingCluster-EcsCluster-1AAGQRFIOE9AE,Service_beiakklem1vi3j5fejpg,2000,2,0.0358156915,9
1537349880,Prod-EcsStagingCluster-EcsCluster-1AAGQRFIOE9AE,Service_beiakklem1vi3j5fejpg,2000,2,0.0893216894,0
1537368900,Prod-EcsStagingCluster-EcsCluster-1AAGQRFIOE9AE,Service_beiakklem1vi3j5fejpg,2000,2,0.0433670437,3
1537430460,Prod-EcsStagingCluster-EcsCluster-1AAGQRFIOE9AE,Service_beiakklem1vi3j5fejpg,2000,2,0.0307027359,3
1537387980,Prod-EcsStagingCluster-EcsCluster-1AAGQRFIOE9AE,Service_beiakklem1vi3j5fejpg,2000,2,0.0387008304,0
1537396380,Prod-EcsStagingCluster-EcsCluster-1AAGQRFIOE9AE,Service_beiakklem1vi3j5fejpg,2000,2,0.0373411713,0
1537366680,Prod-EcsStagingCluster-EcsCluster-1AAGQRFIOE9AE,Service_beiakklem1vi3j5fejpg,2000,2,0.0346064435,9
1537373040,Prod-EcsStagingCluster-EcsCluster-1AAGQRFIOE9AE,Service_beiakklem1vi3j5fejpg,2000,2,0.0360376483,6
1537353900,Prod-EcsStagingCluster-EcsCluster-1AAGQRFIOE9AE,Service_beiakklem1vi3j5fejpg,2000,2,0.0421720665,2
1537402740,Prod-EcsStagingCluster-EcsCluster-1AAGQRFIOE9AE,Service_beiakklem1vi3j5fejpg,2000,2,0.0967259044,0
1537385700,Prod-EcsStagingCluster-EcsCluster-1AAGQRFIOE9AE,Service_beiakklem1vi3j5fejpg,2000,2,0.0311044933,0
1537362300,Prod-EcsStagingCluster-EcsCluster-1AAGQRFIOE9AE,Service_beiakklem1vi3j5fejpg,2000,2,0.0280040354,0
1537400520,Prod-EcsStagingCluster-EcsCluster-1AAGQRFIOE9AE,Service_beiakklem1vi3j5fejpg,2000,2,0.0346417680,3
1537406880,Prod-EcsStagingCluster-EcsCluster-1AAGQRFIOE9AE,Service_beiakklem1vi3j5fejpg,2000,2,0.1086605321,4
1537368660,Prod-EcsStagingCluster-EcsCluster-1AAGQRFIOE9AE,Service_beiakklem1vi3j5fejpg,2000,2,0.0374763567,0
1537389840,Prod-EcsStagingCluster-EcsCluster-1AAGQRFIOE9AE,Service_beiakklem1vi3j5fejpg,2000,2,0.0363729652,7
1537383480,Prod-EcsStagingCluster-EcsCluster-1AAGQRFIOE9AE,Service_beiakklem1vi3j5fejpg,2000,2,0.0368064777,4
1537366440,Prod-EcsStagingCluster-EcsCluster-1AAGQRFIOE9AE,Service_beiakklem1vi3j5fejpg,2000,2,0.0354937350,0
1537402500,Prod-EcsStagingCluster-EcsCluster-1AAGQRFIOE9AE,Service_beiakklem1vi3j5fejpg,2000,2,0.0771504992,0
1537372800,Prod-EcsStagingCluster-EcsCluster-1AAGQRFIOE9AE,Service_beiakklem1vi3j5fejpg,2000,2,0.0352314224,0
1537421580,Prod-EcsStagingCluster-EcsCluster-1AAGQRFIOE9AE,Service_beiakklem1vi3j5fejpg,2000,2,0.1301890423,9
1537429980,Prod-EcsStagingCluster-EcsCluster-1AAGQRFIOE9AE,Service_beiakklem1vi3j5fejpg,2000,2,0.1377062631,0
1537367400,Prod-EcsStagingCluster-EcsCluster-1AAGQRFIOE9AE,Service_beiakklem1vi3j5fejpg,2000,2,0.0374239928,0
1537370580,Prod-EcsStagingCluster-EcsCluster-1AAGQRFIOE9AE,Service_beiakklem1vi3j5fejpg,2000,2,0.0385221061,3
1537387500,Prod-EcsStagingCluster-EcsCluster-1AAGQRFIOE9AE,Service_beiakklem1vi3j5fejpg,2000,2,0.0365129494,0
1537404420,Prod-EcsStagingCluster-EcsCluster-1AAGQRFIOE9AE,Service_beiakklem1vi3j5fejpg,2000,2,0.0873088021,6
1537401240,Prod-EcsStagingCluster-EcsCluster-1AAGQRFIOE9AE,Service_beiakklem1vi3j5fejpg,2000,2,0.1051096257,0
1537422480,Prod-EcsStagingCluster-EcsCluster-1AAGQRFIOE9AE,Service_beiakklem1vi3j5fejpg,2000,2,0.0832869149,0
1537395900,Prod-EcsStagingCluster-EcsCluster-1AAGQRFIOE9AE,Service_beiakklem1vi3j5fejpg,2000,2,0.0364861695,0
1537405440,Prod-EcsStagingCluster-EcsCluster-1AAGQRFIOE9AE,Service_beiakklem1vi3j5fejpg,2000,2,0.0373096241,0
1537353420,Prod-EcsStagingCluster-EcsCluster-1AAGQRFIOE9AE,Service_beiakklem1vi3j5fejpg,2000,2,0.0318684224,0
1537418040,Prod-EcsStagingCluster-EcsCluster-1AAGQRFIOE9AE,Service_beiakklem1vi3j5fejpg,2000,2,0.1146731550,11
1537371360,Prod-EcsStagingCluster-EcsCluster-1AAGQRFIOE9AE,Service_beiakklem1vi3j5fejpg,2000,2,0.0367069970,0
1537361820,Prod-EcsStagingCluster-EcsCluster-1AAGQRFIOE9AE,Service_beiakklem1vi3j5fejpg,2000,2,0.0329490837,0
1537421220,Prod-EcsStagingCluster-EcsCluster-1AAGQRFIOE9AE,Service_beiakklem1vi3j5fejpg,2000,2,0.0776745350,0
1537401000,Prod-EcsStagingCluster-EcsCluster-1AAGQRFIOE9AE,Service_beiakklem1vi3j5fejpg,2000,2,0.0373744467,0
1537404180,Prod-EcsStagingCluster-EcsCluster-1AAGQRFIOE9AE,Service_beiakklem1vi3j5fejpg,2000,2,0.0987307764,0
1537354320,Prod-EcsStagingCluster-EcsCluster-1AAGQRFIOE9AE,Service_beiakklem1vi3j5fejpg,2000,2,0.0359004677,0
1537421100,Prod-EcsStagingCluster-EcsCluster-1AAGQRFIOE9AE,Service_beiakklem1vi3j5fejpg,2000,2,0.2134408156,0
1537366920,Prod-EcsStagingCluster-EcsCluster-1AAGQRFIOE9AE,Service_beiakklem1vi3j5fejpg,2000,2,0.0354252578,7
1537370100,Prod-EcsStagingCluster-EcsCluster-1AAGQRFIOE9AE,Service_beiakklem1vi3j5fejpg,2000,2,0.0375946073,0
1537371120,Prod-EcsStagingCluster-EcsCluster-1AAGQRFIOE9AE,Service_beiakklem1vi3j5fejpg,2000,2,0.0420801334,9
1537429500,Prod-EcsStagingCluster-EcsCluster-1AAGQRFIOE9AE,Service_beiakklem1vi3j5fejpg,2000,2,0.0265837803,0
1537353060,Prod-EcsStagingCluster-EcsCluster-1AAGQRFIOE9AE,Service_beiakklem1vi3j5fejpg,2000,2,0.0326634026,6
1537387020,Prod-EcsStagingCluster-EcsCluster-1AAGQRFIOE9AE,Service_beiakklem1vi3j5fejpg,2000,2,0.0365541202,0
1537367880,Prod-EcsStagingCluster-EcsCluster-1AAGQRFIOE9AE,Service_beiakklem1vi3j5fejpg,2000,2,0.0373328542,8
1537395420,Prod-EcsStagingCluster-EcsCluster-1AAGQRFIOE9AE,Service_beiakklem1vi3j5fejpg,2000,2,0.0364584282,0
1537372080,Prod-EcsStagingCluster-EcsCluster-1AAGQRFIOE9AE,Service_beiakklem1vi3j5fejpg,2000,2,0.0356485672,0
1537352940,Prod-EcsStagingCluster-EcsCluster-1AAGQRFIOE9AE,Service_beiakklem1vi3j5fejpg,2000,2,0.0331781046,0
1537350840,Prod-EcsStagingCluster-EcsCluster-1AAGQRFIOE9AE,Service_beiakklem1vi3j5fejpg,2000,2,0.0367665345,13
1537369860,Prod-EcsStagingCluster-EcsCluster-1AAGQRFIOE9AE,Service_beiakklem1vi3j5fejpg,2000,2,0.0384002175,9
1537361340,Prod-EcsStagingCluster-EcsCluster-1AAGQRFIOE9AE,Service_beiakklem1vi3j5fejpg,2000,2,0.0379365535,0
1537405920,Prod-EcsStagingCluster-EcsCluster-1AAGQRFIOE9AE,Service_beiakklem1vi3j5fejpg,2000,2,0.1243779943,6
1537367640,Prod-EcsStagingCluster-EcsCluster-1AAGQRFIOE9AE,Service_beiakklem1vi3j5fejpg,2000,2,0.0365549881,6
1537388880,Prod-EcsStagingCluster-EcsCluster-1AAGQRFIOE9AE,Service_beiakklem1vi3j5fejpg,2000,2,0.0366659653,9
1537403700,Prod-EcsStagingCluster-EcsCluster-1AAGQRFIOE9AE,Service_beiakklem1vi3j5fejpg,2000,2,0.2093840453,19
1537371840,Prod-EcsStagingCluster-EcsCluster-1AAGQRFIOE9AE,Service_beiakklem1vi3j5fejpg,2000,2,0.0357873059,0
1537420620,Prod-EcsStagingCluster-EcsCluster-1AAGQRFIOE9AE,Service_beiakklem1vi3j5fejpg,2000,2,0.0949594309,3
1537386660,Prod-EcsStagingCluster-EcsCluster-1AAGQRFIOE9AE,Service_beiakklem1vi3j5fejpg,2000,2,0.0364060822,0
1537401480,Prod-EcsStagingCluster-EcsCluster-1AAGQRFIOE9AE,Service_beiakklem1vi3j5fejpg,2000,2,0.0352058355,0
1537405680,Prod-EcsStagingCluster-EcsCluster-1AAGQRFIOE9AE,Service_beiakklem1vi3j5fejpg,2000,2,0.2327381103,0
1537429020,Prod-EcsStagingCluster-EcsCluster-1AAGQRFIOE9AE,Service_beiakklem1vi3j5fejpg,2000,2,0.0929116537,0
1537369620,Prod-EcsStagingCluster-EcsCluster-1AAGQRFIOE9AE,Service_beiakklem1vi3j5fejpg,2000,2,0.0374469876,0
1537386540,Prod-EcsStagingCluster-EcsCluster-1AAGQRFIOE9AE,Service_beiakklem1vi3j5fejpg,2000,2,0.0310698931,0
1537384440,Prod-EcsStagingCluster-EcsCluster-1AAGQRFIOE9AE,Service_beiakklem1vi3j5fejpg,2000,2,0.0371096478,0
1537404480,Prod-EcsStagingCluster-EcsCluster-1AAGQRFIOE9AE,Service_beiakklem1vi3j5fejpg,2000,2,0.0418095141,0
1537401300,Prod-EcsStagingCluster-EcsCluster-1AAGQRFIOE9AE,Service_beiakklem1vi3j5fejpg,2000,2,0.0327431423,0
1537398120,Prod-EcsStagingCluster-EcsCluster-1AAGQRFIOE9AE,Service_beiakklem1vi3j5fejpg,2000,2,0.1505383555,0
1537388580,Prod-EcsStagingCluster-EcsCluster-1AAGQRFIOE9AE,Service_beiakklem1vi3j5fejpg,2000,2,0.0378755821,0
1537391760,Prod-EcsStagingCluster-EcsCluster-1AAGQRFIOE9AE,Service_beiakklem1vi3j5fejpg,2000,2,0.0301623700,0
1537385400,Prod-EcsStagingCluster-EcsCluster-1AAGQRFIOE9AE,Service_beiakklem1vi3j5fejpg,2000,2,0.0319917063,0
1537352460,Prod-EcsStagingCluster-EcsCluster-1AAGQRFIOE9AE,Service_beiakklem1vi3j5fejpg,2000,2,0.0326743769,0
1537365180,Prod-EcsStagingCluster-EcsCluster-1AAGQRFIOE9AE,Service_beiakklem1vi3j5fejpg,2000,2,0.0375341181,0
1537364040,Prod-EcsStagingCluster-EcsCluster-1AAGQRFIOE9AE,Service_beiakklem1vi3j5fejpg,2000,2,0.0374368663,0
1537367220,Prod-EcsStagingCluster-EcsCluster-1AAGQRFIOE9AE,Service_beiakklem1vi3j5fejpg,2000,2,0.0356090633,0
1537370400,Prod-EcsStagingCluster-EcsCluster-1AAGQRFIOE9AE,Service_beiakklem1vi3j5fejpg,2000,2,0.0377310805,5
1537408560,Prod-EcsStagingCluster-EcsCluster-1AAGQRFIOE9AE,Service_beiakklem1vi3j5fejpg,2000,2,0.0387958495,0
1537405380,Prod-EcsStagingCluster-EcsCluster-1AAGQRFIOE9AE,Service_beiakklem1vi3j5fejpg,2000,2,0.1699734446,2
1537402200,Prod-EcsStagingCluster-EcsCluster-1AAGQRFIOE9AE,Service_beiakklem1vi3j5fejpg,2000,2,0.1485354998,0
1537420140,Prod-EcsStagingCluster-EcsCluster-1AAGQRFIOE9AE,Service_beiakklem1vi3j5fejpg,2000,2,0.1226301001,0
1537419000,Prod-EcsStagingCluster-EcsCluster-1AAGQRFIOE9AE,Service_beiakklem1vi3j5fejpg,2000,2,0.1497209384,5
1537425360,Prod-EcsStagingCluster-EcsCluster-1AAGQRFIOE9AE,Service_beiakklem1vi3j5fejpg,2000,2,0.1643468552,10
1537422180,Prod-EcsStagingCluster-EcsCluster-1AAGQRFIOE9AE,Service_beiakklem1vi3j5fejpg,2000,2,0.2436537808,0
1537398780,Prod-EcsStagingCluster-EcsCluster-1AAGQRFIOE9AE,Service_beiakklem1vi3j5fejpg,2000,2,0.0365695625,0
1537386060,Prod-EcsStagingCluster-EcsCluster-1AAGQRFIOE9AE,Service_beiakklem1vi3j5fejpg,2000,2,0.0315672664,4
1537397640,Prod-EcsStagingCluster-EcsCluster-1AAGQRFIOE9AE,Service_beiakklem1vi3j5fejpg,2000,2,0.0317481132,0
1537351980,Prod-EcsStagingCluster-EcsCluster-1AAGQRFIOE9AE,Service_beiakklem1vi3j5fejpg,2000,2,0.0337799848,4
1537400820,Prod-EcsStagingCluster-EcsCluster-1AAGQRFIOE9AE,Service_beiakklem1vi3j5fejpg,2000,2,0.0334175257,3
1537364700,Prod-EcsStagingCluster-EcsCluster-1AAGQRFIOE9AE,Service_beiakklem1vi3j5fejpg,2000,2,0.0379512527,7
1537354020,Prod-EcsStagingCluster-EcsCluster-1AAGQRFIOE9AE,Service_beiakklem1vi3j5fejpg,2000,2,0.0375740928,2
1537366740,Prod-EcsStagingCluster-EcsCluster-1AAGQRFIOE9AE,Service_beiakklem1vi3j5fejpg,2000,2,0.0345575875,8
1537398600,Prod-EcsStagingCluster-EcsCluster-1AAGQRFIOE9AE,Service_beiakklem1vi3j5fejpg,2000,2,0.0361949357,0
1537404960,Prod-EcsStagingCluster-EcsCluster-1AAGQRFIOE9AE,Service_beiakklem1vi3j5fejpg,2000,2,0.0322773127,0
1537358160,Prod-EcsStagingCluster-EcsCluster-1AAGQRFIOE9AE,Service_beiakklem1vi3j5fejpg,2000,2,0.0361436603,0
1537364520,Prod-EcsStagingCluster-EcsCluster-1AAGQRFIOE9AE,Service_beiakklem1vi3j5fejpg,2000,2,0.0371374142,0
1537351800,Prod-EcsStagingCluster-EcsCluster-1AAGQRFIOE9AE,Service_beiakklem1vi3j5fejpg,2000,2,0.0330497294,4
1537370880,Prod-EcsStagingCluster-EcsCluster-1AAGQRFIOE9AE,Service_beiakklem1vi3j5fejpg,2000,2,0.0377376840,0
1537370820,Prod-EcsStagingCluster-EcsCluster-1AAGQRFIOE9AE,Service_beiakklem1vi3j5fejpg,2000,2,0.0371848010,0
1537419660,Prod-EcsStagingCluster-EcsCluster-1AAGQRFIOE9AE,Service_beiakklem1vi3j5fejpg,2000,2,0.1887985253,2
1537368600,Prod-EcsStagingCluster-EcsCluster-1AAGQRFIOE9AE,Service_beiakklem1vi3j5fejpg,2000,2,0.0370151825,0
1537374960,Prod-EcsStagingCluster-EcsCluster-1AAGQRFIOE9AE,Service_beiakklem1vi3j5fejpg,2000,2,0.0366629448,3
1537385580,Prod-EcsStagingCluster-EcsCluster-1AAGQRFIOE9AE,Service_beiakklem1vi3j5fejpg,2000,2,0.0348361906,0
1537398300,Prod-EcsStagingCluster-EcsCluster-1AAGQRFIOE9AE,Service_beiakklem1vi3j5fejpg,2000,2,0.0361825861,16
1537400340,Prod-EcsStagingCluster-EcsCluster-1AAGQRFIOE9AE,Service_beiakklem1vi3j5fejpg,2000,2,0.0341590462,0
1537387620,Prod-EcsStagingCluster-EcsCluster-1AAGQRFIOE9AE,Service_beiakklem1vi3j5fejpg,2000,2,0.0364922846,2
1537364220,Prod-EcsStagingCluster-EcsCluster-1AAGQRFIOE9AE,Service_beiakklem1vi3j5fejpg,2000,2,0.0365131145,10
1537351500,Prod-EcsStagingCluster-EcsCluster-1AAGQRFIOE9AE,Service_beiakklem1vi3j5fejpg,2000,2,0.0364442635,0
1537369440,Prod-EcsStagingCluster-EcsCluster-1AAGQRFIOE9AE,Service_beiakklem1vi3j5fejpg,2000,2,0.0360831743,0
1537407600,Prod-EcsStagingCluster-EcsCluster-1AAGQRFIOE9AE,Service_beiakklem1vi3j5fejpg,2000,2,0.1565683855,0
1537399080,Prod-EcsStagingCluster-EcsCluster-1AAGQRFIOE9AE,Service_beiakklem1vi3j5fejpg,2000,2,0.0329074851,0
1537402260,Prod-EcsStagingCluster-EcsCluster-1AAGQRFIOE9AE,Service_beiakklem1vi3j5fejpg,2000,2,0.0339322049,0
1537389540,Prod-EcsStagingCluster-EcsCluster-1AAGQRFIOE9AE,Service_beiakklem1vi3j5fejpg,2000,2,0.0377309832,0
1537386360,Prod-EcsStagingCluster-EcsCluster-1AAGQRFIOE9AE,Service_beiakklem1vi3j5fejpg,2000,2,0.0308670547,0
1537419180,Prod-EcsStagingCluster-EcsCluster-1AAGQRFIOE9AE,Service_beiakklem1vi3j5fejpg,2000,2,0.1231696036,0
1537365000,Prod-EcsStagingCluster-EcsCluster-1AAGQRFIOE9AE,Service_beiakklem1vi3j5fejpg,2000,2,0.0366965530,2
1537368180,Prod-EcsStagingCluster-EcsCluster-1AAGQRFIOE9AE,Service_beiakklem1vi3j5fejpg,2000,2,0.0316613163,0
1537406340,Prod-EcsStagingCluster-EcsCluster-1AAGQRFIOE9AE,Service_beiakklem1vi3j5fejpg,2000,2,0.0716471206,0
1537403160,Prod-EcsStagingCluster-EcsCluster-1AAGQRFIOE9AE,Service_beiakklem1vi3j5fejpg,2000,2,0.1912186524,8
1537424400,Prod-EcsStagingCluster-EcsCluster-1AAGQRFIOE9AE,Service_beiakklem1vi3j5fejpg,2000,2,0.3140040722,6
1537397820,Prod-EcsStagingCluster-EcsCluster-1AAGQRFIOE9AE,Service_beiakklem1vi3j5fejpg,2000,2,0.0356837326,0
1537385100,Prod-EcsStagingCluster-EcsCluster-1AAGQRFIOE9AE,Service_beiakklem1vi3j5fejpg,2000,2,0.0345847259,6
1537351020,Prod-EcsStagingCluster-EcsCluster-1AAGQRFIOE9AE,Service_beiakklem1vi3j5fejpg,2000,2,0.0371775608,0
1537403040,Prod-EcsStagingCluster-EcsCluster-1AAGQRFIOE9AE,Service_beiakklem1vi3j5fejpg,2000,2,0.0308167480,0
1537363740,Prod-EcsStagingCluster-EcsCluster-1AAGQRFIOE9AE,Service_beiakklem1vi3j5fejpg,2000,2,0.0414587205,0
1537419960,Prod-EcsStagingCluster-EcsCluster-1AAGQRFIOE9AE,Service_beiakklem1vi3j5fejpg,2000,2,0.1136593189,0
1537423140,Prod-EcsStagingCluster-EcsCluster-1AAGQRFIOE9AE,Service_beiakklem1vi3j5fejpg,2000,2,0.1527415194,0
1537404000,Prod-EcsStagingCluster-EcsCluster-1AAGQRFIOE9AE,Service_beiakklem1vi3j5fejpg,2000,2,0.0775439100,5
1537420920,Prod-EcsStagingCluster-EcsCluster-1AAGQRFIOE9AE,Service_beiakklem1vi3j5fejpg,2000,2,0.1824185518,0
1537357200,Prod-EcsStagingCluster-EcsCluster-1AAGQRFIOE9AE,Service_beiakklem1vi3j5fejpg,2000,2,0.0358400353,9
1537401780,Prod-EcsStagingCluster-EcsCluster-1AAGQRFIOE9AE,Service_beiakklem1vi3j5fejpg,2000,2,0.0742966183,0
1537369920,Prod-EcsStagingCluster-EcsCluster-1AAGQRFIOE9AE,Service_beiakklem1vi3j5fejpg,2000,2,0.0381903934,8
1537418700,Prod-EcsStagingCluster-EcsCluster-1AAGQRFIOE9AE,Service_beiakklem1vi3j5fejpg,2000,2,0.1585466412,0
1537431420,Prod-EcsStagingCluster-EcsCluster-1AAGQRFIOE9AE,Service_beiakklem1vi3j5fejpg,2000,2,0.1486230700,15
1537354980,Prod-EcsStagingCluster-EcsCluster-1AAGQRFIOE9AE,Service_beiakklem1vi3j5fejpg,2000,2,0.0355396716,2
1537367700,Prod-EcsStagingCluster-EcsCluster-1AAGQRFIOE9AE,Service_beiakklem1vi3j5fejpg,2000,2,0.0367521709,2
1537399560,Prod-EcsStagingCluster-EcsCluster-1AAGQRFIOE9AE,Service_beiakklem1vi3j5fejpg,2000,2,0.0362823348,0
1537374000,Prod-EcsStagingCluster-EcsCluster-1AAGQRFIOE9AE,Service_beiakklem1vi3j5fejpg,2000,2,0.0320424080,8
1537384620,Prod-EcsStagingCluster-EcsCluster-1AAGQRFIOE9AE,Service_beiakklem1vi3j5fejpg,2000,2,0.0368481402,8
1537365480,Prod-EcsStagingCluster-EcsCluster-1AAGQRFIOE9AE,Service_beiakklem1vi3j5fejpg,2000,2,0.0376796491,0
1537397340,Prod-EcsStagingCluster-EcsCluster-1AAGQRFIOE9AE,Service_beiakklem1vi3j5fejpg,2000,2,0.0415177192,3
1537352760,Prod-EcsStagingCluster-EcsCluster-1AAGQRFIOE9AE,Service_beiakklem1vi3j5fejpg,2000,2,0.0328817290,5
1537371780,Prod-EcsStagingCluster-EcsCluster-1AAGQRFIOE9AE,Service_beiakklem1vi3j5fejpg,2000,2,0.0352956819,0
1537363260,Prod-EcsStagingCluster-EcsCluster-1AAGQRFIOE9AE,Service_beiakklem1vi3j5fejpg,2000,2,0.0392297068,12
1537350540,Prod-EcsStagingCluster-EcsCluster-1AAGQRFIOE9AE,Service_beiakklem1vi3j5fejpg,2000,2,0.0384230810,0
1537403520,Prod-EcsStagingCluster-EcsCluster-1AAGQRFIOE9AE,Service_beiakklem1vi3j5fejpg,2000,2,0.1574170719,2
1537369560,Prod-EcsStagingCluster-EcsCluster-1AAGQRFIOE9AE,Service_beiakklem1vi3j5fejpg,2000,2,0.0424985126,0
1537390800,Prod-EcsStagingCluster-EcsCluster-1AAGQRFIOE9AE,Service_beiakklem1vi3j5fejpg,2000,2,0.0363669611,1
1537413000,Prod-EcsStagingCluster-EcsCluster-1AAGQRFIOE9AE,Service_beiakklem1vi3j5fejpg,2000,2,0.0970830744,0
1537390740,Prod-EcsStagingCluster-EcsCluster-1AAGQRFIOE9AE,Service_beiakklem1vi3j5fejpg,2000,2,0.0381455925,6
1537367340,Prod-EcsStagingCluster-EcsCluster-1AAGQRFIOE9AE,Service_beiakklem1vi3j5fejpg,2000,2,0.0366853090,0
1537370520,Prod-EcsStagingCluster-EcsCluster-1AAGQRFIOE9AE,Service_beiakklem1vi3j5fejpg,2000,2,0.0577753700,12
1537419360,Prod-EcsStagingCluster-EcsCluster-1AAGQRFIOE9AE,Service_beiakklem1vi3j5fejpg,2000,2,0.1384249057,0
1537351440,Prod-EcsStagingCluster-EcsCluster-1AAGQRFIOE9AE,Service_beiakklem1vi3j5fejpg,2000,2,0.0331681350,0
1537395960,Prod-EcsStagingCluster-EcsCluster-1AAGQRFIOE9AE,Service_beiakklem1vi3j5fejpg,2000,2,0.0364317164,6
1537376880,Prod-EcsStagingCluster-EcsCluster-1AAGQRFIOE9AE,Service_beiakklem1vi3j5fejpg,2000,2,0.0365853400,0
1537427760,Prod-EcsStagingCluster-EcsCluster-1AAGQRFIOE9AE,Service_beiakklem1vi3j5fejpg,2000,2,0.0901219795,0
1537402320,Prod-EcsStagingCluster-EcsCluster-1AAGQRFIOE9AE,Service_beiakklem1vi3j5fejpg,2000,2,0.0324786025,0
1537418220,Prod-EcsStagingCluster-EcsCluster-1AAGQRFIOE9AE,Service_beiakklem1vi3j5fejpg,2000,2,0.1283618890,0
1537421400,Prod-EcsStagingCluster-EcsCluster-1AAGQRFIOE9AE,Service_beiakklem1vi3j5fejpg,2000,2,0.0838060937,11
1537348020,Prod-EcsStagingCluster-EcsCluster-1AAGQRFIOE9AE,Service_beiakklem1vi3j5fejpg,2000,2,0.0369302437,0
1537392540,Prod-EcsStagingCluster-EcsCluster-1AAGQRFIOE9AE,Service_beiakklem1vi3j5fejpg,2000,2,0.0307369539,0
1537370280,Prod-EcsStagingCluster-EcsCluster-1AAGQRFIOE9AE,Service_beiakklem1vi3j5fejpg,2000,2,0.0428904991,0
1537376640,Prod-EcsStagingCluster-EcsCluster-1AAGQRFIOE9AE,Service_beiakklem1vi3j5fejpg,2000,2,0.0362685484,0
1537421160,Prod-EcsStagingCluster-EcsCluster-1AAGQRFIOE9AE,Service_beiakklem1vi3j5fejpg,2000,2,0.0773433486,0
1537398900,Prod-EcsStagingCluster-EcsCluster-1AAGQRFIOE9AE,Service_beiakklem1vi3j5fejpg,2000,2,0.0318611180,0
1537375500,Prod-EcsStagingCluster-EcsCluster-1AAGQRFIOE9AE,Service_beiakklem1vi3j5fejpg,2000,2,0.0389126718,2
1537381860,Prod-EcsStagingCluster-EcsCluster-1AAGQRFIOE9AE,Service_beiakklem1vi3j5fejpg,2000,2,0.0377651914,3
1537427520,Prod-EcsStagingCluster-EcsCluster-1AAGQRFIOE9AE,Service_beiakklem1vi3j5fejpg,2000,2,0.0346281202,5
1537356420,Prod-EcsStagingCluster-EcsCluster-1AAGQRFIOE9AE,Service_beiakklem1vi3j5fejpg,2000,2,0.0945957563,0
1537407300,Prod-EcsStagingCluster-EcsCluster-1AAGQRFIOE9AE,Service_beiakklem1vi3j5fejpg,2000,2,0.1181445541,0
1537426380,Prod-EcsStagingCluster-EcsCluster-1AAGQRFIOE9AE,Service_beiakklem1vi3j5fejpg,2000,2,0.1040948989,2
1537430520,Prod-EcsStagingCluster-EcsCluster-1AAGQRFIOE9AE,Service_beiakklem1vi3j5fejpg,2000,2,0.1693292120,5
1537349820,Prod-EcsStagingCluster-EcsCluster-1AAGQRFIOE9AE,Service_beiakklem1vi3j5fejpg,2000,2,0.0955333591,0
1537356180,Prod-EcsStagingCluster-EcsCluster-1AAGQRFIOE9AE,Service_beiakklem1vi3j5fejpg,2000,2,0.0355052342,0
1537400700,Prod-EcsStagingCluster-EcsCluster-1AAGQRFIOE9AE,Service_beiakklem1vi3j5fejpg,2000,2,0.0331631594,0
1537407060,Prod-EcsStagingCluster-EcsCluster-1AAGQRFIOE9AE,Service_beiakklem1vi3j5fejpg,2000,2,0.1290948430,0
1537360320,Prod-EcsStagingCluster-EcsCluster-1AAGQRFIOE9AE,Service_beiakklem1vi3j5fejpg,2000,2,0.0427445393,0
1537383660,Prod-EcsStagingCluster-EcsCluster-1AAGQRFIOE9AE,Service_beiakklem1vi3j5fejpg,2000,2,0.0376208918,0
1537353960,Prod-EcsStagingCluster-EcsCluster-1AAGQRFIOE9AE,Service_beiakklem1vi3j5fejpg,2000,2,0.0369234814,7
1537404840,Prod-EcsStagingCluster-EcsCluster-1AAGQRFIOE9AE,Service_beiakklem1vi3j5fejpg,2000,2,0.0351146928,2
1537411200,Prod-EcsStagingCluster-EcsCluster-1AAGQRFIOE9AE,Service_beiakklem1vi3j5fejpg,2000,2,0.1481200295,0
1537357980,Prod-EcsStagingCluster-EcsCluster-1AAGQRFIOE9AE,Service_beiakklem1vi3j5fejpg,2000,2,0.0361250055,0
1537364340,Prod-EcsStagingCluster-EcsCluster-1AAGQRFIOE9AE,Service_beiakklem1vi3j5fejpg,2000,2,0.0366548162,2
1537408860,Prod-EcsStagingCluster-EcsCluster-1AAGQRFIOE9AE,Service_beiakklem1vi3j5fejpg,2000,2,0.1173196022,13
1537415220,Prod-EcsStagingCluster-EcsCluster-1AAGQRFIOE9AE,Service_beiakklem1vi3j5fejpg,2000,2,0.1300802597,0
1537372740,Prod-EcsStagingCluster-EcsCluster-1AAGQRFIOE9AE,Service_beiakklem1vi3j5fejpg,2000,2,0.0520673743,8
1537347300,Prod-EcsStagingCluster-EcsCluster-1AAGQRFIOE9AE,Service_beiakklem1vi3j5fejpg,2000,2,0.0318150238,0
1537391820,Prod-EcsStagingCluster-EcsCluster-1AAGQRFIOE9AE,Service_beiakklem1vi3j5fejpg,2000,2,0.0303517918,0
1537398180,Prod-EcsStagingCluster-EcsCluster-1AAGQRFIOE9AE,Service_beiakklem1vi3j5fejpg,2000,2,0.0386156842,0
1537362120,Prod-EcsStagingCluster-EcsCluster-1AAGQRFIOE9AE,Service_beiakklem1vi3j5fejpg,2000,2,0.0271507147,0
1537368480,Prod-EcsStagingCluster-EcsCluster-1AAGQRFIOE9AE,Service_beiakklem1vi3j5fejpg,2000,2,0.0342269973,0
1537366260,Prod-EcsStagingCluster-EcsCluster-1AAGQRFIOE9AE,Service_beiakklem1vi3j5fejpg,2000,2,0.0359040360,0
1537417140,Prod-EcsStagingCluster-EcsCluster-1AAGQRFIOE9AE,Service_beiakklem1vi3j5fejpg,2000,2,0.1588340705,8
1537388520,Prod-EcsStagingCluster-EcsCluster-1AAGQRFIOE9AE,Service_beiakklem1vi3j5fejpg,2000,2,0.0589852077,18
1537374660,Prod-EcsStagingCluster-EcsCluster-1AAGQRFIOE9AE,Service_beiakklem1vi3j5fejpg,2000,2,0.0426470410,0
1537349220,Prod-EcsStagingCluster-EcsCluster-1AAGQRFIOE9AE,Service_beiakklem1vi3j5fejpg,2000,2,0.0367172452,10
1537400100,Prod-EcsStagingCluster-EcsCluster-1AAGQRFIOE9AE,Service_beiakklem1vi3j5fejpg,2000,2,0.0310283188,11
1537366140,Prod-EcsStagingCluster-EcsCluster-1AAGQRFIOE9AE,Service_beiakklem1vi3j5fejpg,2000,2,0.0349932544,2
1537350240,Prod-EcsStagingCluster-EcsCluster-1AAGQRFIOE9AE,Service_beiakklem1vi3j5fejpg,2000,2,0.0383070615,0
1537425540,Prod-EcsStagingCluster-EcsCluster-1AAGQRFIOE9AE,Service_beiakklem1vi3j5fejpg,2000,2,0.1879710191,0
1537417020,Prod-EcsStagingCluster-EcsCluster-1AAGQRFIOE9AE,Service_beiakklem1vi3j5fejpg,2000,2,0.1050848949,0
1537349100,Prod-EcsStagingCluster-EcsCluster-1AAGQRFIOE9AE,Service_beiakklem1vi3j5fejpg,2000,2,0.0933729435,8
1537401120,Prod-EcsStagingCluster-EcsCluster-1AAGQRFIOE9AE,Service_beiakklem1vi3j5fejpg,2000,2,0.0342380704,0
1537358640,Prod-EcsStagingCluster-EcsCluster-1AAGQRFIOE9AE,Service_beiakklem1vi3j5fejpg,2000,2,0.0893724358,0
1537409520,Prod-EcsStagingCluster-EcsCluster-1AAGQRFIOE9AE,Service_beiakklem1vi3j5fejpg,2000,2,0.0524858828,0
1537399980,Prod-EcsStagingCluster-EcsCluster-1AAGQRFIOE9AE,Service_beiakklem1vi3j5fejpg,2000,2,0.0337976645,2
1537384080,Prod-EcsStagingCluster-EcsCluster-1AAGQRFIOE9AE,Service_beiakklem1vi3j5fejpg,2000,2,0.0373287988,0
1537345800,Prod-EcsStagingCluster-EcsCluster-1AAGQRFIOE9AE,Service_beiakklem1vi3j5fejpg,2000,2,0.1375317770,0
1537396680,Prod-EcsStagingCluster-EcsCluster-1AAGQRFIOE9AE,Service_beiakklem1vi3j5fejpg,2000,2,0.0361439465,0
1537374420,Prod-EcsStagingCluster-EcsCluster-1AAGQRFIOE9AE,Service_beiakklem1vi3j5fejpg,2000,2,0.0357220767,0
1537354200,Prod-EcsStagingCluster-EcsCluster-1AAGQRFIOE9AE,Service_beiakklem1vi3j5fejpg,2000,2,0.0361046511,2
1537379640,Prod-EcsStagingCluster-EcsCluster-1AAGQRFIOE9AE,Service_beiakklem1vi3j5fejpg,2000,2,0.0358575864,0
1537425300,Prod-EcsStagingCluster-EcsCluster-1AAGQRFIOE9AE,Service_beiakklem1vi3j5fejpg,2000,2,0.2297532711,4
1537405080,Prod-EcsStagingCluster-EcsCluster-1AAGQRFIOE9AE,Service_beiakklem1vi3j5fejpg,2000,2,0.0938584407,6
1537374300,Prod-EcsStagingCluster-EcsCluster-1AAGQRFIOE9AE,Service_beiakklem1vi3j5fejpg,2000,2,0.0318804278,0
1537358400,Prod-EcsStagingCluster-EcsCluster-1AAGQRFIOE9AE,Service_beiakklem1vi3j5fejpg,2000,2,0.0372947692,10
1537423080,Prod-EcsStagingCluster-EcsCluster-1AAGQRFIOE9AE,Service_beiakklem1vi3j5fejpg,2000,2,0.1841328955,2
1537357260,Prod-EcsStagingCluster-EcsCluster-1AAGQRFIOE9AE,Service_beiakklem1vi3j5fejpg,2000,2,0.0360337056,0
1537425180,Prod-EcsStagingCluster-EcsCluster-1AAGQRFIOE9AE,Service_beiakklem1vi3j5fejpg,2000,2,0.1031167056,0
1537408140,Prod-EcsStagingCluster-EcsCluster-1AAGQRFIOE9AE,Service_beiakklem1vi3j5fejpg,2000,2,0.2877856175,0
1537384800,Prod-EcsStagingCluster-EcsCluster-1AAGQRFIOE9AE,Service_beiakklem1vi3j5fejpg,2000,2,0.0370789013,0
1537393200,Prod-EcsStagingCluster-EcsCluster-1AAGQRFIOE9AE,Service_beiakklem1vi3j5fejpg,2000,2,0.0313039073,0
1537367760,Prod-EcsStagingCluster-EcsCluster-1AAGQRFIOE9AE,Service_beiakklem1vi3j5fejpg,2000,2,0.0367115962,0
1537418640,Prod-EcsStagingCluster-EcsCluster-1AAGQRFIOE9AE,Service_beiakklem1vi3j5fejpg,2000,2,0.1382188878,0
1537382580,Prod-EcsStagingCluster-EcsCluster-1AAGQRFIOE9AE,Service_beiakklem1vi3j5fejpg,2000,2,0.0357596793,0
1537390980,Prod-EcsStagingCluster-EcsCluster-1AAGQRFIOE9AE,Service_beiakklem1vi3j5fejpg,2000,2,0.0365667935,0
1537365540,Prod-EcsStagingCluster-EcsCluster-1AAGQRFIOE9AE,Service_beiakklem1vi3j5fejpg,2000,2,0.0407188393,0
1537416420,Prod-EcsStagingCluster-EcsCluster-1AAGQRFIOE9AE,Service_beiakklem1vi3j5fejpg,2000,2,0.1138020012,0
1537382460,Prod-EcsStagingCluster-EcsCluster-1AAGQRFIOE9AE,Service_beiakklem1vi3j5fejpg,2000,2,0.0359905203,10
1537380360,Prod-EcsStagingCluster-EcsCluster-1AAGQRFIOE9AE,Service_beiakklem1vi3j5fejpg,2000,2,0.0308349708,5
1537431240,Prod-EcsStagingCluster-EcsCluster-1AAGQRFIOE9AE,Service_beiakklem1vi3j5fejpg,2000,2,0.1011095230,10
1537388760,Prod-EcsStagingCluster-EcsCluster-1AAGQRFIOE9AE,Service_beiakklem1vi3j5fejpg,2000,2,0.0371300652,2
1537365420,Prod-EcsStagingCluster-EcsCluster-1AAGQRFIOE9AE,Service_beiakklem1vi3j5fejpg,2000,2,0.0372787532,9
1537363320,Prod-EcsStagingCluster-EcsCluster-1AAGQRFIOE9AE,Service_beiakklem1vi3j5fejpg,2000,2,0.0369584183,0
1537414200,Prod-EcsStagingCluster-EcsCluster-1AAGQRFIOE9AE,Service_beiakklem1vi3j5fejpg,2000,2,0.1475408172,0
1537392960,Prod-EcsStagingCluster-EcsCluster-1AAGQRFIOE9AE,Service_beiakklem1vi3j5fejpg,2000,2,0.0340827867,0
1537416300,Prod-EcsStagingCluster-EcsCluster-1AAGQRFIOE9AE,Service_beiakklem1vi3j5fejpg,2000,2,0.1646248249,12
1537346100,Prod-EcsStagingCluster-EcsCluster-1AAGQRFIOE9AE,Service_beiakklem1vi3j5fejpg,2000,2,0.0406686463,0
1537396980,Prod-EcsStagingCluster-EcsCluster-1AAGQRFIOE9AE,Service_beiakklem1vi3j5fejpg,2000,2,0.0389677049,7
1537368360,Prod-EcsStagingCluster-EcsCluster-1AAGQRFIOE9AE,Service_beiakklem1vi3j5fejpg,2000,2,0.0317072174,0
1537374720,Prod-EcsStagingCluster-EcsCluster-1AAGQRFIOE9AE,Service_beiakklem1vi3j5fejpg,2000,2,0.0422275008,0
1537425600,Prod-EcsStagingCluster-EcsCluster-1AAGQRFIOE9AE,Service_beiakklem1vi3j5fejpg,2000,2,0.1491667860,0
1537419240,Prod-EcsStagingCluster-EcsCluster-1AAGQRFIOE9AE,Service_beiakklem1vi3j5fejpg,2000,2,0.1437647559,4
1537373580,Prod-EcsStagingCluster-EcsCluster-1AAGQRFIOE9AE,Service_beiakklem1vi3j5fejpg,2000,2,0.0353320051,0
1537386300,Prod-EcsStagingCluster-EcsCluster-1AAGQRFIOE9AE,Service_beiakklem1vi3j5fejpg,2000,2,0.0308014676,0
1537372440,Prod-EcsStagingCluster-EcsCluster-1AAGQRFIOE9AE,Service_beiakklem1vi3j5fejpg,2000,2,0.0348117653,0
1537424460,Prod-EcsStagingCluster-EcsCluster-1AAGQRFIOE9AE,Service_beiakklem1vi3j5fejpg,2000,2,0.1430561479,0
1537347000,Prod-EcsStagingCluster-EcsCluster-1AAGQRFIOE9AE,Service_beiakklem1vi3j5fejpg,2000,2,0.0352603179,17
1537353360,Prod-EcsStagingCluster-EcsCluster-1AAGQRFIOE9AE,Service_beiakklem1vi3j5fejpg,2000,2,0.0323489839,0
1537397880,Prod-EcsStagingCluster-EcsCluster-1AAGQRFIOE9AE,Service_beiakklem1vi3j5fejpg,2000,2,0.0359172351,15
1537378800,Prod-EcsStagingCluster-EcsCluster-1AAGQRFIOE9AE,Service_beiakklem1vi3j5fejpg,2000,2,0.0365008344,2
1537423320,Prod-EcsStagingCluster-EcsCluster-1AAGQRFIOE9AE,Service_beiakklem1vi3j5fejpg,2000,2,0.1608109681,0
1537429680,Prod-EcsStagingCluster-EcsCluster-1AAGQRFIOE9AE,Service_beiakklem1vi3j5fejpg,2000,2,0.0283373177,6
1537404240,Prod-EcsStagingCluster-EcsCluster-1AAGQRFIOE9AE,Service_beiakklem1vi3j5fejpg,2000,2,0.1718780971,0
1537376520,Prod-EcsStagingCluster-EcsCluster-1AAGQRFIOE9AE,Service_beiakklem1vi3j5fejpg,2000,2,0.0366758955,0
1537354260,Prod-EcsStagingCluster-EcsCluster-1AAGQRFIOE9AE,Service_beiakklem1vi3j5fejpg,2000,2,0.0416938680,0
1537405140,Prod-EcsStagingCluster-EcsCluster-1AAGQRFIOE9AE,Service_beiakklem1vi3j5fejpg,2000,2,0.0761512974,0
1537382880,Prod-EcsStagingCluster-EcsCluster-1AAGQRFIOE9AE,Service_beiakklem1vi3j5fejpg,2000,2,0.0377396039,0
1537427400,Prod-EcsStagingCluster-EcsCluster-1AAGQRFIOE9AE,Service_beiakklem1vi3j5fejpg,2000,2,0.0921175786,0
1537394460,Prod-EcsStagingCluster-EcsCluster-1AAGQRFIOE9AE,Service_beiakklem1vi3j5fejpg,2000,2,0.0365054668,0
1537381740,Prod-EcsStagingCluster-EcsCluster-1AAGQRFIOE9AE,Service_beiakklem1vi3j5fejpg,2000,2,0.0400731945,4
1537402920,Prod-EcsStagingCluster-EcsCluster-1AAGQRFIOE9AE,Service_beiakklem1vi3j5fejpg,2000,2,0.1507111442,3
1537409280,Prod-EcsStagingCluster-EcsCluster-1AAGQRFIOE9AE,Service_beiakklem1vi3j5fejpg,2000,2,0.1986443599,2
1537358340,Prod-EcsStagingCluster-EcsCluster-1AAGQRFIOE9AE,Service_beiakklem1vi3j5fejpg,2000,2,0.0375678919,0
1537409220,Prod-EcsStagingCluster-EcsCluster-1AAGQRFIOE9AE,Service_beiakklem1vi3j5fejpg,2000,2,0.1099875679,4
1537383780,Prod-EcsStagingCluster-EcsCluster-1AAGQRFIOE9AE,Service_beiakklem1vi3j5fejpg,2000,2,0.0373518596,10
1537356120,Prod-EcsStagingCluster-EcsCluster-1AAGQRFIOE9AE,Service_beiakklem1vi3j5fejpg,2000,2,0.0360793961,0
1537362480,Prod-EcsStagingCluster-EcsCluster-1AAGQRFIOE9AE,Service_beiakklem1vi3j5fejpg,2000,2,0.0374881972,3
1537407000,Prod-EcsStagingCluster-EcsCluster-1AAGQRFIOE9AE,Service_beiakklem1vi3j5fejpg,2000,2,0.0581604614,8
1537413360,Prod-EcsStagingCluster-EcsCluster-1AAGQRFIOE9AE,Service_beiakklem1vi3j5fejpg,2000,2,0.0557548787,0
1537381560,Prod-EcsStagingCluster-EcsCluster-1AAGQRFIOE9AE,Service_beiakklem1vi3j5fejpg,2000,2,0.0372899967,0
1537387920,Prod-EcsStagingCluster-EcsCluster-1AAGQRFIOE9AE,Service_beiakklem1vi3j5fejpg,2000,2,0.0380828405,0
1537362420,Prod-EcsStagingCluster-EcsCluster-1AAGQRFIOE9AE,Service_beiakklem1vi3j5fejpg,2000,2,0.0370721650,0
1537413300,Prod-EcsStagingCluster-EcsCluster-1AAGQRFIOE9AE,Service_beiakklem1vi3j5fejpg,2000,2,0.1215219951,0
1537351740,Prod-EcsStagingCluster-EcsCluster-1AAGQRFIOE9AE,Service_beiakklem1vi3j5fejpg,2000,2,0.0335346207,0
1537402620,Prod-EcsStagingCluster-EcsCluster-1AAGQRFIOE9AE,Service_beiakklem1vi3j5fejpg,2000,2,0.0409622035,0
1537389900,Prod-EcsStagingCluster-EcsCluster-1AAGQRFIOE9AE,Service_beiakklem1vi3j5fejpg,2000,2,0.0357751335,6
1537360200,Prod-EcsStagingCluster-EcsCluster-1AAGQRFIOE9AE,Service_beiakklem1vi3j5fejpg,2000,2,0.0418865260,0
1537366560,Prod-EcsStagingCluster-EcsCluster-1AAGQRFIOE9AE,Service_beiakklem1vi3j5fejpg,2000,2,0.0374157503,0
1537417440,Prod-EcsStagingCluster-EcsCluster-1AAGQRFIOE9AE,Service_beiakklem1vi3j5fejpg,2000,2,0.0976379341,0
1537411080,Prod-EcsStagingCluster-EcsCluster-1AAGQRFIOE9AE,Service_beiakklem1vi3j5fejpg,2000,2,0.1365676922,0
1537399200,Prod-EcsStagingCluster-EcsCluster-1AAGQRFIOE9AE,Service_beiakklem1vi3j5fejpg,2000,2,0.0334143859,0
1537390680,Prod-EcsStagingCluster-EcsCluster-1AAGQRFIOE9AE,Service_beiakklem1vi3j5fejpg,2000,2,0.0372918762,10
1537347180,Prod-EcsStagingCluster-EcsCluster-1AAGQRFIOE9AE,Service_beiakklem1vi3j5fejpg,2000,2,0.0357815409,5
1537365240,Prod-EcsStagingCluster-EcsCluster-1AAGQRFIOE9AE,Service_beiakklem1vi3j5fejpg,2000,2,0.0371279258,9
1537416120,Prod-EcsStagingCluster-EcsCluster-1AAGQRFIOE9AE,Service_beiakklem1vi3j5fejpg,2000,2,0.1768270333,5
1537359900,Prod-EcsStagingCluster-EcsCluster-1AAGQRFIOE9AE,Service_beiakklem1vi3j5fejpg,2000,2,0.0357842283,2
1537410780,Prod-EcsStagingCluster-EcsCluster-1AAGQRFIOE9AE,Service_beiakklem1vi3j5fejpg,2000,2,0.0447280467,0
1537398060,Prod-EcsStagingCluster-EcsCluster-1AAGQRFIOE9AE,Service_beiakklem1vi3j5fejpg,2000,2,0.0352727226,0
1537394760,Prod-EcsStagingCluster-EcsCluster-1AAGQRFIOE9AE,Service_beiakklem1vi3j5fejpg,2000,2,0.0370947909,0
1537372500,Prod-EcsStagingCluster-EcsCluster-1AAGQRFIOE9AE,Service_beiakklem1vi3j5fejpg,2000,2,0.0409873608,0
1537423380,Prod-EcsStagingCluster-EcsCluster-1AAGQRFIOE9AE,Service_beiakklem1vi3j5fejpg,2000,2,0.0793166283,6
1537356480,Prod-EcsStagingCluster-EcsCluster-1AAGQRFIOE9AE,Service_beiakklem1vi3j5fejpg,2000,2,0.0351807427,3
1537351140,Prod-EcsStagingCluster-EcsCluster-1AAGQRFIOE9AE,Service_beiakklem1vi3j5fejpg,2000,2,0.0383660294,0
1537355340,Prod-EcsStagingCluster-EcsCluster-1AAGQRFIOE9AE,Service_beiakklem1vi3j5fejpg,2000,2,0.0350980687,18
1537407360,Prod-EcsStagingCluster-EcsCluster-1AAGQRFIOE9AE,Service_beiakklem1vi3j5fejpg,2000,2,0.1058285498,0
1537376580,Prod-EcsStagingCluster-EcsCluster-1AAGQRFIOE9AE,Service_beiakklem1vi3j5fejpg,2000,2,0.0359515766,0
1537427460,Prod-EcsStagingCluster-EcsCluster-1AAGQRFIOE9AE,Service_beiakklem1vi3j5fejpg,2000,2,0.2132238668,0
1537402020,Prod-EcsStagingCluster-EcsCluster-1AAGQRFIOE9AE,Service_beiakklem1vi3j5fejpg,2000,2,0.0945209304,0
1537368060,Prod-EcsStagingCluster-EcsCluster-1AAGQRFIOE9AE,Service_beiakklem1vi3j5fejpg,2000,2,0.0321686233,6
1537418940,Prod-EcsStagingCluster-EcsCluster-1AAGQRFIOE9AE,Service_beiakklem1vi3j5fejpg,2000,2,0.1368493746,8
1537406220,Prod-EcsStagingCluster-EcsCluster-1AAGQRFIOE9AE,Service_beiakklem1vi3j5fejpg,2000,2,0.0499152012,0
1537360560,Prod-EcsStagingCluster-EcsCluster-1AAGQRFIOE9AE,Service_beiakklem1vi3j5fejpg,2000,2,0.0366240046,10
1537411440,Prod-EcsStagingCluster-EcsCluster-1AAGQRFIOE9AE,Service_beiakklem1vi3j5fejpg,2000,2,0.1366021818,0
1537352040,Prod-EcsStagingCluster-EcsCluster-1AAGQRFIOE9AE,Service_beiakklem1vi3j5fejpg,2000,2,0.0333559132,0
1537386000,Prod-EcsStagingCluster-EcsCluster-1AAGQRFIOE9AE,Service_beiakklem1vi3j5fejpg,2000,2,0.0314191567,1
1537380660,Prod-EcsStagingCluster-EcsCluster-1AAGQRFIOE9AE,Service_beiakklem1vi3j5fejpg,2000,2,0.0361302172,0
1537431540,Prod-EcsStagingCluster-EcsCluster-1AAGQRFIOE9AE,Service_beiakklem1vi3j5fejpg,2000,2,0.0289389439,0
1537378440,Prod-EcsStagingCluster-EcsCluster-1AAGQRFIOE9AE,Service_beiakklem1vi3j5fejpg,2000,2,0.0361063302,9
1537429320,Prod-EcsStagingCluster-EcsCluster-1AAGQRFIOE9AE,Service_beiakklem1vi3j5fejpg,2000,2,0.0683322920,0
1537376220,Prod-EcsStagingCluster-EcsCluster-1AAGQRFIOE9AE,Service_beiakklem1vi3j5fejpg,2000,2,0.0360181237,0
1537363500,Prod-EcsStagingCluster-EcsCluster-1AAGQRFIOE9AE,Service_beiakklem1vi3j5fejpg,2000,2,0.0356942521,1
1537427100,Prod-EcsStagingCluster-EcsCluster-1AAGQRFIOE9AE,Service_beiakklem1vi3j5fejpg,2000,2,0.2473822902,0
1537391040,Prod-EcsStagingCluster-EcsCluster-1AAGQRFIOE9AE,Service_beiakklem1vi3j5fejpg,2000,2,0.0353580135,0
1537414380,Prod-EcsStagingCluster-EcsCluster-1AAGQRFIOE9AE,Service_beiakklem1vi3j5fejpg,2000,2,0.1370611518,0
1537388820,Prod-EcsStagingCluster-EcsCluster-1AAGQRFIOE9AE,Service_beiakklem1vi3j5fejpg,2000,2,0.0377171936,0
1537369680,Prod-EcsStagingCluster-EcsCluster-1AAGQRFIOE9AE,Service_beiakklem1vi3j5fejpg,2000,2,0.0378714227,0
1537420560,Prod-EcsStagingCluster-EcsCluster-1AAGQRFIOE9AE,Service_beiakklem1vi3j5fejpg,2000,2,0.1761862880,0
1537395120,Prod-EcsStagingCluster-EcsCluster-1AAGQRFIOE9AE,Service_beiakklem1vi3j5fejpg,2000,2,0.0367989358,0
1537386600,Prod-EcsStagingCluster-EcsCluster-1AAGQRFIOE9AE,Service_beiakklem1vi3j5fejpg,2000,2,0.0367813866,7
1537392900,Prod-EcsStagingCluster-EcsCluster-1AAGQRFIOE9AE,Service_beiakklem1vi3j5fejpg,2000,2,0.0311690862,0
1537367460,Prod-EcsStagingCluster-EcsCluster-1AAGQRFIOE9AE,Service_beiakklem1vi3j5fejpg,2000,2,0.0374227732,0
1537418340,Prod-EcsStagingCluster-EcsCluster-1AAGQRFIOE9AE,Service_beiakklem1vi3j5fejpg,2000,2,0.1494543749,3
1537371660,Prod-EcsStagingCluster-EcsCluster-1AAGQRFIOE9AE,Service_beiakklem1vi3j5fejpg,2000,2,0.0359439575,0
1537384380,Prod-EcsStagingCluster-EcsCluster-1AAGQRFIOE9AE,Service_beiakklem1vi3j5fejpg,2000,2,0.0419788166,0
1537348320,Prod-EcsStagingCluster-EcsCluster-1AAGQRFIOE9AE,Service_beiakklem1vi3j5fejpg,2000,2,0.0765995267,0
1537357800,Prod-EcsStagingCluster-EcsCluster-1AAGQRFIOE9AE,Service_beiakklem1vi3j5fejpg,2000,2,0.0371643380,0
1537364160,Prod-EcsStagingCluster-EcsCluster-1AAGQRFIOE9AE,Service_beiakklem1vi3j5fejpg,2000,2,0.0366039161,1
1537428900,Prod-EcsStagingCluster-EcsCluster-1AAGQRFIOE9AE,Service_beiakklem1vi3j5fejpg,2000,2,0.1942652952,0
1537415040,Prod-EcsStagingCluster-EcsCluster-1AAGQRFIOE9AE,Service_beiakklem1vi3j5fejpg,2000,2,0.0959860437,0
1537408680,Prod-EcsStagingCluster-EcsCluster-1AAGQRFIOE9AE,Service_beiakklem1vi3j5fejpg,2000,2,0.1324538081,0
1537363020,Prod-EcsStagingCluster-EcsCluster-1AAGQRFIOE9AE,Service_beiakklem1vi3j5fejpg,2000,2,0.0372274476,6
1537413900,Prod-EcsStagingCluster-EcsCluster-1AAGQRFIOE9AE,Service_beiakklem1vi3j5fejpg,2000,2,0.0946146704,6
1537394820,Prod-EcsStagingCluster-EcsCluster-1AAGQRFIOE9AE,Service_beiakklem1vi3j5fejpg,2000,2,0.0427825769,2
1537374600,Prod-EcsStagingCluster-EcsCluster-1AAGQRFIOE9AE,Service_beiakklem1vi3j5fejpg,2000,2,0.0363904992,0
1537380960,Prod-EcsStagingCluster-EcsCluster-1AAGQRFIOE9AE,Service_beiakklem1vi3j5fejpg,2000,2,0.0365290250,0
1537357560,Prod-EcsStagingCluster-EcsCluster-1AAGQRFIOE9AE,Service_beiakklem1vi3j5fejpg,2000,2,0.0366010459,0
1537363920,Prod-EcsStagingCluster-EcsCluster-1AAGQRFIOE9AE,Service_beiakklem1vi3j5fejpg,2000,2,0.0366348600,3
1537425480,Prod-EcsStagingCluster-EcsCluster-1AAGQRFIOE9AE,Service_beiakklem1vi3j5fejpg,2000,2,0.2353689071,0
1537379820,Prod-EcsStagingCluster-EcsCluster-1AAGQRFIOE9AE,Service_beiakklem1vi3j5fejpg,2000,2,0.0360738157,0
1537414800,Prod-EcsStagingCluster-EcsCluster-1AAGQRFIOE9AE,Service_beiakklem1vi3j5fejpg,2000,2,0.0566633442,0
1537408440,Prod-EcsStagingCluster-EcsCluster-1AAGQRFIOE9AE,Service_beiakklem1vi3j5fejpg,2000,2,0.0378153364,2
1537430700,Prod-EcsStagingCluster-EcsCluster-1AAGQRFIOE9AE,Service_beiakklem1vi3j5fejpg,2000,2,0.1413675296,0
1537394580,Prod-EcsStagingCluster-EcsCluster-1AAGQRFIOE9AE,Service_beiakklem1vi3j5fejpg,2000,2,0.0372286225,0
1537388220,Prod-EcsStagingCluster-EcsCluster-1AAGQRFIOE9AE,Service_beiakklem1vi3j5fejpg,2000,2,0.0374072325,9
1537374360,Prod-EcsStagingCluster-EcsCluster-1AAGQRFIOE9AE,Service_beiakklem1vi3j5fejpg,2000,2,0.0357499903,0
1537380720,Prod-EcsStagingCluster-EcsCluster-1AAGQRFIOE9AE,Service_beiakklem1vi3j5fejpg,2000,2,0.0368663756,0
1537425240,Prod-EcsStagingCluster-EcsCluster-1AAGQRFIOE9AE,Service_beiakklem1vi3j5fejpg,2000,2,0.1827335615,6
1537431600,Prod-EcsStagingCluster-EcsCluster-1AAGQRFIOE9AE,Service_beiakklem1vi3j5fejpg,2000,2,0.0369538770,0
1537354140,Prod-EcsStagingCluster-EcsCluster-1AAGQRFIOE9AE,Service_beiakklem1vi3j5fejpg,2000,2,0.0474448537,2
1537360500,Prod-EcsStagingCluster-EcsCluster-1AAGQRFIOE9AE,Service_beiakklem1vi3j5fejpg,2000,2,0.0377873497,0
1537411380,Prod-EcsStagingCluster-EcsCluster-1AAGQRFIOE9AE,Service_beiakklem1vi3j5fejpg,2000,2,0.1332756528,0
1537405020,Prod-EcsStagingCluster-EcsCluster-1AAGQRFIOE9AE,Service_beiakklem1vi3j5fejpg,2000,2,0.1360703366,0
1537358280,Prod-EcsStagingCluster-EcsCluster-1AAGQRFIOE9AE,Service_beiakklem1vi3j5fejpg,2000,2,0.0372718217,0
1537394340,Prod-EcsStagingCluster-EcsCluster-1AAGQRFIOE9AE,Service_beiakklem1vi3j5fejpg,2000,2,0.0355124834,0
1537364640,Prod-EcsStagingCluster-EcsCluster-1AAGQRFIOE9AE,Service_beiakklem1vi3j5fejpg,2000,2,0.0369622090,0
1537409160,Prod-EcsStagingCluster-EcsCluster-1AAGQRFIOE9AE,Service_beiakklem1vi3j5fejpg,2000,2,0.0669341912,0
1537415520,Prod-EcsStagingCluster-EcsCluster-1AAGQRFIOE9AE,Service_beiakklem1vi3j5fejpg,2000,2,0.0826039124,8
1537347600,Prod-EcsStagingCluster-EcsCluster-1AAGQRFIOE9AE,Service_beiakklem1vi3j5fejpg,2000,2,0.0320229657,0
1537398480,Prod-EcsStagingCluster-EcsCluster-1AAGQRFIOE9AE,Service_beiakklem1vi3j5fejpg,2000,2,0.0363483924,0
1537392120,Prod-EcsStagingCluster-EcsCluster-1AAGQRFIOE9AE,Service_beiakklem1vi3j5fejpg,2000,2,0.0338839627,0
1537379340,Prod-EcsStagingCluster-EcsCluster-1AAGQRFIOE9AE,Service_beiakklem1vi3j5fejpg,2000,2,0.0313948583,9
1537360260,Prod-EcsStagingCluster-EcsCluster-1AAGQRFIOE9AE,Service_beiakklem1vi3j5fejpg,2000,2,0.0368822258,4
1537411140,Prod-EcsStagingCluster-EcsCluster-1AAGQRFIOE9AE,Service_beiakklem1vi3j5fejpg,2000,2,0.0606385104,8
1537430220,Prod-EcsStagingCluster-EcsCluster-1AAGQRFIOE9AE,Service_beiakklem1vi3j5fejpg,2000,2,0.0774823118,13
1537358040,Prod-EcsStagingCluster-EcsCluster-1AAGQRFIOE9AE,Service_beiakklem1vi3j5fejpg,2000,2,0.0360308802,0
1537364400,Prod-EcsStagingCluster-EcsCluster-1AAGQRFIOE9AE,Service_beiakklem1vi3j5fejpg,2000,2,0.0356420039,0
1537408920,Prod-EcsStagingCluster-EcsCluster-1AAGQRFIOE9AE,Service_beiakklem1vi3j5fejpg,2000,2,0.0638635152,0
1537415280,Prod-EcsStagingCluster-EcsCluster-1AAGQRFIOE9AE,Service_beiakklem1vi3j5fejpg,2000,2,0.0868686467,0
1537396140,Prod-EcsStagingCluster-EcsCluster-1AAGQRFIOE9AE,Service_beiakklem1vi3j5fejpg,2000,2,0.0372611434,0
1537360020,Prod-EcsStagingCluster-EcsCluster-1AAGQRFIOE9AE,Service_beiakklem1vi3j5fejpg,2000,2,0.0365280190,0
1537353660,Prod-EcsStagingCluster-EcsCluster-1AAGQRFIOE9AE,Service_beiakklem1vi3j5fejpg,2000,2,0.0366092455,0
1537392840,Prod-EcsStagingCluster-EcsCluster-1AAGQRFIOE9AE,Service_beiakklem1vi3j5fejpg,2000,2,0.0310656699,9
1537404540,Prod-EcsStagingCluster-EcsCluster-1AAGQRFIOE9AE,Service_beiakklem1vi3j5fejpg,2000,2,0.1505306009,7
1537346160,Prod-EcsStagingCluster-EcsCluster-1AAGQRFIOE9AE,Service_beiakklem1vi3j5fejpg,2000,2,0.1012931799,0
1537375800,Prod-EcsStagingCluster-EcsCluster-1AAGQRFIOE9AE,Service_beiakklem1vi3j5fejpg,2000,2,0.0361487515,0
1537397040,Prod-EcsStagingCluster-EcsCluster-1AAGQRFIOE9AE,Service_beiakklem1vi3j5fejpg,2000,2,0.0372978115,0
1537370460,Prod-EcsStagingCluster-EcsCluster-1AAGQRFIOE9AE,Service_beiakklem1vi3j5fejpg,2000,2,0.0375999613,0
1537361940,Prod-EcsStagingCluster-EcsCluster-1AAGQRFIOE9AE,Service_beiakklem1vi3j5fejpg,2000,2,0.0277525169,9
1537426680,Prod-EcsStagingCluster-EcsCluster-1AAGQRFIOE9AE,Service_beiakklem1vi3j5fejpg,2000,2,0.1898374270,0
1537421340,Prod-EcsStagingCluster-EcsCluster-1AAGQRFIOE9AE,Service_beiakklem1vi3j5fejpg,2000,2,0.0897443842,3
1537412820,Prod-EcsStagingCluster-EcsCluster-1AAGQRFIOE9AE,Service_beiakklem1vi3j5fejpg,2000,2,0.1018464154,0
1537392600,Prod-EcsStagingCluster-EcsCluster-1AAGQRFIOE9AE,Service_beiakklem1vi3j5fejpg,2000,2,0.0312794656,0
1537345920,Prod-EcsStagingCluster-EcsCluster-1AAGQRFIOE9AE,Service_beiakklem1vi3j5fejpg,2000,2,0.1553200812,6
1537378740,Prod-EcsStagingCluster-EcsCluster-1AAGQRFIOE9AE,Service_beiakklem1vi3j5fejpg,2000,2,0.0358025478,0
1537396800,Prod-EcsStagingCluster-EcsCluster-1AAGQRFIOE9AE,Service_beiakklem1vi3j5fejpg,2000,2,0.0362690622,0
1537395660,Prod-EcsStagingCluster-EcsCluster-1AAGQRFIOE9AE,Service_beiakklem1vi3j5fejpg,2000,2,0.0375853647,9
1537429620,Prod-EcsStagingCluster-EcsCluster-1AAGQRFIOE9AE,Service_beiakklem1vi3j5fejpg,2000,2,0.1995015587,5
1537361700,Prod-EcsStagingCluster-EcsCluster-1AAGQRFIOE9AE,Service_beiakklem1vi3j5fejpg,2000,2,0.0357249552,0
1537412580,Prod-EcsStagingCluster-EcsCluster-1AAGQRFIOE9AE,Service_beiakklem1vi3j5fejpg,2000,2,0.0833562700,0
1537362720,Prod-EcsStagingCluster-EcsCluster-1AAGQRFIOE9AE,Service_beiakklem1vi3j5fejpg,2000,2,0.0366959210,4
1537413600,Prod-EcsStagingCluster-EcsCluster-1AAGQRFIOE9AE,Service_beiakklem1vi3j5fejpg,2000,2,0.1690301274,0
1537392360,Prod-EcsStagingCluster-EcsCluster-1AAGQRFIOE9AE,Service_beiakklem1vi3j5fejpg,2000,2,0.0310703287,0
1537345680,Prod-EcsStagingCluster-EcsCluster-1AAGQRFIOE9AE,Service_beiakklem1vi3j5fejpg,2000,2,0.0880618276,9
1537361580,Prod-EcsStagingCluster-EcsCluster-1AAGQRFIOE9AE,Service_beiakklem1vi3j5fejpg,2000,2,0.0425786277,4
1537410360,Prod-EcsStagingCluster-EcsCluster-1AAGQRFIOE9AE,Service_beiakklem1vi3j5fejpg,2000,2,0.0671094641,2
1537412460,Prod-EcsStagingCluster-EcsCluster-1AAGQRFIOE9AE,Service_beiakklem1vi3j5fejpg,2000,2,0.0291871586,0
1537378500,Prod-EcsStagingCluster-EcsCluster-1AAGQRFIOE9AE,Service_beiakklem1vi3j5fejpg,2000,2,0.0408401262,0
1537429380,Prod-EcsStagingCluster-EcsCluster-1AAGQRFIOE9AE,Service_beiakklem1vi3j5fejpg,2000,2,0.0297960865,0
1537369980,Prod-EcsStagingCluster-EcsCluster-1AAGQRFIOE9AE,Service_beiakklem1vi3j5fejpg,2000,2,0.0379303078,0
1537420860,Prod-EcsStagingCluster-EcsCluster-1AAGQRFIOE9AE,Service_beiakklem1vi3j5fejpg,2000,2,0.1281990283,0
1537376280,Prod-EcsStagingCluster-EcsCluster-1AAGQRFIOE9AE,Service_beiakklem1vi3j5fejpg,2000,2,0.0354807407,0
1537427160,Prod-EcsStagingCluster-EcsCluster-1AAGQRFIOE9AE,Service_beiakklem1vi3j5fejpg,2000,2,0.0573893189,0
1537380480,Prod-EcsStagingCluster-EcsCluster-1AAGQRFIOE9AE,Service_beiakklem1vi3j5fejpg,2000,2,0.0359915861,3
1537431360,Prod-EcsStagingCluster-EcsCluster-1AAGQRFIOE9AE,Service_beiakklem1vi3j5fejpg,2000,2,0.0250853684,0
1537386780,Prod-EcsStagingCluster-EcsCluster-1AAGQRFIOE9AE,Service_beiakklem1vi3j5fejpg,2000,2,0.0365504186,0
1537378260,Prod-EcsStagingCluster-EcsCluster-1AAGQRFIOE9AE,Service_beiakklem1vi3j5fejpg,2000,2,0.0418489281,0
1537346400,Prod-EcsStagingCluster-EcsCluster-1AAGQRFIOE9AE,Service_beiakklem1vi3j5fejpg,2000,2,0.1328816571,0
1537397280,Prod-EcsStagingCluster-EcsCluster-1AAGQRFIOE9AE,Service_beiakklem1vi3j5fejpg,2000,2,0.0399525531,0
1537429140,Prod-EcsStagingCluster-EcsCluster-1AAGQRFIOE9AE,Service_beiakklem1vi3j5fejpg,2000,2,0.0297761209,0
1537376040,Prod-EcsStagingCluster-EcsCluster-1AAGQRFIOE9AE,Service_beiakklem1vi3j5fejpg,2000,2,0.0356935977,8
1537380240,Prod-EcsStagingCluster-EcsCluster-1AAGQRFIOE9AE,Service_beiakklem1vi3j5fejpg,2000,2,0.0350697463,6
1537395060,Prod-EcsStagingCluster-EcsCluster-1AAGQRFIOE9AE,Service_beiakklem1vi3j5fejpg,2000,2,0.0406258518,2
1537361100,Prod-EcsStagingCluster-EcsCluster-1AAGQRFIOE9AE,Service_beiakklem1vi3j5fejpg,2000,2,0.0378683608,0
1537426920,Prod-EcsStagingCluster-EcsCluster-1AAGQRFIOE9AE,Service_beiakklem1vi3j5fejpg,2000,2,0.1869820013,0
1537431120,Prod-EcsStagingCluster-EcsCluster-1AAGQRFIOE9AE,Service_beiakklem1vi3j5fejpg,2000,2,0.0765652240,4
1537411980,Prod-EcsStagingCluster-EcsCluster-1AAGQRFIOE9AE,Service_beiakklem1vi3j5fejpg,2000,2,0.1412748844,1
1537378020,Prod-EcsStagingCluster-EcsCluster-1AAGQRFIOE9AE,Service_beiakklem1vi3j5fejpg,2000,2,0.0353303422,0
1537372680,Prod-EcsStagingCluster-EcsCluster-1AAGQRFIOE9AE,Service_beiakklem1vi3j5fejpg,2000,2,0.0356437134,0
1537379040,Prod-EcsStagingCluster-EcsCluster-1AAGQRFIOE9AE,Service_beiakklem1vi3j5fejpg,2000,2,0.0367385748,1
1537424700,Prod-EcsStagingCluster-EcsCluster-1AAGQRFIOE9AE,Service_beiakklem1vi3j5fejpg,2000,2,0.1671347853,14
1537359960,Prod-EcsStagingCluster-EcsCluster-1AAGQRFIOE9AE,Service_beiakklem1vi3j5fejpg,2000,2,0.0361129280,0
1537366320,Prod-EcsStagingCluster-EcsCluster-1AAGQRFIOE9AE,Service_beiakklem1vi3j5fejpg,2000,2,0.0369488965,0
1537410840,Prod-EcsStagingCluster-EcsCluster-1AAGQRFIOE9AE,Service_beiakklem1vi3j5fejpg,2000,2,0.0682331466,0
1537429920,Prod-EcsStagingCluster-EcsCluster-1AAGQRFIOE9AE,Service_beiakklem1vi3j5fejpg,2000,2,0.0886172916,0
1537423560,Prod-EcsStagingCluster-EcsCluster-1AAGQRFIOE9AE,Service_beiakklem1vi3j5fejpg,2000,2,0.0824821059,9
1537417200,Prod-EcsStagingCluster-EcsCluster-1AAGQRFIOE9AE,Service_beiakklem1vi3j5fejpg,2000,2,0.1795371400,8
1537390620,Prod-EcsStagingCluster-EcsCluster-1AAGQRFIOE9AE,Service_beiakklem1vi3j5fejpg,2000,2,0.0364019529,0
1537377900,Prod-EcsStagingCluster-EcsCluster-1AAGQRFIOE9AE,Service_beiakklem1vi3j5fejpg,2000,2,0.0364808453,7
1537428780,Prod-EcsStagingCluster-EcsCluster-1AAGQRFIOE9AE,Service_beiakklem1vi3j5fejpg,2000,2,0.0332791484,7
1537379940,Prod-EcsStagingCluster-EcsCluster-1AAGQRFIOE9AE,Service_beiakklem1vi3j5fejpg,2000,2,0.0316851047,5
1537392660,Prod-EcsStagingCluster-EcsCluster-1AAGQRFIOE9AE,Service_beiakklem1vi3j5fejpg,2000,2,0.0308536029,0
1537430820,Prod-EcsStagingCluster-EcsCluster-1AAGQRFIOE9AE,Service_beiakklem1vi3j5fejpg,2000,2,0.0353980435,0
1537358580,Prod-EcsStagingCluster-EcsCluster-1AAGQRFIOE9AE,Service_beiakklem1vi3j5fejpg,2000,2,0.0368324403,0
1537345860,Prod-EcsStagingCluster-EcsCluster-1AAGQRFIOE9AE,Service_beiakklem1vi3j5fejpg,2000,2,0.0402649594,6
1537409460,Prod-EcsStagingCluster-EcsCluster-1AAGQRFIOE9AE,Service_beiakklem1vi3j5fejpg,2000,2,0.0841565893,0
1537396740,Prod-EcsStagingCluster-EcsCluster-1AAGQRFIOE9AE,Service_beiakklem1vi3j5fejpg,2000,2,0.0367106092,0
1537359480,Prod-EcsStagingCluster-EcsCluster-1AAGQRFIOE9AE,Service_beiakklem1vi3j5fejpg,2000,2,0.0363356179,2
1537378560,Prod-EcsStagingCluster-EcsCluster-1AAGQRFIOE9AE,Service_beiakklem1vi3j5fejpg,2000,2,0.0372220978,9
1537365840,Prod-EcsStagingCluster-EcsCluster-1AAGQRFIOE9AE,Service_beiakklem1vi3j5fejpg,2000,2,0.0386389907,9
1537372200,Prod-EcsStagingCluster-EcsCluster-1AAGQRFIOE9AE,Service_beiakklem1vi3j5fejpg,2000,2,0.0356008677,0
1537377420,Prod-EcsStagingCluster-EcsCluster-1AAGQRFIOE9AE,Service_beiakklem1vi3j5fejpg,2000,2,0.0354400245,0
1537390140,Prod-EcsStagingCluster-EcsCluster-1AAGQRFIOE9AE,Service_beiakklem1vi3j5fejpg,2000,2,0.0382177464,0
1537428300,Prod-EcsStagingCluster-EcsCluster-1AAGQRFIOE9AE,Service_beiakklem1vi3j5fejpg,2000,2,0.2032887018,0
1537356060,Prod-EcsStagingCluster-EcsCluster-1AAGQRFIOE9AE,Service_beiakklem1vi3j5fejpg,2000,2,0.0358699169,0
1537406940,Prod-EcsStagingCluster-EcsCluster-1AAGQRFIOE9AE,Service_beiakklem1vi3j5fejpg,2000,2,0.0553984526,2
1537394220,Prod-EcsStagingCluster-EcsCluster-1AAGQRFIOE9AE,Service_beiakklem1vi3j5fejpg,2000,2,0.0359754484,0
1537345380,Prod-EcsStagingCluster-EcsCluster-1AAGQRFIOE9AE,Service_beiakklem1vi3j5fejpg,2000,2,0.1347587949,0
1537358100,Prod-EcsStagingCluster-EcsCluster-1AAGQRFIOE9AE,Service_beiakklem1vi3j5fejpg,2000,2,0.0369002178,0
1537396260,Prod-EcsStagingCluster-EcsCluster-1AAGQRFIOE9AE,Service_beiakklem1vi3j5fejpg,2000,2,0.0381043173,0
1537408980,Prod-EcsStagingCluster-EcsCluster-1AAGQRFIOE9AE,Service_beiakklem1vi3j5fejpg,2000,2,0.0563174811,9
1537362240,Prod-EcsStagingCluster-EcsCluster-1AAGQRFIOE9AE,Service_beiakklem1vi3j5fejpg,2000,2,0.0267486966,4
1537349520,Prod-EcsStagingCluster-EcsCluster-1AAGQRFIOE9AE,Service_beiakklem1vi3j5fejpg,2000,2,0.0925247970,0
1537355880,Prod-EcsStagingCluster-EcsCluster-1AAGQRFIOE9AE,Service_beiakklem1vi3j5fejpg,2000,2,0.0315574961,0
1537400400,Prod-EcsStagingCluster-EcsCluster-1AAGQRFIOE9AE,Service_beiakklem1vi3j5fejpg,2000,2,0.0340116931,0
1537394040,Prod-EcsStagingCluster-EcsCluster-1AAGQRFIOE9AE,Service_beiakklem1vi3j5fejpg,2000,2,0.0371892146,0
1537374900,Prod-EcsStagingCluster-EcsCluster-1AAGQRFIOE9AE,Service_beiakklem1vi3j5fejpg,2000,2,0.0364916048,1
1537413120,Prod-EcsStagingCluster-EcsCluster-1AAGQRFIOE9AE,Service_beiakklem1vi3j5fejpg,2000,2,0.1081919694,0
1537406760,Prod-EcsStagingCluster-EcsCluster-1AAGQRFIOE9AE,Service_beiakklem1vi3j5fejpg,2000,2,0.1057539576,0
1537362180,Prod-EcsStagingCluster-EcsCluster-1AAGQRFIOE9AE,Service_beiakklem1vi3j5fejpg,2000,2,0.0302071220,0
1537413060,Prod-EcsStagingCluster-EcsCluster-1AAGQRFIOE9AE,Service_beiakklem1vi3j5fejpg,2000,2,0.1142079522,0
1537425780,Prod-EcsStagingCluster-EcsCluster-1AAGQRFIOE9AE,Service_beiakklem1vi3j5fejpg,2000,2,0.1622571378,2
1537410900,Prod-EcsStagingCluster-EcsCluster-1AAGQRFIOE9AE,Service_beiakklem1vi3j5fejpg,2000,2,0.1616930132,0
1537382160,Prod-EcsStagingCluster-EcsCluster-1AAGQRFIOE9AE,Service_beiakklem1vi3j5fejpg,2000,2,0.0373105070,8
1537376820,Prod-EcsStagingCluster-EcsCluster-1AAGQRFIOE9AE,Service_beiakklem1vi3j5fejpg,2000,2,0.0374380265,0
1537394880,Prod-EcsStagingCluster-EcsCluster-1AAGQRFIOE9AE,Service_beiakklem1vi3j5fejpg,2000,2,0.0376414231,0
1537364100,Prod-EcsStagingCluster-EcsCluster-1AAGQRFIOE9AE,Service_beiakklem1vi3j5fejpg,2000,2,0.0367824696,3
1537355580,Prod-EcsStagingCluster-EcsCluster-1AAGQRFIOE9AE,Service_beiakklem1vi3j5fejpg,2000,2,0.0355565677,8
1537393740,Prod-EcsStagingCluster-EcsCluster-1AAGQRFIOE9AE,Service_beiakklem1vi3j5fejpg,2000,2,0.0313764998,8
1537427700,Prod-EcsStagingCluster-EcsCluster-1AAGQRFIOE9AE,Service_beiakklem1vi3j5fejpg,2000,2,0.0298726164,2
1537414980,Prod-EcsStagingCluster-EcsCluster-1AAGQRFIOE9AE,Service_beiakklem1vi3j5fejpg,2000,2,0.0487308317,0
1537348080,Prod-EcsStagingCluster-EcsCluster-1AAGQRFIOE9AE,Service_beiakklem1vi3j5fejpg,2000,2,0.1353790034,0
1537360800,Prod-EcsStagingCluster-EcsCluster-1AAGQRFIOE9AE,Service_beiakklem1vi3j5fejpg,2000,2,0.0374163637,0
1537406460,Prod-EcsStagingCluster-EcsCluster-1AAGQRFIOE9AE,Service_beiakklem1vi3j5fejpg,2000,2,0.1024821533,0
1537411680,Prod-EcsStagingCluster-EcsCluster-1AAGQRFIOE9AE,Service_beiakklem1vi3j5fejpg,2000,2,0.1081555627,0
1537377720,Prod-EcsStagingCluster-EcsCluster-1AAGQRFIOE9AE,Service_beiakklem1vi3j5fejpg,2000,2,0.0387396773,10
1537398960,Prod-EcsStagingCluster-EcsCluster-1AAGQRFIOE9AE,Service_beiakklem1vi3j5fejpg,2000,2,0.0325627980,2
1537372380,Prod-EcsStagingCluster-EcsCluster-1AAGQRFIOE9AE,Service_beiakklem1vi3j5fejpg,2000,2,0.0350389473,7
1537390440,Prod-EcsStagingCluster-EcsCluster-1AAGQRFIOE9AE,Service_beiakklem1vi3j5fejpg,2000,2,0.0368475766,2
1537359660,Prod-EcsStagingCluster-EcsCluster-1AAGQRFIOE9AE,Service_beiakklem1vi3j5fejpg,2000,2,0.0319071542,0
1537410540,Prod-EcsStagingCluster-EcsCluster-1AAGQRFIOE9AE,Service_beiakklem1vi3j5fejpg,2000,2,0.1098246280,0
1537428600,Prod-EcsStagingCluster-EcsCluster-1AAGQRFIOE9AE,Service_beiakklem1vi3j5fejpg,2000,2,0.0309928002,0
1537423260,Prod-EcsStagingCluster-EcsCluster-1AAGQRFIOE9AE,Service_beiakklem1vi3j5fejpg,2000,2,0.1885640301,7
1537356360,Prod-EcsStagingCluster-EcsCluster-1AAGQRFIOE9AE,Service_beiakklem1vi3j5fejpg,2000,2,0.0354326783,0
1537407240,Prod-EcsStagingCluster-EcsCluster-1AAGQRFIOE9AE,Service_beiakklem1vi3j5fejpg,2000,2,0.1805026640,13
1537394520,Prod-EcsStagingCluster-EcsCluster-1AAGQRFIOE9AE,Service_beiakklem1vi3j5fejpg,2000,2,0.0373213437,0
1537416720,Prod-EcsStagingCluster-EcsCluster-1AAGQRFIOE9AE,Service_beiakklem1vi3j5fejpg,2000,2,0.1215654874,6
1537429440,Prod-EcsStagingCluster-EcsCluster-1AAGQRFIOE9AE,Service_beiakklem1vi3j5fejpg,2000,2,0.2002503831,1
1537363620,Prod-EcsStagingCluster-EcsCluster-1AAGQRFIOE9AE,Service_beiakklem1vi3j5fejpg,2000,2,0.0358576976,0
1537376340,Prod-EcsStagingCluster-EcsCluster-1AAGQRFIOE9AE,Service_beiakklem1vi3j5fejpg,2000,2,0.0358611836,0
1537414500,Prod-EcsStagingCluster-EcsCluster-1AAGQRFIOE9AE,Service_beiakklem1vi3j5fejpg,2000,2,0.1449587984,0
1537395360,Prod-EcsStagingCluster-EcsCluster-1AAGQRFIOE9AE,Service_beiakklem1vi3j5fejpg,2000,2,0.0374174396,0
1537361400,Prod-EcsStagingCluster-EcsCluster-1AAGQRFIOE9AE,Service_beiakklem1vi3j5fejpg,2000,2,0.0369717578,0
1537427220,Prod-EcsStagingCluster-EcsCluster-1AAGQRFIOE9AE,Service_beiakklem1vi3j5fejpg,2000,2,0.1638533604,0
1537382640,Prod-EcsStagingCluster-EcsCluster-1AAGQRFIOE9AE,Service_beiakklem1vi3j5fejpg,2000,2,0.0365182590,0
1537374120,Prod-EcsStagingCluster-EcsCluster-1AAGQRFIOE9AE,Service_beiakklem1vi3j5fejpg,2000,2,0.0317364619,0
1537412280,Prod-EcsStagingCluster-EcsCluster-1AAGQRFIOE9AE,Service_beiakklem1vi3j5fejpg,2000,2,0.0287369714,0
1537393140,Prod-EcsStagingCluster-EcsCluster-1AAGQRFIOE9AE,Service_beiakklem1vi3j5fejpg,2000,2,0.0310842284,0
1537359180,Prod-EcsStagingCluster-EcsCluster-1AAGQRFIOE9AE,Service_beiakklem1vi3j5fejpg,2000,2,0.0362513031,0
1537425000,Prod-EcsStagingCluster-EcsCluster-1AAGQRFIOE9AE,Service_beiakklem1vi3j5fejpg,2000,2,0.1242047110,0
1537380420,Prod-EcsStagingCluster-EcsCluster-1AAGQRFIOE9AE,Service_beiakklem1vi3j5fejpg,2000,2,0.0310937029,6
1537431300,Prod-EcsStagingCluster-EcsCluster-1AAGQRFIOE9AE,Service_beiakklem1vi3j5fejpg,2000,2,0.1268927678,7
1537371900,Prod-EcsStagingCluster-EcsCluster-1AAGQRFIOE9AE,Service_beiakklem1vi3j5fejpg,2000,2,0.0408162869,0
1537410060,Prod-EcsStagingCluster-EcsCluster-1AAGQRFIOE9AE,Service_beiakklem1vi3j5fejpg,2000,2,0.1005627739,0
1537422780,Prod-EcsStagingCluster-EcsCluster-1AAGQRFIOE9AE,Service_beiakklem1vi3j5fejpg,2000,2,0.1229854985,0
1537390920,Prod-EcsStagingCluster-EcsCluster-1AAGQRFIOE9AE,Service_beiakklem1vi3j5fejpg,2000,2,0.0356915522,0
1537378200,Prod-EcsStagingCluster-EcsCluster-1AAGQRFIOE9AE,Service_beiakklem1vi3j5fejpg,2000,2,0.0353063059,6
1537429080,Prod-EcsStagingCluster-EcsCluster-1AAGQRFIOE9AE,Service_beiakklem1vi3j5fejpg,2000,2,0.1446724993,0
1537388700,Prod-EcsStagingCluster-EcsCluster-1AAGQRFIOE9AE,Service_beiakklem1vi3j5fejpg,2000,2,0.0378879473,9
1537375980,Prod-EcsStagingCluster-EcsCluster-1AAGQRFIOE9AE,Service_beiakklem1vi3j5fejpg,2000,2,0.0417378177,0
1537350300,Prod-EcsStagingCluster-EcsCluster-1AAGQRFIOE9AE,Service_beiakklem1vi3j5fejq0,500,2,0.0833224242,0
1537353480,Prod-EcsStagingCluster-EcsCluster-1AAGQRFIOE9AE,Service_beiakklem1vi3j5fejq0,500,2,0.0840481177,0
1537356660,Prod-EcsStagingCluster-EcsCluster-1AAGQRFIOE9AE,Service_beiakklem1vi3j5fejq0,500,2,0.0825333336,0
1537359840,Prod-EcsStagingCluster-EcsCluster-1AAGQRFIOE9AE,Service_beiakklem1vi3j5fejq0,500,2,0.0843884353,0
1537378920,Prod-EcsStagingCluster-EcsCluster-1AAGQRFIOE9AE,Service_beiakklem1vi3j5fejq0,500,2,0.0767329220,0
1537382100,Prod-EcsStagingCluster-EcsCluster-1AAGQRFIOE9AE,Service_beiakklem1vi3j5fejq0,500,2,0.0847635647,0
1537385280,Prod-EcsStagingCluster-EcsCluster-1AAGQRFIOE9AE,Service_beiakklem1vi3j5fejq0,500,2,0.0800035546,0
1537375740,Prod-EcsStagingCluster-EcsCluster-1AAGQRFIOE9AE,Service_beiakklem1vi3j5fejq0,500,2,0.0807824580,0
1537409580,Prod-EcsStagingCluster-EcsCluster-1AAGQRFIOE9AE,Service_beiakklem1vi3j5fejq0,500,2,0.0887505779,0
1537412760,Prod-EcsStagingCluster-EcsCluster-1AAGQRFIOE9AE,Service_beiakklem1vi3j5fejq0,500,2,0.0841297343,0
1537415940,Prod-EcsStagingCluster-EcsCluster-1AAGQRFIOE9AE,Service_beiakklem1vi3j5fejq0,500,2,0.0891434136,0
1537419120,Prod-EcsStagingCluster-EcsCluster-1AAGQRFIOE9AE,Service_beiakklem1vi3j5fejq0,500,2,0.1020219224,0
1537393440,Prod-EcsStagingCluster-EcsCluster-1AAGQRFIOE9AE,Service_beiakklem1vi3j5fejq0,500,2,0.0822825202,0
1537390260,Prod-EcsStagingCluster-EcsCluster-1AAGQRFIOE9AE,Service_beiakklem1vi3j5fejq0,500,2,0.0845592630,0
1537383900,Prod-EcsStagingCluster-EcsCluster-1AAGQRFIOE9AE,Service_beiakklem1vi3j5fejq0,500,2,0.0843486344,0
1537387080,Prod-EcsStagingCluster-EcsCluster-1AAGQRFIOE9AE,Service_beiakklem1vi3j5fejq0,500,2,0.0860531410,0
1537415700,Prod-EcsStagingCluster-EcsCluster-1AAGQRFIOE9AE,Service_beiakklem1vi3j5fejq0,500,2,0.1037575348,0
1537418880,Prod-EcsStagingCluster-EcsCluster-1AAGQRFIOE9AE,Service_beiakklem1vi3j5fejq0,500,2,0.0968737927,0
1537347780,Prod-EcsStagingCluster-EcsCluster-1AAGQRFIOE9AE,Service_beiakklem1vi3j5fejq0,500,2,0.0798707904,0
1537350960,Prod-EcsStagingCluster-EcsCluster-1AAGQRFIOE9AE,Service_beiakklem1vi3j5fejq0,500,2,0.0872400286,0
1537409340,Prod-EcsStagingCluster-EcsCluster-1AAGQRFIOE9AE,Service_beiakklem1vi3j5fejq0,500,2,0.0866404934,0
1537412520,Prod-EcsStagingCluster-EcsCluster-1AAGQRFIOE9AE,Service_beiakklem1vi3j5fejq0,500,2,0.0871754066,0
1537373220,Prod-EcsStagingCluster-EcsCluster-1AAGQRFIOE9AE,Service_beiakklem1vi3j5fejq0,500,2,0.0760838085,1
1537366860,Prod-EcsStagingCluster-EcsCluster-1AAGQRFIOE9AE,Service_beiakklem1vi3j5fejq0,500,2,0.0848824717,1
1537394400,Prod-EcsStagingCluster-EcsCluster-1AAGQRFIOE9AE,Service_beiakklem1vi3j5fejq0,500,2,0.0817234379,0
1537388040,Prod-EcsStagingCluster-EcsCluster-1AAGQRFIOE9AE,Service_beiakklem1vi3j5fejq0,500,2,0.0873925719,0
1537419840,Prod-EcsStagingCluster-EcsCluster-1AAGQRFIOE9AE,Service_beiakklem1vi3j5fejq0,500,2,0.0980998746,0
1537351920,Prod-EcsStagingCluster-EcsCluster-1AAGQRFIOE9AE,Service_beiakklem1vi3j5fejq0,500,2,0.0841577232,0
1537413480,Prod-EcsStagingCluster-EcsCluster-1AAGQRFIOE9AE,Service_beiakklem1vi3j5fejq0,500,2,0.0799255662,0
1537345560,Prod-EcsStagingCluster-EcsCluster-1AAGQRFIOE9AE,Service_beiakklem1vi3j5fejq0,500,2,0.0833542841,0
1537377360,Prod-EcsStagingCluster-EcsCluster-1AAGQRFIOE9AE,Service_beiakklem1vi3j5fejq0,500,2,0.0796642335,0
1537371000,Prod-EcsStagingCluster-EcsCluster-1AAGQRFIOE9AE,Service_beiakklem1vi3j5fejq0,500,2,0.0786659115,0
1537347540,Prod-EcsStagingCluster-EcsCluster-1AAGQRFIOE9AE,Service_beiakklem1vi3j5fejq0,500,2,0.0797256610,0
1537345320,Prod-EcsStagingCluster-EcsCluster-1AAGQRFIOE9AE,Service_beiakklem1vi3j5fejq0,500,2,0.0821562587,0
1537417500,Prod-EcsStagingCluster-EcsCluster-1AAGQRFIOE9AE,Service_beiakklem1vi3j5fejq0,500,2,0.0989391942,0
1537423860,Prod-EcsStagingCluster-EcsCluster-1AAGQRFIOE9AE,Service_beiakklem1vi3j5fejq0,500,2,0.4960937631,0
1537351680,Prod-EcsStagingCluster-EcsCluster-1AAGQRFIOE9AE,Service_beiakklem1vi3j5fejq0,500,2,0.0815872396,0
1537375020,Prod-EcsStagingCluster-EcsCluster-1AAGQRFIOE9AE,Service_beiakklem1vi3j5fejq0,500,2,0.0782691889,0
1537381380,Prod-EcsStagingCluster-EcsCluster-1AAGQRFIOE9AE,Service_beiakklem1vi3j5fejq0,500,2,0.0821333798,0
1537400460,Prod-EcsStagingCluster-EcsCluster-1AAGQRFIOE9AE,Service_beiakklem1vi3j5fejq0,500,2,0.0899912676,0
1537406820,Prod-EcsStagingCluster-EcsCluster-1AAGQRFIOE9AE,Service_beiakklem1vi3j5fejq0,500,2,0.0828013596,0
1537428000,Prod-EcsStagingCluster-EcsCluster-1AAGQRFIOE9AE,Service_beiakklem1vi3j5fejq0,500,2,0.0981649421,0
1537421640,Prod-EcsStagingCluster-EcsCluster-1AAGQRFIOE9AE,Service_beiakklem1vi3j5fejq0,500,2,0.0897550152,0
1537385520,Prod-EcsStagingCluster-EcsCluster-1AAGQRFIOE9AE,Service_beiakklem1vi3j5fejq0,500,2,0.0883722616,0
1537379160,Prod-EcsStagingCluster-EcsCluster-1AAGQRFIOE9AE,Service_beiakklem1vi3j5fejq0,500,2,0.0791813506,0
1537404600,Prod-EcsStagingCluster-EcsCluster-1AAGQRFIOE9AE,Service_beiakklem1vi3j5fejq0,500,2,0.0973895508,0
1537410960,Prod-EcsStagingCluster-EcsCluster-1AAGQRFIOE9AE,Service_beiakklem1vi3j5fejq0,500,2,0.0932387236,0
1537358880,Prod-EcsStagingCluster-EcsCluster-1AAGQRFIOE9AE,Service_beiakklem1vi3j5fejq0,500,2,0.0809582543,0
1537349340,Prod-EcsStagingCluster-EcsCluster-1AAGQRFIOE9AE,Service_beiakklem1vi3j5fejq0,500,2,0.0843977099,0
1537380120,Prod-EcsStagingCluster-EcsCluster-1AAGQRFIOE9AE,Service_beiakklem1vi3j5fejq0,500,2,0.0822942387,0
1537383300,Prod-EcsStagingCluster-EcsCluster-1AAGQRFIOE9AE,Service_beiakklem1vi3j5fejq0,500,2,0.0826543554,0
1537384320,Prod-EcsStagingCluster-EcsCluster-1AAGQRFIOE9AE,Service_beiakklem1vi3j5fejq0,500,2,0.0823642179,0
1537405560,Prod-EcsStagingCluster-EcsCluster-1AAGQRFIOE9AE,Service_beiakklem1vi3j5fejq0,500,2,0.0901066887,0
1537408740,Prod-EcsStagingCluster-EcsCluster-1AAGQRFIOE9AE,Service_beiakklem1vi3j5fejq0,500,2,0.0919870859,0
1537374780,Prod-EcsStagingCluster-EcsCluster-1AAGQRFIOE9AE,Service_beiakklem1vi3j5fejq0,500,2,0.0810246995,0
1537408620,Prod-EcsStagingCluster-EcsCluster-1AAGQRFIOE9AE,Service_beiakklem1vi3j5fejq0,500,2,0.0905064682,0
1537418160,Prod-EcsStagingCluster-EcsCluster-1AAGQRFIOE9AE,Service_beiakklem1vi3j5fejq0,500,2,0.0939992520,1
1537354440,Prod-EcsStagingCluster-EcsCluster-1AAGQRFIOE9AE,Service_beiakklem1vi3j5fejq0,500,2,0.0827676018,0
1537357620,Prod-EcsStagingCluster-EcsCluster-1AAGQRFIOE9AE,Service_beiakklem1vi3j5fejq0,500,2,0.0828818861,0
1537379880,Prod-EcsStagingCluster-EcsCluster-1AAGQRFIOE9AE,Service_beiakklem1vi3j5fejq0,500,2,0.0806506990,0
1537383060,Prod-EcsStagingCluster-EcsCluster-1AAGQRFIOE9AE,Service_beiakklem1vi3j5fejq0,500,2,0.0868107838,0
1537392480,Prod-EcsStagingCluster-EcsCluster-1AAGQRFIOE9AE,Service_beiakklem1vi3j5fejq0,500,2,0.0822693681,0
1537413720,Prod-EcsStagingCluster-EcsCluster-1AAGQRFIOE9AE,Service_beiakklem1vi3j5fejq0,500,2,0.0826885387,0
1537416900,Prod-EcsStagingCluster-EcsCluster-1AAGQRFIOE9AE,Service_beiakklem1vi3j5fejq0,500,2,0.0874262120,0
1537382940,Prod-EcsStagingCluster-EcsCluster-1AAGQRFIOE9AE,Service_beiakklem1vi3j5fejq0,500,2,0.0893130842,0
1537417920,Prod-EcsStagingCluster-EcsCluster-1AAGQRFIOE9AE,Service_beiakklem1vi3j5fejq0,500,2,0.0942758986,0
1537350000,Prod-EcsStagingCluster-EcsCluster-1AAGQRFIOE9AE,Service_beiakklem1vi3j5fejq0,500,2,0.0804237335,0
1537408380,Prod-EcsStagingCluster-EcsCluster-1AAGQRFIOE9AE,Service_beiakklem1vi3j5fejq0,500,2,0.0907124463,0
1537375440,Prod-EcsStagingCluster-EcsCluster-1AAGQRFIOE9AE,Service_beiakklem1vi3j5fejq0,500,2,0.0806002073,0
1537365900,Prod-EcsStagingCluster-EcsCluster-1AAGQRFIOE9AE,Service_beiakklem1vi3j5fejq0,500,2,0.0790236060,0
1537376400,Prod-EcsStagingCluster-EcsCluster-1AAGQRFIOE9AE,Service_beiakklem1vi3j5fejq0,500,2,0.0814917432,0
1537391220,Prod-EcsStagingCluster-EcsCluster-1AAGQRFIOE9AE,Service_beiakklem1vi3j5fejq0,500,2,0.0785550656,0
1537416660,Prod-EcsStagingCluster-EcsCluster-1AAGQRFIOE9AE,Service_beiakklem1vi3j5fejq0,500,2,0.0853255255,0
1537348740,Prod-EcsStagingCluster-EcsCluster-1AAGQRFIOE9AE,Service_beiakklem1vi3j5fejq0,500,2,0.0893001125,0
1537374180,Prod-EcsStagingCluster-EcsCluster-1AAGQRFIOE9AE,Service_beiakklem1vi3j5fejq0,500,2,0.0825728045,0
1537389000,Prod-EcsStagingCluster-EcsCluster-1AAGQRFIOE9AE,Service_beiakklem1vi3j5fejq0,500,2,0.0850000411,0
1537346520,Prod-EcsStagingCluster-EcsCluster-1AAGQRFIOE9AE,Service_beiakklem1vi3j5fejq0,500,2,0.1083350150,0
1537414440,Prod-EcsStagingCluster-EcsCluster-1AAGQRFIOE9AE,Service_beiakklem1vi3j5fejq0,500,2,0.0839718825,0
1537371960,Prod-EcsStagingCluster-EcsCluster-1AAGQRFIOE9AE,Service_beiakklem1vi3j5fejq0,500,2,0.0775246583,0
1537416540,Prod-EcsStagingCluster-EcsCluster-1AAGQRFIOE9AE,Service_beiakklem1vi3j5fejq0,500,2,0.0858828416,1
1537350720,Prod-EcsStagingCluster-EcsCluster-1AAGQRFIOE9AE,Service_beiakklem1vi3j5fejq0,500,2,0.0844095032,0
1537374060,Prod-EcsStagingCluster-EcsCluster-1AAGQRFIOE9AE,Service_beiakklem1vi3j5fejq0,500,2,0.0786565762,0
1537399500,Prod-EcsStagingCluster-EcsCluster-1AAGQRFIOE9AE,Service_beiakklem1vi3j5fejq0,500,2,0.0847979873,0
1537348500,Prod-EcsStagingCluster-EcsCluster-1AAGQRFIOE9AE,Service_beiakklem1vi3j5fejq0,500,2,0.0796278638,0
1537427040,Prod-EcsStagingCluster-EcsCluster-1AAGQRFIOE9AE,Service_beiakklem1vi3j5fejq0,500,2,0.1084455006,0
1537384560,Prod-EcsStagingCluster-EcsCluster-1AAGQRFIOE9AE,Service_beiakklem1vi3j5fejq0,500,2,0.0800328278,0
1537410000,Prod-EcsStagingCluster-EcsCluster-1AAGQRFIOE9AE,Service_beiakklem1vi3j5fejq0,500,2,0.1192143113,0
1537346280,Prod-EcsStagingCluster-EcsCluster-1AAGQRFIOE9AE,Service_beiakklem1vi3j5fejq0,500,2,0.0849147058,0
1537424820,Prod-EcsStagingCluster-EcsCluster-1AAGQRFIOE9AE,Service_beiakklem1vi3j5fejq0,500,2,0.0882668682,0
1537348380,Prod-EcsStagingCluster-EcsCluster-1AAGQRFIOE9AE,Service_beiakklem1vi3j5fejq0,500,2,0.0813811224,0
1537382340,Prod-EcsStagingCluster-EcsCluster-1AAGQRFIOE9AE,Service_beiakklem1vi3j5fejq0,500,2,0.0855839055,0
1537407780,Prod-EcsStagingCluster-EcsCluster-1AAGQRFIOE9AE,Service_beiakklem1vi3j5fejq0,500,2,0.0870250557,0
1537373820,Prod-EcsStagingCluster-EcsCluster-1AAGQRFIOE9AE,Service_beiakklem1vi3j5fejq0,500,2,0.0828173503,0
1537422600,Prod-EcsStagingCluster-EcsCluster-1AAGQRFIOE9AE,Service_beiakklem1vi3j5fejq0,500,2,0.1025173139,0
1537407660,Prod-EcsStagingCluster-EcsCluster-1AAGQRFIOE9AE,Service_beiakklem1vi3j5fejq0,500,2,0.0880077683,0
1537420380,Prod-EcsStagingCluster-EcsCluster-1AAGQRFIOE9AE,Service_beiakklem1vi3j5fejq0,500,2,0.1007281125,0
1537387440,Prod-EcsStagingCluster-EcsCluster-1AAGQRFIOE9AE,Service_beiakklem1vi3j5fejq0,500,2,0.0814945261,1
1537381080,Prod-EcsStagingCluster-EcsCluster-1AAGQRFIOE9AE,Service_beiakklem1vi3j5fejq0,500,2,0.0839710513,0
1537384260,Prod-EcsStagingCluster-EcsCluster-1AAGQRFIOE9AE,Service_beiakklem1vi3j5fejq0,500,2,0.0787192186,0
1537412880,Prod-EcsStagingCluster-EcsCluster-1AAGQRFIOE9AE,Service_beiakklem1vi3j5fejq0,500,2,0.1039345347,0
1537406520,Prod-EcsStagingCluster-EcsCluster-1AAGQRFIOE9AE,Service_beiakklem1vi3j5fejq0,500,2,0.2550131425,0
1537409700,Prod-EcsStagingCluster-EcsCluster-1AAGQRFIOE9AE,Service_beiakklem1vi3j5fejq0,500,2,0.0879163310,0
1537391520,Prod-EcsStagingCluster-EcsCluster-1AAGQRFIOE9AE,Service_beiakklem1vi3j5fejq0,500,2,0.0767092804,0
1537385160,Prod-EcsStagingCluster-EcsCluster-1AAGQRFIOE9AE,Service_beiakklem1vi3j5fejq0,500,2,0.0812450153,0
1537388340,Prod-EcsStagingCluster-EcsCluster-1AAGQRFIOE9AE,Service_beiakklem1vi3j5fejq0,500,2,0.0838085688,0
1537416960,Prod-EcsStagingCluster-EcsCluster-1AAGQRFIOE9AE,Service_beiakklem1vi3j5fejq0,500,2,0.0854263466,0
1537352220,Prod-EcsStagingCluster-EcsCluster-1AAGQRFIOE9AE,Service_beiakklem1vi3j5fejq0,500,2,0.0846991126,0
1537410600,Prod-EcsStagingCluster-EcsCluster-1AAGQRFIOE9AE,Service_beiakklem1vi3j5fejq0,500,2,0.0899319584,0
1537413780,Prod-EcsStagingCluster-EcsCluster-1AAGQRFIOE9AE,Service_beiakklem1vi3j5fejq0,500,2,0.0803234567,1
1537377660,Prod-EcsStagingCluster-EcsCluster-1AAGQRFIOE9AE,Service_beiakklem1vi3j5fejq0,500,2,0.0844683498,0
1537364940,Prod-EcsStagingCluster-EcsCluster-1AAGQRFIOE9AE,Service_beiakklem1vi3j5fejq0,500,2,0.0843543961,0
1537414680,Prod-EcsStagingCluster-EcsCluster-1AAGQRFIOE9AE,Service_beiakklem1vi3j5fejq0,500,2,0.0805102878,0
1537417860,Prod-EcsStagingCluster-EcsCluster-1AAGQRFIOE9AE,Service_beiakklem1vi3j5fejq0,500,2,0.0937013333,0
1537421040,Prod-EcsStagingCluster-EcsCluster-1AAGQRFIOE9AE,Service_beiakklem1vi3j5fejq0,500,2,0.0885523681,0
1537345620,Prod-EcsStagingCluster-EcsCluster-1AAGQRFIOE9AE,Service_beiakklem1vi3j5fejq0,500,2,0.0830540471,0
1537415640,Prod-EcsStagingCluster-EcsCluster-1AAGQRFIOE9AE,Service_beiakklem1vi3j5fejq0,500,2,0.0924044306,0
1537422000,Prod-EcsStagingCluster-EcsCluster-1AAGQRFIOE9AE,Service_beiakklem1vi3j5fejq0,500,2,0.0942450773,0
1537349760,Prod-EcsStagingCluster-EcsCluster-1AAGQRFIOE9AE,Service_beiakklem1vi3j5fejq0,500,2,0.0849004352,0
1537373100,Prod-EcsStagingCluster-EcsCluster-1AAGQRFIOE9AE,Service_beiakklem1vi3j5fejq0,500,2,0.0781880845,0
1537421940,Prod-EcsStagingCluster-EcsCluster-1AAGQRFIOE9AE,Service_beiakklem1vi3j5fejq0,500,2,0.1969754377,0
1537398540,Prod-EcsStagingCluster-EcsCluster-1AAGQRFIOE9AE,Service_beiakklem1vi3j5fejq0,500,2,0.0825037286,0
1537385820,Prod-EcsStagingCluster-EcsCluster-1AAGQRFIOE9AE,Service_beiakklem1vi3j5fejq0,500,2,0.0861639926,0
1537349700,Prod-EcsStagingCluster-EcsCluster-1AAGQRFIOE9AE,Service_beiakklem1vi3j5fejq0,500,2,0.0818588892,0
1537411260,Prod-EcsStagingCluster-EcsCluster-1AAGQRFIOE9AE,Service_beiakklem1vi3j5fejq0,500,2,0.1027994695,0
1537375140,Prod-EcsStagingCluster-EcsCluster-1AAGQRFIOE9AE,Service_beiakklem1vi3j5fejq0,500,2,0.0795497223,0
1537419720,Prod-EcsStagingCluster-EcsCluster-1AAGQRFIOE9AE,Service_beiakklem1vi3j5fejq0,500,2,0.1005189988,0
1537426080,Prod-EcsStagingCluster-EcsCluster-1AAGQRFIOE9AE,Service_beiakklem1vi3j5fejq0,500,2,0.0878596838,0
1537347480,Prod-EcsStagingCluster-EcsCluster-1AAGQRFIOE9AE,Service_beiakklem1vi3j5fejq0,500,2,0.0794286756,0
1537353840,Prod-EcsStagingCluster-EcsCluster-1AAGQRFIOE9AE,Service_beiakklem1vi3j5fejq0,500,2,0.0871163436,0
1537372920,Prod-EcsStagingCluster-EcsCluster-1AAGQRFIOE9AE,Service_beiakklem1vi3j5fejq0,500,2,0.0770890587,0
1537379280,Prod-EcsStagingCluster-EcsCluster-1AAGQRFIOE9AE,Service_beiakklem1vi3j5fejq0,500,2,0.0782287003,0
1537353780,Prod-EcsStagingCluster-EcsCluster-1AAGQRFIOE9AE,Service_beiakklem1vi3j5fejq0,500,2,0.0834987761,0
1537379220,Prod-EcsStagingCluster-EcsCluster-1AAGQRFIOE9AE,Service_beiakklem1vi3j5fejq0,500,2,0.0784339872,0
1537351560,Prod-EcsStagingCluster-EcsCluster-1AAGQRFIOE9AE,Service_beiakklem1vi3j5fejq0,500,2,0.0833309456,0
1537357920,Prod-EcsStagingCluster-EcsCluster-1AAGQRFIOE9AE,Service_beiakklem1vi3j5fejq0,500,2,0.0776926201,0
1537406700,Prod-EcsStagingCluster-EcsCluster-1AAGQRFIOE9AE,Service_beiakklem1vi3j5fejq0,500,2,0.0821963350,0
1537377000,Prod-EcsStagingCluster-EcsCluster-1AAGQRFIOE9AE,Service_beiakklem1vi3j5fejq0,500,2,0.0816709769,0
1537383360,Prod-EcsStagingCluster-EcsCluster-1AAGQRFIOE9AE,Service_beiakklem1vi3j5fejq0,500,2,0.0840375271,0
1537419420,Prod-EcsStagingCluster-EcsCluster-1AAGQRFIOE9AE,Service_beiakklem1vi3j5fejq0,500,2,0.1027323924,0
1537352520,Prod-EcsStagingCluster-EcsCluster-1AAGQRFIOE9AE,Service_beiakklem1vi3j5fejq0,500,2,0.0816992840,0
1537355700,Prod-EcsStagingCluster-EcsCluster-1AAGQRFIOE9AE,Service_beiakklem1vi3j5fejq0,500,2,0.0852585131,0
1537386480,Prod-EcsStagingCluster-EcsCluster-1AAGQRFIOE9AE,Service_beiakklem1vi3j5fejq0,500,2,0.0823823191,0
1537411920,Prod-EcsStagingCluster-EcsCluster-1AAGQRFIOE9AE,Service_beiakklem1vi3j5fejq0,500,2,0.1916897994,0
1537377960,Prod-EcsStagingCluster-EcsCluster-1AAGQRFIOE9AE,Service_beiakklem1vi3j5fejq0,500,2,0.0831952625,0
1537381140,Prod-EcsStagingCluster-EcsCluster-1AAGQRFIOE9AE,Service_beiakklem1vi3j5fejq0,500,2,0.0823579908,0
1537390560,Prod-EcsStagingCluster-EcsCluster-1AAGQRFIOE9AE,Service_beiakklem1vi3j5fejq0,500,2,0.0792410658,0
1537351260,Prod-EcsStagingCluster-EcsCluster-1AAGQRFIOE9AE,Service_beiakklem1vi3j5fejq0,500,2,0.0815155378,0
1537385220,Prod-EcsStagingCluster-EcsCluster-1AAGQRFIOE9AE,Service_beiakklem1vi3j5fejq0,500,2,0.0789784476,1
1537416000,Prod-EcsStagingCluster-EcsCluster-1AAGQRFIOE9AE,Service_beiakklem1vi3j5fejq0,500,2,0.0844188292,0
1537382040,Prod-EcsStagingCluster-EcsCluster-1AAGQRFIOE9AE,Service_beiakklem1vi3j5fejq0,500,2,0.0851815232,0
1537410660,Prod-EcsStagingCluster-EcsCluster-1AAGQRFIOE9AE,Service_beiakklem1vi3j5fejq0,500,2,0.0894428849,0
1537376700,Prod-EcsStagingCluster-EcsCluster-1AAGQRFIOE9AE,Service_beiakklem1vi3j5fejq0,500,2,0.0809917951,0
1537407480,Prod-EcsStagingCluster-EcsCluster-1AAGQRFIOE9AE,Service_beiakklem1vi3j5fejq0,500,2,0.1512145487,0
1537363980,Prod-EcsStagingCluster-EcsCluster-1AAGQRFIOE9AE,Service_beiakklem1vi3j5fejq0,500,2,0.0800955886,0
1537389300,Prod-EcsStagingCluster-EcsCluster-1AAGQRFIOE9AE,Service_beiakklem1vi3j5fejq0,500,2,0.0851514285,0
1537420080,Prod-EcsStagingCluster-EcsCluster-1AAGQRFIOE9AE,Service_beiakklem1vi3j5fejq0,500,2,0.1011523065,0
1537386120,Prod-EcsStagingCluster-EcsCluster-1AAGQRFIOE9AE,Service_beiakklem1vi3j5fejq0,500,2,0.0816475634,0
1537411560,Prod-EcsStagingCluster-EcsCluster-1AAGQRFIOE9AE,Service_beiakklem1vi3j5fejq0,500,2,0.0967166219,0
1537414740,Prod-EcsStagingCluster-EcsCluster-1AAGQRFIOE9AE,Service_beiakklem1vi3j5fejq0,500,2,0.0827865387,0
1537347840,Prod-EcsStagingCluster-EcsCluster-1AAGQRFIOE9AE,Service_beiakklem1vi3j5fejq0,500,2,0.0780228805,0
1537348800,Prod-EcsStagingCluster-EcsCluster-1AAGQRFIOE9AE,Service_beiakklem1vi3j5fejq0,500,2,0.0819429289,0
1537372140,Prod-EcsStagingCluster-EcsCluster-1AAGQRFIOE9AE,Service_beiakklem1vi3j5fejq0,500,2,0.0768236919,0
1537397580,Prod-EcsStagingCluster-EcsCluster-1AAGQRFIOE9AE,Service_beiakklem1vi3j5fejq0,500,2,0.0803261050,1
1537418820,Prod-EcsStagingCluster-EcsCluster-1AAGQRFIOE9AE,Service_beiakklem1vi3j5fejq0,500,2,0.0979426978,0
1537384860,Prod-EcsStagingCluster-EcsCluster-1AAGQRFIOE9AE,Service_beiakklem1vi3j5fejq0,500,2,0.0836893421,1
1537410300,Prod-EcsStagingCluster-EcsCluster-1AAGQRFIOE9AE,Service_beiakklem1vi3j5fejq0,500,2,0.0932133733,0
1537346580,Prod-EcsStagingCluster-EcsCluster-1AAGQRFIOE9AE,Service_beiakklem1vi3j5fejq0,500,2,0.1138068460,0
1537425120,Prod-EcsStagingCluster-EcsCluster-1AAGQRFIOE9AE,Service_beiakklem1vi3j5fejq0,500,2,0.0903801805,0
1537416600,Prod-EcsStagingCluster-EcsCluster-1AAGQRFIOE9AE,Service_beiakklem1vi3j5fejq0,500,2,0.0852748341,0
1537352880,Prod-EcsStagingCluster-EcsCluster-1AAGQRFIOE9AE,Service_beiakklem1vi3j5fejq0,500,2,0.0805919009,0
1537378320,Prod-EcsStagingCluster-EcsCluster-1AAGQRFIOE9AE,Service_beiakklem1vi3j5fejq0,500,2,0.0788783551,0
1537422900,Prod-EcsStagingCluster-EcsCluster-1AAGQRFIOE9AE,Service_beiakklem1vi3j5fejq0,500,2,0.0836585799,0
1537350660,Prod-EcsStagingCluster-EcsCluster-1AAGQRFIOE9AE,Service_beiakklem1vi3j5fejq0,500,2,0.0847864249,0
1537376100,Prod-EcsStagingCluster-EcsCluster-1AAGQRFIOE9AE,Service_beiakklem1vi3j5fejq0,500,2,0.0809859932,0
1537420680,Prod-EcsStagingCluster-EcsCluster-1AAGQRFIOE9AE,Service_beiakklem1vi3j5fejq0,500,2,0.0961014548,0
1537356960,Prod-EcsStagingCluster-EcsCluster-1AAGQRFIOE9AE,Service_beiakklem1vi3j5fejq0,500,2,0.0837683107,0
1537405740,Prod-EcsStagingCluster-EcsCluster-1AAGQRFIOE9AE,Service_beiakklem1vi3j5fejq0,500,2,0.0850687695,0
1537348440,Prod-EcsStagingCluster-EcsCluster-1AAGQRFIOE9AE,Service_beiakklem1vi3j5fejq0,500,2,0.0816054209,0
1537382400,Prod-EcsStagingCluster-EcsCluster-1AAGQRFIOE9AE,Service_beiakklem1vi3j5fejq0,500,2,0.0814335777,0
1537431180,Prod-EcsStagingCluster-EcsCluster-1AAGQRFIOE9AE,Service_beiakklem1vi3j5fejq0,500,2,0.0799339480,0
1537373880,Prod-EcsStagingCluster-EcsCluster-1AAGQRFIOE9AE,Service_beiakklem1vi3j5fejq0,500,2,0.0817327507,0
1537418460,Prod-EcsStagingCluster-EcsCluster-1AAGQRFIOE9AE,Service_beiakklem1vi3j5fejq0,500,2,0.1020503168,1
1537354740,Prod-EcsStagingCluster-EcsCluster-1AAGQRFIOE9AE,Service_beiakklem1vi3j5fejq0,500,2,0.0851515207,0
1537380180,Prod-EcsStagingCluster-EcsCluster-1AAGQRFIOE9AE,Service_beiakklem1vi3j5fejq0,500,2,0.0832098605,0
1537389600,Prod-EcsStagingCluster-EcsCluster-1AAGQRFIOE9AE,Service_beiakklem1vi3j5fejq0,500,2,0.0883294016,0
1537380060,Prod-EcsStagingCluster-EcsCluster-1AAGQRFIOE9AE,Service_beiakklem1vi3j5fejq0,500,2,0.0796324964,0
1537383240,Prod-EcsStagingCluster-EcsCluster-1AAGQRFIOE9AE,Service_beiakklem1vi3j5fejq0,500,2,0.0824213867,0
1537386420,Prod-EcsStagingCluster-EcsCluster-1AAGQRFIOE9AE,Service_beiakklem1vi3j5fejq0,500,2,0.0828821889,0
1537366200,Prod-EcsStagingCluster-EcsCluster-1AAGQRFIOE9AE,Service_beiakklem1vi3j5fejq0,500,2,0.0824056167,0
1537369380,Prod-EcsStagingCluster-EcsCluster-1AAGQRFIOE9AE,Service_beiakklem1vi3j5fejq0,500,2,0.0846077823,0
1537372560,Prod-EcsStagingCluster-EcsCluster-1AAGQRFIOE9AE,Service_beiakklem1vi3j5fejq0,500,2,0.0757366619,0
1537345980,Prod-EcsStagingCluster-EcsCluster-1AAGQRFIOE9AE,Service_beiakklem1vi3j5fejq0,500,2,0.0967465635,0
1537349160,Prod-EcsStagingCluster-EcsCluster-1AAGQRFIOE9AE,Service_beiakklem1vi3j5fejq0,500,2,0.1307470831,2
1537352340,Prod-EcsStagingCluster-EcsCluster-1AAGQRFIOE9AE,Service_beiakklem1vi3j5fejq0,500,2,0.0846490453,0
1537355520,Prod-EcsStagingCluster-EcsCluster-1AAGQRFIOE9AE,Service_beiakklem1vi3j5fejq0,500,2,0.0852703806,0
1537389360,Prod-EcsStagingCluster-EcsCluster-1AAGQRFIOE9AE,Service_beiakklem1vi3j5fejq0,500,2,0.0843476153,0
1537386180,Prod-EcsStagingCluster-EcsCluster-1AAGQRFIOE9AE,Service_beiakklem1vi3j5fejq0,500,2,0.0814150076,0
1537383000,Prod-EcsStagingCluster-EcsCluster-1AAGQRFIOE9AE,Service_beiakklem1vi3j5fejq0,500,2,0.0831946920,0
1537405260,Prod-EcsStagingCluster-EcsCluster-1AAGQRFIOE9AE,Service_beiakklem1vi3j5fejq0,500,2,0.1006498510,0
1537413660,Prod-EcsStagingCluster-EcsCluster-1AAGQRFIOE9AE,Service_beiakklem1vi3j5fejq0,500,2,0.0821706215,0
1537371180,Prod-EcsStagingCluster-EcsCluster-1AAGQRFIOE9AE,Service_beiakklem1vi3j5fejq0,500,2,0.0789224322,0
1537416840,Prod-EcsStagingCluster-EcsCluster-1AAGQRFIOE9AE,Service_beiakklem1vi3j5fejq0,500,2,0.0869812704,0
1537420020,Prod-EcsStagingCluster-EcsCluster-1AAGQRFIOE9AE,Service_beiakklem1vi3j5fejq0,500,2,0.1032080620,0
1537423200,Prod-EcsStagingCluster-EcsCluster-1AAGQRFIOE9AE,Service_beiakklem1vi3j5fejq0,500,2,0.0847398881,0
1537399800,Prod-EcsStagingCluster-EcsCluster-1AAGQRFIOE9AE,Service_beiakklem1vi3j5fejq0,500,2,0.0862680557,1
1537402980,Prod-EcsStagingCluster-EcsCluster-1AAGQRFIOE9AE,Service_beiakklem1vi3j5fejq0,500,2,0.0831122009,0
1537406160,Prod-EcsStagingCluster-EcsCluster-1AAGQRFIOE9AE,Service_beiakklem1vi3j5fejq0,500,2,0.0864376493,0
1537379580,Prod-EcsStagingCluster-EcsCluster-1AAGQRFIOE9AE,Service_beiakklem1vi3j5fejq0,500,2,0.0793084203,0
1537385940,Prod-EcsStagingCluster-EcsCluster-1AAGQRFIOE9AE,Service_beiakklem1vi3j5fejq0,500,2,0.0793662538,0
1537417800,Prod-EcsStagingCluster-EcsCluster-1AAGQRFIOE9AE,Service_beiakklem1vi3j5fejq0,500,2,0.0951245223,0
1537424160,Prod-EcsStagingCluster-EcsCluster-1AAGQRFIOE9AE,Service_beiakklem1vi3j5fejq0,500,2,0.0853972450,0
1537407120,Prod-EcsStagingCluster-EcsCluster-1AAGQRFIOE9AE,Service_beiakklem1vi3j5fejq0,500,2,0.0874261562,0
1537400760,Prod-EcsStagingCluster-EcsCluster-1AAGQRFIOE9AE,Service_beiakklem1vi3j5fejq0,500,2,0.0866701511,0
1537383720,Prod-EcsStagingCluster-EcsCluster-1AAGQRFIOE9AE,Service_beiakklem1vi3j5fejq0,500,2,0.0854425725,0
1537351860,Prod-EcsStagingCluster-EcsCluster-1AAGQRFIOE9AE,Service_beiakklem1vi3j5fejq0,500,2,0.0853927179,0
1537390080,Prod-EcsStagingCluster-EcsCluster-1AAGQRFIOE9AE,Service_beiakklem1vi3j5fejq0,500,2,0.0826220170,0
1537419780,Prod-EcsStagingCluster-EcsCluster-1AAGQRFIOE9AE,Service_beiakklem1vi3j5fejq0,500,2,0.0995980922,0
1537345500,Prod-EcsStagingCluster-EcsCluster-1AAGQRFIOE9AE,Service_beiakklem1vi3j5fejq0,500,2,0.0861800182,0
1537423920,Prod-EcsStagingCluster-EcsCluster-1AAGQRFIOE9AE,Service_beiakklem1vi3j5fejq0,500,2,0.0899126966,0
1537356000,Prod-EcsStagingCluster-EcsCluster-1AAGQRFIOE9AE,Service_beiakklem1vi3j5fejq0,500,2,0.0812871982,0
1537417560,Prod-EcsStagingCluster-EcsCluster-1AAGQRFIOE9AE,Service_beiakklem1vi3j5fejq0,500,2,0.1011228657,0
1537349640,Prod-EcsStagingCluster-EcsCluster-1AAGQRFIOE9AE,Service_beiakklem1vi3j5fejq0,500,2,0.0832218293,0
1537404780,Prod-EcsStagingCluster-EcsCluster-1AAGQRFIOE9AE,Service_beiakklem1vi3j5fejq0,500,2,0.0819209775,0
1537419540,Prod-EcsStagingCluster-EcsCluster-1AAGQRFIOE9AE,Service_beiakklem1vi3j5fejq0,500,2,0.1121398911,0
1537351620,Prod-EcsStagingCluster-EcsCluster-1AAGQRFIOE9AE,Service_beiakklem1vi3j5fejq0,500,2,0.0815701159,0
1537413180,Prod-EcsStagingCluster-EcsCluster-1AAGQRFIOE9AE,Service_beiakklem1vi3j5fejq0,500,2,0.0811335785,0
1537370700,Prod-EcsStagingCluster-EcsCluster-1AAGQRFIOE9AE,Service_beiakklem1vi3j5fejq0,500,2,0.0783553195,0
1537417320,Prod-EcsStagingCluster-EcsCluster-1AAGQRFIOE9AE,Service_beiakklem1vi3j5fejq0,500,2,0.2134921432,0
1537423680,Prod-EcsStagingCluster-EcsCluster-1AAGQRFIOE9AE,Service_beiakklem1vi3j5fejq0,500,2,0.0917482831,0
1537349400,Prod-EcsStagingCluster-EcsCluster-1AAGQRFIOE9AE,Service_beiakklem1vi3j5fejq0,500,2,0.0819912311,0
1537355760,Prod-EcsStagingCluster-EcsCluster-1AAGQRFIOE9AE,Service_beiakklem1vi3j5fejq0,500,2,0.0865817426,0
1537379100,Prod-EcsStagingCluster-EcsCluster-1AAGQRFIOE9AE,Service_beiakklem1vi3j5fejq0,500,2,0.0812508622,0
1537385460,Prod-EcsStagingCluster-EcsCluster-1AAGQRFIOE9AE,Service_beiakklem1vi3j5fejq0,500,2,0.0854029908,0
1537418280,Prod-EcsStagingCluster-EcsCluster-1AAGQRFIOE9AE,Service_beiakklem1vi3j5fejq0,500,2,0.0948764123,0
1537421460,Prod-EcsStagingCluster-EcsCluster-1AAGQRFIOE9AE,Service_beiakklem1vi3j5fejq0,500,2,0.1016868939,0
1537350360,Prod-EcsStagingCluster-EcsCluster-1AAGQRFIOE9AE,Service_beiakklem1vi3j5fejq0,500,2,0.0854925224,0
1537353540,Prod-EcsStagingCluster-EcsCluster-1AAGQRFIOE9AE,Service_beiakklem1vi3j5fejq0,500,2,0.0817218915,0
1537371600,Prod-EcsStagingCluster-EcsCluster-1AAGQRFIOE9AE,Service_beiakklem1vi3j5fejq0,500,2,0.0804782832,0
1537354560,Prod-EcsStagingCluster-EcsCluster-1AAGQRFIOE9AE,Service_beiakklem1vi3j5fejq0,500,2,0.0832625750,0
1537384200,Prod-EcsStagingCluster-EcsCluster-1AAGQRFIOE9AE,Service_beiakklem1vi3j5fejq0,500,2,0.0831455401,0
1537387380,Prod-EcsStagingCluster-EcsCluster-1AAGQRFIOE9AE,Service_beiakklem1vi3j5fejq0,500,2,0.0837629685,0
1537388400,Prod-EcsStagingCluster-EcsCluster-1AAGQRFIOE9AE,Service_beiakklem1vi3j5fejq0,500,2,0.0813348026,0
1537404300,Prod-EcsStagingCluster-EcsCluster-1AAGQRFIOE9AE,Service_beiakklem1vi3j5fejq0,500,2,0.0908279153,0
1537367160,Prod-EcsStagingCluster-EcsCluster-1AAGQRFIOE9AE,Service_beiakklem1vi3j5fejq0,500,2,0.0841821308,0
1537370340,Prod-EcsStagingCluster-EcsCluster-1AAGQRFIOE9AE,Service_beiakklem1vi3j5fejq0,500,2,0.0777109882,0
1537412700,Prod-EcsStagingCluster-EcsCluster-1AAGQRFIOE9AE,Service_beiakklem1vi3j5fejq0,500,2,0.0862559949,0
1537350120,Prod-EcsStagingCluster-EcsCluster-1AAGQRFIOE9AE,Service_beiakklem1vi3j5fejq0,500,2,0.0850660658,0
1537353300,Prod-EcsStagingCluster-EcsCluster-1AAGQRFIOE9AE,Service_beiakklem1vi3j5fejq0,500,2,0.1580360365,0
1537370220,Prod-EcsStagingCluster-EcsCluster-1AAGQRFIOE9AE,Service_beiakklem1vi3j5fejq0,500,2,0.0813348057,0
1537422240,Prod-EcsStagingCluster-EcsCluster-1AAGQRFIOE9AE,Service_beiakklem1vi3j5fejq0,500,2,0.0943784025,0
1537383960,Prod-EcsStagingCluster-EcsCluster-1AAGQRFIOE9AE,Service_beiakklem1vi3j5fejq0,500,2,0.0894273688,0
1537387140,Prod-EcsStagingCluster-EcsCluster-1AAGQRFIOE9AE,Service_beiakklem1vi3j5fejq0,500,2,0.0813880935,1
1537405200,Prod-EcsStagingCluster-EcsCluster-1AAGQRFIOE9AE,Service_beiakklem1vi3j5fejq0,500,2,0.0837426186,0
1537378620,Prod-EcsStagingCluster-EcsCluster-1AAGQRFIOE9AE,Service_beiakklem1vi3j5fejq0,500,2,0.0779443293,0
1537388160,Prod-EcsStagingCluster-EcsCluster-1AAGQRFIOE9AE,Service_beiakklem1vi3j5fejq0,500,2,0.0895810164,1
1537420980,Prod-EcsStagingCluster-EcsCluster-1AAGQRFIOE9AE,Service_beiakklem1vi3j5fejq0,500,2,0.0894129216,0
1537389120,Prod-EcsStagingCluster-EcsCluster-1AAGQRFIOE9AE,Service_beiakklem1vi3j5fejq0,500,2,0.0865095575,0
1537403940,Prod-EcsStagingCluster-EcsCluster-1AAGQRFIOE9AE,Service_beiakklem1vi3j5fejq0,500,2,0.1107068087,0
1537386900,Prod-EcsStagingCluster-EcsCluster-1AAGQRFIOE9AE,Service_beiakklem1vi3j5fejq0,500,2,0.0888997297,0
1537418760,Prod-EcsStagingCluster-EcsCluster-1AAGQRFIOE9AE,Service_beiakklem1vi3j5fejq0,500,2,0.1031432270,0
1537355040,Prod-EcsStagingCluster-EcsCluster-1AAGQRFIOE9AE,Service_beiakklem1vi3j5fejq0,500,2,0.0887476987,0
1537422960,Prod-EcsStagingCluster-EcsCluster-1AAGQRFIOE9AE,Service_beiakklem1vi3j5fejq0,500,2,0.1795386022,0
1537403820,Prod-EcsStagingCluster-EcsCluster-1AAGQRFIOE9AE,Service_beiakklem1vi3j5fejq0,500,2,0.0841068717,0
1537401720,Prod-EcsStagingCluster-EcsCluster-1AAGQRFIOE9AE,Service_beiakklem1vi3j5fejq0,500,2,0.0918685746,1
1537384680,Prod-EcsStagingCluster-EcsCluster-1AAGQRFIOE9AE,Service_beiakklem1vi3j5fejq0,500,2,0.0800907848,0
1537352820,Prod-EcsStagingCluster-EcsCluster-1AAGQRFIOE9AE,Service_beiakklem1vi3j5fejq0,500,2,0.0873843599,0
1537420740,Prod-EcsStagingCluster-EcsCluster-1AAGQRFIOE9AE,Service_beiakklem1vi3j5fejq0,500,2,0.0952720124,0
1537412220,Prod-EcsStagingCluster-EcsCluster-1AAGQRFIOE9AE,Service_beiakklem1vi3j5fejq0,500,2,0.0877408405,0
1537369740,Prod-EcsStagingCluster-EcsCluster-1AAGQRFIOE9AE,Service_beiakklem1vi3j5fejq0,500,2,0.0807899689,0
1537350600,Prod-EcsStagingCluster-EcsCluster-1AAGQRFIOE9AE,Service_beiakklem1vi3j5fejq0,500,2,0.0858168139,0
1537418520,Prod-EcsStagingCluster-EcsCluster-1AAGQRFIOE9AE,Service_beiakklem1vi3j5fejq0,500,2,0.1021945746,0
1537422720,Prod-EcsStagingCluster-EcsCluster-1AAGQRFIOE9AE,Service_beiakklem1vi3j5fejq0,500,2,0.0906996623,0
1537354800,Prod-EcsStagingCluster-EcsCluster-1AAGQRFIOE9AE,Service_beiakklem1vi3j5fejq0,500,2,0.0851207158,0
1537378140,Prod-EcsStagingCluster-EcsCluster-1AAGQRFIOE9AE,Service_beiakklem1vi3j5fejq0,500,2,0.0791348526,0
1537420500,Prod-EcsStagingCluster-EcsCluster-1AAGQRFIOE9AE,Service_beiakklem1vi3j5fejq0,500,2,0.1045194346,0
1537352580,Prod-EcsStagingCluster-EcsCluster-1AAGQRFIOE9AE,Service_beiakklem1vi3j5fejq0,500,2,0.0852414772,0
1537388640,Prod-EcsStagingCluster-EcsCluster-1AAGQRFIOE9AE,Service_beiakklem1vi3j5fejq0,500,2,0.0898279068,0
1537350420,Prod-EcsStagingCluster-EcsCluster-1AAGQRFIOE9AE,Service_beiakklem1vi3j5fejq0,500,2,0.0850800301,0
1537353600,Prod-EcsStagingCluster-EcsCluster-1AAGQRFIOE9AE,Service_beiakklem1vi3j5fejq0,500,2,0.0867061191,0
1537416060,Prod-EcsStagingCluster-EcsCluster-1AAGQRFIOE9AE,Service_beiakklem1vi3j5fejq0,500,2,0.0867240371,0
1537351320,Prod-EcsStagingCluster-EcsCluster-1AAGQRFIOE9AE,Service_beiakklem1vi3j5fejq0,500,2,0.0854201830,0
1537354500,Prod-EcsStagingCluster-EcsCluster-1AAGQRFIOE9AE,Service_beiakklem1vi3j5fejq0,500,2,0.0846494853,0
1537403340,Prod-EcsStagingCluster-EcsCluster-1AAGQRFIOE9AE,Service_beiakklem1vi3j5fejq0,500,2,0.0790077963,0
1537357680,Prod-EcsStagingCluster-EcsCluster-1AAGQRFIOE9AE,Service_beiakklem1vi3j5fejq0,500,2,0.0811149752,0
1537414920,Prod-EcsStagingCluster-EcsCluster-1AAGQRFIOE9AE,Service_beiakklem1vi3j5fejq0,500,2,0.0982382184,0
1537369260,Prod-EcsStagingCluster-EcsCluster-1AAGQRFIOE9AE,Service_beiakklem1vi3j5fejq0,500,2,0.0843747096,0
1537418100,Prod-EcsStagingCluster-EcsCluster-1AAGQRFIOE9AE,Service_beiakklem1vi3j5fejq0,500,2,0.0950900084,1
1537421280,Prod-EcsStagingCluster-EcsCluster-1AAGQRFIOE9AE,Service_beiakklem1vi3j5fejq0,500,2,0.0919082026,0
1537381980,Prod-EcsStagingCluster-EcsCluster-1AAGQRFIOE9AE,Service_beiakklem1vi3j5fejq0,500,2,0.0838223026,0
1537374480,Prod-EcsStagingCluster-EcsCluster-1AAGQRFIOE9AE,Service_beiakklem1vi3j5fejq0,500,2,0.0805543791,0
1537380840,Prod-EcsStagingCluster-EcsCluster-1AAGQRFIOE9AE,Service_beiakklem1vi3j5fejq0,500,2,0.0843379122,0
1537384020,Prod-EcsStagingCluster-EcsCluster-1AAGQRFIOE9AE,Service_beiakklem1vi3j5fejq0,500,2,0.0822459781,0
1537387200,Prod-EcsStagingCluster-EcsCluster-1AAGQRFIOE9AE,Service_beiakklem1vi3j5fejq0,500,2,0.0833338337,0
1537368120,Prod-EcsStagingCluster-EcsCluster-1AAGQRFIOE9AE,Service_beiakklem1vi3j5fejq0,500,2,0.0814944308,0
1537371300,Prod-EcsStagingCluster-EcsCluster-1AAGQRFIOE9AE,Service_beiakklem1vi3j5fejq0,500,2,0.0804468822,0
1537347900,Prod-EcsStagingCluster-EcsCluster-1AAGQRFIOE9AE,Service_beiakklem1vi3j5fejq0,500,2,0.0789601187,0
1537353120,Prod-EcsStagingCluster-EcsCluster-1AAGQRFIOE9AE,Service_beiakklem1vi3j5fejq0,500,2,0.0834448510,0
1537346760,Prod-EcsStagingCluster-EcsCluster-1AAGQRFIOE9AE,Service_beiakklem1vi3j5fejq0,500,2,0.0815717749,0
1537349940,Prod-EcsStagingCluster-EcsCluster-1AAGQRFIOE9AE,Service_beiakklem1vi3j5fejq0,500,2,0.0855832915,0
1537391280,Prod-EcsStagingCluster-EcsCluster-1AAGQRFIOE9AE,Service_beiakklem1vi3j5fejq0,500,2,0.0839049419,0
1537384920,Prod-EcsStagingCluster-EcsCluster-1AAGQRFIOE9AE,Service_beiakklem1vi3j5fejq0,500,2,0.0790374654,0
1537388100,Prod-EcsStagingCluster-EcsCluster-1AAGQRFIOE9AE,Service_beiakklem1vi3j5fejq0,500,2,0.0893498941,0
1537354080,Prod-EcsStagingCluster-EcsCluster-1AAGQRFIOE9AE,Service_beiakklem1vi3j5fejq0,500,2,0.0833494484,0
1537347720,Prod-EcsStagingCluster-EcsCluster-1AAGQRFIOE9AE,Service_beiakklem1vi3j5fejq0,500,2,0.0815922338,0
1537392240,Prod-EcsStagingCluster-EcsCluster-1AAGQRFIOE9AE,Service_beiakklem1vi3j5fejq0,500,2,0.0772219068,0
1537402860,Prod-EcsStagingCluster-EcsCluster-1AAGQRFIOE9AE,Service_beiakklem1vi3j5fejq0,500,2,0.0820979373,0
1537415580,Prod-EcsStagingCluster-EcsCluster-1AAGQRFIOE9AE,Service_beiakklem1vi3j5fejq0,500,2,0.0915099035,0
1537385880,Prod-EcsStagingCluster-EcsCluster-1AAGQRFIOE9AE,Service_beiakklem1vi3j5fejq0,500,2,0.0780969509,0
1537417620,Prod-EcsStagingCluster-EcsCluster-1AAGQRFIOE9AE,Service_beiakklem1vi3j5fejq0,500,2,0.1450330625,0
1537404900,Prod-EcsStagingCluster-EcsCluster-1AAGQRFIOE9AE,Service_beiakklem1vi3j5fejq0,500,2,0.0839530644,0
1537381500,Prod-EcsStagingCluster-EcsCluster-1AAGQRFIOE9AE,Service_beiakklem1vi3j5fejq0,500,2,0.0864843174,0
1537368780,Prod-EcsStagingCluster-EcsCluster-1AAGQRFIOE9AE,Service_beiakklem1vi3j5fejq0,500,2,0.0836262738,0
1537415400,Prod-EcsStagingCluster-EcsCluster-1AAGQRFIOE9AE,Service_beiakklem1vi3j5fejq0,500,2,0.0906221970,0
1537421760,Prod-EcsStagingCluster-EcsCluster-1AAGQRFIOE9AE,Service_beiakklem1vi3j5fejq0,500,2,0.0900716355,0
1537409040,Prod-EcsStagingCluster-EcsCluster-1AAGQRFIOE9AE,Service_beiakklem1vi3j5fejq0,500,2,0.0912479256,1
1537402680,Prod-EcsStagingCluster-EcsCluster-1AAGQRFIOE9AE,Service_beiakklem1vi3j5fejq0,500,2,0.0823656357,0
1537383540,Prod-EcsStagingCluster-EcsCluster-1AAGQRFIOE9AE,Service_beiakklem1vi3j5fejq0,500,2,0.0832281438,0
1537421700,Prod-EcsStagingCluster-EcsCluster-1AAGQRFIOE9AE,Service_beiakklem1vi3j5fejq0,500,2,0.0906954048,2
1537347420,Prod-EcsStagingCluster-EcsCluster-1AAGQRFIOE9AE,Service_beiakklem1vi3j5fejq0,500,2,0.0806569156,0
1537381320,Prod-EcsStagingCluster-EcsCluster-1AAGQRFIOE9AE,Service_beiakklem1vi3j5fejq0,500,2,0.0803151653,0
1537387680,Prod-EcsStagingCluster-EcsCluster-1AAGQRFIOE9AE,Service_beiakklem1vi3j5fejq0,500,2,0.0798647039,0
1537425840,Prod-EcsStagingCluster-EcsCluster-1AAGQRFIOE9AE,Service_beiakklem1vi3j5fejq0,500,2,0.0889112009,1
1537419480,Prod-EcsStagingCluster-EcsCluster-1AAGQRFIOE9AE,Service_beiakklem1vi3j5fejq0,500,2,0.0979096649,0
1537349460,Prod-EcsStagingCluster-EcsCluster-1AAGQRFIOE9AE,Service_beiakklem1vi3j5fejq0,500,2,0.0824951716,0
1537347240,Prod-EcsStagingCluster-EcsCluster-1AAGQRFIOE9AE,Service_beiakklem1vi3j5fejq0,500,2,0.0923103772,0
1537423620,Prod-EcsStagingCluster-EcsCluster-1AAGQRFIOE9AE,Service_beiakklem1vi3j5fejq0,500,2,0.1647254146,0
1537420440,Prod-EcsStagingCluster-EcsCluster-1AAGQRFIOE9AE,Service_beiakklem1vi3j5fejq0,500,2,0.1016185423,0
1537415100,Prod-EcsStagingCluster-EcsCluster-1AAGQRFIOE9AE,Service_beiakklem1vi3j5fejq0,500,2,0.0852659250,0
1537356720,Prod-EcsStagingCluster-EcsCluster-1AAGQRFIOE9AE,Service_beiakklem1vi3j5fejq0,500,2,0.0836313682,0
1537402380,Prod-EcsStagingCluster-EcsCluster-1AAGQRFIOE9AE,Service_beiakklem1vi3j5fejq0,500,2,0.0821854812,0
1537348200,Prod-EcsStagingCluster-EcsCluster-1AAGQRFIOE9AE,Service_beiakklem1vi3j5fejq0,500,2,0.0800963102,0
1537351380,Prod-EcsStagingCluster-EcsCluster-1AAGQRFIOE9AE,Service_beiakklem1vi3j5fejq0,500,2,0.0778536342,0
1537368300,Prod-EcsStagingCluster-EcsCluster-1AAGQRFIOE9AE,Service_beiakklem1vi3j5fejq0,500,2,0.0839859040,0
1537420320,Prod-EcsStagingCluster-EcsCluster-1AAGQRFIOE9AE,Service_beiakklem1vi3j5fejq0,500,2,0.0993621507,0
1537381020,Prod-EcsStagingCluster-EcsCluster-1AAGQRFIOE9AE,Service_beiakklem1vi3j5fejq0,500,2,0.0839005519,0
1537352280,Prod-EcsStagingCluster-EcsCluster-1AAGQRFIOE9AE,Service_beiakklem1vi3j5fejq0,500,2,0.0834291568,0
1537355460,Prod-EcsStagingCluster-EcsCluster-1AAGQRFIOE9AE,Service_beiakklem1vi3j5fejq0,500,2,0.0837015683,0
1537386240,Prod-EcsStagingCluster-EcsCluster-1AAGQRFIOE9AE,Service_beiakklem1vi3j5fejq0,500,2,0.0815610834,0
1537373520,Prod-EcsStagingCluster-EcsCluster-1AAGQRFIOE9AE,Service_beiakklem1vi3j5fejq0,500,2,0.0818346335,0
1537346940,Prod-EcsStagingCluster-EcsCluster-1AAGQRFIOE9AE,Service_beiakklem1vi3j5fejq0,500,2,0.0804357899,0
1537415880,Prod-EcsStagingCluster-EcsCluster-1AAGQRFIOE9AE,Service_beiakklem1vi3j5fejq0,500,2,0.1032882470,2
1537419060,Prod-EcsStagingCluster-EcsCluster-1AAGQRFIOE9AE,Service_beiakklem1vi3j5fejq0,500,2,0.0965732958,0
1537352160,Prod-EcsStagingCluster-EcsCluster-1AAGQRFIOE9AE,Service_beiakklem1vi3j5fejq0,500,2,0.0856167167,0
1537390320,Prod-EcsStagingCluster-EcsCluster-1AAGQRFIOE9AE,Service_beiakklem1vi3j5fejq0,500,2,0.0811524418,0
1537381800,Prod-EcsStagingCluster-EcsCluster-1AAGQRFIOE9AE,Service_beiakklem1vi3j5fejq0,500,2,0.0859491801,0
1537384980,Prod-EcsStagingCluster-EcsCluster-1AAGQRFIOE9AE,Service_beiakklem1vi3j5fejq0,500,2,0.0849039322,0
1537369080,Prod-EcsStagingCluster-EcsCluster-1AAGQRFIOE9AE,Service_beiakklem1vi3j5fejq0,500,2,0.0871548713,0
1537372260,Prod-EcsStagingCluster-EcsCluster-1AAGQRFIOE9AE,Service_beiakklem1vi3j5fejq0,500,2,0.0777712544,0
1537401900,Prod-EcsStagingCluster-EcsCluster-1AAGQRFIOE9AE,Service_beiakklem1vi3j5fejq0,500,2,0.1123431871,0
1537414620,Prod-EcsStagingCluster-EcsCluster-1AAGQRFIOE9AE,Service_beiakklem1vi3j5fejq0,500,2,0.0825479577,0
1537382760,Prod-EcsStagingCluster-EcsCluster-1AAGQRFIOE9AE,Service_beiakklem1vi3j5fejq0,500,2,0.0828326874,0
1537370040,Prod-EcsStagingCluster-EcsCluster-1AAGQRFIOE9AE,Service_beiakklem1vi3j5fejq0,500,2,0.0775143154,0
1537350900,Prod-EcsStagingCluster-EcsCluster-1AAGQRFIOE9AE,Service_beiakklem1vi3j5fejq0,500,2,0.0864586457,0
1537389060,Prod-EcsStagingCluster-EcsCluster-1AAGQRFIOE9AE,Service_beiakklem1vi3j5fejq0,500,2,0.0811131086,0
1537380540,Prod-EcsStagingCluster-EcsCluster-1AAGQRFIOE9AE,Service_beiakklem1vi3j5fejq0,500,2,0.0818900531,0
1537367820,Prod-EcsStagingCluster-EcsCluster-1AAGQRFIOE9AE,Service_beiakklem1vi3j5fejq0,500,2,0.0808897243,0
1537348680,Prod-EcsStagingCluster-EcsCluster-1AAGQRFIOE9AE,Service_beiakklem1vi3j5fejq0,500,2,0.0816364849,0
1537420800,Prod-EcsStagingCluster-EcsCluster-1AAGQRFIOE9AE,Service_beiakklem1vi3j5fejq0,500,2,0.0945122242,0
1537386840,Prod-EcsStagingCluster-EcsCluster-1AAGQRFIOE9AE,Service_beiakklem1vi3j5fejq0,500,2,0.0882736734,0
1537408080,Prod-EcsStagingCluster-EcsCluster-1AAGQRFIOE9AE,Service_beiakklem1vi3j5fejq0,500,2,0.0875546044,0
1537346460,Prod-EcsStagingCluster-EcsCluster-1AAGQRFIOE9AE,Service_beiakklem1vi3j5fejq0,500,2,0.2260180034,1
1537418580,Prod-EcsStagingCluster-EcsCluster-1AAGQRFIOE9AE,Service_beiakklem1vi3j5fejq0,500,2,0.1056741373,0
1537405860,Prod-EcsStagingCluster-EcsCluster-1AAGQRFIOE9AE,Service_beiakklem1vi3j5fejq0,500,2,0.0808940154,0
1537386720,Prod-EcsStagingCluster-EcsCluster-1AAGQRFIOE9AE,Service_beiakklem1vi3j5fejq0,500,2,0.0847488468,0
1537424880,Prod-EcsStagingCluster-EcsCluster-1AAGQRFIOE9AE,Service_beiakklem1vi3j5fejq0,500,2,0.0864781259,0
1537416360,Prod-EcsStagingCluster-EcsCluster-1AAGQRFIOE9AE,Service_beiakklem1vi3j5fejq0,500,2,0.0898373815,0
1537403640,Prod-EcsStagingCluster-EcsCluster-1AAGQRFIOE9AE,Service_beiakklem1vi3j5fejq0,500,2,0.0874681408,0
1537384500,Prod-EcsStagingCluster-EcsCluster-1AAGQRFIOE9AE,Service_beiakklem1vi3j5fejq0,500,2,0.0826351830,0
1537422660,Prod-EcsStagingCluster-EcsCluster-1AAGQRFIOE9AE,Service_beiakklem1vi3j5fejq0,500,2,0.0875673691,0
1537352640,Prod-EcsStagingCluster-EcsCluster-1AAGQRFIOE9AE,Service_beiakklem1vi3j5fejq0,500,2,0.0828105301,0
1537414140,Prod-EcsStagingCluster-EcsCluster-1AAGQRFIOE9AE,Service_beiakklem1vi3j5fejq0,500,2,0.0851211004,0
1537401420,Prod-EcsStagingCluster-EcsCluster-1AAGQRFIOE9AE,Service_beiakklem1vi3j5fejq0,500,2,0.1068445476,0
1537382280,Prod-EcsStagingCluster-EcsCluster-1AAGQRFIOE9AE,Service_beiakklem1vi3j5fejq0,500,2,0.0854774463,0
1537409820,Prod-EcsStagingCluster-EcsCluster-1AAGQRFIOE9AE,Service_beiakklem1vi3j5fejq0,500,2,0.0998045349,0
1537416180,Prod-EcsStagingCluster-EcsCluster-1AAGQRFIOE9AE,Service_beiakklem1vi3j5fejq0,500,2,0.1015760412,0
1537393920,Prod-EcsStagingCluster-EcsCluster-1AAGQRFIOE9AE,Service_beiakklem1vi3j5fejq0,500,2,0.0838795758,0
1537387560,Prod-EcsStagingCluster-EcsCluster-1AAGQRFIOE9AE,Service_beiakklem1vi3j5fejq0,500,2,0.0858978095,0
1537373700,Prod-EcsStagingCluster-EcsCluster-1AAGQRFIOE9AE,Service_beiakklem1vi3j5fejq0,500,2,0.0826329050,0
1537348260,Prod-EcsStagingCluster-EcsCluster-1AAGQRFIOE9AE,Service_beiakklem1vi3j5fejq0,500,2,0.0805995817,0
1537392780,Prod-EcsStagingCluster-EcsCluster-1AAGQRFIOE9AE,Service_beiakklem1vi3j5fejq0,500,2,0.0848664673,0
1537399140,Prod-EcsStagingCluster-EcsCluster-1AAGQRFIOE9AE,Service_beiakklem1vi3j5fejq0,500,2,0.0896542921,0
1537424580,Prod-EcsStagingCluster-EcsCluster-1AAGQRFIOE9AE,Service_beiakklem1vi3j5fejq0,500,2,0.1003810266,0
1537351200,Prod-EcsStagingCluster-EcsCluster-1AAGQRFIOE9AE,Service_beiakklem1vi3j5fejq0,500,2,0.0829984665,0
1537395720,Prod-EcsStagingCluster-EcsCluster-1AAGQRFIOE9AE,Service_beiakklem1vi3j5fejq0,500,2,0.0866933196,0
1537367100,Prod-EcsStagingCluster-EcsCluster-1AAGQRFIOE9AE,Service_beiakklem1vi3j5fejq0,500,2,0.0843812487,0
1537373460,Prod-EcsStagingCluster-EcsCluster-1AAGQRFIOE9AE,Service_beiakklem1vi3j5fejq0,500,2,0.0823349851,0
1537417980,Prod-EcsStagingCluster-EcsCluster-1AAGQRFIOE9AE,Service_beiakklem1vi3j5fejq0,500,2,0.0942440808,0
1537424340,Prod-EcsStagingCluster-EcsCluster-1AAGQRFIOE9AE,Service_beiakklem1vi3j5fejq0,500,2,0.1043579311,0
1537350060,Prod-EcsStagingCluster-EcsCluster-1AAGQRFIOE9AE,Service_beiakklem1vi3j5fejq0,500,2,0.0843903319,0
1537353240,Prod-EcsStagingCluster-EcsCluster-1AAGQRFIOE9AE,Service_beiakklem1vi3j5fejq0,500,2,0.0849519613,0
1537402080,Prod-EcsStagingCluster-EcsCluster-1AAGQRFIOE9AE,Service_beiakklem1vi3j5fejq0,500,2,0.0871115288,0
1537378680,Prod-EcsStagingCluster-EcsCluster-1AAGQRFIOE9AE,Service_beiakklem1vi3j5fejq0,500,2,0.0790628518,0
1537359600,Prod-EcsStagingCluster-EcsCluster-1AAGQRFIOE9AE,Service_beiakklem1vi3j5fejq0,500,2,0.0796225322,0
1537404120,Prod-EcsStagingCluster-EcsCluster-1AAGQRFIOE9AE,Service_beiakklem1vi3j5fejq0,500,2,0.0981809774,0
1537410480,Prod-EcsStagingCluster-EcsCluster-1AAGQRFIOE9AE,Service_beiakklem1vi3j5fejq0,500,2,0.0904353825,0
1537400940,Prod-EcsStagingCluster-EcsCluster-1AAGQRFIOE9AE,Service_beiakklem1vi3j5fejq0,500,2,0.0863159925,0
1537385040,Prod-EcsStagingCluster-EcsCluster-1AAGQRFIOE9AE,Service_beiakklem1vi3j5fejq0,500,2,0.0855198968,0
1537429560,Prod-EcsStagingCluster-EcsCluster-1AAGQRFIOE9AE,Service_beiakklem1vi3j5fejq0,500,2,0.0787531558,0
1537375260,Prod-EcsStagingCluster-EcsCluster-1AAGQRFIOE9AE,Service_beiakklem1vi3j5fejq0,500,2,0.0786825718,0
1537381620,Prod-EcsStagingCluster-EcsCluster-1AAGQRFIOE9AE,Service_beiakklem1vi3j5fejq0,500,2,0.0873496601,0
1537426140,Prod-EcsStagingCluster-EcsCluster-1AAGQRFIOE9AE,Service_beiakklem1vi3j5fejq0,500,2,0.0869469492,0
1537358220,Prod-EcsStagingCluster-EcsCluster-1AAGQRFIOE9AE,Service_beiakklem1vi3j5fejq0,500,2,0.0829675422,0
1537390020,Prod-EcsStagingCluster-EcsCluster-1AAGQRFIOE9AE,Service_beiakklem1vi3j5fejq0,500,2,0.0875611816,0
1537364580,Prod-EcsStagingCluster-EcsCluster-1AAGQRFIOE9AE,Service_beiakklem1vi3j5fejq0,500,2,0.0849099677,0
1537409100,Prod-EcsStagingCluster-EcsCluster-1AAGQRFIOE9AE,Service_beiakklem1vi3j5fejq0,500,2,0.0912691960,0
1537415460,Prod-EcsStagingCluster-EcsCluster-1AAGQRFIOE9AE,Service_beiakklem1vi3j5fejq0,500,2,0.3105419773,0
1537379400,Prod-EcsStagingCluster-EcsCluster-1AAGQRFIOE9AE,Service_beiakklem1vi3j5fejq0,500,2,0.0810762891,0
1537385760,Prod-EcsStagingCluster-EcsCluster-1AAGQRFIOE9AE,Service_beiakklem1vi3j5fejq0,500,2,0.0796645669,0
1537430280,Prod-EcsStagingCluster-EcsCluster-1AAGQRFIOE9AE,Service_beiakklem1vi3j5fejq0,500,2,0.0841495307,0
1537362360,Prod-EcsStagingCluster-EcsCluster-1AAGQRFIOE9AE,Service_beiakklem1vi3j5fejq0,500,2,0.0779934836,0
1537394160,Prod-EcsStagingCluster-EcsCluster-1AAGQRFIOE9AE,Service_beiakklem1vi3j5fejq0,500,2,0.0821713055,0
1537387800,Prod-EcsStagingCluster-EcsCluster-1AAGQRFIOE9AE,Service_beiakklem1vi3j5fejq0,500,2,0.0825288255,0
1537368720,Prod-EcsStagingCluster-EcsCluster-1AAGQRFIOE9AE,Service_beiakklem1vi3j5fejq0,500,2,0.0823748650,0
1537413240,Prod-EcsStagingCluster-EcsCluster-1AAGQRFIOE9AE,Service_beiakklem1vi3j5fejq0,500,2,0.0823931275,0
1537419600,Prod-EcsStagingCluster-EcsCluster-1AAGQRFIOE9AE,Service_beiakklem1vi3j5fejq0,500,2,0.1007693975,0
1537383420,Prod-EcsStagingCluster-EcsCluster-1AAGQRFIOE9AE,Service_beiakklem1vi3j5fejq0,500,2,0.0865968068,0
1537389780,Prod-EcsStagingCluster-EcsCluster-1AAGQRFIOE9AE,Service_beiakklem1vi3j5fejq0,500,2,0.0813124294,0
1537366380,Prod-EcsStagingCluster-EcsCluster-1AAGQRFIOE9AE,Service_beiakklem1vi3j5fejq0,500,2,0.0828032612,0
1537426800,Prod-EcsStagingCluster-EcsCluster-1AAGQRFIOE9AE,Service_beiakklem1vi3j5fejq0,500,2,0.7248415541,0
1537417260,Prod-EcsStagingCluster-EcsCluster-1AAGQRFIOE9AE,Service_beiakklem1vi3j5fejq0,500,2,0.0975224209,0
1537363080,Prod-EcsStagingCluster-EcsCluster-1AAGQRFIOE9AE,Service_beiakklem1vi3j5fejq0,500,2,0.0852460482,0
1537413960,Prod-EcsStagingCluster-EcsCluster-1AAGQRFIOE9AE,Service_beiakklem1vi3j5fejq0,500,2,0.0862706584,0
1537391700,Prod-EcsStagingCluster-EcsCluster-1AAGQRFIOE9AE,Service_beiakklem1vi3j5fejq0,500,2,0.0834828837,0
1537371480,Prod-EcsStagingCluster-EcsCluster-1AAGQRFIOE9AE,Service_beiakklem1vi3j5fejq0,500,2,0.0811195415,1
1537346040,Prod-EcsStagingCluster-EcsCluster-1AAGQRFIOE9AE,Service_beiakklem1vi3j5fejq0,500,2,0.0851163430,0
1537396920,Prod-EcsStagingCluster-EcsCluster-1AAGQRFIOE9AE,Service_beiakklem1vi3j5fejq0,500,2,0.0891661623,0
1537422360,Prod-EcsStagingCluster-EcsCluster-1AAGQRFIOE9AE,Service_beiakklem1vi3j5fejq0,500,2,0.0855049565,1
1537391580,Prod-EcsStagingCluster-EcsCluster-1AAGQRFIOE9AE,Service_beiakklem1vi3j5fejq0,500,2,0.0783865372,0
1537375680,Prod-EcsStagingCluster-EcsCluster-1AAGQRFIOE9AE,Service_beiakklem1vi3j5fejq0,500,2,0.0806213787,1
1537374540,Prod-EcsStagingCluster-EcsCluster-1AAGQRFIOE9AE,Service_beiakklem1vi3j5fejq0,500,2,0.0792010831,0
1537426560,Prod-EcsStagingCluster-EcsCluster-1AAGQRFIOE9AE,Service_beiakklem1vi3j5fejq0,500,2,0.1311692822,0
1537425420,Prod-EcsStagingCluster-EcsCluster-1AAGQRFIOE9AE,Service_beiakklem1vi3j5fejq0,500,2,0.0873181333,0
1537348980,Prod-EcsStagingCluster-EcsCluster-1AAGQRFIOE9AE,Service_beiakklem1vi3j5fejq0,500,2,0.0828320867,0
1537371240,Prod-EcsStagingCluster-EcsCluster-1AAGQRFIOE9AE,Service_beiakklem1vi3j5fejq0,500,2,0.0824827701,0
1537422120,Prod-EcsStagingCluster-EcsCluster-1AAGQRFIOE9AE,Service_beiakklem1vi3j5fejq0,500,2,0.1042750122,0
1537399860,Prod-EcsStagingCluster-EcsCluster-1AAGQRFIOE9AE,Service_beiakklem1vi3j5fejq0,500,2,0.0803831546,0
1537357380,Prod-EcsStagingCluster-EcsCluster-1AAGQRFIOE9AE,Service_beiakklem1vi3j5fejq0,500,2,0.0793773541,0
1537408260,Prod-EcsStagingCluster-EcsCluster-1AAGQRFIOE9AE,Service_beiakklem1vi3j5fejq0,500,2,0.0859971670,1
1537348860,Prod-EcsStagingCluster-EcsCluster-1AAGQRFIOE9AE,Service_beiakklem1vi3j5fejq0,500,2,0.0802112079,0
1537382820,Prod-EcsStagingCluster-EcsCluster-1AAGQRFIOE9AE,Service_beiakklem1vi3j5fejq0,500,2,0.0849214053,0
1537399740,Prod-EcsStagingCluster-EcsCluster-1AAGQRFIOE9AE,Service_beiakklem1vi3j5fejq0,500,2,0.0879769433,0
1537355160,Prod-EcsStagingCluster-EcsCluster-1AAGQRFIOE9AE,Service_beiakklem1vi3j5fejq0,500,2,0.0809649654,0
1537380600,Prod-EcsStagingCluster-EcsCluster-1AAGQRFIOE9AE,Service_beiakklem1vi3j5fejq0,500,2,0.0838595506,1
1537406040,Prod-EcsStagingCluster-EcsCluster-1AAGQRFIOE9AE,Service_beiakklem1vi3j5fejq0,500,2,0.0848304614,0
1537359360,Prod-EcsStagingCluster-EcsCluster-1AAGQRFIOE9AE,Service_beiakklem1vi3j5fejq0,500,2,0.0792572412,0
1537382700,Prod-EcsStagingCluster-EcsCluster-1AAGQRFIOE9AE,Service_beiakklem1vi3j5fejq0,500,2,0.0823497874,0
1537431480,Prod-EcsStagingCluster-EcsCluster-1AAGQRFIOE9AE,Service_beiakklem1vi3j5fejq0,500,2,0.0823767246,0
1537410240,Prod-EcsStagingCluster-EcsCluster-1AAGQRFIOE9AE,Service_beiakklem1vi3j5fejq0,500,2,0.0930741066,0
1537357140,Prod-EcsStagingCluster-EcsCluster-1AAGQRFIOE9AE,Service_beiakklem1vi3j5fejq0,500,2,0.0827079104,0
1537408020,Prod-EcsStagingCluster-EcsCluster-1AAGQRFIOE9AE,Service_beiakklem1vi3j5fejq0,500,2,0.0837019902,0
1537357020,Prod-EcsStagingCluster-EcsCluster-1AAGQRFIOE9AE,Service_beiakklem1vi3j5fejq0,500,2,0.0844901556,0
1537354920,Prod-EcsStagingCluster-EcsCluster-1AAGQRFIOE9AE,Service_beiakklem1vi3j5fejq0,500,2,0.0880632699,3
1537407900,Prod-EcsStagingCluster-EcsCluster-1AAGQRFIOE9AE,Service_beiakklem1vi3j5fejq0,500,2,0.0884511677,0
1537405800,Prod-EcsStagingCluster-EcsCluster-1AAGQRFIOE9AE,Service_beiakklem1vi3j5fejq0,500,2,0.0784962060,0
1537390860,Prod-EcsStagingCluster-EcsCluster-1AAGQRFIOE9AE,Service_beiakklem1vi3j5fejq0,500,2,0.0820592281,0
1537367520,Prod-EcsStagingCluster-EcsCluster-1AAGQRFIOE9AE,Service_beiakklem1vi3j5fejq0,500,2,0.0806028606,0
1537418400,Prod-EcsStagingCluster-EcsCluster-1AAGQRFIOE9AE,Service_beiakklem1vi3j5fejq0,500,2,0.1044481462,0
1537375920,Prod-EcsStagingCluster-EcsCluster-1AAGQRFIOE9AE,Service_beiakklem1vi3j5fejq0,500,2,0.0820906807,4
1537350480,Prod-EcsStagingCluster-EcsCluster-1AAGQRFIOE9AE,Service_beiakklem1vi3j5fejq0,500,2,0.0859008530,0
1537401360,Prod-EcsStagingCluster-EcsCluster-1AAGQRFIOE9AE,Service_beiakklem1vi3j5fejq0,500,2,0.0911144476,0
1537365300,Prod-EcsStagingCluster-EcsCluster-1AAGQRFIOE9AE,Service_beiakklem1vi3j5fejq0,500,2,0.0813456896,0
1537421520,Prod-EcsStagingCluster-EcsCluster-1AAGQRFIOE9AE,Service_beiakklem1vi3j5fejq0,500,2,0.0926602629,0
1537349280,Prod-EcsStagingCluster-EcsCluster-1AAGQRFIOE9AE,Service_beiakklem1vi3j5fejq0,500,2,0.0847910179,0
1537393800,Prod-EcsStagingCluster-EcsCluster-1AAGQRFIOE9AE,Service_beiakklem1vi3j5fejq0,500,2,0.0779104526,0
1537371540,Prod-EcsStagingCluster-EcsCluster-1AAGQRFIOE9AE,Service_beiakklem1vi3j5fejq0,500,2,0.0799570824,0
1537422420,Prod-EcsStagingCluster-EcsCluster-1AAGQRFIOE9AE,Service_beiakklem1vi3j5fejq0,500,2,0.0846511393,0
1537348140,Prod-EcsStagingCluster-EcsCluster-1AAGQRFIOE9AE,Service_beiakklem1vi3j5fejq0,500,2,0.0797494434,0
1537400160,Prod-EcsStagingCluster-EcsCluster-1AAGQRFIOE9AE,Service_beiakklem1vi3j5fejq0,500,2,0.0836128209,0
1537360860,Prod-EcsStagingCluster-EcsCluster-1AAGQRFIOE9AE,Service_beiakklem1vi3j5fejq0,500,2,0.0819242347,1
1537411740,Prod-EcsStagingCluster-EcsCluster-1AAGQRFIOE9AE,Service_beiakklem1vi3j5fejq0,500,2,0.1014590557,0
1537399020,Prod-EcsStagingCluster-EcsCluster-1AAGQRFIOE9AE,Service_beiakklem1vi3j5fejq0,500,2,0.0836585412,0
1537350180,Prod-EcsStagingCluster-EcsCluster-1AAGQRFIOE9AE,Service_beiakklem1vi3j5fejq0,500,2,0.0881067150,0
1537401060,Prod-EcsStagingCluster-EcsCluster-1AAGQRFIOE9AE,Service_beiakklem1vi3j5fejq0,500,2,0.0910944270,0
1537375620,Prod-EcsStagingCluster-EcsCluster-1AAGQRFIOE9AE,Service_beiakklem1vi3j5fejq0,500,2,0.0819462632,0
1537426500,Prod-EcsStagingCluster-EcsCluster-1AAGQRFIOE9AE,Service_beiakklem1vi3j5fejq0,500,2,0.1964482102,0
1537379700,Prod-EcsStagingCluster-EcsCluster-1AAGQRFIOE9AE,Service_beiakklem1vi3j5fejq0,500,2,0.0848774767,0
1537351080,Prod-EcsStagingCluster-EcsCluster-1AAGQRFIOE9AE,Service_beiakklem1vi3j5fejq0,500,2,0.0791067415,0
1537357440,Prod-EcsStagingCluster-EcsCluster-1AAGQRFIOE9AE,Service_beiakklem1vi3j5fejq0,500,2,0.0844245287,0
1537401960,Prod-EcsStagingCluster-EcsCluster-1AAGQRFIOE9AE,Service_beiakklem1vi3j5fejq0,500,2,0.0894876678,0
1537430580,Prod-EcsStagingCluster-EcsCluster-1AAGQRFIOE9AE,Service_beiakklem1vi3j5fejq0,500,2,0.0837766777,0
1537356300,Prod-EcsStagingCluster-EcsCluster-1AAGQRFIOE9AE,Service_beiakklem1vi3j5fejq0,500,2,0.0780971037,0
1537408320,Prod-EcsStagingCluster-EcsCluster-1AAGQRFIOE9AE,Service_beiakklem1vi3j5fejq0,500,2,0.0907743942,0
1537369020,Prod-EcsStagingCluster-EcsCluster-1AAGQRFIOE9AE,Service_beiakklem1vi3j5fejq0,500,2,0.0836036559,0
1537419900,Prod-EcsStagingCluster-EcsCluster-1AAGQRFIOE9AE,Service_beiakklem1vi3j5fejq0,500,2,0.1018511117,1
1537407180,Prod-EcsStagingCluster-EcsCluster-1AAGQRFIOE9AE,Service_beiakklem1vi3j5fejq0,500,2,0.0867349087,0
1537383840,Prod-EcsStagingCluster-EcsCluster-1AAGQRFIOE9AE,Service_beiakklem1vi3j5fejq0,500,2,0.0842465290,0
1537428360,Prod-EcsStagingCluster-EcsCluster-1AAGQRFIOE9AE,Service_beiakklem1vi3j5fejq0,500,2,0.0854262575,0
1537387860,Prod-EcsStagingCluster-EcsCluster-1AAGQRFIOE9AE,Service_beiakklem1vi3j5fejq0,500,2,0.0904716652,0
1537364460,Prod-EcsStagingCluster-EcsCluster-1AAGQRFIOE9AE,Service_beiakklem1vi3j5fejq0,500,2,0.0830383479,0
1537377180,Prod-EcsStagingCluster-EcsCluster-1AAGQRFIOE9AE,Service_beiakklem1vi3j5fejq0,500,2,0.0790967662,0
1537385640,Prod-EcsStagingCluster-EcsCluster-1AAGQRFIOE9AE,Service_beiakklem1vi3j5fejq0,500,2,0.0788524235,0
1537428060,Prod-EcsStagingCluster-EcsCluster-1AAGQRFIOE9AE,Service_beiakklem1vi3j5fejq0,500,2,0.0829607826,0
1537392000,Prod-EcsStagingCluster-EcsCluster-1AAGQRFIOE9AE,Service_beiakklem1vi3j5fejq0,500,2,0.0802978211,1
1537415340,Prod-EcsStagingCluster-EcsCluster-1AAGQRFIOE9AE,Service_beiakklem1vi3j5fejq0,500,2,0.5376259713,0
1537391940,Prod-EcsStagingCluster-EcsCluster-1AAGQRFIOE9AE,Service_beiakklem1vi3j5fejq0,500,2,0.0788444535,0
1537366500,Prod-EcsStagingCluster-EcsCluster-1AAGQRFIOE9AE,Service_beiakklem1vi3j5fejq0,500,2,0.0830358534,0
1537417380,Prod-EcsStagingCluster-EcsCluster-1AAGQRFIOE9AE,Service_beiakklem1vi3j5fejq0,500,2,0.1028830377,0
1537389720,Prod-EcsStagingCluster-EcsCluster-1AAGQRFIOE9AE,Service_beiakklem1vi3j5fejq0,500,2,0.0832034093,0
1537364280,Prod-EcsStagingCluster-EcsCluster-1AAGQRFIOE9AE,Service_beiakklem1vi3j5fejq0,500,2,0.0859615840,0
1537370640,Prod-EcsStagingCluster-EcsCluster-1AAGQRFIOE9AE,Service_beiakklem1vi3j5fejq0,500,2,0.0788306487,0
1537415160,Prod-EcsStagingCluster-EcsCluster-1AAGQRFIOE9AE,Service_beiakklem1vi3j5fejq0,500,2,0.3460231328,0
1537396080,Prod-EcsStagingCluster-EcsCluster-1AAGQRFIOE9AE,Service_beiakklem1vi3j5fejq0,500,2,0.0915944112,0
1537373760,Prod-EcsStagingCluster-EcsCluster-1AAGQRFIOE9AE,Service_beiakklem1vi3j5fejq0,500,2,0.0810281491,0
1537424640,Prod-EcsStagingCluster-EcsCluster-1AAGQRFIOE9AE,Service_beiakklem1vi3j5fejq0,500,2,0.0904727613,0
1537393860,Prod-EcsStagingCluster-EcsCluster-1AAGQRFIOE9AE,Service_beiakklem1vi3j5fejq0,500,2,0.0877788935,0
1537368420,Prod-EcsStagingCluster-EcsCluster-1AAGQRFIOE9AE,Service_beiakklem1vi3j5fejq0,500,2,0.0878712163,0
1537419300,Prod-EcsStagingCluster-EcsCluster-1AAGQRFIOE9AE,Service_beiakklem1vi3j5fejq0,500,2,0.1017080679,0
1537372620,Prod-EcsStagingCluster-EcsCluster-1AAGQRFIOE9AE,Service_beiakklem1vi3j5fejq0,500,2,0.0767364216,1
1537385340,Prod-EcsStagingCluster-EcsCluster-1AAGQRFIOE9AE,Service_beiakklem1vi3j5fejq0,500,2,0.0857202053,0
1537423500,Prod-EcsStagingCluster-EcsCluster-1AAGQRFIOE9AE,Service_beiakklem1vi3j5fejq0,500,2,0.1209895262,0
1537352400,Prod-EcsStagingCluster-EcsCluster-1AAGQRFIOE9AE,Service_beiakklem1vi3j5fejq0,500,2,0.0851527304,0
1537347060,Prod-EcsStagingCluster-EcsCluster-1AAGQRFIOE9AE,Service_beiakklem1vi3j5fejq0,500,2,0.0802663197,0
1537377840,Prod-EcsStagingCluster-EcsCluster-1AAGQRFIOE9AE,Service_beiakklem1vi3j5fejq0,500,2,0.0800874144,0
1537397940,Prod-EcsStagingCluster-EcsCluster-1AAGQRFIOE9AE,Service_beiakklem1vi3j5fejq0,500,2,0.0801864394,0
1537428720,Prod-EcsStagingCluster-EcsCluster-1AAGQRFIOE9AE,Service_beiakklem1vi3j5fejq0,500,2,0.0842480515,0
1537403280,Prod-EcsStagingCluster-EcsCluster-1AAGQRFIOE9AE,Service_beiakklem1vi3j5fejq0,500,2,0.0857323753,0
1537369320,Prod-EcsStagingCluster-EcsCluster-1AAGQRFIOE9AE,Service_beiakklem1vi3j5fejq0,500,2,0.0805489567,0
1537420200,Prod-EcsStagingCluster-EcsCluster-1AAGQRFIOE9AE,Service_beiakklem1vi3j5fejq0,500,2,0.0951639733,1
1537373400,Prod-EcsStagingCluster-EcsCluster-1AAGQRFIOE9AE,Service_beiakklem1vi3j5fejq0,500,2,0.0805958663,0
1537347960,Prod-EcsStagingCluster-EcsCluster-1AAGQRFIOE9AE,Service_beiakklem1vi3j5fejq0,500,2,0.0843183662,0
1537381920,Prod-EcsStagingCluster-EcsCluster-1AAGQRFIOE9AE,Service_beiakklem1vi3j5fejq0,500,2,0.0853911463,0
1537398840,Prod-EcsStagingCluster-EcsCluster-1AAGQRFIOE9AE,Service_beiakklem1vi3j5fejq0,500,2,0.0880413962,0
1537424280,Prod-EcsStagingCluster-EcsCluster-1AAGQRFIOE9AE,Service_beiakklem1vi3j5fejq0,500,2,0.0994729944,0
1537393500,Prod-EcsStagingCluster-EcsCluster-1AAGQRFIOE9AE,Service_beiakklem1vi3j5fejq0,500,2,0.0805260612,0
1537380780,Prod-EcsStagingCluster-EcsCluster-1AAGQRFIOE9AE,Service_beiakklem1vi3j5fejq0,500,2,0.0884703789,0
1537431660,Prod-EcsStagingCluster-EcsCluster-1AAGQRFIOE9AE,Service_beiakklem1vi3j5fejq0,500,2,0.0833047637,1
1537377480,Prod-EcsStagingCluster-EcsCluster-1AAGQRFIOE9AE,Service_beiakklem1vi3j5fejq0,500,2,0.0825329283,0
1537355220,Prod-EcsStagingCluster-EcsCluster-1AAGQRFIOE9AE,Service_beiakklem1vi3j5fejq0,500,2,0.0835663795,0
1537406100,Prod-EcsStagingCluster-EcsCluster-1AAGQRFIOE9AE,Service_beiakklem1vi3j5fejq0,500,2,0.1079872676,0
1537361520,Prod-EcsStagingCluster-EcsCluster-1AAGQRFIOE9AE,Service_beiakklem1vi3j5fejq0,500,2,0.0841923539,0
1537412400,Prod-EcsStagingCluster-EcsCluster-1AAGQRFIOE9AE,Service_beiakklem1vi3j5fejq0,500,2,0.0884188571,0
1537353000,Prod-EcsStagingCluster-EcsCluster-1AAGQRFIOE9AE,Service_beiakklem1vi3j5fejq0,500,2,0.0932504907,0
1537386960,Prod-EcsStagingCluster-EcsCluster-1AAGQRFIOE9AE,Service_beiakklem1vi3j5fejq0,500,2,0.0825408077,0
1537403880,Prod-EcsStagingCluster-EcsCluster-1AAGQRFIOE9AE,Service_beiakklem1vi3j5fejq0,500,2,0.1187253536,0
1537359300,Prod-EcsStagingCluster-EcsCluster-1AAGQRFIOE9AE,Service_beiakklem1vi3j5fejq0,500,2,0.0783965722,0
1537410180,Prod-EcsStagingCluster-EcsCluster-1AAGQRFIOE9AE,Service_beiakklem1vi3j5fejq0,500,2,0.1096463778,0
1537350780,Prod-EcsStagingCluster-EcsCluster-1AAGQRFIOE9AE,Service_beiakklem1vi3j5fejq0,500,2,0.0803615200,0
1537384740,Prod-EcsStagingCluster-EcsCluster-1AAGQRFIOE9AE,Service_beiakklem1vi3j5fejq0,500,2,0.0812660090,1
1537401660,Prod-EcsStagingCluster-EcsCluster-1AAGQRFIOE9AE,Service_beiakklem1vi3j5fejq0,500,2,0.1283972817,0
1537388940,Prod-EcsStagingCluster-EcsCluster-1AAGQRFIOE9AE,Service_beiakklem1vi3j5fejq0,500,2,0.0832804034,0
1537365600,Prod-EcsStagingCluster-EcsCluster-1AAGQRFIOE9AE,Service_beiakklem1vi3j5fejq0,500,2,0.0849143110,0
1537416480,Prod-EcsStagingCluster-EcsCluster-1AAGQRFIOE9AE,Service_beiakklem1vi3j5fejq0,500,2,0.0829650966,0
1537357080,Prod-EcsStagingCluster-EcsCluster-1AAGQRFIOE9AE,Service_beiakklem1vi3j5fejq0,500,2,0.0831346635,0
1537407960,Prod-EcsStagingCluster-EcsCluster-1AAGQRFIOE9AE,Service_beiakklem1vi3j5fejq0,500,2,0.0872298649,0
1537382520,Prod-EcsStagingCluster-EcsCluster-1AAGQRFIOE9AE,Service_beiakklem1vi3j5fejq0,500,2,0.0787905037,0
1537363380,Prod-EcsStagingCluster-EcsCluster-1AAGQRFIOE9AE,Service_beiakklem1vi3j5fejq0,500,2,0.0824871438,0
1537414260,Prod-EcsStagingCluster-EcsCluster-1AAGQRFIOE9AE,Service_beiakklem1vi3j5fejq0,500,2,0.1362672662,0
1537361160,Prod-EcsStagingCluster-EcsCluster-1AAGQRFIOE9AE,Service_beiakklem1vi3j5fejq0,500,2,0.0862155410,0
1537412040,Prod-EcsStagingCluster-EcsCluster-1AAGQRFIOE9AE,Service_beiakklem1vi3j5fejq0,500,2,0.0873429362,0
1537346220,Prod-EcsStagingCluster-EcsCluster-1AAGQRFIOE9AE,Service_beiakklem1vi3j5fejq0,500,2,0.1174222779,0
1537358940,Prod-EcsStagingCluster-EcsCluster-1AAGQRFIOE9AE,Service_beiakklem1vi3j5fejq0,500,2,0.0791656561,0
1537397100,Prod-EcsStagingCluster-EcsCluster-1AAGQRFIOE9AE,Service_beiakklem1vi3j5fejq0,500,2,0.0869931539,0
1537360980,Prod-EcsStagingCluster-EcsCluster-1AAGQRFIOE9AE,Service_beiakklem1vi3j5fejq0,500,2,0.0816721015,0
1537425720,Prod-EcsStagingCluster-EcsCluster-1AAGQRFIOE9AE,Service_beiakklem1vi3j5fejq0,500,2,0.0860441737,0
1537354620,Prod-EcsStagingCluster-EcsCluster-1AAGQRFIOE9AE,Service_beiakklem1vi3j5fejq0,500,2,0.0841250175,0
1537411860,Prod-EcsStagingCluster-EcsCluster-1AAGQRFIOE9AE,Service_beiakklem1vi3j5fejq0,500,2,0.0992737952,0
1537405500,Prod-EcsStagingCluster-EcsCluster-1AAGQRFIOE9AE,Service_beiakklem1vi3j5fejq0,500,2,0.0811461922,0
1537347120,Prod-EcsStagingCluster-EcsCluster-1AAGQRFIOE9AE,Service_beiakklem1vi3j5fejq0,500,2,0.0829878913,0
1537391640,Prod-EcsStagingCluster-EcsCluster-1AAGQRFIOE9AE,Service_beiakklem1vi3j5fejq0,500,2,0.0805679973,0
1537398000,Prod-EcsStagingCluster-EcsCluster-1AAGQRFIOE9AE,Service_beiakklem1vi3j5fejq0,500,2,0.0817296851,0
1537371420,Prod-EcsStagingCluster-EcsCluster-1AAGQRFIOE9AE,Service_beiakklem1vi3j5fejq0,500,2,0.0805683925,0
1537377780,Prod-EcsStagingCluster-EcsCluster-1AAGQRFIOE9AE,Service_beiakklem1vi3j5fejq0,500,2,0.0791169624,0
1537428660,Prod-EcsStagingCluster-EcsCluster-1AAGQRFIOE9AE,Service_beiakklem1vi3j5fejq0,500,2,0.0843725019,0
1537360740,Prod-EcsStagingCluster-EcsCluster-1AAGQRFIOE9AE,Service_beiakklem1vi3j5fejq0,500,2,0.0819987169,0
1537422300,Prod-EcsStagingCluster-EcsCluster-1AAGQRFIOE9AE,Service_beiakklem1vi3j5fejq0,500,2,0.0885387446,0
1537411620,Prod-EcsStagingCluster-EcsCluster-1AAGQRFIOE9AE,Service_beiakklem1vi3j5fejq0,500,2,0.0976357064,0
1537346880,Prod-EcsStagingCluster-EcsCluster-1AAGQRFIOE9AE,Service_beiakklem1vi3j5fejq0,500,2,0.2117939632,0
1537397760,Prod-EcsStagingCluster-EcsCluster-1AAGQRFIOE9AE,Service_beiakklem1vi3j5fejq0,500,2,0.0827282871,0
1537391400,Prod-EcsStagingCluster-EcsCluster-1AAGQRFIOE9AE,Service_beiakklem1vi3j5fejq0,500,2,0.0796692698,0
1537345740,Prod-EcsStagingCluster-EcsCluster-1AAGQRFIOE9AE,Service_beiakklem1vi3j5fejq0,500,2,0.1380175294,0
1537396620,Prod-EcsStagingCluster-EcsCluster-1AAGQRFIOE9AE,Service_beiakklem1vi3j5fejq0,500,2,0.0888724249,0
1537377540,Prod-EcsStagingCluster-EcsCluster-1AAGQRFIOE9AE,Service_beiakklem1vi3j5fejq0,500,2,0.0833687220,0
1537428420,Prod-EcsStagingCluster-EcsCluster-1AAGQRFIOE9AE,Service_beiakklem1vi3j5fejq0,500,2,0.0841302143,0
1537357320,Prod-EcsStagingCluster-EcsCluster-1AAGQRFIOE9AE,Service_beiakklem1vi3j5fejq0,500,2,0.0811150197,0
1537375320,Prod-EcsStagingCluster-EcsCluster-1AAGQRFIOE9AE,Service_beiakklem1vi3j5fejq0,500,2,0.0817653722,0
1537381680,Prod-EcsStagingCluster-EcsCluster-1AAGQRFIOE9AE,Service_beiakklem1vi3j5fejq0,500,2,0.0908575948,0
1537426200,Prod-EcsStagingCluster-EcsCluster-1AAGQRFIOE9AE,Service_beiakklem1vi3j5fejq0,500,2,0.0858772611,0
1537362540,Prod-EcsStagingCluster-EcsCluster-1AAGQRFIOE9AE,Service_beiakklem1vi3j5fejq0,500,2,0.0777388111,0
1537413420,Prod-EcsStagingCluster-EcsCluster-1AAGQRFIOE9AE,Service_beiakklem1vi3j5fejq0,500,2,0.0823013768,0
1537370940,Prod-EcsStagingCluster-EcsCluster-1AAGQRFIOE9AE,Service_beiakklem1vi3j5fejq0,500,2,0.0779137997,0
1537377300,Prod-EcsStagingCluster-EcsCluster-1AAGQRFIOE9AE,Service_beiakklem1vi3j5fejq0,500,2,0.0798160371,0
1537421820,Prod-EcsStagingCluster-EcsCluster-1AAGQRFIOE9AE,Service_beiakklem1vi3j5fejq0,500,2,0.0916904695,0
1537428180,Prod-EcsStagingCluster-EcsCluster-1AAGQRFIOE9AE,Service_beiakklem1vi3j5fejq0,500,2,0.0817619696,0
1537381440,Prod-EcsStagingCluster-EcsCluster-1AAGQRFIOE9AE,Service_beiakklem1vi3j5fejq0,500,2,0.0820966356,0
1537375080,Prod-EcsStagingCluster-EcsCluster-1AAGQRFIOE9AE,Service_beiakklem1vi3j5fejq0,500,2,0.0795948874,0
1537394100,Prod-EcsStagingCluster-EcsCluster-1AAGQRFIOE9AE,Service_beiakklem1vi3j5fejq0,500,2,0.0810502868,0
1537387740,Prod-EcsStagingCluster-EcsCluster-1AAGQRFIOE9AE,Service_beiakklem1vi3j5fejq0,500,2,0.0876133431,0
1537425960,Prod-EcsStagingCluster-EcsCluster-1AAGQRFIOE9AE,Service_beiakklem1vi3j5fejq0,500,2,0.0848597392,0
1537377060,Prod-EcsStagingCluster-EcsCluster-1AAGQRFIOE9AE,Service_beiakklem1vi3j5fejq0,500,2,0.0797901839,0
1537347360,Prod-EcsStagingCluster-EcsCluster-1AAGQRFIOE9AE,Service_beiakklem1vi3j5fejq0,500,2,0.0804479504,0
1537391880,Prod-EcsStagingCluster-EcsCluster-1AAGQRFIOE9AE,Service_beiakklem1vi3j5fejq0,500,2,0.0778574237,0
1537398240,Prod-EcsStagingCluster-EcsCluster-1AAGQRFIOE9AE,Service_beiakklem1vi3j5fejq0,500,2,0.0827578961,0
1537427940,Prod-EcsStagingCluster-EcsCluster-1AAGQRFIOE9AE,Service_beiakklem1vi3j5fejq0,500,2,0.0829952922,0
1537374840,Prod-EcsStagingCluster-EcsCluster-1AAGQRFIOE9AE,Service_beiakklem1vi3j5fejq0,500,2,0.0815873619,0
1537381200,Prod-EcsStagingCluster-EcsCluster-1AAGQRFIOE9AE,Service_beiakklem1vi3j5fejq0,500,2,0.0822094799,0
1537396020,Prod-EcsStagingCluster-EcsCluster-1AAGQRFIOE9AE,Service_beiakklem1vi3j5fejq0,500,2,0.0873985996,0
1537414080,Prod-EcsStagingCluster-EcsCluster-1AAGQRFIOE9AE,Service_beiakklem1vi3j5fejq0,500,2,0.0842366257,0
1537362060,Prod-EcsStagingCluster-EcsCluster-1AAGQRFIOE9AE,Service_beiakklem1vi3j5fejq0,500,2,0.0784819032,0
1537412940,Prod-EcsStagingCluster-EcsCluster-1AAGQRFIOE9AE,Service_beiakklem1vi3j5fejq0,500,2,0.0854271234,0
1537378980,Prod-EcsStagingCluster-EcsCluster-1AAGQRFIOE9AE,Service_beiakklem1vi3j5fejq0,500,2,0.0799420082,0
1537380000,Prod-EcsStagingCluster-EcsCluster-1AAGQRFIOE9AE,Service_beiakklem1vi3j5fejq0,500,2,0.0776295056,0
1537429860,Prod-EcsStagingCluster-EcsCluster-1AAGQRFIOE9AE,Service_beiakklem1vi3j5fejq0,500,2,0.0819176068,0
1537358760,Prod-EcsStagingCluster-EcsCluster-1AAGQRFIOE9AE,Service_beiakklem1vi3j5fejq0,500,2,0.0813132794,0
1537430880,Prod-EcsStagingCluster-EcsCluster-1AAGQRFIOE9AE,Service_beiakklem1vi3j5fejq0,500,2,0.0833532725,0
1537362960,Prod-EcsStagingCluster-EcsCluster-1AAGQRFIOE9AE,Service_beiakklem1vi3j5fejq0,500,2,0.0805304259,0
1537409640,Prod-EcsStagingCluster-EcsCluster-1AAGQRFIOE9AE,Service_beiakklem1vi3j5fejq0,500,2,0.1322119386,0
1537378860,Prod-EcsStagingCluster-EcsCluster-1AAGQRFIOE9AE,Service_beiakklem1vi3j5fejq0,500,2,0.0798698709,0
1537429740,Prod-EcsStagingCluster-EcsCluster-1AAGQRFIOE9AE,Service_beiakklem1vi3j5fejq0,500,2,0.0814474709,0
1537413840,Prod-EcsStagingCluster-EcsCluster-1AAGQRFIOE9AE,Service_beiakklem1vi3j5fejq0,500,2,0.1879837145,0
1537395780,Prod-EcsStagingCluster-EcsCluster-1AAGQRFIOE9AE,Service_beiakklem1vi3j5fejq0,500,2,0.0866391903,0
1537375560,Prod-EcsStagingCluster-EcsCluster-1AAGQRFIOE9AE,Service_beiakklem1vi3j5fejq0,500,2,0.0810090316,0
1537387260,Prod-EcsStagingCluster-EcsCluster-1AAGQRFIOE9AE,Service_beiakklem1vi3j5fejq0,500,2,0.0812450829,0
1537426440,Prod-EcsStagingCluster-EcsCluster-1AAGQRFIOE9AE,Service_beiakklem1vi3j5fejq0,500,2,0.0850589522,0
1537358520,Prod-EcsStagingCluster-EcsCluster-1AAGQRFIOE9AE,Service_beiakklem1vi3j5fejq0,500,2,0.0801215636,0
1537379760,Prod-EcsStagingCluster-EcsCluster-1AAGQRFIOE9AE,Service_beiakklem1vi3j5fejq0,500,2,0.0855282967,0
1537430640,Prod-EcsStagingCluster-EcsCluster-1AAGQRFIOE9AE,Service_beiakklem1vi3j5fejq0,500,2,0.0834922552,0
1537353180,Prod-EcsStagingCluster-EcsCluster-1AAGQRFIOE9AE,Service_beiakklem1vi3j5fejq0,500,2,0.0851732676,0
1537409400,Prod-EcsStagingCluster-EcsCluster-1AAGQRFIOE9AE,Service_beiakklem1vi3j5fejq0,500,2,0.0911382424,0
1537404060,Prod-EcsStagingCluster-EcsCluster-1AAGQRFIOE9AE,Service_beiakklem1vi3j5fejq0,500,2,0.0850317610,3
1537395540,Prod-EcsStagingCluster-EcsCluster-1AAGQRFIOE9AE,Service_beiakklem1vi3j5fejq0,500,2,0.0859089725,1
1537363680,Prod-EcsStagingCluster-EcsCluster-1AAGQRFIOE9AE,Service_beiakklem1vi3j5fejq0,500,2,0.0833435468,0
1537414560,Prod-EcsStagingCluster-EcsCluster-1AAGQRFIOE9AE,Service_beiakklem1vi3j5fejq0,500,2,0.1518968598,0
1537393320,Prod-EcsStagingCluster-EcsCluster-1AAGQRFIOE9AE,Service_beiakklem1vi3j5fejq0,500,2,0.0817218639,0
1537346640,Prod-EcsStagingCluster-EcsCluster-1AAGQRFIOE9AE,Service_beiakklem1vi3j5fejq0,500,2,0.0977431602,0
1537397520,Prod-EcsStagingCluster-EcsCluster-1AAGQRFIOE9AE,Service_beiakklem1vi3j5fejq0,500,2,0.0828462671,0
1537361460,Prod-EcsStagingCluster-EcsCluster-1AAGQRFIOE9AE,Service_beiakklem1vi3j5fejq0,500,2,0.0767764896,0
1537412340,Prod-EcsStagingCluster-EcsCluster-1AAGQRFIOE9AE,Service_beiakklem1vi3j5fejq0,500,2,0.0910358504,0
1537378380,Prod-EcsStagingCluster-EcsCluster-1AAGQRFIOE9AE,Service_beiakklem1vi3j5fejq0,500,2,0.0776138618,0
1537359240,Prod-EcsStagingCluster-EcsCluster-1AAGQRFIOE9AE,Service_beiakklem1vi3j5fejq0,500,2,0.0757091925,0
1537395300,Prod-EcsStagingCluster-EcsCluster-1AAGQRFIOE9AE,Service_beiakklem1vi3j5fejq0,500,2,0.0867580774,0
1537429260,Prod-EcsStagingCluster-EcsCluster-1AAGQRFIOE9AE,Service_beiakklem1vi3j5fejq0,500,2,0.5004010755,0
1537410120,Prod-EcsStagingCluster-EcsCluster-1AAGQRFIOE9AE,Service_beiakklem1vi3j5fejq0,500,2,0.0911130333,0
1537363440,Prod-EcsStagingCluster-EcsCluster-1AAGQRFIOE9AE,Service_beiakklem1vi3j5fejq0,500,2,0.0868581165,0
1537393080,Prod-EcsStagingCluster-EcsCluster-1AAGQRFIOE9AE,Service_beiakklem1vi3j5fejq0,500,2,0.0862039345,0
1537414320,Prod-EcsStagingCluster-EcsCluster-1AAGQRFIOE9AE,Service_beiakklem1vi3j5fejq0,500,2,0.0850562420,0
1537395180,Prod-EcsStagingCluster-EcsCluster-1AAGQRFIOE9AE,Service_beiakklem1vi3j5fejq0,500,2,0.0906391742,0
1537361220,Prod-EcsStagingCluster-EcsCluster-1AAGQRFIOE9AE,Service_beiakklem1vi3j5fejq0,500,2,0.0778088623,1
1537412100,Prod-EcsStagingCluster-EcsCluster-1AAGQRFIOE9AE,Service_beiakklem1vi3j5fejq0,500,2,0.0890526988,0
1537352700,Prod-EcsStagingCluster-EcsCluster-1AAGQRFIOE9AE,Service_beiakklem1vi3j5fejq0,500,2,0.0819809459,0
1537403580,Prod-EcsStagingCluster-EcsCluster-1AAGQRFIOE9AE,Service_beiakklem1vi3j5fejq0,500,2,0.1115246454,0
1537359000,Prod-EcsStagingCluster-EcsCluster-1AAGQRFIOE9AE,Service_beiakklem1vi3j5fejq0,500,2,0.0773815878,1
1537409880,Prod-EcsStagingCluster-EcsCluster-1AAGQRFIOE9AE,Service_beiakklem1vi3j5fejq0,500,2,0.0883426726,0
1537363200,Prod-EcsStagingCluster-EcsCluster-1AAGQRFIOE9AE,Service_beiakklem1vi3j5fejq0,500,2,0.0816335145,1
1537375860,Prod-EcsStagingCluster-EcsCluster-1AAGQRFIOE9AE,Service_beiakklem1vi3j5fejq0,500,2,0.0814731793,0
1537363140,Prod-EcsStagingCluster-EcsCluster-1AAGQRFIOE9AE,Service_beiakklem1vi3j5fejq0,500,2,0.0812450775,0
1537414020,Prod-EcsStagingCluster-EcsCluster-1AAGQRFIOE9AE,Service_beiakklem1vi3j5fejq0,500,2,0.0828813019,0
1537426740,Prod-EcsStagingCluster-EcsCluster-1AAGQRFIOE9AE,Service_beiakklem1vi3j5fejq0,500,2,0.0973241043,1
1537376760,Prod-EcsStagingCluster-EcsCluster-1AAGQRFIOE9AE,Service_beiakklem1vi3j5fejq0,500,2,0.0783285212,0
1537383120,Prod-EcsStagingCluster-EcsCluster-1AAGQRFIOE9AE,Service_beiakklem1vi3j5fejq0,500,2,0.0853817237,0
1537389480,Prod-EcsStagingCluster-EcsCluster-1AAGQRFIOE9AE,Service_beiakklem1vi3j5fejq0,500,2,0.0864095343,0
1537395840,Prod-EcsStagingCluster-EcsCluster-1AAGQRFIOE9AE,Service_beiakklem1vi3j5fejq0,500,2,0.0883695670,0
1537427640,Prod-EcsStagingCluster-EcsCluster-1AAGQRFIOE9AE,Service_beiakklem1vi3j5fejq0,500,2,0.0883103608,0
1537356540,Prod-EcsStagingCluster-EcsCluster-1AAGQRFIOE9AE,Service_beiakklem1vi3j5fejq0,500,2,0.0850344656,0
1537394700,Prod-EcsStagingCluster-EcsCluster-1AAGQRFIOE9AE,Service_beiakklem1vi3j5fejq0,500,2,0.0845233731,1
1537349040,Prod-EcsStagingCluster-EcsCluster-1AAGQRFIOE9AE,Service_beiakklem1vi3j5fejq0,500,2,0.0808567683,0
1537355400,Prod-EcsStagingCluster-EcsCluster-1AAGQRFIOE9AE,Service_beiakklem1vi3j5fejq0,500,2,0.0846289939,0
1537361760,Prod-EcsStagingCluster-EcsCluster-1AAGQRFIOE9AE,Service_beiakklem1vi3j5fejq0,500,2,0.0778375796,0
1537407420,Prod-EcsStagingCluster-EcsCluster-1AAGQRFIOE9AE,Service_beiakklem1vi3j5fejq0,500,2,0.0908511532,0
1537412640,Prod-EcsStagingCluster-EcsCluster-1AAGQRFIOE9AE,Service_beiakklem1vi3j5fejq0,500,2,0.0877547416,0
1537393560,Prod-EcsStagingCluster-EcsCluster-1AAGQRFIOE9AE,Service_beiakklem1vi3j5fejq0,500,2,0.0797169705,0
1537399920,Prod-EcsStagingCluster-EcsCluster-1AAGQRFIOE9AE,Service_beiakklem1vi3j5fejq0,500,2,0.0820759419,0
1537406280,Prod-EcsStagingCluster-EcsCluster-1AAGQRFIOE9AE,Service_beiakklem1vi3j5fejq0,500,2,0.0823249933,0
1537373340,Prod-EcsStagingCluster-EcsCluster-1AAGQRFIOE9AE,Service_beiakklem1vi3j5fejq0,500,2,0.0815619462,0
1537360620,Prod-EcsStagingCluster-EcsCluster-1AAGQRFIOE9AE,Service_beiakklem1vi3j5fejq0,500,2,0.0842693354,0
1537362660,Prod-EcsStagingCluster-EcsCluster-1AAGQRFIOE9AE,Service_beiakklem1vi3j5fejq0,500,2,0.0809766968,0
1537411500,Prod-EcsStagingCluster-EcsCluster-1AAGQRFIOE9AE,Service_beiakklem1vi3j5fejq0,500,2,0.0981357141,1
1537424220,Prod-EcsStagingCluster-EcsCluster-1AAGQRFIOE9AE,Service_beiakklem1vi3j5fejq0,500,2,0.0886440135,0
1537375380,Prod-EcsStagingCluster-EcsCluster-1AAGQRFIOE9AE,Service_beiakklem1vi3j5fejq0,500,2,0.0790952763,0
1537413540,Prod-EcsStagingCluster-EcsCluster-1AAGQRFIOE9AE,Service_beiakklem1vi3j5fejq0,500,2,0.0827991106,0
1537360440,Prod-EcsStagingCluster-EcsCluster-1AAGQRFIOE9AE,Service_beiakklem1vi3j5fejq0,500,2,0.0812205311,0
1537426260,Prod-EcsStagingCluster-EcsCluster-1AAGQRFIOE9AE,Service_beiakklem1vi3j5fejq0,500,2,0.0859215778,0
1537379520,Prod-EcsStagingCluster-EcsCluster-1AAGQRFIOE9AE,Service_beiakklem1vi3j5fejq0,500,2,0.0805943710,0
1537366800,Prod-EcsStagingCluster-EcsCluster-1AAGQRFIOE9AE,Service_beiakklem1vi3j5fejq0,500,2,0.0823177826,0
1537373160,Prod-EcsStagingCluster-EcsCluster-1AAGQRFIOE9AE,Service_beiakklem1vi3j5fejq0,500,2,0.0824712253,0
1537417680,Prod-EcsStagingCluster-EcsCluster-1AAGQRFIOE9AE,Service_beiakklem1vi3j5fejq0,500,2,0.0938878226,0
1537411320,Prod-EcsStagingCluster-EcsCluster-1AAGQRFIOE9AE,Service_beiakklem1vi3j5fejq0,500,2,0.0998786817,0
1537392180,Prod-EcsStagingCluster-EcsCluster-1AAGQRFIOE9AE,Service_beiakklem1vi3j5fejq0,500,2,0.0815995351,0
1537424040,Prod-EcsStagingCluster-EcsCluster-1AAGQRFIOE9AE,Service_beiakklem1vi3j5fejq0,500,2,0.0874893580,0
1537430400,Prod-EcsStagingCluster-EcsCluster-1AAGQRFIOE9AE,Service_beiakklem1vi3j5fejq0,500,2,0.0831791682,0
1537379460,Prod-EcsStagingCluster-EcsCluster-1AAGQRFIOE9AE,Service_beiakklem1vi3j5fejq0,500,2,0.0830976579,2
1537430340,Prod-EcsStagingCluster-EcsCluster-1AAGQRFIOE9AE,Service_beiakklem1vi3j5fejq0,500,2,0.0821125701,0
1537345440,Prod-EcsStagingCluster-EcsCluster-1AAGQRFIOE9AE,Service_beiakklem1vi3j5fejq0,500,2,0.0823236994,0
1537396320,Prod-EcsStagingCluster-EcsCluster-1AAGQRFIOE9AE,Service_beiakklem1vi3j5fejq0,500,2,0.0867685023,0
1537389960,Prod-EcsStagingCluster-EcsCluster-1AAGQRFIOE9AE,Service_beiakklem1vi3j5fejq0,500,2,0.0803732958,0
1537377240,Prod-EcsStagingCluster-EcsCluster-1AAGQRFIOE9AE,Service_beiakklem1vi3j5fejq0,500,2,0.0773211323,0
1537383600,Prod-EcsStagingCluster-EcsCluster-1AAGQRFIOE9AE,Service_beiakklem1vi3j5fejq0,500,2,0.0902269102,0
1537428120,Prod-EcsStagingCluster-EcsCluster-1AAGQRFIOE9AE,Service_beiakklem1vi3j5fejq0,500,2,0.0845105503,0
1537360140,Prod-EcsStagingCluster-EcsCluster-1AAGQRFIOE9AE,Service_beiakklem1vi3j5fejq0,500,2,0.0855124907,0
1537372860,Prod-EcsStagingCluster-EcsCluster-1AAGQRFIOE9AE,Service_beiakklem1vi3j5fejq0,500,2,0.0761167456,0
1537411020,Prod-EcsStagingCluster-EcsCluster-1AAGQRFIOE9AE,Service_beiakklem1vi3j5fejq0,500,2,0.0966020012,0
1537423740,Prod-EcsStagingCluster-EcsCluster-1AAGQRFIOE9AE,Service_beiakklem1vi3j5fejq0,500,2,0.0855761946,1
1537389660,Prod-EcsStagingCluster-EcsCluster-1AAGQRFIOE9AE,Service_beiakklem1vi3j5fejq0,500,2,0.0864181312,0
1537407720,Prod-EcsStagingCluster-EcsCluster-1AAGQRFIOE9AE,Service_beiakklem1vi3j5fejq0,500,2,0.0873200715,0
1537376940,Prod-EcsStagingCluster-EcsCluster-1AAGQRFIOE9AE,Service_beiakklem1vi3j5fejq0,500,2,0.0818193192,0
1537427820,Prod-EcsStagingCluster-EcsCluster-1AAGQRFIOE9AE,Service_beiakklem1vi3j5fejq0,500,2,0.0835637636,0
1537373640,Prod-EcsStagingCluster-EcsCluster-1AAGQRFIOE9AE,Service_beiakklem1vi3j5fejq0,500,2,0.0823796193,0
1537360920,Prod-EcsStagingCluster-EcsCluster-1AAGQRFIOE9AE,Service_beiakklem1vi3j5fejq0,500,2,0.0806798471,0
1537411800,Prod-EcsStagingCluster-EcsCluster-1AAGQRFIOE9AE,Service_beiakklem1vi3j5fejq0,500,2,0.0974353444,0
1537424520,Prod-EcsStagingCluster-EcsCluster-1AAGQRFIOE9AE,Service_beiakklem1vi3j5fejq0,500,2,0.0861982944,0
1537380900,Prod-EcsStagingCluster-EcsCluster-1AAGQRFIOE9AE,Service_beiakklem1vi3j5fejq0,500,2,0.0856935657,0
1537393620,Prod-EcsStagingCluster-EcsCluster-1AAGQRFIOE9AE,Service_beiakklem1vi3j5fejq0,500,2,0.0792044122,0
1537346820,Prod-EcsStagingCluster-EcsCluster-1AAGQRFIOE9AE,Service_beiakklem1vi3j5fejq0,500,2,0.0801214114,0
1537359540,Prod-EcsStagingCluster-EcsCluster-1AAGQRFIOE9AE,Service_beiakklem1vi3j5fejq0,500,2,0.0816567423,0
1537364880,Prod-EcsStagingCluster-EcsCluster-1AAGQRFIOE9AE,Service_beiakklem1vi3j5fejq0,500,2,0.0835258881,0
1537377600,Prod-EcsStagingCluster-EcsCluster-1AAGQRFIOE9AE,Service_beiakklem1vi3j5fejq0,500,2,0.0801684579,0
1537415760,Prod-EcsStagingCluster-EcsCluster-1AAGQRFIOE9AE,Service_beiakklem1vi3j5fejq0,500,2,0.0868420983,0
1537410420,Prod-EcsStagingCluster-EcsCluster-1AAGQRFIOE9AE,Service_beiakklem1vi3j5fejq0,500,2,0.0899854468,0
1537376460,Prod-EcsStagingCluster-EcsCluster-1AAGQRFIOE9AE,Service_beiakklem1vi3j5fejq0,500,2,0.0822432961,0
1537397700,Prod-EcsStagingCluster-EcsCluster-1AAGQRFIOE9AE,Service_beiakklem1vi3j5fejq0,500,2,0.0871866383,0
1537428480,Prod-EcsStagingCluster-EcsCluster-1AAGQRFIOE9AE,Service_beiakklem1vi3j5fejq0,500,2,0.0789823023,0
1537389180,Prod-EcsStagingCluster-EcsCluster-1AAGQRFIOE9AE,Service_beiakklem1vi3j5fejq0,500,2,0.0890703643,0
1537427340,Prod-EcsStagingCluster-EcsCluster-1AAGQRFIOE9AE,Service_beiakklem1vi3j5fejq0,500,2,0.0886418650,0
1537408200,Prod-EcsStagingCluster-EcsCluster-1AAGQRFIOE9AE,Service_beiakklem1vi3j5fejq0,500,2,0.0855646736,0
1537395480,Prod-EcsStagingCluster-EcsCluster-1AAGQRFIOE9AE,Service_beiakklem1vi3j5fejq0,500,2,0.0985235729,0
1537355100,Prod-EcsStagingCluster-EcsCluster-1AAGQRFIOE9AE,Service_beiakklem1vi3j5fejq0,500,2,0.0820150474,0
1537405980,Prod-EcsStagingCluster-EcsCluster-1AAGQRFIOE9AE,Service_beiakklem1vi3j5fejq0,500,2,0.0806586888,0
1537393260,Prod-EcsStagingCluster-EcsCluster-1AAGQRFIOE9AE,Service_beiakklem1vi3j5fejq0,500,2,0.0829651838,0
1537361280,Prod-EcsStagingCluster-EcsCluster-1AAGQRFIOE9AE,Service_beiakklem1vi3j5fejq0,500,2,0.0788199367,0
1537348560,Prod-EcsStagingCluster-EcsCluster-1AAGQRFIOE9AE,Service_beiakklem1vi3j5fejq0,500,2,0.0831743779,1
1537399440,Prod-EcsStagingCluster-EcsCluster-1AAGQRFIOE9AE,Service_beiakklem1vi3j5fejq0,500,2,0.0940025229,0
1537412160,Prod-EcsStagingCluster-EcsCluster-1AAGQRFIOE9AE,Service_beiakklem1vi3j5fejq0,500,2,0.1001356586,0
1537359060,Prod-EcsStagingCluster-EcsCluster-1AAGQRFIOE9AE,Service_beiakklem1vi3j5fejq0,500,2,0.0766131781,0
1537346340,Prod-EcsStagingCluster-EcsCluster-1AAGQRFIOE9AE,Service_beiakklem1vi3j5fejq0,500,2,0.0826197454,0
1537397220,Prod-EcsStagingCluster-EcsCluster-1AAGQRFIOE9AE,Service_beiakklem1vi3j5fejq0,500,2,0.0867674871,0
1537378080,Prod-EcsStagingCluster-EcsCluster-1AAGQRFIOE9AE,Service_beiakklem1vi3j5fejq0,500,2,0.0782774170,0
1537409940,Prod-EcsStagingCluster-EcsCluster-1AAGQRFIOE9AE,Service_beiakklem1vi3j5fejq0,500,2,0.0866253573,0
1537365360,Prod-EcsStagingCluster-EcsCluster-1AAGQRFIOE9AE,Service_beiakklem1vi3j5fejq0,500,2,0.0856738805,0
1537356840,Prod-EcsStagingCluster-EcsCluster-1AAGQRFIOE9AE,Service_beiakklem1vi3j5fejq0,500,2,0.0816376275,0
1537395000,Prod-EcsStagingCluster-EcsCluster-1AAGQRFIOE9AE,Service_beiakklem1vi3j5fejq0,500,2,0.0889761033,0
1537428960,Prod-EcsStagingCluster-EcsCluster-1AAGQRFIOE9AE,Service_beiakklem1vi3j5fejq0,500,2,0.0829238378,0
1537416240,Prod-EcsStagingCluster-EcsCluster-1AAGQRFIOE9AE,Service_beiakklem1vi3j5fejq0,500,2,0.0875678442,0
1537410720,Prod-EcsStagingCluster-EcsCluster-1AAGQRFIOE9AE,Service_beiakklem1vi3j5fejq0,500,2,0.0900752313,0
1537401180,Prod-EcsStagingCluster-EcsCluster-1AAGQRFIOE9AE,Service_beiakklem1vi3j5fejq0,500,2,0.0884699758,0
1537404360,Prod-EcsStagingCluster-EcsCluster-1AAGQRFIOE9AE,Service_beiakklem1vi3j5fejq0,500,2,0.0817543988,0
1537407540,Prod-EcsStagingCluster-EcsCluster-1AAGQRFIOE9AE,Service_beiakklem1vi3j5fejq0,500,2,0.0894634217,0
1537368240,Prod-EcsStagingCluster-EcsCluster-1AAGQRFIOE9AE,Service_beiakklem1vi3j5fejq0,500,2,0.0829719477,0
1537426620,Prod-EcsStagingCluster-EcsCluster-1AAGQRFIOE9AE,Service_beiakklem1vi3j5fejq0,500,2,0.0861707866,0
1537429800,Prod-EcsStagingCluster-EcsCluster-1AAGQRFIOE9AE,Service_beiakklem1vi3j5fejq0,500,2,0.0813816203,0
1537358700,Prod-EcsStagingCluster-EcsCluster-1AAGQRFIOE9AE,Service_beiakklem1vi3j5fejq0,500,2,0.0796612607,0
1537361880,Prod-EcsStagingCluster-EcsCluster-1AAGQRFIOE9AE,Service_beiakklem1vi3j5fejq0,500,2,0.0786480083,1
1537365060,Prod-EcsStagingCluster-EcsCluster-1AAGQRFIOE9AE,Service_beiakklem1vi3j5fejq0,500,2,0.0828524052,0
1537393680,Prod-EcsStagingCluster-EcsCluster-1AAGQRFIOE9AE,Service_beiakklem1vi3j5fejq0,500,2,0.0804747791,0
1537390500,Prod-EcsStagingCluster-EcsCluster-1AAGQRFIOE9AE,Service_beiakklem1vi3j5fejq0,500,2,0.0822805067,0
1537384140,Prod-EcsStagingCluster-EcsCluster-1AAGQRFIOE9AE,Service_beiakklem1vi3j5fejq0,500,2,0.0797281268,0
1537387320,Prod-EcsStagingCluster-EcsCluster-1AAGQRFIOE9AE,Service_beiakklem1vi3j5fejq0,500,2,0.0824894611,0
1537358460,Prod-EcsStagingCluster-EcsCluster-1AAGQRFIOE9AE,Service_beiakklem1vi3j5fejq0,500,2,0.0808944419,0
1537361640,Prod-EcsStagingCluster-EcsCluster-1AAGQRFIOE9AE,Service_beiakklem1vi3j5fejq0,500,2,0.0770859077,0
1537364820,Prod-EcsStagingCluster-EcsCluster-1AAGQRFIOE9AE,Service_beiakklem1vi3j5fejq0,500,2,0.0841847901,0
1537368000,Prod-EcsStagingCluster-EcsCluster-1AAGQRFIOE9AE,Service_beiakklem1vi3j5fejq0,500,2,0.0810405496,0
1537362600,Prod-EcsStagingCluster-EcsCluster-1AAGQRFIOE9AE,Service_beiakklem1vi3j5fejq0,500,2,0.0763525625,0
1537368960,Prod-EcsStagingCluster-EcsCluster-1AAGQRFIOE9AE,Service_beiakklem1vi3j5fejq0,500,2,0.0824252261,0
1537417740,Prod-EcsStagingCluster-EcsCluster-1AAGQRFIOE9AE,Service_beiakklem1vi3j5fejq0,500,2,0.0919464280,0
1537392300,Prod-EcsStagingCluster-EcsCluster-1AAGQRFIOE9AE,Service_beiakklem1vi3j5fejq0,500,2,0.0803018500,0
1537398660,Prod-EcsStagingCluster-EcsCluster-1AAGQRFIOE9AE,Service_beiakklem1vi3j5fejq0,500,2,0.0838507675,0
1537424100,Prod-EcsStagingCluster-EcsCluster-1AAGQRFIOE9AE,Service_beiakklem1vi3j5fejq0,500,2,0.1915442612,0
1537402800,Prod-EcsStagingCluster-EcsCluster-1AAGQRFIOE9AE,Service_beiakklem1vi3j5fejq0,500,2,0.0835230013,0
1537396440,Prod-EcsStagingCluster-EcsCluster-1AAGQRFIOE9AE,Service_beiakklem1vi3j5fejq0,500,2,0.0877193207,0
1537421880,Prod-EcsStagingCluster-EcsCluster-1AAGQRFIOE9AE,Service_beiakklem1vi3j5fejq0,500,2,0.0921606689,0
1537428240,Prod-EcsStagingCluster-EcsCluster-1AAGQRFIOE9AE,Service_beiakklem1vi3j5fejq0,500,2,0.0841737062,0
1537372980,Prod-EcsStagingCluster-EcsCluster-1AAGQRFIOE9AE,Service_beiakklem1vi3j5fejq0,500,2,0.0766489302,0
1537366620,Prod-EcsStagingCluster-EcsCluster-1AAGQRFIOE9AE,Service_beiakklem1vi3j5fejq0,500,2,0.0848697539,0
1537398420,Prod-EcsStagingCluster-EcsCluster-1AAGQRFIOE9AE,Service_beiakklem1vi3j5fejq0,500,2,0.0782184417,0
1537392060,Prod-EcsStagingCluster-EcsCluster-1AAGQRFIOE9AE,Service_beiakklem1vi3j5fejq0,500,2,0.0785030001,0
1537355940,Prod-EcsStagingCluster-EcsCluster-1AAGQRFIOE9AE,Service_beiakklem1vi3j5fejq0,500,2,0.0826704646,0
1537349580,Prod-EcsStagingCluster-EcsCluster-1AAGQRFIOE9AE,Service_beiakklem1vi3j5fejq0,500,2,0.0868321677,0
1537370760,Prod-EcsStagingCluster-EcsCluster-1AAGQRFIOE9AE,Service_beiakklem1vi3j5fejq0,500,2,0.0774187586,0
1537377120,Prod-EcsStagingCluster-EcsCluster-1AAGQRFIOE9AE,Service_beiakklem1vi3j5fejq0,500,2,0.0784145833,0
1537396200,Prod-EcsStagingCluster-EcsCluster-1AAGQRFIOE9AE,Service_beiakklem1vi3j5fejq0,500,2,0.0866423996,0
1537402560,Prod-EcsStagingCluster-EcsCluster-1AAGQRFIOE9AE,Service_beiakklem1vi3j5fejq0,500,2,0.0913036621,0
1537425900,Prod-EcsStagingCluster-EcsCluster-1AAGQRFIOE9AE,Service_beiakklem1vi3j5fejq0,500,2,0.2292976975,0
1537353720,Prod-EcsStagingCluster-EcsCluster-1AAGQRFIOE9AE,Service_beiakklem1vi3j5fejq0,500,2,0.0826558690,0
1537360080,Prod-EcsStagingCluster-EcsCluster-1AAGQRFIOE9AE,Service_beiakklem1vi3j5fejq0,500,2,0.0811740456,0
1537430040,Prod-EcsStagingCluster-EcsCluster-1AAGQRFIOE9AE,Service_beiakklem1vi3j5fejq0,500,2,0.0798889242,0
1537409760,Prod-EcsStagingCluster-EcsCluster-1AAGQRFIOE9AE,Service_beiakklem1vi3j5fejq0,500,2,0.0907209554,0
1537400220,Prod-EcsStagingCluster-EcsCluster-1AAGQRFIOE9AE,Service_beiakklem1vi3j5fejq0,500,2,0.0838842414,0
1537431000,Prod-EcsStagingCluster-EcsCluster-1AAGQRFIOE9AE,Service_beiakklem1vi3j5fejq0,500,2,0.0828035856,0
1537367280,Prod-EcsStagingCluster-EcsCluster-1AAGQRFIOE9AE,Service_beiakklem1vi3j5fejq0,500,2,0.0809211534,0
1537425660,Prod-EcsStagingCluster-EcsCluster-1AAGQRFIOE9AE,Service_beiakklem1vi3j5fejq0,500,2,0.0859126618,0
1537357740,Prod-EcsStagingCluster-EcsCluster-1AAGQRFIOE9AE,Service_beiakklem1vi3j5fejq0,500,2,0.0808481085,0
1537392720,Prod-EcsStagingCluster-EcsCluster-1AAGQRFIOE9AE,Service_beiakklem1vi3j5fejq0,500,2,0.0813553105,0
1537383180,Prod-EcsStagingCluster-EcsCluster-1AAGQRFIOE9AE,Service_beiakklem1vi3j5fejq0,500,2,0.0826065828,0
1537408500,Prod-EcsStagingCluster-EcsCluster-1AAGQRFIOE9AE,Service_beiakklem1vi3j5fejq0,500,2,0.0845450610,0
1537405320,Prod-EcsStagingCluster-EcsCluster-1AAGQRFIOE9AE,Service_beiakklem1vi3j5fejq0,500,2,0.0864189290,0
1537366020,Prod-EcsStagingCluster-EcsCluster-1AAGQRFIOE9AE,Service_beiakklem1vi3j5fejq0,500,2,0.0805283225,1
1537430760,Prod-EcsStagingCluster-EcsCluster-1AAGQRFIOE9AE,Service_beiakklem1vi3j5fejq0,500,2,0.0796108701,0
1537362840,Prod-EcsStagingCluster-EcsCluster-1AAGQRFIOE9AE,Service_beiakklem1vi3j5fejq0,500,2,0.0807014628,0
1537357500,Prod-EcsStagingCluster-EcsCluster-1AAGQRFIOE9AE,Service_beiakklem1vi3j5fejq0,500,2,0.0792639462,0
1537367040,Prod-EcsStagingCluster-EcsCluster-1AAGQRFIOE9AE,Service_beiakklem1vi3j5fejq0,500,2,0.0888610050,0
1537391460,Prod-EcsStagingCluster-EcsCluster-1AAGQRFIOE9AE,Service_beiakklem1vi3j5fejq0,500,2,0.0837515444,0
1537388280,Prod-EcsStagingCluster-EcsCluster-1AAGQRFIOE9AE,Service_beiakklem1vi3j5fejq0,500,2,0.0916505040,1
1537391340,Prod-EcsStagingCluster-EcsCluster-1AAGQRFIOE9AE,Service_beiakklem1vi3j5fejq0,500,2,0.0806805464,0
1537416780,Prod-EcsStagingCluster-EcsCluster-1AAGQRFIOE9AE,Service_beiakklem1vi3j5fejq0,500,2,0.0848338168,0
1537400880,Prod-EcsStagingCluster-EcsCluster-1AAGQRFIOE9AE,Service_beiakklem1vi3j5fejq0,500,2,0.0910043010,0
1537426320,Prod-EcsStagingCluster-EcsCluster-1AAGQRFIOE9AE,Service_beiakklem1vi3j5fejq0,500,2,0.0878854869,0
1537365780,Prod-EcsStagingCluster-EcsCluster-1AAGQRFIOE9AE,Service_beiakklem1vi3j5fejq0,500,2,0.0803632259,0
1537401840,Prod-EcsStagingCluster-EcsCluster-1AAGQRFIOE9AE,Service_beiakklem1vi3j5fejq0,500,2,0.1020516980,0
1537427280,Prod-EcsStagingCluster-EcsCluster-1AAGQRFIOE9AE,Service_beiakklem1vi3j5fejq0,500,2,0.0863175305,0
1537363560,Prod-EcsStagingCluster-EcsCluster-1AAGQRFIOE9AE,Service_beiakklem1vi3j5fejq0,500,2,0.0802442048,0
1537399620,Prod-EcsStagingCluster-EcsCluster-1AAGQRFIOE9AE,Service_beiakklem1vi3j5fejq0,500,2,0.0793898366,0
1537365660,Prod-EcsStagingCluster-EcsCluster-1AAGQRFIOE9AE,Service_beiakklem1vi3j5fejq0,500,2,0.0824116705,1
1537391100,Prod-EcsStagingCluster-EcsCluster-1AAGQRFIOE9AE,Service_beiakklem1vi3j5fejq0,500,2,0.0796812060,0
1537425060,Prod-EcsStagingCluster-EcsCluster-1AAGQRFIOE9AE,Service_beiakklem1vi3j5fejq0,500,2,0.0886320226,0
1537348620,Prod-EcsStagingCluster-EcsCluster-1AAGQRFIOE9AE,Service_beiakklem1vi3j5fejq0,500,2,0.0815088601,0
1537376160,Prod-EcsStagingCluster-EcsCluster-1AAGQRFIOE9AE,Service_beiakklem1vi3j5fejq0,500,2,0.0800702788,0
1537397400,Prod-EcsStagingCluster-EcsCluster-1AAGQRFIOE9AE,Service_beiakklem1vi3j5fejq0,500,2,0.0897935941,0
1537401600,Prod-EcsStagingCluster-EcsCluster-1AAGQRFIOE9AE,Service_beiakklem1vi3j5fejq0,500,2,0.1128183764,0
1537424940,Prod-EcsStagingCluster-EcsCluster-1AAGQRFIOE9AE,Service_beiakklem1vi3j5fejq0,500,2,0.0869643344,0
1537422840,Prod-EcsStagingCluster-EcsCluster-1AAGQRFIOE9AE,Service_beiakklem1vi3j5fejq0,500,2,0.0862306114,0
1537359120,Prod-EcsStagingCluster-EcsCluster-1AAGQRFIOE9AE,Service_beiakklem1vi3j5fejq0,500,2,0.0771259592,0
1537373940,Prod-EcsStagingCluster-EcsCluster-1AAGQRFIOE9AE,Service_beiakklem1vi3j5fejq0,500,2,0.0867915146,0
1537399380,Prod-EcsStagingCluster-EcsCluster-1AAGQRFIOE9AE,Service_beiakklem1vi3j5fejq0,500,2,0.0788940484,0
1537356900,Prod-EcsStagingCluster-EcsCluster-1AAGQRFIOE9AE,Service_beiakklem1vi3j5fejq0,500,2,0.0846746717,0
1537371720,Prod-EcsStagingCluster-EcsCluster-1AAGQRFIOE9AE,Service_beiakklem1vi3j5fejq0,500,2,0.0803358805,0
1537397160,Prod-EcsStagingCluster-EcsCluster-1AAGQRFIOE9AE,Service_beiakklem1vi3j5fejq0,500,2,0.0872573234,0
1537354680,Prod-EcsStagingCluster-EcsCluster-1AAGQRFIOE9AE,Service_beiakklem1vi3j5fejq0,500,2,0.0840843106,0
1537399260,Prod-EcsStagingCluster-EcsCluster-1AAGQRFIOE9AE,Service_beiakklem1vi3j5fejq0,500,2,0.0851379694,0
1537369500,Prod-EcsStagingCluster-EcsCluster-1AAGQRFIOE9AE,Service_beiakklem1vi3j5fejq0,500,2,0.0844557968,0
1537427880,Prod-EcsStagingCluster-EcsCluster-1AAGQRFIOE9AE,Service_beiakklem1vi3j5fejq0,500,2,0.2007580244,0
1537431060,Prod-EcsStagingCluster-EcsCluster-1AAGQRFIOE9AE,Service_beiakklem1vi3j5fejq0,500,2,0.0823665236,0
1537356780,Prod-EcsStagingCluster-EcsCluster-1AAGQRFIOE9AE,Service_beiakklem1vi3j5fejq0,500,2,0.0846292866,0
1537394940,Prod-EcsStagingCluster-EcsCluster-1AAGQRFIOE9AE,Service_beiakklem1vi3j5fejq0,500,2,0.0901210842,0
1537382220,Prod-EcsStagingCluster-EcsCluster-1AAGQRFIOE9AE,Service_beiakklem1vi3j5fejq0,500,2,0.0868027130,0
1537355640,Prod-EcsStagingCluster-EcsCluster-1AAGQRFIOE9AE,Service_beiakklem1vi3j5fejq0,500,2,0.0881033871,0
1537358820,Prod-EcsStagingCluster-EcsCluster-1AAGQRFIOE9AE,Service_beiakklem1vi3j5fejq0,500,2,0.0809349830,0
1537362000,Prod-EcsStagingCluster-EcsCluster-1AAGQRFIOE9AE,Service_beiakklem1vi3j5fejq0,500,2,0.0766092096,0
1537359720,Prod-EcsStagingCluster-EcsCluster-1AAGQRFIOE9AE,Service_beiakklem1vi3j5fejq0,500,2,0.0841511941,0
1537362900,Prod-EcsStagingCluster-EcsCluster-1AAGQRFIOE9AE,Service_beiakklem1vi3j5fejq0,500,2,0.0789031275,0
1537366080,Prod-EcsStagingCluster-EcsCluster-1AAGQRFIOE9AE,Service_beiakklem1vi3j5fejq0,500,2,0.0838840092,0
1537390380,Prod-EcsStagingCluster-EcsCluster-1AAGQRFIOE9AE,Service_beiakklem1vi3j5fejq0,500,2,0.0822201344,0
1537415820,Prod-EcsStagingCluster-EcsCluster-1AAGQRFIOE9AE,Service_beiakklem1vi3j5fejq0,500,2,0.4351176650,0
1537403100,Prod-EcsStagingCluster-EcsCluster-1AAGQRFIOE9AE,Service_beiakklem1vi3j5fejq0,500,2,0.0966895075,0
1537366980,Prod-EcsStagingCluster-EcsCluster-1AAGQRFIOE9AE,Service_beiakklem1vi3j5fejq0,500,2,0.0849473630,0
1537370160,Prod-EcsStagingCluster-EcsCluster-1AAGQRFIOE9AE,Service_beiakklem1vi3j5fejq0,500,2,0.0809402128,0
1537428540,Prod-EcsStagingCluster-EcsCluster-1AAGQRFIOE9AE,Service_beiakklem1vi3j5fejq0,500,2,0.0838678028,0
1537363800,Prod-EcsStagingCluster-EcsCluster-1AAGQRFIOE9AE,Service_beiakklem1vi3j5fejq0,500,2,0.0827990499,0
1537392420,Prod-EcsStagingCluster-EcsCluster-1AAGQRFIOE9AE,Service_beiakklem1vi3j5fejq0,500,2,0.0872531120,0
1537395600,Prod-EcsStagingCluster-EcsCluster-1AAGQRFIOE9AE,Service_beiakklem1vi3j5fejq0,500,2,0.0871170855,0
1537389240,Prod-EcsStagingCluster-EcsCluster-1AAGQRFIOE9AE,Service_beiakklem1vi3j5fejq0,500,2,0.0860400807,0
1537396560,Prod-EcsStagingCluster-EcsCluster-1AAGQRFIOE9AE,Service_beiakklem1vi3j5fejq0,500,2,0.0888087347,0
1537390200,Prod-EcsStagingCluster-EcsCluster-1AAGQRFIOE9AE,Service_beiakklem1vi3j5fejq0,500,2,0.0891413903,0
1537371060,Prod-EcsStagingCluster-EcsCluster-1AAGQRFIOE9AE,Service_beiakklem1vi3j5fejq0,500,2,0.0797831991,0
1537396500,Prod-EcsStagingCluster-EcsCluster-1AAGQRFIOE9AE,Service_beiakklem1vi3j5fejq0,500,2,0.0894322318,0
1537360380,Prod-EcsStagingCluster-EcsCluster-1AAGQRFIOE9AE,Service_beiakklem1vi3j5fejq0,500,2,0.0809238049,0
1537347660,Prod-EcsStagingCluster-EcsCluster-1AAGQRFIOE9AE,Service_beiakklem1vi3j5fejq0,500,2,0.0761371545,0
1537375200,Prod-EcsStagingCluster-EcsCluster-1AAGQRFIOE9AE,Service_beiakklem1vi3j5fejq0,500,2,0.0796701286,0
1537368840,Prod-EcsStagingCluster-EcsCluster-1AAGQRFIOE9AE,Service_beiakklem1vi3j5fejq0,500,2,0.0797334824,0
1537400640,Prod-EcsStagingCluster-EcsCluster-1AAGQRFIOE9AE,Service_beiakklem1vi3j5fejq0,500,2,0.0858982245,0
1537423980,Prod-EcsStagingCluster-EcsCluster-1AAGQRFIOE9AE,Service_beiakklem1vi3j5fejq0,500,2,0.1031931138,0
1537394280,Prod-EcsStagingCluster-EcsCluster-1AAGQRFIOE9AE,Service_beiakklem1vi3j5fejq0,500,2,0.0824113061,0
1537400580,Prod-EcsStagingCluster-EcsCluster-1AAGQRFIOE9AE,Service_beiakklem1vi3j5fejq0,500,2,0.0845026388,0
1537426020,Prod-EcsStagingCluster-EcsCluster-1AAGQRFIOE9AE,Service_beiakklem1vi3j5fejq0,500,2,0.0785727197,1
1537404720,Prod-EcsStagingCluster-EcsCluster-1AAGQRFIOE9AE,Service_beiakklem1vi3j5fejq0,500,2,0.0777670260,0
1537398360,Prod-EcsStagingCluster-EcsCluster-1AAGQRFIOE9AE,Service_beiakklem1vi3j5fejq0,500,2,0.0823220759,0
1537423800,Prod-EcsStagingCluster-EcsCluster-1AAGQRFIOE9AE,Service_beiakklem1vi3j5fejq0,500,2,0.2532403888,0
1537430160,Prod-EcsStagingCluster-EcsCluster-1AAGQRFIOE9AE,Service_beiakklem1vi3j5fejq0,500,2,0.0973744732,1
1537404660,Prod-EcsStagingCluster-EcsCluster-1AAGQRFIOE9AE,Service_beiakklem1vi3j5fejq0,500,2,0.0812471722,0
1537430100,Prod-EcsStagingCluster-EcsCluster-1AAGQRFIOE9AE,Service_beiakklem1vi3j5fejq0,500,2,0.0822611153,0
1537355820,Prod-EcsStagingCluster-EcsCluster-1AAGQRFIOE9AE,Service_beiakklem1vi3j5fejq0,500,2,0.0854396801,0
1537368540,Prod-EcsStagingCluster-EcsCluster-1AAGQRFIOE9AE,Service_beiakklem1vi3j5fejq0,500,2,0.0832464809,0
1537393980,Prod-EcsStagingCluster-EcsCluster-1AAGQRFIOE9AE,Service_beiakklem1vi3j5fejq0,500,2,0.0812244438,0
1537381260,Prod-EcsStagingCluster-EcsCluster-1AAGQRFIOE9AE,Service_beiakklem1vi3j5fejq0,500,2,0.0841754282,1
1537357860,Prod-EcsStagingCluster-EcsCluster-1AAGQRFIOE9AE,Service_beiakklem1vi3j5fejq0,500,2,0.0772552970,0
1537408800,Prod-EcsStagingCluster-EcsCluster-1AAGQRFIOE9AE,Service_beiakklem1vi3j5fejq0,500,2,0.0908126798,0
1537402440,Prod-EcsStagingCluster-EcsCluster-1AAGQRFIOE9AE,Service_beiakklem1vi3j5fejq0,500,2,0.0802858836,2
1537403400,Prod-EcsStagingCluster-EcsCluster-1AAGQRFIOE9AE,Service_beiakklem1vi3j5fejq0,500,2,0.2246328777,0
1537406580,Prod-EcsStagingCluster-EcsCluster-1AAGQRFIOE9AE,Service_beiakklem1vi3j5fejq0,500,2,0.0856471904,0
1537428840,Prod-EcsStagingCluster-EcsCluster-1AAGQRFIOE9AE,Service_beiakklem1vi3j5fejq0,500,2,0.0841002116,0
1537365120,Prod-EcsStagingCluster-EcsCluster-1AAGQRFIOE9AE,Service_beiakklem1vi3j5fejq0,500,2,0.0802992199,0
1537356600,Prod-EcsStagingCluster-EcsCluster-1AAGQRFIOE9AE,Service_beiakklem1vi3j5fejq0,500,2,0.0871517861,0
1537359780,Prod-EcsStagingCluster-EcsCluster-1AAGQRFIOE9AE,Service_beiakklem1vi3j5fejq0,500,2,0.0818228857,0
1537389420,Prod-EcsStagingCluster-EcsCluster-1AAGQRFIOE9AE,Service_beiakklem1vi3j5fejq0,500,2,0.0826242384,0
1537414860,Prod-EcsStagingCluster-EcsCluster-1AAGQRFIOE9AE,Service_beiakklem1vi3j5fejq0,500,2,0.0819294693,0
1537402140,Prod-EcsStagingCluster-EcsCluster-1AAGQRFIOE9AE,Service_beiakklem1vi3j5fejq0,500,2,0.1016830458,0
1537369200,Prod-EcsStagingCluster-EcsCluster-1AAGQRFIOE9AE,Service_beiakklem1vi3j5fejq0,500,2,0.0829405121,0
1537427580,Prod-EcsStagingCluster-EcsCluster-1AAGQRFIOE9AE,Service_beiakklem1vi3j5fejq0,500,2,0.0900122439,0
1537394640,Prod-EcsStagingCluster-EcsCluster-1AAGQRFIOE9AE,Service_beiakklem1vi3j5fejq0,500,2,0.0855551227,0
1537360680,Prod-EcsStagingCluster-EcsCluster-1AAGQRFIOE9AE,Service_beiakklem1vi3j5fejq0,500,2,0.0823208140,0
1537363860,Prod-EcsStagingCluster-EcsCluster-1AAGQRFIOE9AE,Service_beiakklem1vi3j5fejq0,500,2,0.0836243179,0
1537373280,Prod-EcsStagingCluster-EcsCluster-1AAGQRFIOE9AE,Service_beiakklem1vi3j5fejq0,500,2,0.0804781598,0
1537398720,Prod-EcsStagingCluster-EcsCluster-1AAGQRFIOE9AE,Service_beiakklem1vi3j5fejq0,500,2,0.0846631233,1
1537367940,Prod-EcsStagingCluster-EcsCluster-1AAGQRFIOE9AE,Service_beiakklem1vi3j5fejq0,500,2,0.0796869344,0
1537364760,Prod-EcsStagingCluster-EcsCluster-1AAGQRFIOE9AE,Service_beiakklem1vi3j5fejq0,500,2,0.0856474813,0
1537393380,Prod-EcsStagingCluster-EcsCluster-1AAGQRFIOE9AE,Service_beiakklem1vi3j5fejq0,500,2,0.0801376557,0
1537359420,Prod-EcsStagingCluster-EcsCluster-1AAGQRFIOE9AE,Service_beiakklem1vi3j5fejq0,500,2,0.0793128820,0
1537346700,Prod-EcsStagingCluster-EcsCluster-1AAGQRFIOE9AE,Service_beiakklem1vi3j5fejq0,500,2,0.0808825621,0
1537374240,Prod-EcsStagingCluster-EcsCluster-1AAGQRFIOE9AE,Service_beiakklem1vi3j5fejq0,500,2,0.0793097941,0
1537399680,Prod-EcsStagingCluster-EcsCluster-1AAGQRFIOE9AE,Service_beiakklem1vi3j5fejq0,500,2,0.0827652722,0
1537423020,Prod-EcsStagingCluster-EcsCluster-1AAGQRFIOE9AE,Service_beiakklem1vi3j5fejq0,500,2,0.0883891976,0
1537365720,Prod-EcsStagingCluster-EcsCluster-1AAGQRFIOE9AE,Service_beiakklem1vi3j5fejq0,500,2,0.0807594827,0
1537391160,Prod-EcsStagingCluster-EcsCluster-1AAGQRFIOE9AE,Service_beiakklem1vi3j5fejq0,500,2,0.0819101816,1
1537372020,Prod-EcsStagingCluster-EcsCluster-1AAGQRFIOE9AE,Service_beiakklem1vi3j5fejq0,500,2,0.0784224384,0
1537397460,Prod-EcsStagingCluster-EcsCluster-1AAGQRFIOE9AE,Service_beiakklem1vi3j5fejq0,500,2,0.0923516418,0
1537369800,Prod-EcsStagingCluster-EcsCluster-1AAGQRFIOE9AE,Service_beiakklem1vi3j5fejq0,500,2,0.4648010778,1
1537403760,Prod-EcsStagingCluster-EcsCluster-1AAGQRFIOE9AE,Service_beiakklem1vi3j5fejq0,500,2,0.0797177638,0
1537395240,Prod-EcsStagingCluster-EcsCluster-1AAGQRFIOE9AE,Service_beiakklem1vi3j5fejq0,500,2,0.0880425026,1
1537429200,Prod-EcsStagingCluster-EcsCluster-1AAGQRFIOE9AE,Service_beiakklem1vi3j5fejq0,500,2,0.0810620750,0
1537380300,Prod-EcsStagingCluster-EcsCluster-1AAGQRFIOE9AE,Service_beiakklem1vi3j5fejq0,500,2,0.0858703409,0
1537401540,Prod-EcsStagingCluster-EcsCluster-1AAGQRFIOE9AE,Service_beiakklem1vi3j5fejq0,500,2,0.0854083075,0
1537354860,Prod-EcsStagingCluster-EcsCluster-1AAGQRFIOE9AE,Service_beiakklem1vi3j5fejq0,500,2,0.0824917617,0
1537367580,Prod-EcsStagingCluster-EcsCluster-1AAGQRFIOE9AE,Service_beiakklem1vi3j5fejq0,500,2,0.0817511862,0
1537393020,Prod-EcsStagingCluster-EcsCluster-1AAGQRFIOE9AE,Service_beiakklem1vi3j5fejq0,500,2,0.0832715518,0
1537426980,Prod-EcsStagingCluster-EcsCluster-1AAGQRFIOE9AE,Service_beiakklem1vi3j5fejq0,500,2,0.0962888787,0
1537407840,Prod-EcsStagingCluster-EcsCluster-1AAGQRFIOE9AE,Service_beiakklem1vi3j5fejq0,500,2,0.0913824818,0
1537399320,Prod-EcsStagingCluster-EcsCluster-1AAGQRFIOE9AE,Service_beiakklem1vi3j5fejq0,500,2,0.0849209731,0
1537424760,Prod-EcsStagingCluster-EcsCluster-1AAGQRFIOE9AE,Service_beiakklem1vi3j5fejq0,500,2,0.0882806591,0
1537361040,Prod-EcsStagingCluster-EcsCluster-1AAGQRFIOE9AE,Service_beiakklem1vi3j5fejq0,500,2,0.0798252777,0
1537405620,Prod-EcsStagingCluster-EcsCluster-1AAGQRFIOE9AE,Service_beiakklem1vi3j5fejq0,500,2,0.1074726698,1
1537406640,Prod-EcsStagingCluster-EcsCluster-1AAGQRFIOE9AE,Service_beiakklem1vi3j5fejq0,500,2,0.0878556855,1
1537400280,Prod-EcsStagingCluster-EcsCluster-1AAGQRFIOE9AE,Service_beiakklem1vi3j5fejq0,500,2,0.0861531148,0
1537403460,Prod-EcsStagingCluster-EcsCluster-1AAGQRFIOE9AE,Service_beiakklem1vi3j5fejq0,500,2,0.1002321602,0
1537422540,Prod-EcsStagingCluster-EcsCluster-1AAGQRFIOE9AE,Service_beiakklem1vi3j5fejq0,500,2,0.0867096382,0
1537430940,Prod-EcsStagingCluster-EcsCluster-1AAGQRFIOE9AE,Service_beiakklem1vi3j5fejq0,500,2,0.0815064085,0
1537388460,Prod-EcsStagingCluster-EcsCluster-1AAGQRFIOE9AE,Service_beiakklem1vi3j5fejq0,500,2,0.0867171755,0
1537417080,Prod-EcsStagingCluster-EcsCluster-1AAGQRFIOE9AE,Service_beiakklem1vi3j5fejq0,500,2,0.0961086689,0
1537420260,Prod-EcsStagingCluster-EcsCluster-1AAGQRFIOE9AE,Service_beiakklem1vi3j5fejq0,500,2,0.0981529379,0
1537423440,Prod-EcsStagingCluster-EcsCluster-1AAGQRFIOE9AE,Service_beiakklem1vi3j5fejq0,500,2,0.0842169835,0
1537396860,Prod-EcsStagingCluster-EcsCluster-1AAGQRFIOE9AE,Service_beiakklem1vi3j5fejq0,500,2,0.0893295948,0
1537400040,Prod-EcsStagingCluster-EcsCluster-1AAGQRFIOE9AE,Service_beiakklem1vi3j5fejq0,500,2,0.0879053024,0
1537403220,Prod-EcsStagingCluster-EcsCluster-1AAGQRFIOE9AE,Service_beiakklem1vi3j5fejq0,500,2,0.0874600981,0
1537406400,Prod-EcsStagingCluster-EcsCluster-1AAGQRFIOE9AE,Service_beiakklem1vi3j5fejq0,500,2,0.0769513476,0
1537354380,Prod-EcsStagingCluster-EcsCluster-1AAGQRFIOE9AE,Service_beiakklem1vi3j5fejq0,500,2,0.0820444682,0
1537372320,Prod-EcsStagingCluster-EcsCluster-1AAGQRFIOE9AE,Service_beiakklem1vi3j5fejq0,500,2,0.0765460136,0
1537362780,Prod-EcsStagingCluster-EcsCluster-1AAGQRFIOE9AE,Service_beiakklem1vi3j5fejq0,500,2,0.0810784222,0
1537365960,Prod-EcsStagingCluster-EcsCluster-1AAGQRFIOE9AE,Service_beiakklem1vi3j5fejq0,500,2,0.0829664953,0
1537369140,Prod-EcsStagingCluster-EcsCluster-1AAGQRFIOE9AE,Service_beiakklem1vi3j5fejq0,500,2,0.0812397614,8
1537355280,Prod-EcsStagingCluster-EcsCluster-1AAGQRFIOE9AE,Service_beiakklem1vi3j5fejq0,500,2,0.0819652554,0
1537348920,Prod-EcsStagingCluster-EcsCluster-1AAGQRFIOE9AE,Service_beiakklem1vi3j5fejq0,500,2,0.0811376174,0
1537352100,Prod-EcsStagingCluster-EcsCluster-1AAGQRFIOE9AE,Service_beiakklem1vi3j5fejq0,500,2,0.0875275425,0
1537422060,Prod-EcsStagingCluster-EcsCluster-1AAGQRFIOE9AE,Service_beiakklem1vi3j5fejq0,500,2,0.7321413158,0
1537356240,Prod-EcsStagingCluster-EcsCluster-1AAGQRFIOE9AE,Service_beiakklem1vi3j5fejq0,500,2,0.0862335288,0
1537349880,Prod-EcsStagingCluster-EcsCluster-1AAGQRFIOE9AE,Service_beiakklem1vi3j5fejq0,500,2,0.0841768442,0
1537368900,Prod-EcsStagingCluster-EcsCluster-1AAGQRFIOE9AE,Service_beiakklem1vi3j5fejq0,500,2,0.0818041184,1
1537430460,Prod-EcsStagingCluster-EcsCluster-1AAGQRFIOE9AE,Service_beiakklem1vi3j5fejq0,500,2,0.0840775229,0
1537387980,Prod-EcsStagingCluster-EcsCluster-1AAGQRFIOE9AE,Service_beiakklem1vi3j5fejq0,500,2,0.0879121127,0
1537396380,Prod-EcsStagingCluster-EcsCluster-1AAGQRFIOE9AE,Service_beiakklem1vi3j5fejq0,500,2,0.0883754632,0
1537366680,Prod-EcsStagingCluster-EcsCluster-1AAGQRFIOE9AE,Service_beiakklem1vi3j5fejq0,500,2,0.0813915746,0
1537373040,Prod-EcsStagingCluster-EcsCluster-1AAGQRFIOE9AE,Service_beiakklem1vi3j5fejq0,500,2,0.0781026107,0
1537353900,Prod-EcsStagingCluster-EcsCluster-1AAGQRFIOE9AE,Service_beiakklem1vi3j5fejq0,500,2,0.0817301181,1
1537402740,Prod-EcsStagingCluster-EcsCluster-1AAGQRFIOE9AE,Service_beiakklem1vi3j5fejq0,500,2,0.0855917114,0
1537385700,Prod-EcsStagingCluster-EcsCluster-1AAGQRFIOE9AE,Service_beiakklem1vi3j5fejq0,500,2,0.0774160162,0
1537362300,Prod-EcsStagingCluster-EcsCluster-1AAGQRFIOE9AE,Service_beiakklem1vi3j5fejq0,500,2,0.0790812854,0
1537400520,Prod-EcsStagingCluster-EcsCluster-1AAGQRFIOE9AE,Service_beiakklem1vi3j5fejq0,500,2,0.0890298467,0
1537406880,Prod-EcsStagingCluster-EcsCluster-1AAGQRFIOE9AE,Service_beiakklem1vi3j5fejq0,500,2,0.0843864142,0
1537368660,Prod-EcsStagingCluster-EcsCluster-1AAGQRFIOE9AE,Service_beiakklem1vi3j5fejq0,500,2,0.0789955506,0
1537389840,Prod-EcsStagingCluster-EcsCluster-1AAGQRFIOE9AE,Service_beiakklem1vi3j5fejq0,500,2,0.0840718297,0
1537383480,Prod-EcsStagingCluster-EcsCluster-1AAGQRFIOE9AE,Service_beiakklem1vi3j5fejq0,500,2,0.0888256287,0
1537366440,Prod-EcsStagingCluster-EcsCluster-1AAGQRFIOE9AE,Service_beiakklem1vi3j5fejq0,500,2,0.0836476084,0
1537402500,Prod-EcsStagingCluster-EcsCluster-1AAGQRFIOE9AE,Service_beiakklem1vi3j5fejq0,500,2,0.0851558886,0
1537372800,Prod-EcsStagingCluster-EcsCluster-1AAGQRFIOE9AE,Service_beiakklem1vi3j5fejq0,500,2,0.0754678017,0
1537421580,Prod-EcsStagingCluster-EcsCluster-1AAGQRFIOE9AE,Service_beiakklem1vi3j5fejq0,500,2,0.0902416262,0
1537429980,Prod-EcsStagingCluster-EcsCluster-1AAGQRFIOE9AE,Service_beiakklem1vi3j5fejq0,500,2,0.0750642369,0
1537367400,Prod-EcsStagingCluster-EcsCluster-1AAGQRFIOE9AE,Service_beiakklem1vi3j5fejq0,500,2,0.0818284242,0
1537370580,Prod-EcsStagingCluster-EcsCluster-1AAGQRFIOE9AE,Service_beiakklem1vi3j5fejq0,500,2,0.0771232556,1
1537387500,Prod-EcsStagingCluster-EcsCluster-1AAGQRFIOE9AE,Service_beiakklem1vi3j5fejq0,500,2,0.0837454597,0
1537404420,Prod-EcsStagingCluster-EcsCluster-1AAGQRFIOE9AE,Service_beiakklem1vi3j5fejq0,500,2,0.0817554368,0
1537401240,Prod-EcsStagingCluster-EcsCluster-1AAGQRFIOE9AE,Service_beiakklem1vi3j5fejq0,500,2,0.0853271720,0
1537422480,Prod-EcsStagingCluster-EcsCluster-1AAGQRFIOE9AE,Service_beiakklem1vi3j5fejq0,500,2,0.0866720493,0
1537395900,Prod-EcsStagingCluster-EcsCluster-1AAGQRFIOE9AE,Service_beiakklem1vi3j5fejq0,500,2,0.0890408048,0
1537405440,Prod-EcsStagingCluster-EcsCluster-1AAGQRFIOE9AE,Service_beiakklem1vi3j5fejq0,500,2,0.0800152867,0
1537353420,Prod-EcsStagingCluster-EcsCluster-1AAGQRFIOE9AE,Service_beiakklem1vi3j5fejq0,500,2,0.0826285479,0
1537418040,Prod-EcsStagingCluster-EcsCluster-1AAGQRFIOE9AE,Service_beiakklem1vi3j5fejq0,500,2,0.0933147500,0
1537371360,Prod-EcsStagingCluster-EcsCluster-1AAGQRFIOE9AE,Service_beiakklem1vi3j5fejq0,500,2,0.0794653076,0
1537361820,Prod-EcsStagingCluster-EcsCluster-1AAGQRFIOE9AE,Service_beiakklem1vi3j5fejq0,500,2,0.0780094242,0
1537421220,Prod-EcsStagingCluster-EcsCluster-1AAGQRFIOE9AE,Service_beiakklem1vi3j5fejq0,500,2,0.0914173337,0
1537401000,Prod-EcsStagingCluster-EcsCluster-1AAGQRFIOE9AE,Service_beiakklem1vi3j5fejq0,500,2,0.0894735607,0
1537404180,Prod-EcsStagingCluster-EcsCluster-1AAGQRFIOE9AE,Service_beiakklem1vi3j5fejq0,500,2,0.4777684416,0
1537354320,Prod-EcsStagingCluster-EcsCluster-1AAGQRFIOE9AE,Service_beiakklem1vi3j5fejq0,500,2,0.0838388991,0
1537421100,Prod-EcsStagingCluster-EcsCluster-1AAGQRFIOE9AE,Service_beiakklem1vi3j5fejq0,500,2,0.0914500102,0
1537366920,Prod-EcsStagingCluster-EcsCluster-1AAGQRFIOE9AE,Service_beiakklem1vi3j5fejq0,500,2,0.0840271341,1
1537370100,Prod-EcsStagingCluster-EcsCluster-1AAGQRFIOE9AE,Service_beiakklem1vi3j5fejq0,500,2,0.0789795131,0
1537371120,Prod-EcsStagingCluster-EcsCluster-1AAGQRFIOE9AE,Service_beiakklem1vi3j5fejq0,500,2,0.0761545451,0
1537429500,Prod-EcsStagingCluster-EcsCluster-1AAGQRFIOE9AE,Service_beiakklem1vi3j5fejq0,500,2,0.0803697488,0
1537353060,Prod-EcsStagingCluster-EcsCluster-1AAGQRFIOE9AE,Service_beiakklem1vi3j5fejq0,500,2,0.0842456842,0
1537387020,Prod-EcsStagingCluster-EcsCluster-1AAGQRFIOE9AE,Service_beiakklem1vi3j5fejq0,500,2,0.0814910387,0
1537367880,Prod-EcsStagingCluster-EcsCluster-1AAGQRFIOE9AE,Service_beiakklem1vi3j5fejq0,500,2,0.0796996811,0
1537395420,Prod-EcsStagingCluster-EcsCluster-1AAGQRFIOE9AE,Service_beiakklem1vi3j5fejq0,500,2,0.0866352616,0
1537372080,Prod-EcsStagingCluster-EcsCluster-1AAGQRFIOE9AE,Service_beiakklem1vi3j5fejq0,500,2,0.0779152565,0
1537352940,Prod-EcsStagingCluster-EcsCluster-1AAGQRFIOE9AE,Service_beiakklem1vi3j5fejq0,500,2,0.0837408932,0
1537350840,Prod-EcsStagingCluster-EcsCluster-1AAGQRFIOE9AE,Service_beiakklem1vi3j5fejq0,500,2,0.0864110021,0
1537369860,Prod-EcsStagingCluster-EcsCluster-1AAGQRFIOE9AE,Service_beiakklem1vi3j5fejq0,500,2,0.0802378000,0
1537361340,Prod-EcsStagingCluster-EcsCluster-1AAGQRFIOE9AE,Service_beiakklem1vi3j5fejq0,500,2,0.0769922147,0
1537405920,Prod-EcsStagingCluster-EcsCluster-1AAGQRFIOE9AE,Service_beiakklem1vi3j5fejq0,500,2,0.1115708324,0
1537367640,Prod-EcsStagingCluster-EcsCluster-1AAGQRFIOE9AE,Service_beiakklem1vi3j5fejq0,500,2,0.0847313721,0
1537388880,Prod-EcsStagingCluster-EcsCluster-1AAGQRFIOE9AE,Service_beiakklem1vi3j5fejq0,500,2,0.0818961128,1
1537403700,Prod-EcsStagingCluster-EcsCluster-1AAGQRFIOE9AE,Service_beiakklem1vi3j5fejq0,500,2,0.1121970435,0
1537371840,Prod-EcsStagingCluster-EcsCluster-1AAGQRFIOE9AE,Service_beiakklem1vi3j5fejq0,500,2,0.0808066551,0
1537420620,Prod-EcsStagingCluster-EcsCluster-1AAGQRFIOE9AE,Service_beiakklem1vi3j5fejq0,500,2,0.1007500785,0
1537386660,Prod-EcsStagingCluster-EcsCluster-1AAGQRFIOE9AE,Service_beiakklem1vi3j5fejq0,500,2,0.0818569312,0
1537401480,Prod-EcsStagingCluster-EcsCluster-1AAGQRFIOE9AE,Service_beiakklem1vi3j5fejq0,500,2,0.0896926176,0
1537405680,Prod-EcsStagingCluster-EcsCluster-1AAGQRFIOE9AE,Service_beiakklem1vi3j5fejq0,500,2,0.0846938352,0
1537429020,Prod-EcsStagingCluster-EcsCluster-1AAGQRFIOE9AE,Service_beiakklem1vi3j5fejq0,500,2,0.0828060815,0
1537369620,Prod-EcsStagingCluster-EcsCluster-1AAGQRFIOE9AE,Service_beiakklem1vi3j5fejq0,500,2,0.0824314383,0
1537386540,Prod-EcsStagingCluster-EcsCluster-1AAGQRFIOE9AE,Service_beiakklem1vi3j5fejq0,500,2,0.0821521665,0
1537384440,Prod-EcsStagingCluster-EcsCluster-1AAGQRFIOE9AE,Service_beiakklem1vi3j5fejq0,500,2,0.0834662724,0
1537404480,Prod-EcsStagingCluster-EcsCluster-1AAGQRFIOE9AE,Service_beiakklem1vi3j5fejq0,500,2,0.0940155786,0
1537401300,Prod-EcsStagingCluster-EcsCluster-1AAGQRFIOE9AE,Service_beiakklem1vi3j5fejq0,500,2,0.1277003192,0
1537398120,Prod-EcsStagingCluster-EcsCluster-1AAGQRFIOE9AE,Service_beiakklem1vi3j5fejq0,500,2,0.0819707466,1
1537388580,Prod-EcsStagingCluster-EcsCluster-1AAGQRFIOE9AE,Service_beiakklem1vi3j5fejq0,500,2,0.0889847286,0
1537391760,Prod-EcsStagingCluster-EcsCluster-1AAGQRFIOE9AE,Service_beiakklem1vi3j5fejq0,500,2,0.0764371617,0
1537385400,Prod-EcsStagingCluster-EcsCluster-1AAGQRFIOE9AE,Service_beiakklem1vi3j5fejq0,500,2,0.0898735022,0
1537352460,Prod-EcsStagingCluster-EcsCluster-1AAGQRFIOE9AE,Service_beiakklem1vi3j5fejq0,500,2,0.0824893275,0
1537365180,Prod-EcsStagingCluster-EcsCluster-1AAGQRFIOE9AE,Service_beiakklem1vi3j5fejq0,500,2,0.0845028023,0
1537364040,Prod-EcsStagingCluster-EcsCluster-1AAGQRFIOE9AE,Service_beiakklem1vi3j5fejq0,500,2,0.0823874388,0
1537367220,Prod-EcsStagingCluster-EcsCluster-1AAGQRFIOE9AE,Service_beiakklem1vi3j5fejq0,500,2,0.0822443521,0
1537370400,Prod-EcsStagingCluster-EcsCluster-1AAGQRFIOE9AE,Service_beiakklem1vi3j5fejq0,500,2,0.0778360418,0
1537408560,Prod-EcsStagingCluster-EcsCluster-1AAGQRFIOE9AE,Service_beiakklem1vi3j5fejq0,500,2,0.0922298940,0
1537405380,Prod-EcsStagingCluster-EcsCluster-1AAGQRFIOE9AE,Service_beiakklem1vi3j5fejq0,500,2,0.4992966254,1
1537402200,Prod-EcsStagingCluster-EcsCluster-1AAGQRFIOE9AE,Service_beiakklem1vi3j5fejq0,500,2,0.0884223366,0
1537420140,Prod-EcsStagingCluster-EcsCluster-1AAGQRFIOE9AE,Service_beiakklem1vi3j5fejq0,500,2,0.1005792210,0
1537419000,Prod-EcsStagingCluster-EcsCluster-1AAGQRFIOE9AE,Service_beiakklem1vi3j5fejq0,500,2,0.0993352074,1
1537425360,Prod-EcsStagingCluster-EcsCluster-1AAGQRFIOE9AE,Service_beiakklem1vi3j5fejq0,500,2,0.0866932866,0
1537422180,Prod-EcsStagingCluster-EcsCluster-1AAGQRFIOE9AE,Service_beiakklem1vi3j5fejq0,500,2,0.0941935342,0
1537398780,Prod-EcsStagingCluster-EcsCluster-1AAGQRFIOE9AE,Service_beiakklem1vi3j5fejq0,500,2,0.0915039534,0
1537386060,Prod-EcsStagingCluster-EcsCluster-1AAGQRFIOE9AE,Service_beiakklem1vi3j5fejq0,500,2,0.0828748656,0
1537397640,Prod-EcsStagingCluster-EcsCluster-1AAGQRFIOE9AE,Service_beiakklem1vi3j5fejq0,500,2,0.0849652639,0
1537351980,Prod-EcsStagingCluster-EcsCluster-1AAGQRFIOE9AE,Service_beiakklem1vi3j5fejq0,500,2,0.0831218933,0
1537400820,Prod-EcsStagingCluster-EcsCluster-1AAGQRFIOE9AE,Service_beiakklem1vi3j5fejq0,500,2,0.0897098717,0
1537364700,Prod-EcsStagingCluster-EcsCluster-1AAGQRFIOE9AE,Service_beiakklem1vi3j5fejq0,500,2,0.0873416054,0
1537354020,Prod-EcsStagingCluster-EcsCluster-1AAGQRFIOE9AE,Service_beiakklem1vi3j5fejq0,500,2,0.0818208694,2
1537366740,Prod-EcsStagingCluster-EcsCluster-1AAGQRFIOE9AE,Service_beiakklem1vi3j5fejq0,500,2,0.0819587287,0
1537398600,Prod-EcsStagingCluster-EcsCluster-1AAGQRFIOE9AE,Service_beiakklem1vi3j5fejq0,500,2,0.0842456378,0
1537404960,Prod-EcsStagingCluster-EcsCluster-1AAGQRFIOE9AE,Service_beiakklem1vi3j5fejq0,500,2,0.0817187068,0
1537358160,Prod-EcsStagingCluster-EcsCluster-1AAGQRFIOE9AE,Service_beiakklem1vi3j5fejq0,500,2,0.0826876015,0
1537364520,Prod-EcsStagingCluster-EcsCluster-1AAGQRFIOE9AE,Service_beiakklem1vi3j5fejq0,500,2,0.0816737190,0
1537351800,Prod-EcsStagingCluster-EcsCluster-1AAGQRFIOE9AE,Service_beiakklem1vi3j5fejq0,500,2,0.0823237001,0
1537370880,Prod-EcsStagingCluster-EcsCluster-1AAGQRFIOE9AE,Service_beiakklem1vi3j5fejq0,500,2,0.0794578884,0
1537370820,Prod-EcsStagingCluster-EcsCluster-1AAGQRFIOE9AE,Service_beiakklem1vi3j5fejq0,500,2,0.0766458635,0
1537419660,Prod-EcsStagingCluster-EcsCluster-1AAGQRFIOE9AE,Service_beiakklem1vi3j5fejq0,500,2,0.0999782272,0
1537368600,Prod-EcsStagingCluster-EcsCluster-1AAGQRFIOE9AE,Service_beiakklem1vi3j5fejq0,500,2,0.0833830766,0
1537374960,Prod-EcsStagingCluster-EcsCluster-1AAGQRFIOE9AE,Service_beiakklem1vi3j5fejq0,500,2,0.0789435955,0
1537385580,Prod-EcsStagingCluster-EcsCluster-1AAGQRFIOE9AE,Service_beiakklem1vi3j5fejq0,500,2,0.0929489105,0
1537398300,Prod-EcsStagingCluster-EcsCluster-1AAGQRFIOE9AE,Service_beiakklem1vi3j5fejq0,500,2,0.0835503021,0
1537400340,Prod-EcsStagingCluster-EcsCluster-1AAGQRFIOE9AE,Service_beiakklem1vi3j5fejq0,500,2,0.0902173191,0
1537387620,Prod-EcsStagingCluster-EcsCluster-1AAGQRFIOE9AE,Service_beiakklem1vi3j5fejq0,500,2,0.0815192820,0
1537364220,Prod-EcsStagingCluster-EcsCluster-1AAGQRFIOE9AE,Service_beiakklem1vi3j5fejq0,500,2,0.0853795471,0
1537351500,Prod-EcsStagingCluster-EcsCluster-1AAGQRFIOE9AE,Service_beiakklem1vi3j5fejq0,500,2,0.0871185407,0
1537369440,Prod-EcsStagingCluster-EcsCluster-1AAGQRFIOE9AE,Service_beiakklem1vi3j5fejq0,500,2,0.0824355669,0
1537407600,Prod-EcsStagingCluster-EcsCluster-1AAGQRFIOE9AE,Service_beiakklem1vi3j5fejq0,500,2,0.0889253721,0
1537399080,Prod-EcsStagingCluster-EcsCluster-1AAGQRFIOE9AE,Service_beiakklem1vi3j5fejq0,500,2,0.0889294745,0
1537402260,Prod-EcsStagingCluster-EcsCluster-1AAGQRFIOE9AE,Service_beiakklem1vi3j5fejq0,500,2,0.0994131392,0
1537389540,Prod-EcsStagingCluster-EcsCluster-1AAGQRFIOE9AE,Service_beiakklem1vi3j5fejq0,500,2,0.0888506902,0
1537386360,Prod-EcsStagingCluster-EcsCluster-1AAGQRFIOE9AE,Service_beiakklem1vi3j5fejq0,500,2,0.0808718972,0
1537419180,Prod-EcsStagingCluster-EcsCluster-1AAGQRFIOE9AE,Service_beiakklem1vi3j5fejq0,500,2,0.1002223261,0
1537365000,Prod-EcsStagingCluster-EcsCluster-1AAGQRFIOE9AE,Service_beiakklem1vi3j5fejq0,500,2,0.0821268323,0
1537368180,Prod-EcsStagingCluster-EcsCluster-1AAGQRFIOE9AE,Service_beiakklem1vi3j5fejq0,500,2,0.0830301122,1
1537406340,Prod-EcsStagingCluster-EcsCluster-1AAGQRFIOE9AE,Service_beiakklem1vi3j5fejq0,500,2,0.0780597596,0
1537403160,Prod-EcsStagingCluster-EcsCluster-1AAGQRFIOE9AE,Service_beiakklem1vi3j5fejq0,500,2,0.0818045280,0
1537424400,Prod-EcsStagingCluster-EcsCluster-1AAGQRFIOE9AE,Service_beiakklem1vi3j5fejq0,500,2,0.0879590103,1
1537397820,Prod-EcsStagingCluster-EcsCluster-1AAGQRFIOE9AE,Service_beiakklem1vi3j5fejq0,500,2,0.0816297347,0
1537385100,Prod-EcsStagingCluster-EcsCluster-1AAGQRFIOE9AE,Service_beiakklem1vi3j5fejq0,500,2,0.0864707641,1
1537351020,Prod-EcsStagingCluster-EcsCluster-1AAGQRFIOE9AE,Service_beiakklem1vi3j5fejq0,500,2,0.1562945867,0
1537403040,Prod-EcsStagingCluster-EcsCluster-1AAGQRFIOE9AE,Service_beiakklem1vi3j5fejq0,500,2,0.0826596742,0
1537363740,Prod-EcsStagingCluster-EcsCluster-1AAGQRFIOE9AE,Service_beiakklem1vi3j5fejq0,500,2,0.0813729880,0
1537419960,Prod-EcsStagingCluster-EcsCluster-1AAGQRFIOE9AE,Service_beiakklem1vi3j5fejq0,500,2,0.1009287528,0
1537423140,Prod-EcsStagingCluster-EcsCluster-1AAGQRFIOE9AE,Service_beiakklem1vi3j5fejq0,500,2,0.1383403354,0
1537404000,Prod-EcsStagingCluster-EcsCluster-1AAGQRFIOE9AE,Service_beiakklem1vi3j5fejq0,500,2,0.2258226588,0
1537420920,Prod-EcsStagingCluster-EcsCluster-1AAGQRFIOE9AE,Service_beiakklem1vi3j5fejq0,500,2,0.0846610783,0
1537357200,Prod-EcsStagingCluster-EcsCluster-1AAGQRFIOE9AE,Service_beiakklem1vi3j5fejq0,500,2,0.0796843974,1
1537401780,Prod-EcsStagingCluster-EcsCluster-1AAGQRFIOE9AE,Service_beiakklem1vi3j5fejq0,500,2,0.0915650495,0
1537369920,Prod-EcsStagingCluster-EcsCluster-1AAGQRFIOE9AE,Service_beiakklem1vi3j5fejq0,500,2,0.0809745495,0
1537418700,Prod-EcsStagingCluster-EcsCluster-1AAGQRFIOE9AE,Service_beiakklem1vi3j5fejq0,500,2,0.1132742686,0
1537431420,Prod-EcsStagingCluster-EcsCluster-1AAGQRFIOE9AE,Service_beiakklem1vi3j5fejq0,500,2,0.0847884780,0
1537354980,Prod-EcsStagingCluster-EcsCluster-1AAGQRFIOE9AE,Service_beiakklem1vi3j5fejq0,500,2,0.0852143732,0
1537367700,Prod-EcsStagingCluster-EcsCluster-1AAGQRFIOE9AE,Service_beiakklem1vi3j5fejq0,500,2,0.0815797751,0
1537399560,Prod-EcsStagingCluster-EcsCluster-1AAGQRFIOE9AE,Service_beiakklem1vi3j5fejq0,500,2,0.0808097978,0
1537374000,Prod-EcsStagingCluster-EcsCluster-1AAGQRFIOE9AE,Service_beiakklem1vi3j5fejq0,500,2,0.0838957967,0
1537384620,Prod-EcsStagingCluster-EcsCluster-1AAGQRFIOE9AE,Service_beiakklem1vi3j5fejq0,500,2,0.0828243641,0
1537365480,Prod-EcsStagingCluster-EcsCluster-1AAGQRFIOE9AE,Service_beiakklem1vi3j5fejq0,500,2,0.0845523205,0
1537397340,Prod-EcsStagingCluster-EcsCluster-1AAGQRFIOE9AE,Service_beiakklem1vi3j5fejq0,500,2,0.0836780061,0
1537352760,Prod-EcsStagingCluster-EcsCluster-1AAGQRFIOE9AE,Service_beiakklem1vi3j5fejq0,500,2,0.0844662782,1
1537371780,Prod-EcsStagingCluster-EcsCluster-1AAGQRFIOE9AE,Service_beiakklem1vi3j5fejq0,500,2,0.0804817766,0
1537363260,Prod-EcsStagingCluster-EcsCluster-1AAGQRFIOE9AE,Service_beiakklem1vi3j5fejq0,500,2,0.0827394297,0
1537350540,Prod-EcsStagingCluster-EcsCluster-1AAGQRFIOE9AE,Service_beiakklem1vi3j5fejq0,500,2,0.0854991285,0
1537403520,Prod-EcsStagingCluster-EcsCluster-1AAGQRFIOE9AE,Service_beiakklem1vi3j5fejq0,500,2,0.0991819553,0
1537369560,Prod-EcsStagingCluster-EcsCluster-1AAGQRFIOE9AE,Service_beiakklem1vi3j5fejq0,500,2,0.4683100091,0
1537390800,Prod-EcsStagingCluster-EcsCluster-1AAGQRFIOE9AE,Service_beiakklem1vi3j5fejq0,500,2,0.0823854543,0
1537413000,Prod-EcsStagingCluster-EcsCluster-1AAGQRFIOE9AE,Service_beiakklem1vi3j5fejq0,500,2,0.0823578675,0
1537390740,Prod-EcsStagingCluster-EcsCluster-1AAGQRFIOE9AE,Service_beiakklem1vi3j5fejq0,500,2,0.0808874053,0
1537367340,Prod-EcsStagingCluster-EcsCluster-1AAGQRFIOE9AE,Service_beiakklem1vi3j5fejq0,500,2,0.0825036422,0
1537370520,Prod-EcsStagingCluster-EcsCluster-1AAGQRFIOE9AE,Service_beiakklem1vi3j5fejq0,500,2,0.0816486702,0
1537419360,Prod-EcsStagingCluster-EcsCluster-1AAGQRFIOE9AE,Service_beiakklem1vi3j5fejq0,500,2,0.0979019352,0
1537351440,Prod-EcsStagingCluster-EcsCluster-1AAGQRFIOE9AE,Service_beiakklem1vi3j5fejq0,500,2,0.0871416403,0
1537395960,Prod-EcsStagingCluster-EcsCluster-1AAGQRFIOE9AE,Service_beiakklem1vi3j5fejq0,500,2,0.0889756302,1
1537376880,Prod-EcsStagingCluster-EcsCluster-1AAGQRFIOE9AE,Service_beiakklem1vi3j5fejq0,500,2,0.0784781172,0
1537427760,Prod-EcsStagingCluster-EcsCluster-1AAGQRFIOE9AE,Service_beiakklem1vi3j5fejq0,500,2,0.0875750553,0
1537402320,Prod-EcsStagingCluster-EcsCluster-1AAGQRFIOE9AE,Service_beiakklem1vi3j5fejq0,500,2,0.0772479011,0
1537418220,Prod-EcsStagingCluster-EcsCluster-1AAGQRFIOE9AE,Service_beiakklem1vi3j5fejq0,500,2,0.0926332487,0
1537421400,Prod-EcsStagingCluster-EcsCluster-1AAGQRFIOE9AE,Service_beiakklem1vi3j5fejq0,500,2,0.0956929152,0
1537348020,Prod-EcsStagingCluster-EcsCluster-1AAGQRFIOE9AE,Service_beiakklem1vi3j5fejq0,500,2,0.0825755737,0
1537392540,Prod-EcsStagingCluster-EcsCluster-1AAGQRFIOE9AE,Service_beiakklem1vi3j5fejq0,500,2,0.0808169458,0
1537370280,Prod-EcsStagingCluster-EcsCluster-1AAGQRFIOE9AE,Service_beiakklem1vi3j5fejq0,500,2,0.0780519017,0
1537376640,Prod-EcsStagingCluster-EcsCluster-1AAGQRFIOE9AE,Service_beiakklem1vi3j5fejq0,500,2,0.0786472744,0
1537421160,Prod-EcsStagingCluster-EcsCluster-1AAGQRFIOE9AE,Service_beiakklem1vi3j5fejq0,500,2,0.0892450380,0
1537398900,Prod-EcsStagingCluster-EcsCluster-1AAGQRFIOE9AE,Service_beiakklem1vi3j5fejq0,500,2,0.0862262904,0
1537375500,Prod-EcsStagingCluster-EcsCluster-1AAGQRFIOE9AE,Service_beiakklem1vi3j5fejq0,500,2,0.0788642124,0
1537381860,Prod-EcsStagingCluster-EcsCluster-1AAGQRFIOE9AE,Service_beiakklem1vi3j5fejq0,500,2,0.0838392139,0
1537427520,Prod-EcsStagingCluster-EcsCluster-1AAGQRFIOE9AE,Service_beiakklem1vi3j5fejq0,500,2,0.0911384284,0
1537356420,Prod-EcsStagingCluster-EcsCluster-1AAGQRFIOE9AE,Service_beiakklem1vi3j5fejq0,500,2,0.0850924161,0
1537407300,Prod-EcsStagingCluster-EcsCluster-1AAGQRFIOE9AE,Service_beiakklem1vi3j5fejq0,500,2,0.1461968971,0
1537426380,Prod-EcsStagingCluster-EcsCluster-1AAGQRFIOE9AE,Service_beiakklem1vi3j5fejq0,500,2,0.0862195440,0
1537430520,Prod-EcsStagingCluster-EcsCluster-1AAGQRFIOE9AE,Service_beiakklem1vi3j5fejq0,500,2,0.0825573568,1
1537349820,Prod-EcsStagingCluster-EcsCluster-1AAGQRFIOE9AE,Service_beiakklem1vi3j5fejq0,500,2,0.0857670225,0
1537356180,Prod-EcsStagingCluster-EcsCluster-1AAGQRFIOE9AE,Service_beiakklem1vi3j5fejq0,500,2,0.0824206845,0
1537400700,Prod-EcsStagingCluster-EcsCluster-1AAGQRFIOE9AE,Service_beiakklem1vi3j5fejq0,500,2,0.0876514306,0
1537407060,Prod-EcsStagingCluster-EcsCluster-1AAGQRFIOE9AE,Service_beiakklem1vi3j5fejq0,500,2,0.1110404451,0
1537360320,Prod-EcsStagingCluster-EcsCluster-1AAGQRFIOE9AE,Service_beiakklem1vi3j5fejq0,500,2,0.0820656511,0
1537383660,Prod-EcsStagingCluster-EcsCluster-1AAGQRFIOE9AE,Service_beiakklem1vi3j5fejq0,500,2,0.0904273117,0
1537353960,Prod-EcsStagingCluster-EcsCluster-1AAGQRFIOE9AE,Service_beiakklem1vi3j5fejq0,500,2,0.0853792607,0
1537404840,Prod-EcsStagingCluster-EcsCluster-1AAGQRFIOE9AE,Service_beiakklem1vi3j5fejq0,500,2,0.1093074727,0
1537411200,Prod-EcsStagingCluster-EcsCluster-1AAGQRFIOE9AE,Service_beiakklem1vi3j5fejq0,500,2,0.1012973448,0
1537357980,Prod-EcsStagingCluster-EcsCluster-1AAGQRFIOE9AE,Service_beiakklem1vi3j5fejq0,500,2,0.0807848193,0
1537364340,Prod-EcsStagingCluster-EcsCluster-1AAGQRFIOE9AE,Service_beiakklem1vi3j5fejq0,500,2,0.0850726453,0
1537408860,Prod-EcsStagingCluster-EcsCluster-1AAGQRFIOE9AE,Service_beiakklem1vi3j5fejq0,500,2,0.0882145818,0
1537415220,Prod-EcsStagingCluster-EcsCluster-1AAGQRFIOE9AE,Service_beiakklem1vi3j5fejq0,500,2,0.0897662081,0
1537372740,Prod-EcsStagingCluster-EcsCluster-1AAGQRFIOE9AE,Service_beiakklem1vi3j5fejq0,500,2,0.0800640011,0
1537347300,Prod-EcsStagingCluster-EcsCluster-1AAGQRFIOE9AE,Service_beiakklem1vi3j5fejq0,500,2,0.0790519094,0
1537391820,Prod-EcsStagingCluster-EcsCluster-1AAGQRFIOE9AE,Service_beiakklem1vi3j5fejq0,500,2,0.0765913976,0
1537398180,Prod-EcsStagingCluster-EcsCluster-1AAGQRFIOE9AE,Service_beiakklem1vi3j5fejq0,500,2,0.0875175910,0
1537362120,Prod-EcsStagingCluster-EcsCluster-1AAGQRFIOE9AE,Service_beiakklem1vi3j5fejq0,500,2,0.0769956859,0
1537368480,Prod-EcsStagingCluster-EcsCluster-1AAGQRFIOE9AE,Service_beiakklem1vi3j5fejq0,500,2,0.0814302631,0
1537366260,Prod-EcsStagingCluster-EcsCluster-1AAGQRFIOE9AE,Service_beiakklem1vi3j5fejq0,500,2,0.0828017133,0
1537417140,Prod-EcsStagingCluster-EcsCluster-1AAGQRFIOE9AE,Service_beiakklem1vi3j5fejq0,500,2,0.0985039805,0
1537388520,Prod-EcsStagingCluster-EcsCluster-1AAGQRFIOE9AE,Service_beiakklem1vi3j5fejq0,500,2,0.0912303061,0
1537374660,Prod-EcsStagingCluster-EcsCluster-1AAGQRFIOE9AE,Service_beiakklem1vi3j5fejq0,500,2,0.0794506531,0
1537349220,Prod-EcsStagingCluster-EcsCluster-1AAGQRFIOE9AE,Service_beiakklem1vi3j5fejq0,500,2,0.0777112058,0
1537400100,Prod-EcsStagingCluster-EcsCluster-1AAGQRFIOE9AE,Service_beiakklem1vi3j5fejq0,500,2,0.0873806588,0
1537366140,Prod-EcsStagingCluster-EcsCluster-1AAGQRFIOE9AE,Service_beiakklem1vi3j5fejq0,500,2,0.0828621217,0
1537350240,Prod-EcsStagingCluster-EcsCluster-1AAGQRFIOE9AE,Service_beiakklem1vi3j5fejq0,500,2,0.0839245091,0
1537425540,Prod-EcsStagingCluster-EcsCluster-1AAGQRFIOE9AE,Service_beiakklem1vi3j5fejq0,500,2,0.0857138513,0
1537417020,Prod-EcsStagingCluster-EcsCluster-1AAGQRFIOE9AE,Service_beiakklem1vi3j5fejq0,500,2,0.0962821070,0
1537349100,Prod-EcsStagingCluster-EcsCluster-1AAGQRFIOE9AE,Service_beiakklem1vi3j5fejq0,500,2,0.0819768407,0
1537401120,Prod-EcsStagingCluster-EcsCluster-1AAGQRFIOE9AE,Service_beiakklem1vi3j5fejq0,500,2,0.0869816710,0
1537358640,Prod-EcsStagingCluster-EcsCluster-1AAGQRFIOE9AE,Service_beiakklem1vi3j5fejq0,500,2,0.0769012046,0
1537409520,Prod-EcsStagingCluster-EcsCluster-1AAGQRFIOE9AE,Service_beiakklem1vi3j5fejq0,500,2,0.0883027957,0
1537399980,Prod-EcsStagingCluster-EcsCluster-1AAGQRFIOE9AE,Service_beiakklem1vi3j5fejq0,500,2,0.0850862760,0
1537384080,Prod-EcsStagingCluster-EcsCluster-1AAGQRFIOE9AE,Service_beiakklem1vi3j5fejq0,500,2,0.0808113933,0
1537345800,Prod-EcsStagingCluster-EcsCluster-1AAGQRFIOE9AE,Service_beiakklem1vi3j5fejq0,500,2,0.0995419051,0
1537396680,Prod-EcsStagingCluster-EcsCluster-1AAGQRFIOE9AE,Service_beiakklem1vi3j5fejq0,500,2,0.0898675523,0
1537374420,Prod-EcsStagingCluster-EcsCluster-1AAGQRFIOE9AE,Service_beiakklem1vi3j5fejq0,500,2,0.0814907125,0
1537354200,Prod-EcsStagingCluster-EcsCluster-1AAGQRFIOE9AE,Service_beiakklem1vi3j5fejq0,500,2,0.0846642929,0
1537379640,Prod-EcsStagingCluster-EcsCluster-1AAGQRFIOE9AE,Service_beiakklem1vi3j5fejq0,500,2,0.0790649362,1
1537425300,Prod-EcsStagingCluster-EcsCluster-1AAGQRFIOE9AE,Service_beiakklem1vi3j5fejq0,500,2,0.0815470242,0
1537405080,Prod-EcsStagingCluster-EcsCluster-1AAGQRFIOE9AE,Service_beiakklem1vi3j5fejq0,500,2,0.0796573505,0
1537374300,Prod-EcsStagingCluster-EcsCluster-1AAGQRFIOE9AE,Service_beiakklem1vi3j5fejq0,500,2,0.0840297083,0
1537358400,Prod-EcsStagingCluster-EcsCluster-1AAGQRFIOE9AE,Service_beiakklem1vi3j5fejq0,500,2,0.0828315359,0
1537423080,Prod-EcsStagingCluster-EcsCluster-1AAGQRFIOE9AE,Service_beiakklem1vi3j5fejq0,500,2,0.0949888393,0
1537357260,Prod-EcsStagingCluster-EcsCluster-1AAGQRFIOE9AE,Service_beiakklem1vi3j5fejq0,500,2,0.0824765090,0
1537425180,Prod-EcsStagingCluster-EcsCluster-1AAGQRFIOE9AE,Service_beiakklem1vi3j5fejq0,500,2,0.0859749210,0
1537408140,Prod-EcsStagingCluster-EcsCluster-1AAGQRFIOE9AE,Service_beiakklem1vi3j5fejq0,500,2,0.0875299612,0
1537384800,Prod-EcsStagingCluster-EcsCluster-1AAGQRFIOE9AE,Service_beiakklem1vi3j5fejq0,500,2,0.0832792328,0
1537393200,Prod-EcsStagingCluster-EcsCluster-1AAGQRFIOE9AE,Service_beiakklem1vi3j5fejq0,500,2,0.0803537183,0
1537367760,Prod-EcsStagingCluster-EcsCluster-1AAGQRFIOE9AE,Service_beiakklem1vi3j5fejq0,500,2,0.0791390350,0
1537418640,Prod-EcsStagingCluster-EcsCluster-1AAGQRFIOE9AE,Service_beiakklem1vi3j5fejq0,500,2,0.1385000632,0
1537382580,Prod-EcsStagingCluster-EcsCluster-1AAGQRFIOE9AE,Service_beiakklem1vi3j5fejq0,500,2,0.0788984327,0
1537390980,Prod-EcsStagingCluster-EcsCluster-1AAGQRFIOE9AE,Service_beiakklem1vi3j5fejq0,500,2,0.0869176999,0
1537365540,Prod-EcsStagingCluster-EcsCluster-1AAGQRFIOE9AE,Service_beiakklem1vi3j5fejq0,500,2,0.0819480427,0
1537416420,Prod-EcsStagingCluster-EcsCluster-1AAGQRFIOE9AE,Service_beiakklem1vi3j5fejq0,500,2,0.1113057329,0
1537382460,Prod-EcsStagingCluster-EcsCluster-1AAGQRFIOE9AE,Service_beiakklem1vi3j5fejq0,500,2,0.0773895022,1
1537380360,Prod-EcsStagingCluster-EcsCluster-1AAGQRFIOE9AE,Service_beiakklem1vi3j5fejq0,500,2,0.0816309200,0
1537431240,Prod-EcsStagingCluster-EcsCluster-1AAGQRFIOE9AE,Service_beiakklem1vi3j5fejq0,500,2,0.0788093955,0
1537388760,Prod-EcsStagingCluster-EcsCluster-1AAGQRFIOE9AE,Service_beiakklem1vi3j5fejq0,500,2,0.0889294183,0
1537365420,Prod-EcsStagingCluster-EcsCluster-1AAGQRFIOE9AE,Service_beiakklem1vi3j5fejq0,500,2,0.0811003934,1
1537363320,Prod-EcsStagingCluster-EcsCluster-1AAGQRFIOE9AE,Service_beiakklem1vi3j5fejq0,500,2,0.0827947816,0
1537414200,Prod-EcsStagingCluster-EcsCluster-1AAGQRFIOE9AE,Service_beiakklem1vi3j5fejq0,500,2,0.0864430016,0
1537392960,Prod-EcsStagingCluster-EcsCluster-1AAGQRFIOE9AE,Service_beiakklem1vi3j5fejq0,500,2,0.0810824742,0
1537416300,Prod-EcsStagingCluster-EcsCluster-1AAGQRFIOE9AE,Service_beiakklem1vi3j5fejq0,500,2,0.0867544002,9
1537346100,Prod-EcsStagingCluster-EcsCluster-1AAGQRFIOE9AE,Service_beiakklem1vi3j5fejq0,500,2,0.0873699835,0
1537396980,Prod-EcsStagingCluster-EcsCluster-1AAGQRFIOE9AE,Service_beiakklem1vi3j5fejq0,500,2,0.0885450968,0
1537368360,Prod-EcsStagingCluster-EcsCluster-1AAGQRFIOE9AE,Service_beiakklem1vi3j5fejq0,500,2,0.0830489621,0
1537374720,Prod-EcsStagingCluster-EcsCluster-1AAGQRFIOE9AE,Service_beiakklem1vi3j5fejq0,500,2,0.0814155565,0
1537425600,Prod-EcsStagingCluster-EcsCluster-1AAGQRFIOE9AE,Service_beiakklem1vi3j5fejq0,500,2,0.0831973879,0
1537419240,Prod-EcsStagingCluster-EcsCluster-1AAGQRFIOE9AE,Service_beiakklem1vi3j5fejq0,500,2,0.1005568167,0
1537373580,Prod-EcsStagingCluster-EcsCluster-1AAGQRFIOE9AE,Service_beiakklem1vi3j5fejq0,500,2,0.0847944687,0
1537386300,Prod-EcsStagingCluster-EcsCluster-1AAGQRFIOE9AE,Service_beiakklem1vi3j5fejq0,500,2,0.0839016036,0
1537372440,Prod-EcsStagingCluster-EcsCluster-1AAGQRFIOE9AE,Service_beiakklem1vi3j5fejq0,500,2,0.0740232745,0
1537424460,Prod-EcsStagingCluster-EcsCluster-1AAGQRFIOE9AE,Service_beiakklem1vi3j5fejq0,500,2,0.1039779515,0
1537347000,Prod-EcsStagingCluster-EcsCluster-1AAGQRFIOE9AE,Service_beiakklem1vi3j5fejq0,500,2,0.0806509961,0
1537353360,Prod-EcsStagingCluster-EcsCluster-1AAGQRFIOE9AE,Service_beiakklem1vi3j5fejq0,500,2,0.0858471090,0
1537397880,Prod-EcsStagingCluster-EcsCluster-1AAGQRFIOE9AE,Service_beiakklem1vi3j5fejq0,500,2,0.0802538821,1
1537378800,Prod-EcsStagingCluster-EcsCluster-1AAGQRFIOE9AE,Service_beiakklem1vi3j5fejq0,500,2,0.0777360619,0
1537423320,Prod-EcsStagingCluster-EcsCluster-1AAGQRFIOE9AE,Service_beiakklem1vi3j5fejq0,500,2,0.0891204640,0
1537429680,Prod-EcsStagingCluster-EcsCluster-1AAGQRFIOE9AE,Service_beiakklem1vi3j5fejq0,500,2,0.0801059633,0
1537404240,Prod-EcsStagingCluster-EcsCluster-1AAGQRFIOE9AE,Service_beiakklem1vi3j5fejq0,500,2,0.0826126545,0
1537376520,Prod-EcsStagingCluster-EcsCluster-1AAGQRFIOE9AE,Service_beiakklem1vi3j5fejq0,500,2,0.0816890028,0
1537354260,Prod-EcsStagingCluster-EcsCluster-1AAGQRFIOE9AE,Service_beiakklem1vi3j5fejq0,500,2,0.0854978104,0
1537405140,Prod-EcsStagingCluster-EcsCluster-1AAGQRFIOE9AE,Service_beiakklem1vi3j5fejq0,500,2,0.1322666039,0
1537382880,Prod-EcsStagingCluster-EcsCluster-1AAGQRFIOE9AE,Service_beiakklem1vi3j5fejq0,500,2,0.0879577278,0
1537427400,Prod-EcsStagingCluster-EcsCluster-1AAGQRFIOE9AE,Service_beiakklem1vi3j5fejq0,500,2,0.1168231930,0
1537394460,Prod-EcsStagingCluster-EcsCluster-1AAGQRFIOE9AE,Service_beiakklem1vi3j5fejq0,500,2,0.0842427855,0
1537381740,Prod-EcsStagingCluster-EcsCluster-1AAGQRFIOE9AE,Service_beiakklem1vi3j5fejq0,500,2,0.0938774406,1
1537402920,Prod-EcsStagingCluster-EcsCluster-1AAGQRFIOE9AE,Service_beiakklem1vi3j5fejq0,500,2,0.0856017520,0
1537409280,Prod-EcsStagingCluster-EcsCluster-1AAGQRFIOE9AE,Service_beiakklem1vi3j5fejq0,500,2,0.0916544116,1
1537358340,Prod-EcsStagingCluster-EcsCluster-1AAGQRFIOE9AE,Service_beiakklem1vi3j5fejq0,500,2,0.0784770923,0
1537409220,Prod-EcsStagingCluster-EcsCluster-1AAGQRFIOE9AE,Service_beiakklem1vi3j5fejq0,500,2,0.0958513559,0
1537383780,Prod-EcsStagingCluster-EcsCluster-1AAGQRFIOE9AE,Service_beiakklem1vi3j5fejq0,500,2,0.0853569110,0
1537356120,Prod-EcsStagingCluster-EcsCluster-1AAGQRFIOE9AE,Service_beiakklem1vi3j5fejq0,500,2,0.0821726708,0
1537362480,Prod-EcsStagingCluster-EcsCluster-1AAGQRFIOE9AE,Service_beiakklem1vi3j5fejq0,500,2,0.0818604234,0
1537407000,Prod-EcsStagingCluster-EcsCluster-1AAGQRFIOE9AE,Service_beiakklem1vi3j5fejq0,500,2,0.0791709745,0
1537413360,Prod-EcsStagingCluster-EcsCluster-1AAGQRFIOE9AE,Service_beiakklem1vi3j5fejq0,500,2,0.0844524089,0
1537381560,Prod-EcsStagingCluster-EcsCluster-1AAGQRFIOE9AE,Service_beiakklem1vi3j5fejq0,500,2,0.0930277829,0
1537387920,Prod-EcsStagingCluster-EcsCluster-1AAGQRFIOE9AE,Service_beiakklem1vi3j5fejq0,500,2,0.0900997519,0
1537362420,Prod-EcsStagingCluster-EcsCluster-1AAGQRFIOE9AE,Service_beiakklem1vi3j5fejq0,500,2,0.0763843979,0
1537413300,Prod-EcsStagingCluster-EcsCluster-1AAGQRFIOE9AE,Service_beiakklem1vi3j5fejq0,500,2,0.0817975753,0
1537351740,Prod-EcsStagingCluster-EcsCluster-1AAGQRFIOE9AE,Service_beiakklem1vi3j5fejq0,500,2,0.0834284236,0
1537402620,Prod-EcsStagingCluster-EcsCluster-1AAGQRFIOE9AE,Service_beiakklem1vi3j5fejq0,500,2,0.0856392070,0
1537389900,Prod-EcsStagingCluster-EcsCluster-1AAGQRFIOE9AE,Service_beiakklem1vi3j5fejq0,500,2,0.0810250787,0
1537360200,Prod-EcsStagingCluster-EcsCluster-1AAGQRFIOE9AE,Service_beiakklem1vi3j5fejq0,500,2,0.0791524003,1
1537366560,Prod-EcsStagingCluster-EcsCluster-1AAGQRFIOE9AE,Service_beiakklem1vi3j5fejq0,500,2,0.0826766316,0
1537417440,Prod-EcsStagingCluster-EcsCluster-1AAGQRFIOE9AE,Service_beiakklem1vi3j5fejq0,500,2,0.0997678549,0
1537411080,Prod-EcsStagingCluster-EcsCluster-1AAGQRFIOE9AE,Service_beiakklem1vi3j5fejq0,500,2,0.1000738443,0
1537399200,Prod-EcsStagingCluster-EcsCluster-1AAGQRFIOE9AE,Service_beiakklem1vi3j5fejq0,500,2,0.0830239873,0
1537390680,Prod-EcsStagingCluster-EcsCluster-1AAGQRFIOE9AE,Service_beiakklem1vi3j5fejq0,500,2,0.0816441185,0
1537347180,Prod-EcsStagingCluster-EcsCluster-1AAGQRFIOE9AE,Service_beiakklem1vi3j5fejq0,500,2,0.0778686552,2
1537365240,Prod-EcsStagingCluster-EcsCluster-1AAGQRFIOE9AE,Service_beiakklem1vi3j5fejq0,500,2,0.0831541521,0
1537416120,Prod-EcsStagingCluster-EcsCluster-1AAGQRFIOE9AE,Service_beiakklem1vi3j5fejq0,500,2,0.0885876308,0
1537359900,Prod-EcsStagingCluster-EcsCluster-1AAGQRFIOE9AE,Service_beiakklem1vi3j5fejq0,500,2,0.0796018104,0
1537410780,Prod-EcsStagingCluster-EcsCluster-1AAGQRFIOE9AE,Service_beiakklem1vi3j5fejq0,500,2,0.0894632916,0
1537398060,Prod-EcsStagingCluster-EcsCluster-1AAGQRFIOE9AE,Service_beiakklem1vi3j5fejq0,500,2,0.0800164310,0
1537394760,Prod-EcsStagingCluster-EcsCluster-1AAGQRFIOE9AE,Service_beiakklem1vi3j5fejq0,500,2,0.0815213875,0
1537372500,Prod-EcsStagingCluster-EcsCluster-1AAGQRFIOE9AE,Service_beiakklem1vi3j5fejq0,500,2,0.0730548012,0
1537423380,Prod-EcsStagingCluster-EcsCluster-1AAGQRFIOE9AE,Service_beiakklem1vi3j5fejq0,500,2,0.1645666962,0
1537356480,Prod-EcsStagingCluster-EcsCluster-1AAGQRFIOE9AE,Service_beiakklem1vi3j5fejq0,500,2,0.0835068260,1
1537351140,Prod-EcsStagingCluster-EcsCluster-1AAGQRFIOE9AE,Service_beiakklem1vi3j5fejq0,500,2,0.0832480083,0
1537355340,Prod-EcsStagingCluster-EcsCluster-1AAGQRFIOE9AE,Service_beiakklem1vi3j5fejq0,500,2,0.0847472202,0
1537407360,Prod-EcsStagingCluster-EcsCluster-1AAGQRFIOE9AE,Service_beiakklem1vi3j5fejq0,500,2,0.2083403111,0
1537376580,Prod-EcsStagingCluster-EcsCluster-1AAGQRFIOE9AE,Service_beiakklem1vi3j5fejq0,500,2,0.0820705222,0
1537427460,Prod-EcsStagingCluster-EcsCluster-1AAGQRFIOE9AE,Service_beiakklem1vi3j5fejq0,500,2,0.1187848547,0
1537402020,Prod-EcsStagingCluster-EcsCluster-1AAGQRFIOE9AE,Service_beiakklem1vi3j5fejq0,500,2,0.1071517987,0
1537368060,Prod-EcsStagingCluster-EcsCluster-1AAGQRFIOE9AE,Service_beiakklem1vi3j5fejq0,500,2,0.0813078038,0
1537418940,Prod-EcsStagingCluster-EcsCluster-1AAGQRFIOE9AE,Service_beiakklem1vi3j5fejq0,500,2,0.0989626032,0
1537406220,Prod-EcsStagingCluster-EcsCluster-1AAGQRFIOE9AE,Service_beiakklem1vi3j5fejq0,500,2,0.1001084703,0
1537360560,Prod-EcsStagingCluster-EcsCluster-1AAGQRFIOE9AE,Service_beiakklem1vi3j5fejq0,500,2,0.0837110929,1
1537411440,Prod-EcsStagingCluster-EcsCluster-1AAGQRFIOE9AE,Service_beiakklem1vi3j5fejq0,500,2,0.0968305539,0
1537352040,Prod-EcsStagingCluster-EcsCluster-1AAGQRFIOE9AE,Service_beiakklem1vi3j5fejq0,500,2,0.0862663480,0
1537386000,Prod-EcsStagingCluster-EcsCluster-1AAGQRFIOE9AE,Service_beiakklem1vi3j5fejq0,500,2,0.0851994513,0
1537380660,Prod-EcsStagingCluster-EcsCluster-1AAGQRFIOE9AE,Service_beiakklem1vi3j5fejq0,500,2,0.0841148935,0
1537431540,Prod-EcsStagingCluster-EcsCluster-1AAGQRFIOE9AE,Service_beiakklem1vi3j5fejq0,500,2,0.0793155010,0
1537378440,Prod-EcsStagingCluster-EcsCluster-1AAGQRFIOE9AE,Service_beiakklem1vi3j5fejq0,500,2,0.0804316316,0
1537429320,Prod-EcsStagingCluster-EcsCluster-1AAGQRFIOE9AE,Service_beiakklem1vi3j5fejq0,500,2,0.0804714197,0
1537376220,Prod-EcsStagingCluster-EcsCluster-1AAGQRFIOE9AE,Service_beiakklem1vi3j5fejq0,500,2,0.0812712681,0
1537363500,Prod-EcsStagingCluster-EcsCluster-1AAGQRFIOE9AE,Service_beiakklem1vi3j5fejq0,500,2,0.0833291831,0
1537427100,Prod-EcsStagingCluster-EcsCluster-1AAGQRFIOE9AE,Service_beiakklem1vi3j5fejq0,500,2,0.0930786555,0
1537391040,Prod-EcsStagingCluster-EcsCluster-1AAGQRFIOE9AE,Service_beiakklem1vi3j5fejq0,500,2,0.0875339775,0
1537414380,Prod-EcsStagingCluster-EcsCluster-1AAGQRFIOE9AE,Service_beiakklem1vi3j5fejq0,500,2,0.0853911741,0
1537388820,Prod-EcsStagingCluster-EcsCluster-1AAGQRFIOE9AE,Service_beiakklem1vi3j5fejq0,500,2,0.0896196335,0
1537369680,Prod-EcsStagingCluster-EcsCluster-1AAGQRFIOE9AE,Service_beiakklem1vi3j5fejq0,500,2,0.0812689359,0
1537420560,Prod-EcsStagingCluster-EcsCluster-1AAGQRFIOE9AE,Service_beiakklem1vi3j5fejq0,500,2,0.1003995410,0
1537395120,Prod-EcsStagingCluster-EcsCluster-1AAGQRFIOE9AE,Service_beiakklem1vi3j5fejq0,500,2,0.0882602843,0
1537386600,Prod-EcsStagingCluster-EcsCluster-1AAGQRFIOE9AE,Service_beiakklem1vi3j5fejq0,500,2,0.0845425762,1
1537392900,Prod-EcsStagingCluster-EcsCluster-1AAGQRFIOE9AE,Service_beiakklem1vi3j5fejq0,500,2,0.0834339437,0
1537367460,Prod-EcsStagingCluster-EcsCluster-1AAGQRFIOE9AE,Service_beiakklem1vi3j5fejq0,500,2,0.0825152164,0
1537418340,Prod-EcsStagingCluster-EcsCluster-1AAGQRFIOE9AE,Service_beiakklem1vi3j5fejq0,500,2,0.1006626825,3
1537371660,Prod-EcsStagingCluster-EcsCluster-1AAGQRFIOE9AE,Service_beiakklem1vi3j5fejq0,500,2,0.0798357240,0
1537384380,Prod-EcsStagingCluster-EcsCluster-1AAGQRFIOE9AE,Service_beiakklem1vi3j5fejq0,500,2,0.0862397925,2
1537348320,Prod-EcsStagingCluster-EcsCluster-1AAGQRFIOE9AE,Service_beiakklem1vi3j5fejq0,500,2,0.0792802832,0
1537357800,Prod-EcsStagingCluster-EcsCluster-1AAGQRFIOE9AE,Service_beiakklem1vi3j5fejq0,500,2,0.0824072851,0
1537364160,Prod-EcsStagingCluster-EcsCluster-1AAGQRFIOE9AE,Service_beiakklem1vi3j5fejq0,500,2,0.0813598446,0
1537428900,Prod-EcsStagingCluster-EcsCluster-1AAGQRFIOE9AE,Service_beiakklem1vi3j5fejq0,500,2,0.0861786389,0
1537415040,Prod-EcsStagingCluster-EcsCluster-1AAGQRFIOE9AE,Service_beiakklem1vi3j5fejq0,500,2,0.0821438313,0
1537408680,Prod-EcsStagingCluster-EcsCluster-1AAGQRFIOE9AE,Service_beiakklem1vi3j5fejq0,500,2,0.0873591931,0
1537363020,Prod-EcsStagingCluster-EcsCluster-1AAGQRFIOE9AE,Service_beiakklem1vi3j5fejq0,500,2,0.0792432359,0
1537413900,Prod-EcsStagingCluster-EcsCluster-1AAGQRFIOE9AE,Service_beiakklem1vi3j5fejq0,500,2,0.0854266537,1
1537394820,Prod-EcsStagingCluster-EcsCluster-1AAGQRFIOE9AE,Service_beiakklem1vi3j5fejq0,500,2,0.0866881432,0
1537374600,Prod-EcsStagingCluster-EcsCluster-1AAGQRFIOE9AE,Service_beiakklem1vi3j5fejq0,500,2,0.0830041685,0
1537380960,Prod-EcsStagingCluster-EcsCluster-1AAGQRFIOE9AE,Service_beiakklem1vi3j5fejq0,500,2,0.0822152450,0
1537357560,Prod-EcsStagingCluster-EcsCluster-1AAGQRFIOE9AE,Service_beiakklem1vi3j5fejq0,500,2,0.0793242152,0
1537363920,Prod-EcsStagingCluster-EcsCluster-1AAGQRFIOE9AE,Service_beiakklem1vi3j5fejq0,500,2,0.0863455969,0
1537425480,Prod-EcsStagingCluster-EcsCluster-1AAGQRFIOE9AE,Service_beiakklem1vi3j5fejq0,500,2,0.0872058215,0
1537379820,Prod-EcsStagingCluster-EcsCluster-1AAGQRFIOE9AE,Service_beiakklem1vi3j5fejq0,500,2,0.0809718447,0
1537414800,Prod-EcsStagingCluster-EcsCluster-1AAGQRFIOE9AE,Service_beiakklem1vi3j5fejq0,500,2,0.0853715325,0
1537408440,Prod-EcsStagingCluster-EcsCluster-1AAGQRFIOE9AE,Service_beiakklem1vi3j5fejq0,500,2,0.1473340932,0
1537430700,Prod-EcsStagingCluster-EcsCluster-1AAGQRFIOE9AE,Service_beiakklem1vi3j5fejq0,500,2,0.0965704532,0
1537394580,Prod-EcsStagingCluster-EcsCluster-1AAGQRFIOE9AE,Service_beiakklem1vi3j5fejq0,500,2,0.0869603722,0
1537388220,Prod-EcsStagingCluster-EcsCluster-1AAGQRFIOE9AE,Service_beiakklem1vi3j5fejq0,500,2,0.0892604815,0
1537374360,Prod-EcsStagingCluster-EcsCluster-1AAGQRFIOE9AE,Service_beiakklem1vi3j5fejq0,500,2,0.0792255893,0
1537380720,Prod-EcsStagingCluster-EcsCluster-1AAGQRFIOE9AE,Service_beiakklem1vi3j5fejq0,500,2,0.0823043445,0
1537425240,Prod-EcsStagingCluster-EcsCluster-1AAGQRFIOE9AE,Service_beiakklem1vi3j5fejq0,500,2,0.0873193822,0
1537431600,Prod-EcsStagingCluster-EcsCluster-1AAGQRFIOE9AE,Service_beiakklem1vi3j5fejq0,500,2,0.0822533540,0
1537354140,Prod-EcsStagingCluster-EcsCluster-1AAGQRFIOE9AE,Service_beiakklem1vi3j5fejq0,500,2,0.0857586974,1
1537360500,Prod-EcsStagingCluster-EcsCluster-1AAGQRFIOE9AE,Service_beiakklem1vi3j5fejq0,500,2,0.0843616414,0
1537411380,Prod-EcsStagingCluster-EcsCluster-1AAGQRFIOE9AE,Service_beiakklem1vi3j5fejq0,500,2,0.1023078233,0
1537405020,Prod-EcsStagingCluster-EcsCluster-1AAGQRFIOE9AE,Service_beiakklem1vi3j5fejq0,500,2,0.0798209932,0
1537358280,Prod-EcsStagingCluster-EcsCluster-1AAGQRFIOE9AE,Service_beiakklem1vi3j5fejq0,500,2,0.0807090322,0
1537394340,Prod-EcsStagingCluster-EcsCluster-1AAGQRFIOE9AE,Service_beiakklem1vi3j5fejq0,500,2,0.0775210701,0
1537364640,Prod-EcsStagingCluster-EcsCluster-1AAGQRFIOE9AE,Service_beiakklem1vi3j5fejq0,500,2,0.0852557307,0
1537409160,Prod-EcsStagingCluster-EcsCluster-1AAGQRFIOE9AE,Service_beiakklem1vi3j5fejq0,500,2,0.0871729986,0
1537415520,Prod-EcsStagingCluster-EcsCluster-1AAGQRFIOE9AE,Service_beiakklem1vi3j5fejq0,500,2,0.0871994010,0
1537347600,Prod-EcsStagingCluster-EcsCluster-1AAGQRFIOE9AE,Service_beiakklem1vi3j5fejq0,500,2,0.0781047121,0
1537398480,Prod-EcsStagingCluster-EcsCluster-1AAGQRFIOE9AE,Service_beiakklem1vi3j5fejq0,500,2,0.0792127786,0
1537392120,Prod-EcsStagingCluster-EcsCluster-1AAGQRFIOE9AE,Service_beiakklem1vi3j5fejq0,500,2,0.0780531865,0
1537379340,Prod-EcsStagingCluster-EcsCluster-1AAGQRFIOE9AE,Service_beiakklem1vi3j5fejq0,500,2,0.0791664349,0
1537360260,Prod-EcsStagingCluster-EcsCluster-1AAGQRFIOE9AE,Service_beiakklem1vi3j5fejq0,500,2,0.0854840302,1
1537411140,Prod-EcsStagingCluster-EcsCluster-1AAGQRFIOE9AE,Service_beiakklem1vi3j5fejq0,500,2,0.0990047351,0
1537430220,Prod-EcsStagingCluster-EcsCluster-1AAGQRFIOE9AE,Service_beiakklem1vi3j5fejq0,500,2,0.0846835379,0
1537358040,Prod-EcsStagingCluster-EcsCluster-1AAGQRFIOE9AE,Service_beiakklem1vi3j5fejq0,500,2,0.0824708954,0
1537364400,Prod-EcsStagingCluster-EcsCluster-1AAGQRFIOE9AE,Service_beiakklem1vi3j5fejq0,500,2,0.0830930466,0
1537408920,Prod-EcsStagingCluster-EcsCluster-1AAGQRFIOE9AE,Service_beiakklem1vi3j5fejq0,500,2,0.1059844636,0
1537415280,Prod-EcsStagingCluster-EcsCluster-1AAGQRFIOE9AE,Service_beiakklem1vi3j5fejq0,500,2,0.0896122880,0
1537396140,Prod-EcsStagingCluster-EcsCluster-1AAGQRFIOE9AE,Service_beiakklem1vi3j5fejq0,500,2,0.0885268437,0
1537360020,Prod-EcsStagingCluster-EcsCluster-1AAGQRFIOE9AE,Service_beiakklem1vi3j5fejq0,500,2,0.0822210181,0
1537353660,Prod-EcsStagingCluster-EcsCluster-1AAGQRFIOE9AE,Service_beiakklem1vi3j5fejq0,500,2,0.0825856404,0
1537392840,Prod-EcsStagingCluster-EcsCluster-1AAGQRFIOE9AE,Service_beiakklem1vi3j5fejq0,500,2,0.0810890517,0
1537404540,Prod-EcsStagingCluster-EcsCluster-1AAGQRFIOE9AE,Service_beiakklem1vi3j5fejq0,500,2,0.1146380506,0
1537346160,Prod-EcsStagingCluster-EcsCluster-1AAGQRFIOE9AE,Service_beiakklem1vi3j5fejq0,500,2,0.1156287972,0
1537375800,Prod-EcsStagingCluster-EcsCluster-1AAGQRFIOE9AE,Service_beiakklem1vi3j5fejq0,500,2,0.0836071220,0
1537397040,Prod-EcsStagingCluster-EcsCluster-1AAGQRFIOE9AE,Service_beiakklem1vi3j5fejq0,500,2,0.0898415140,0
1537370460,Prod-EcsStagingCluster-EcsCluster-1AAGQRFIOE9AE,Service_beiakklem1vi3j5fejq0,500,2,0.0791077334,0
1537361940,Prod-EcsStagingCluster-EcsCluster-1AAGQRFIOE9AE,Service_beiakklem1vi3j5fejq0,500,2,0.0791980739,0
1537426680,Prod-EcsStagingCluster-EcsCluster-1AAGQRFIOE9AE,Service_beiakklem1vi3j5fejq0,500,2,0.0929465644,0
1537421340,Prod-EcsStagingCluster-EcsCluster-1AAGQRFIOE9AE,Service_beiakklem1vi3j5fejq0,500,2,0.0919259030,0
1537412820,Prod-EcsStagingCluster-EcsCluster-1AAGQRFIOE9AE,Service_beiakklem1vi3j5fejq0,500,2,0.0874938878,0
1537392600,Prod-EcsStagingCluster-EcsCluster-1AAGQRFIOE9AE,Service_beiakklem1vi3j5fejq0,500,2,0.0832023473,0
1537345920,Prod-EcsStagingCluster-EcsCluster-1AAGQRFIOE9AE,Service_beiakklem1vi3j5fejq0,500,2,0.0846126743,0
1537378740,Prod-EcsStagingCluster-EcsCluster-1AAGQRFIOE9AE,Service_beiakklem1vi3j5fejq0,500,2,0.0763237585,0
1537396800,Prod-EcsStagingCluster-EcsCluster-1AAGQRFIOE9AE,Service_beiakklem1vi3j5fejq0,500,2,0.0867899826,0
1537395660,Prod-EcsStagingCluster-EcsCluster-1AAGQRFIOE9AE,Service_beiakklem1vi3j5fejq0,500,2,0.0874283692,0
1537429620,Prod-EcsStagingCluster-EcsCluster-1AAGQRFIOE9AE,Service_beiakklem1vi3j5fejq0,500,2,0.0810274354,0
1537361700,Prod-EcsStagingCluster-EcsCluster-1AAGQRFIOE9AE,Service_beiakklem1vi3j5fejq0,500,2,0.0766131512,0
1537412580,Prod-EcsStagingCluster-EcsCluster-1AAGQRFIOE9AE,Service_beiakklem1vi3j5fejq0,500,2,0.0856786843,0
1537362720,Prod-EcsStagingCluster-EcsCluster-1AAGQRFIOE9AE,Service_beiakklem1vi3j5fejq0,500,2,0.0808401825,0
1537413600,Prod-EcsStagingCluster-EcsCluster-1AAGQRFIOE9AE,Service_beiakklem1vi3j5fejq0,500,2,0.0848179926,0
1537392360,Prod-EcsStagingCluster-EcsCluster-1AAGQRFIOE9AE,Service_beiakklem1vi3j5fejq0,500,2,0.0805492645,0
1537345680,Prod-EcsStagingCluster-EcsCluster-1AAGQRFIOE9AE,Service_beiakklem1vi3j5fejq0,500,2,0.0814519618,1
1537361580,Prod-EcsStagingCluster-EcsCluster-1AAGQRFIOE9AE,Service_beiakklem1vi3j5fejq0,500,2,0.0736066219,0
1537410360,Prod-EcsStagingCluster-EcsCluster-1AAGQRFIOE9AE,Service_beiakklem1vi3j5fejq0,500,2,0.0913349387,0
1537412460,Prod-EcsStagingCluster-EcsCluster-1AAGQRFIOE9AE,Service_beiakklem1vi3j5fejq0,500,2,0.0892399766,0
1537378500,Prod-EcsStagingCluster-EcsCluster-1AAGQRFIOE9AE,Service_beiakklem1vi3j5fejq0,500,2,0.0828724487,0
1537429380,Prod-EcsStagingCluster-EcsCluster-1AAGQRFIOE9AE,Service_beiakklem1vi3j5fejq0,500,2,0.0812433941,0
1537369980,Prod-EcsStagingCluster-EcsCluster-1AAGQRFIOE9AE,Service_beiakklem1vi3j5fejq0,500,2,0.0791202613,0
1537420860,Prod-EcsStagingCluster-EcsCluster-1AAGQRFIOE9AE,Service_beiakklem1vi3j5fejq0,500,2,0.0898868946,0
1537376280,Prod-EcsStagingCluster-EcsCluster-1AAGQRFIOE9AE,Service_beiakklem1vi3j5fejq0,500,2,0.0834919223,0
1537427160,Prod-EcsStagingCluster-EcsCluster-1AAGQRFIOE9AE,Service_beiakklem1vi3j5fejq0,500,2,0.0995584020,0
1537380480,Prod-EcsStagingCluster-EcsCluster-1AAGQRFIOE9AE,Service_beiakklem1vi3j5fejq0,500,2,0.0812098064,0
1537431360,Prod-EcsStagingCluster-EcsCluster-1AAGQRFIOE9AE,Service_beiakklem1vi3j5fejq0,500,2,0.0741631338,0
1537386780,Prod-EcsStagingCluster-EcsCluster-1AAGQRFIOE9AE,Service_beiakklem1vi3j5fejq0,500,2,0.0876252617,0
1537378260,Prod-EcsStagingCluster-EcsCluster-1AAGQRFIOE9AE,Service_beiakklem1vi3j5fejq0,500,2,0.0783818855,0
1537346400,Prod-EcsStagingCluster-EcsCluster-1AAGQRFIOE9AE,Service_beiakklem1vi3j5fejq0,500,2,0.0852998150,0
1537397280,Prod-EcsStagingCluster-EcsCluster-1AAGQRFIOE9AE,Service_beiakklem1vi3j5fejq0,500,2,0.0859439601,0
1537429140,Prod-EcsStagingCluster-EcsCluster-1AAGQRFIOE9AE,Service_beiakklem1vi3j5fejq0,500,2,0.0854494583,0
1537376040,Prod-EcsStagingCluster-EcsCluster-1AAGQRFIOE9AE,Service_beiakklem1vi3j5fejq0,500,2,0.0878185955,0
1537380240,Prod-EcsStagingCluster-EcsCluster-1AAGQRFIOE9AE,Service_beiakklem1vi3j5fejq0,500,2,0.0796314571,0
1537395060,Prod-EcsStagingCluster-EcsCluster-1AAGQRFIOE9AE,Service_beiakklem1vi3j5fejq0,500,2,0.0877615022,0
1537361100,Prod-EcsStagingCluster-EcsCluster-1AAGQRFIOE9AE,Service_beiakklem1vi3j5fejq0,500,2,0.0797947734,0
1537426920,Prod-EcsStagingCluster-EcsCluster-1AAGQRFIOE9AE,Service_beiakklem1vi3j5fejq0,500,2,0.3014476560,0
1537431120,Prod-EcsStagingCluster-EcsCluster-1AAGQRFIOE9AE,Service_beiakklem1vi3j5fejq0,500,2,0.2007998947,0
1537411980,Prod-EcsStagingCluster-EcsCluster-1AAGQRFIOE9AE,Service_beiakklem1vi3j5fejq0,500,2,0.0891233897,0
1537378020,Prod-EcsStagingCluster-EcsCluster-1AAGQRFIOE9AE,Service_beiakklem1vi3j5fejq0,500,2,0.0852931662,0
1537372680,Prod-EcsStagingCluster-EcsCluster-1AAGQRFIOE9AE,Service_beiakklem1vi3j5fejq0,500,2,0.0747553155,0
1537379040,Prod-EcsStagingCluster-EcsCluster-1AAGQRFIOE9AE,Service_beiakklem1vi3j5fejq0,500,2,0.0847325013,0
1537424700,Prod-EcsStagingCluster-EcsCluster-1AAGQRFIOE9AE,Service_beiakklem1vi3j5fejq0,500,2,0.6262881102,0
1537359960,Prod-EcsStagingCluster-EcsCluster-1AAGQRFIOE9AE,Service_beiakklem1vi3j5fejq0,500,2,0.0820714703,0
1537366320,Prod-EcsStagingCluster-EcsCluster-1AAGQRFIOE9AE,Service_beiakklem1vi3j5fejq0,500,2,0.0841508656,0
1537410840,Prod-EcsStagingCluster-EcsCluster-1AAGQRFIOE9AE,Service_beiakklem1vi3j5fejq0,500,2,0.1215591792,0
1537429920,Prod-EcsStagingCluster-EcsCluster-1AAGQRFIOE9AE,Service_beiakklem1vi3j5fejq0,500,2,0.0818682777,0
1537423560,Prod-EcsStagingCluster-EcsCluster-1AAGQRFIOE9AE,Service_beiakklem1vi3j5fejq0,500,2,0.1021986616,0
1537417200,Prod-EcsStagingCluster-EcsCluster-1AAGQRFIOE9AE,Service_beiakklem1vi3j5fejq0,500,2,0.1039600541,0
1537390620,Prod-EcsStagingCluster-EcsCluster-1AAGQRFIOE9AE,Service_beiakklem1vi3j5fejq0,500,2,0.0799973989,0
1537377900,Prod-EcsStagingCluster-EcsCluster-1AAGQRFIOE9AE,Service_beiakklem1vi3j5fejq0,500,2,0.0819065732,0
1537428780,Prod-EcsStagingCluster-EcsCluster-1AAGQRFIOE9AE,Service_beiakklem1vi3j5fejq0,500,2,0.0832881572,0
1537379940,Prod-EcsStagingCluster-EcsCluster-1AAGQRFIOE9AE,Service_beiakklem1vi3j5fejq0,500,2,0.0786015304,0
1537392660,Prod-EcsStagingCluster-EcsCluster-1AAGQRFIOE9AE,Service_beiakklem1vi3j5fejq0,500,2,0.0794890654,0
1537430820,Prod-EcsStagingCluster-EcsCluster-1AAGQRFIOE9AE,Service_beiakklem1vi3j5fejq0,500,2,0.0862531762,0
1537358580,Prod-EcsStagingCluster-EcsCluster-1AAGQRFIOE9AE,Service_beiakklem1vi3j5fejq0,500,2,0.0807603769,0
1537345860,Prod-EcsStagingCluster-EcsCluster-1AAGQRFIOE9AE,Service_beiakklem1vi3j5fejq0,500,2,0.0836863797,0
1537409460,Prod-EcsStagingCluster-EcsCluster-1AAGQRFIOE9AE,Service_beiakklem1vi3j5fejq0,500,2,0.0853068505,0
1537396740,Prod-EcsStagingCluster-EcsCluster-1AAGQRFIOE9AE,Service_beiakklem1vi3j5fejq0,500,2,0.0901624412,0
1537359480,Prod-EcsStagingCluster-EcsCluster-1AAGQRFIOE9AE,Service_beiakklem1vi3j5fejq0,500,2,0.0816593142,2
1537378560,Prod-EcsStagingCluster-EcsCluster-1AAGQRFIOE9AE,Service_beiakklem1vi3j5fejq0,500,2,0.0792546868,0
1537365840,Prod-EcsStagingCluster-EcsCluster-1AAGQRFIOE9AE,Service_beiakklem1vi3j5fejq0,500,2,0.0817352482,0
1537372200,Prod-EcsStagingCluster-EcsCluster-1AAGQRFIOE9AE,Service_beiakklem1vi3j5fejq0,500,2,0.0852101601,0
1537377420,Prod-EcsStagingCluster-EcsCluster-1AAGQRFIOE9AE,Service_beiakklem1vi3j5fejq0,500,2,0.0808172411,0
1537390140,Prod-EcsStagingCluster-EcsCluster-1AAGQRFIOE9AE,Service_beiakklem1vi3j5fejq0,500,2,0.0837046949,0
1537428300,Prod-EcsStagingCluster-EcsCluster-1AAGQRFIOE9AE,Service_beiakklem1vi3j5fejq0,500,2,0.0841017884,0
1537356060,Prod-EcsStagingCluster-EcsCluster-1AAGQRFIOE9AE,Service_beiakklem1vi3j5fejq0,500,2,0.0831213147,0
1537406940,Prod-EcsStagingCluster-EcsCluster-1AAGQRFIOE9AE,Service_beiakklem1vi3j5fejq0,500,2,0.0834538185,0
1537394220,Prod-EcsStagingCluster-EcsCluster-1AAGQRFIOE9AE,Service_beiakklem1vi3j5fejq0,500,2,0.0790017833,0
1537345380,Prod-EcsStagingCluster-EcsCluster-1AAGQRFIOE9AE,Service_beiakklem1vi3j5fejq0,500,2,0.0840066484,0
1537358100,Prod-EcsStagingCluster-EcsCluster-1AAGQRFIOE9AE,Service_beiakklem1vi3j5fejq0,500,2,0.0812111974,0
1537396260,Prod-EcsStagingCluster-EcsCluster-1AAGQRFIOE9AE,Service_beiakklem1vi3j5fejq0,500,2,0.0846129767,0
1537408980,Prod-EcsStagingCluster-EcsCluster-1AAGQRFIOE9AE,Service_beiakklem1vi3j5fejq0,500,2,0.0867691190,1
1537362240,Prod-EcsStagingCluster-EcsCluster-1AAGQRFIOE9AE,Service_beiakklem1vi3j5fejq0,500,2,0.0762134751,0
1537349520,Prod-EcsStagingCluster-EcsCluster-1AAGQRFIOE9AE,Service_beiakklem1vi3j5fejq0,500,2,0.0865331855,0
1537355880,Prod-EcsStagingCluster-EcsCluster-1AAGQRFIOE9AE,Service_beiakklem1vi3j5fejq0,500,2,0.0822223503,0
1537400400,Prod-EcsStagingCluster-EcsCluster-1AAGQRFIOE9AE,Service_beiakklem1vi3j5fejq0,500,2,0.0871906508,0
1537394040,Prod-EcsStagingCluster-EcsCluster-1AAGQRFIOE9AE,Service_beiakklem1vi3j5fejq0,500,2,0.0840070241,0
1537374900,Prod-EcsStagingCluster-EcsCluster-1AAGQRFIOE9AE,Service_beiakklem1vi3j5fejq0,500,2,0.0806231482,0
1537413120,Prod-EcsStagingCluster-EcsCluster-1AAGQRFIOE9AE,Service_beiakklem1vi3j5fejq0,500,2,0.0793468463,0
1537406760,Prod-EcsStagingCluster-EcsCluster-1AAGQRFIOE9AE,Service_beiakklem1vi3j5fejq0,500,2,0.0821046978,0
1537362180,Prod-EcsStagingCluster-EcsCluster-1AAGQRFIOE9AE,Service_beiakklem1vi3j5fejq0,500,2,0.0740916114,0
1537413060,Prod-EcsStagingCluster-EcsCluster-1AAGQRFIOE9AE,Service_beiakklem1vi3j5fejq0,500,2,0.0847318892,0
1537425780,Prod-EcsStagingCluster-EcsCluster-1AAGQRFIOE9AE,Service_beiakklem1vi3j5fejq0,500,2,0.0885831894,0
1537410900,Prod-EcsStagingCluster-EcsCluster-1AAGQRFIOE9AE,Service_beiakklem1vi3j5fejq0,500,2,0.0906534778,0
1537382160,Prod-EcsStagingCluster-EcsCluster-1AAGQRFIOE9AE,Service_beiakklem1vi3j5fejq0,500,2,0.0805006575,0
1537376820,Prod-EcsStagingCluster-EcsCluster-1AAGQRFIOE9AE,Service_beiakklem1vi3j5fejq0,500,2,0.0828918306,0
1537394880,Prod-EcsStagingCluster-EcsCluster-1AAGQRFIOE9AE,Service_beiakklem1vi3j5fejq0,500,2,0.0871175068,0
1537364100,Prod-EcsStagingCluster-EcsCluster-1AAGQRFIOE9AE,Service_beiakklem1vi3j5fejq0,500,2,0.0825891655,0
1537355580,Prod-EcsStagingCluster-EcsCluster-1AAGQRFIOE9AE,Service_beiakklem1vi3j5fejq0,500,2,0.0842185934,0
1537393740,Prod-EcsStagingCluster-EcsCluster-1AAGQRFIOE9AE,Service_beiakklem1vi3j5fejq0,500,2,0.0785376655,1
1537427700,Prod-EcsStagingCluster-EcsCluster-1AAGQRFIOE9AE,Service_beiakklem1vi3j5fejq0,500,2,0.0867712260,0
1537414980,Prod-EcsStagingCluster-EcsCluster-1AAGQRFIOE9AE,Service_beiakklem1vi3j5fejq0,500,2,0.0806699170,0
1537348080,Prod-EcsStagingCluster-EcsCluster-1AAGQRFIOE9AE,Service_beiakklem1vi3j5fejq0,500,2,0.0814838755,0
1537360800,Prod-EcsStagingCluster-EcsCluster-1AAGQRFIOE9AE,Service_beiakklem1vi3j5fejq0,500,2,0.0826977103,0
1537406460,Prod-EcsStagingCluster-EcsCluster-1AAGQRFIOE9AE,Service_beiakklem1vi3j5fejq0,500,2,0.1698021797,0
1537411680,Prod-EcsStagingCluster-EcsCluster-1AAGQRFIOE9AE,Service_beiakklem1vi3j5fejq0,500,2,0.0990215643,0
1537377720,Prod-EcsStagingCluster-EcsCluster-1AAGQRFIOE9AE,Service_beiakklem1vi3j5fejq0,500,2,0.0793649257,1
1537398960,Prod-EcsStagingCluster-EcsCluster-1AAGQRFIOE9AE,Service_beiakklem1vi3j5fejq0,500,2,0.0850135215,0
1537372380,Prod-EcsStagingCluster-EcsCluster-1AAGQRFIOE9AE,Service_beiakklem1vi3j5fejq0,500,2,0.0751321082,0
1537390440,Prod-EcsStagingCluster-EcsCluster-1AAGQRFIOE9AE,Service_beiakklem1vi3j5fejq0,500,2,0.0811370263,0
1537359660,Prod-EcsStagingCluster-EcsCluster-1AAGQRFIOE9AE,Service_beiakklem1vi3j5fejq0,500,2,0.0835439542,0
1537410540,Prod-EcsStagingCluster-EcsCluster-1AAGQRFIOE9AE,Service_beiakklem1vi3j5fejq0,500,2,0.0888977047,0
1537428600,Prod-EcsStagingCluster-EcsCluster-1AAGQRFIOE9AE,Service_beiakklem1vi3j5fejq0,500,2,0.2026388032,0
1537423260,Prod-EcsStagingCluster-EcsCluster-1AAGQRFIOE9AE,Service_beiakklem1vi3j5fejq0,500,2,0.0910098165,0
1537356360,Prod-EcsStagingCluster-EcsCluster-1AAGQRFIOE9AE,Service_beiakklem1vi3j5fejq0,500,2,0.0845834266,0
1537407240,Prod-EcsStagingCluster-EcsCluster-1AAGQRFIOE9AE,Service_beiakklem1vi3j5fejq0,500,2,0.1080390204,0
1537394520,Prod-EcsStagingCluster-EcsCluster-1AAGQRFIOE9AE,Service_beiakklem1vi3j5fejq0,500,2,0.0883017341,0
1537416720,Prod-EcsStagingCluster-EcsCluster-1AAGQRFIOE9AE,Service_beiakklem1vi3j5fejq0,500,2,0.0874896989,0
1537429440,Prod-EcsStagingCluster-EcsCluster-1AAGQRFIOE9AE,Service_beiakklem1vi3j5fejq0,500,2,0.0820121554,0
1537363620,Prod-EcsStagingCluster-EcsCluster-1AAGQRFIOE9AE,Service_beiakklem1vi3j5fejq0,500,2,0.0798571083,0
1537376340,Prod-EcsStagingCluster-EcsCluster-1AAGQRFIOE9AE,Service_beiakklem1vi3j5fejq0,500,2,0.0794272771,1
1537414500,Prod-EcsStagingCluster-EcsCluster-1AAGQRFIOE9AE,Service_beiakklem1vi3j5fejq0,500,2,0.0828741046,0
1537395360,Prod-EcsStagingCluster-EcsCluster-1AAGQRFIOE9AE,Service_beiakklem1vi3j5fejq0,500,2,0.0885338747,0
1537361400,Prod-EcsStagingCluster-EcsCluster-1AAGQRFIOE9AE,Service_beiakklem1vi3j5fejq0,500,2,0.0780488524,0
1537427220,Prod-EcsStagingCluster-EcsCluster-1AAGQRFIOE9AE,Service_beiakklem1vi3j5fejq0,500,2,0.1059769863,0
1537382640,Prod-EcsStagingCluster-EcsCluster-1AAGQRFIOE9AE,Service_beiakklem1vi3j5fejq0,500,2,0.0845790637,1
1537374120,Prod-EcsStagingCluster-EcsCluster-1AAGQRFIOE9AE,Service_beiakklem1vi3j5fejq0,500,2,0.0812120490,0
1537412280,Prod-EcsStagingCluster-EcsCluster-1AAGQRFIOE9AE,Service_beiakklem1vi3j5fejq0,500,2,0.0905813334,0
1537393140,Prod-EcsStagingCluster-EcsCluster-1AAGQRFIOE9AE,Service_beiakklem1vi3j5fejq0,500,2,0.0804058046,0
1537359180,Prod-EcsStagingCluster-EcsCluster-1AAGQRFIOE9AE,Service_beiakklem1vi3j5fejq0,500,2,0.0754779275,1
1537425000,Prod-EcsStagingCluster-EcsCluster-1AAGQRFIOE9AE,Service_beiakklem1vi3j5fejq0,500,2,0.1042202109,0
1537380420,Prod-EcsStagingCluster-EcsCluster-1AAGQRFIOE9AE,Service_beiakklem1vi3j5fejq0,500,2,0.0876059362,0
1537431300,Prod-EcsStagingCluster-EcsCluster-1AAGQRFIOE9AE,Service_beiakklem1vi3j5fejq0,500,2,0.0803656148,0
1537371900,Prod-EcsStagingCluster-EcsCluster-1AAGQRFIOE9AE,Service_beiakklem1vi3j5fejq0,500,2,0.0845743242,0
1537410060,Prod-EcsStagingCluster-EcsCluster-1AAGQRFIOE9AE,Service_beiakklem1vi3j5fejq0,500,2,0.0885171725,0
1537422780,Prod-EcsStagingCluster-EcsCluster-1AAGQRFIOE9AE,Service_beiakklem1vi3j5fejq0,500,2,0.0903983268,0
1537390920,Prod-EcsStagingCluster-EcsCluster-1AAGQRFIOE9AE,Service_beiakklem1vi3j5fejq0,500,2,0.0814761063,0
1537378200,Prod-EcsStagingCluster-EcsCluster-1AAGQRFIOE9AE,Service_beiakklem1vi3j5fejq0,500,2,0.0775436458,0
1537429080,Prod-EcsStagingCluster-EcsCluster-1AAGQRFIOE9AE,Service_beiakklem1vi3j5fejq0,500,2,0.0847769682,0
1537388700,Prod-EcsStagingCluster-EcsCluster-1AAGQRFIOE9AE,Service_beiakklem1vi3j5fejq0,500,2,0.0889966928,1
1537375980,Prod-EcsStagingCluster-EcsCluster-1AAGQRFIOE9AE,Service_beiakklem1vi3j5fejq0,500,2,0.0785592821,1
1537350300,Prod-EcsStagingCluster-EcsCluster-1AAGQRFIOE9AE,Service_beiakklem1vi3j5fejqg,4000,2,0.4125638257,0
1537353480,Prod-EcsStagingCluster-EcsCluster-1AAGQRFIOE9AE,Service_beiakklem1vi3j5fejqg,4000,2,0.2620157550,0
1537356660,Prod-EcsStagingCluster-EcsCluster-1AAGQRFIOE9AE,Service_beiakklem1vi3j5fejqg,4000,2,0.0158827054,0
1537359840,Prod-EcsStagingCluster-EcsCluster-1AAGQRFIOE9AE,Service_beiakklem1vi3j5fejqg,4000,2,0.0181805339,0
1537378920,Prod-EcsStagingCluster-EcsCluster-1AAGQRFIOE9AE,Service_beiakklem1vi3j5fejqg,4000,2,0.0265394272,0
1537382100,Prod-EcsStagingCluster-EcsCluster-1AAGQRFIOE9AE,Service_beiakklem1vi3j5fejqg,4000,2,0.0192118025,0
1537385280,Prod-EcsStagingCluster-EcsCluster-1AAGQRFIOE9AE,Service_beiakklem1vi3j5fejqg,4000,2,0.0182754555,0
1537375740,Prod-EcsStagingCluster-EcsCluster-1AAGQRFIOE9AE,Service_beiakklem1vi3j5fejqg,4000,2,0.0191525434,0
1537409580,Prod-EcsStagingCluster-EcsCluster-1AAGQRFIOE9AE,Service_beiakklem1vi3j5fejqg,4000,2,0.7395485408,7
1537412760,Prod-EcsStagingCluster-EcsCluster-1AAGQRFIOE9AE,Service_beiakklem1vi3j5fejqg,4000,2,0.3913222807,8
1537415940,Prod-EcsStagingCluster-EcsCluster-1AAGQRFIOE9AE,Service_beiakklem1vi3j5fejqg,4000,2,0.1785040189,10
1537419120,Prod-EcsStagingCluster-EcsCluster-1AAGQRFIOE9AE,Service_beiakklem1vi3j5fejqg,4000,2,0.1346806810,6
1537393440,Prod-EcsStagingCluster-EcsCluster-1AAGQRFIOE9AE,Service_beiakklem1vi3j5fejqg,4000,2,0.0196068103,0
1537390260,Prod-EcsStagingCluster-EcsCluster-1AAGQRFIOE9AE,Service_beiakklem1vi3j5fejqg,4000,2,0.0185666976,0
1537383900,Prod-EcsStagingCluster-EcsCluster-1AAGQRFIOE9AE,Service_beiakklem1vi3j5fejqg,4000,2,0.0189121924,5
1537387080,Prod-EcsStagingCluster-EcsCluster-1AAGQRFIOE9AE,Service_beiakklem1vi3j5fejqg,4000,2,0.0163641183,2
1537415700,Prod-EcsStagingCluster-EcsCluster-1AAGQRFIOE9AE,Service_beiakklem1vi3j5fejqg,4000,2,0.5214774090,0
1537418880,Prod-EcsStagingCluster-EcsCluster-1AAGQRFIOE9AE,Service_beiakklem1vi3j5fejqg,4000,2,0.2479090054,0
1537347780,Prod-EcsStagingCluster-EcsCluster-1AAGQRFIOE9AE,Service_beiakklem1vi3j5fejqg,4000,2,0.0252746786,3
1537350960,Prod-EcsStagingCluster-EcsCluster-1AAGQRFIOE9AE,Service_beiakklem1vi3j5fejqg,4000,2,0.5809693438,0
1537409340,Prod-EcsStagingCluster-EcsCluster-1AAGQRFIOE9AE,Service_beiakklem1vi3j5fejqg,4000,2,0.7691094149,1
1537412520,Prod-EcsStagingCluster-EcsCluster-1AAGQRFIOE9AE,Service_beiakklem1vi3j5fejqg,4000,2,0.1989956332,7
1537373220,Prod-EcsStagingCluster-EcsCluster-1AAGQRFIOE9AE,Service_beiakklem1vi3j5fejqg,4000,2,0.0193159038,3
1537366860,Prod-EcsStagingCluster-EcsCluster-1AAGQRFIOE9AE,Service_beiakklem1vi3j5fejqg,4000,2,0.0184023656,7
1537394400,Prod-EcsStagingCluster-EcsCluster-1AAGQRFIOE9AE,Service_beiakklem1vi3j5fejqg,4000,2,0.0198598027,2
1537388040,Prod-EcsStagingCluster-EcsCluster-1AAGQRFIOE9AE,Service_beiakklem1vi3j5fejqg,4000,2,0.0185917928,0
1537419840,Prod-EcsStagingCluster-EcsCluster-1AAGQRFIOE9AE,Service_beiakklem1vi3j5fejqg,4000,2,0.4825611841,0
1537351920,Prod-EcsStagingCluster-EcsCluster-1AAGQRFIOE9AE,Service_beiakklem1vi3j5fejqg,4000,2,0.3061056582,11
1537413480,Prod-EcsStagingCluster-EcsCluster-1AAGQRFIOE9AE,Service_beiakklem1vi3j5fejqg,4000,2,0.2713236310,9
1537345560,Prod-EcsStagingCluster-EcsCluster-1AAGQRFIOE9AE,Service_beiakklem1vi3j5fejqg,4000,2,0.1866023027,0
1537377360,Prod-EcsStagingCluster-EcsCluster-1AAGQRFIOE9AE,Service_beiakklem1vi3j5fejqg,4000,2,0.0171820561,0
1537371000,Prod-EcsStagingCluster-EcsCluster-1AAGQRFIOE9AE,Service_beiakklem1vi3j5fejqg,4000,2,0.0190862835,0
1537347540,Prod-EcsStagingCluster-EcsCluster-1AAGQRFIOE9AE,Service_beiakklem1vi3j5fejqg,4000,2,0.0239859971,0
1537345320,Prod-EcsStagingCluster-EcsCluster-1AAGQRFIOE9AE,Service_beiakklem1vi3j5fejqg,4000,2,0.0273851144,0
1537417500,Prod-EcsStagingCluster-EcsCluster-1AAGQRFIOE9AE,Service_beiakklem1vi3j5fejqg,4000,2,0.3847812667,5
1537423860,Prod-EcsStagingCluster-EcsCluster-1AAGQRFIOE9AE,Service_beiakklem1vi3j5fejqg,4000,2,0.3642571701,0
1537351680,Prod-EcsStagingCluster-EcsCluster-1AAGQRFIOE9AE,Service_beiakklem1vi3j5fejqg,4000,2,0.5303130129,1
1537375020,Prod-EcsStagingCluster-EcsCluster-1AAGQRFIOE9AE,Service_beiakklem1vi3j5fejqg,4000,2,0.0194816863,5
1537381380,Prod-EcsStagingCluster-EcsCluster-1AAGQRFIOE9AE,Service_beiakklem1vi3j5fejqg,4000,2,0.1041418745,0
1537400460,Prod-EcsStagingCluster-EcsCluster-1AAGQRFIOE9AE,Service_beiakklem1vi3j5fejqg,4000,2,0.4024060487,3
1537406820,Prod-EcsStagingCluster-EcsCluster-1AAGQRFIOE9AE,Service_beiakklem1vi3j5fejqg,4000,2,0.1645509520,0
1537428000,Prod-EcsStagingCluster-EcsCluster-1AAGQRFIOE9AE,Service_beiakklem1vi3j5fejqg,4000,2,0.2545785661,7
1537421640,Prod-EcsStagingCluster-EcsCluster-1AAGQRFIOE9AE,Service_beiakklem1vi3j5fejqg,4000,2,0.3032367599,4
1537385520,Prod-EcsStagingCluster-EcsCluster-1AAGQRFIOE9AE,Service_beiakklem1vi3j5fejqg,4000,2,0.0250622000,5
1537379160,Prod-EcsStagingCluster-EcsCluster-1AAGQRFIOE9AE,Service_beiakklem1vi3j5fejqg,4000,2,0.0191427385,9
1537404600,Prod-EcsStagingCluster-EcsCluster-1AAGQRFIOE9AE,Service_beiakklem1vi3j5fejqg,4000,2,0.3856378951,2
1537410960,Prod-EcsStagingCluster-EcsCluster-1AAGQRFIOE9AE,Service_beiakklem1vi3j5fejqg,4000,2,0.1240990758,1
1537358880,Prod-EcsStagingCluster-EcsCluster-1AAGQRFIOE9AE,Service_beiakklem1vi3j5fejqg,4000,2,0.2675016014,1
1537349340,Prod-EcsStagingCluster-EcsCluster-1AAGQRFIOE9AE,Service_beiakklem1vi3j5fejqg,4000,2,0.4034178597,13
1537380120,Prod-EcsStagingCluster-EcsCluster-1AAGQRFIOE9AE,Service_beiakklem1vi3j5fejqg,4000,2,0.0286756333,8
1537383300,Prod-EcsStagingCluster-EcsCluster-1AAGQRFIOE9AE,Service_beiakklem1vi3j5fejqg,4000,2,0.0161025224,1
1537384320,Prod-EcsStagingCluster-EcsCluster-1AAGQRFIOE9AE,Service_beiakklem1vi3j5fejqg,4000,2,0.0261269889,0
1537405560,Prod-EcsStagingCluster-EcsCluster-1AAGQRFIOE9AE,Service_beiakklem1vi3j5fejqg,4000,2,0.3305584643,0
1537408740,Prod-EcsStagingCluster-EcsCluster-1AAGQRFIOE9AE,Service_beiakklem1vi3j5fejqg,4000,2,0.2241900231,0
1537374780,Prod-EcsStagingCluster-EcsCluster-1AAGQRFIOE9AE,Service_beiakklem1vi3j5fejqg,4000,2,0.1477079292,0
1537408620,Prod-EcsStagingCluster-EcsCluster-1AAGQRFIOE9AE,Service_beiakklem1vi3j5fejqg,4000,2,0.1929632164,2
1537418160,Prod-EcsStagingCluster-EcsCluster-1AAGQRFIOE9AE,Service_beiakklem1vi3j5fejqg,4000,2,0.4369990376,2
1537354440,Prod-EcsStagingCluster-EcsCluster-1AAGQRFIOE9AE,Service_beiakklem1vi3j5fejqg,4000,2,0.0161185302,4
1537357620,Prod-EcsStagingCluster-EcsCluster-1AAGQRFIOE9AE,Service_beiakklem1vi3j5fejqg,4000,2,0.0190763175,4
1537379880,Prod-EcsStagingCluster-EcsCluster-1AAGQRFIOE9AE,Service_beiakklem1vi3j5fejqg,4000,2,0.0174144758,0
1537383060,Prod-EcsStagingCluster-EcsCluster-1AAGQRFIOE9AE,Service_beiakklem1vi3j5fejqg,4000,2,0.0188188876,0
1537392480,Prod-EcsStagingCluster-EcsCluster-1AAGQRFIOE9AE,Service_beiakklem1vi3j5fejqg,4000,2,0.0173583249,1
1537413720,Prod-EcsStagingCluster-EcsCluster-1AAGQRFIOE9AE,Service_beiakklem1vi3j5fejqg,4000,2,0.4148282833,0
1537416900,Prod-EcsStagingCluster-EcsCluster-1AAGQRFIOE9AE,Service_beiakklem1vi3j5fejqg,4000,2,0.4233665105,0
1537382940,Prod-EcsStagingCluster-EcsCluster-1AAGQRFIOE9AE,Service_beiakklem1vi3j5fejqg,4000,2,0.0184212438,0
1537417920,Prod-EcsStagingCluster-EcsCluster-1AAGQRFIOE9AE,Service_beiakklem1vi3j5fejqg,4000,2,0.1818045083,1
1537350000,Prod-EcsStagingCluster-EcsCluster-1AAGQRFIOE9AE,Service_beiakklem1vi3j5fejqg,4000,2,0.0941687516,0
1537408380,Prod-EcsStagingCluster-EcsCluster-1AAGQRFIOE9AE,Service_beiakklem1vi3j5fejqg,4000,2,0.1846363205,0
1537375440,Prod-EcsStagingCluster-EcsCluster-1AAGQRFIOE9AE,Service_beiakklem1vi3j5fejqg,4000,2,0.0189819940,0
1537365900,Prod-EcsStagingCluster-EcsCluster-1AAGQRFIOE9AE,Service_beiakklem1vi3j5fejqg,4000,2,0.0172090295,7
1537376400,Prod-EcsStagingCluster-EcsCluster-1AAGQRFIOE9AE,Service_beiakklem1vi3j5fejqg,4000,2,0.0177143930,5
1537391220,Prod-EcsStagingCluster-EcsCluster-1AAGQRFIOE9AE,Service_beiakklem1vi3j5fejqg,4000,2,0.0189723196,3
1537416660,Prod-EcsStagingCluster-EcsCluster-1AAGQRFIOE9AE,Service_beiakklem1vi3j5fejqg,4000,2,0.7215863095,1
1537348740,Prod-EcsStagingCluster-EcsCluster-1AAGQRFIOE9AE,Service_beiakklem1vi3j5fejqg,4000,2,0.0957922252,2
1537374180,Prod-EcsStagingCluster-EcsCluster-1AAGQRFIOE9AE,Service_beiakklem1vi3j5fejqg,4000,2,0.3594318448,1
1537389000,Prod-EcsStagingCluster-EcsCluster-1AAGQRFIOE9AE,Service_beiakklem1vi3j5fejqg,4000,2,0.0185717199,1
1537346520,Prod-EcsStagingCluster-EcsCluster-1AAGQRFIOE9AE,Service_beiakklem1vi3j5fejqg,4000,2,0.2297146190,0
1537414440,Prod-EcsStagingCluster-EcsCluster-1AAGQRFIOE9AE,Service_beiakklem1vi3j5fejqg,4000,2,0.4154058296,0
1537371960,Prod-EcsStagingCluster-EcsCluster-1AAGQRFIOE9AE,Service_beiakklem1vi3j5fejqg,4000,2,0.0208013865,1
1537416540,Prod-EcsStagingCluster-EcsCluster-1AAGQRFIOE9AE,Service_beiakklem1vi3j5fejqg,4000,2,0.3918524637,4
1537350720,Prod-EcsStagingCluster-EcsCluster-1AAGQRFIOE9AE,Service_beiakklem1vi3j5fejqg,4000,2,0.2230414096,0
1537374060,Prod-EcsStagingCluster-EcsCluster-1AAGQRFIOE9AE,Service_beiakklem1vi3j5fejqg,4000,2,0.0170624691,0
1537399500,Prod-EcsStagingCluster-EcsCluster-1AAGQRFIOE9AE,Service_beiakklem1vi3j5fejqg,4000,2,0.2225172993,0
1537348500,Prod-EcsStagingCluster-EcsCluster-1AAGQRFIOE9AE,Service_beiakklem1vi3j5fejqg,4000,2,0.0241247916,0
1537427040,Prod-EcsStagingCluster-EcsCluster-1AAGQRFIOE9AE,Service_beiakklem1vi3j5fejqg,4000,2,0.4104481871,0
1537384560,Prod-EcsStagingCluster-EcsCluster-1AAGQRFIOE9AE,Service_beiakklem1vi3j5fejqg,4000,2,0.0184512648,0
1537410000,Prod-EcsStagingCluster-EcsCluster-1AAGQRFIOE9AE,Service_beiakklem1vi3j5fejqg,4000,2,0.6635969026,1
1537346280,Prod-EcsStagingCluster-EcsCluster-1AAGQRFIOE9AE,Service_beiakklem1vi3j5fejqg,4000,2,0.6644787110,0
1537424820,Prod-EcsStagingCluster-EcsCluster-1AAGQRFIOE9AE,Service_beiakklem1vi3j5fejqg,4000,2,0.1525785898,5
1537348380,Prod-EcsStagingCluster-EcsCluster-1AAGQRFIOE9AE,Service_beiakklem1vi3j5fejqg,4000,2,0.1346658986,0
1537382340,Prod-EcsStagingCluster-EcsCluster-1AAGQRFIOE9AE,Service_beiakklem1vi3j5fejqg,4000,2,0.0177896400,0
1537407780,Prod-EcsStagingCluster-EcsCluster-1AAGQRFIOE9AE,Service_beiakklem1vi3j5fejqg,4000,2,0.1291476898,1
1537373820,Prod-EcsStagingCluster-EcsCluster-1AAGQRFIOE9AE,Service_beiakklem1vi3j5fejqg,4000,2,0.0147553665,2
1537422600,Prod-EcsStagingCluster-EcsCluster-1AAGQRFIOE9AE,Service_beiakklem1vi3j5fejqg,4000,2,0.6031983601,0
1537407660,Prod-EcsStagingCluster-EcsCluster-1AAGQRFIOE9AE,Service_beiakklem1vi3j5fejqg,4000,2,0.4493766549,0
1537420380,Prod-EcsStagingCluster-EcsCluster-1AAGQRFIOE9AE,Service_beiakklem1vi3j5fejqg,4000,2,0.3169371520,0
1537387440,Prod-EcsStagingCluster-EcsCluster-1AAGQRFIOE9AE,Service_beiakklem1vi3j5fejqg,4000,2,0.0183906753,5
1537381080,Prod-EcsStagingCluster-EcsCluster-1AAGQRFIOE9AE,Service_beiakklem1vi3j5fejqg,4000,2,0.0194516111,5
1537384260,Prod-EcsStagingCluster-EcsCluster-1AAGQRFIOE9AE,Service_beiakklem1vi3j5fejqg,4000,2,0.0184537607,8
1537412880,Prod-EcsStagingCluster-EcsCluster-1AAGQRFIOE9AE,Service_beiakklem1vi3j5fejqg,4000,2,0.2819113519,7
1537406520,Prod-EcsStagingCluster-EcsCluster-1AAGQRFIOE9AE,Service_beiakklem1vi3j5fejqg,4000,2,0.3782282786,2
1537409700,Prod-EcsStagingCluster-EcsCluster-1AAGQRFIOE9AE,Service_beiakklem1vi3j5fejqg,4000,2,0.6099687204,3
1537391520,Prod-EcsStagingCluster-EcsCluster-1AAGQRFIOE9AE,Service_beiakklem1vi3j5fejqg,4000,2,0.0587304880,0
1537385160,Prod-EcsStagingCluster-EcsCluster-1AAGQRFIOE9AE,Service_beiakklem1vi3j5fejqg,4000,2,0.0182054206,0
1537388340,Prod-EcsStagingCluster-EcsCluster-1AAGQRFIOE9AE,Service_beiakklem1vi3j5fejqg,4000,2,0.0181019029,0
1537416960,Prod-EcsStagingCluster-EcsCluster-1AAGQRFIOE9AE,Service_beiakklem1vi3j5fejqg,4000,2,0.3006707983,1
1537352220,Prod-EcsStagingCluster-EcsCluster-1AAGQRFIOE9AE,Service_beiakklem1vi3j5fejqg,4000,2,0.0890290169,0
1537410600,Prod-EcsStagingCluster-EcsCluster-1AAGQRFIOE9AE,Service_beiakklem1vi3j5fejqg,4000,2,0.5319110743,1
1537413780,Prod-EcsStagingCluster-EcsCluster-1AAGQRFIOE9AE,Service_beiakklem1vi3j5fejqg,4000,2,0.2578710696,3
1537377660,Prod-EcsStagingCluster-EcsCluster-1AAGQRFIOE9AE,Service_beiakklem1vi3j5fejqg,4000,2,0.0169681335,1
1537364940,Prod-EcsStagingCluster-EcsCluster-1AAGQRFIOE9AE,Service_beiakklem1vi3j5fejqg,4000,2,0.0135661070,0
1537414680,Prod-EcsStagingCluster-EcsCluster-1AAGQRFIOE9AE,Service_beiakklem1vi3j5fejqg,4000,2,0.1431239202,0
1537417860,Prod-EcsStagingCluster-EcsCluster-1AAGQRFIOE9AE,Service_beiakklem1vi3j5fejqg,4000,2,0.7721138596,13
1537421040,Prod-EcsStagingCluster-EcsCluster-1AAGQRFIOE9AE,Service_beiakklem1vi3j5fejqg,4000,2,0.3806325695,5
1537345620,Prod-EcsStagingCluster-EcsCluster-1AAGQRFIOE9AE,Service_beiakklem1vi3j5fejqg,4000,2,0.0243525739,0
1537415640,Prod-EcsStagingCluster-EcsCluster-1AAGQRFIOE9AE,Service_beiakklem1vi3j5fejqg,4000,2,0.7505185130,4
1537422000,Prod-EcsStagingCluster-EcsCluster-1AAGQRFIOE9AE,Service_beiakklem1vi3j5fejqg,4000,2,0.3880223105,0
1537349760,Prod-EcsStagingCluster-EcsCluster-1AAGQRFIOE9AE,Service_beiakklem1vi3j5fejqg,4000,2,0.1109773798,5
1537373100,Prod-EcsStagingCluster-EcsCluster-1AAGQRFIOE9AE,Service_beiakklem1vi3j5fejqg,4000,2,0.0167002493,6
1537421940,Prod-EcsStagingCluster-EcsCluster-1AAGQRFIOE9AE,Service_beiakklem1vi3j5fejqg,4000,2,0.1764341138,5
1537398540,Prod-EcsStagingCluster-EcsCluster-1AAGQRFIOE9AE,Service_beiakklem1vi3j5fejqg,4000,2,0.0338689835,6
1537385820,Prod-EcsStagingCluster-EcsCluster-1AAGQRFIOE9AE,Service_beiakklem1vi3j5fejqg,4000,2,0.0202896446,0
1537349700,Prod-EcsStagingCluster-EcsCluster-1AAGQRFIOE9AE,Service_beiakklem1vi3j5fejqg,4000,2,0.3892458683,0
1537411260,Prod-EcsStagingCluster-EcsCluster-1AAGQRFIOE9AE,Service_beiakklem1vi3j5fejqg,4000,2,0.6354357092,0
1537375140,Prod-EcsStagingCluster-EcsCluster-1AAGQRFIOE9AE,Service_beiakklem1vi3j5fejqg,4000,2,0.0193617988,6
1537419720,Prod-EcsStagingCluster-EcsCluster-1AAGQRFIOE9AE,Service_beiakklem1vi3j5fejqg,4000,2,0.7169364397,2
1537426080,Prod-EcsStagingCluster-EcsCluster-1AAGQRFIOE9AE,Service_beiakklem1vi3j5fejqg,4000,2,0.2536925767,0
1537347480,Prod-EcsStagingCluster-EcsCluster-1AAGQRFIOE9AE,Service_beiakklem1vi3j5fejqg,4000,2,0.1354474225,0
1537353840,Prod-EcsStagingCluster-EcsCluster-1AAGQRFIOE9AE,Service_beiakklem1vi3j5fejqg,4000,2,0.0159774843,2
1537372920,Prod-EcsStagingCluster-EcsCluster-1AAGQRFIOE9AE,Service_beiakklem1vi3j5fejqg,4000,2,0.0171142077,0
1537379280,Prod-EcsStagingCluster-EcsCluster-1AAGQRFIOE9AE,Service_beiakklem1vi3j5fejqg,4000,2,0.0189864202,0
1537353780,Prod-EcsStagingCluster-EcsCluster-1AAGQRFIOE9AE,Service_beiakklem1vi3j5fejqg,4000,2,0.1075926031,0
1537379220,Prod-EcsStagingCluster-EcsCluster-1AAGQRFIOE9AE,Service_beiakklem1vi3j5fejqg,4000,2,0.0189006974,0
1537351560,Prod-EcsStagingCluster-EcsCluster-1AAGQRFIOE9AE,Service_beiakklem1vi3j5fejqg,4000,2,0.4174973646,4
1537357920,Prod-EcsStagingCluster-EcsCluster-1AAGQRFIOE9AE,Service_beiakklem1vi3j5fejqg,4000,2,0.0162190285,0
1537406700,Prod-EcsStagingCluster-EcsCluster-1AAGQRFIOE9AE,Service_beiakklem1vi3j5fejqg,4000,2,0.5914028855,4
1537377000,Prod-EcsStagingCluster-EcsCluster-1AAGQRFIOE9AE,Service_beiakklem1vi3j5fejqg,4000,2,0.0164116462,2
1537383360,Prod-EcsStagingCluster-EcsCluster-1AAGQRFIOE9AE,Service_beiakklem1vi3j5fejqg,4000,2,0.0140936148,0
1537419420,Prod-EcsStagingCluster-EcsCluster-1AAGQRFIOE9AE,Service_beiakklem1vi3j5fejqg,4000,2,0.2361036705,0
1537352520,Prod-EcsStagingCluster-EcsCluster-1AAGQRFIOE9AE,Service_beiakklem1vi3j5fejqg,4000,2,0.0183055700,0
1537355700,Prod-EcsStagingCluster-EcsCluster-1AAGQRFIOE9AE,Service_beiakklem1vi3j5fejqg,4000,2,0.0160825078,0
1537386480,Prod-EcsStagingCluster-EcsCluster-1AAGQRFIOE9AE,Service_beiakklem1vi3j5fejqg,4000,2,0.0185504540,0
1537411920,Prod-EcsStagingCluster-EcsCluster-1AAGQRFIOE9AE,Service_beiakklem1vi3j5fejqg,4000,2,0.2315132804,1
1537377960,Prod-EcsStagingCluster-EcsCluster-1AAGQRFIOE9AE,Service_beiakklem1vi3j5fejqg,4000,2,0.0192738629,0
1537381140,Prod-EcsStagingCluster-EcsCluster-1AAGQRFIOE9AE,Service_beiakklem1vi3j5fejqg,4000,2,0.0138815036,1
1537390560,Prod-EcsStagingCluster-EcsCluster-1AAGQRFIOE9AE,Service_beiakklem1vi3j5fejqg,4000,2,0.0159727605,0
1537351260,Prod-EcsStagingCluster-EcsCluster-1AAGQRFIOE9AE,Service_beiakklem1vi3j5fejqg,4000,2,0.1764621679,4
1537385220,Prod-EcsStagingCluster-EcsCluster-1AAGQRFIOE9AE,Service_beiakklem1vi3j5fejqg,4000,2,0.0185034448,9
1537416000,Prod-EcsStagingCluster-EcsCluster-1AAGQRFIOE9AE,Service_beiakklem1vi3j5fejqg,4000,2,0.5917277416,3
1537382040,Prod-EcsStagingCluster-EcsCluster-1AAGQRFIOE9AE,Service_beiakklem1vi3j5fejqg,4000,2,0.0184056853,1
1537410660,Prod-EcsStagingCluster-EcsCluster-1AAGQRFIOE9AE,Service_beiakklem1vi3j5fejqg,4000,2,0.3274124418,0
1537376700,Prod-EcsStagingCluster-EcsCluster-1AAGQRFIOE9AE,Service_beiakklem1vi3j5fejqg,4000,2,0.0167150877,1
1537407480,Prod-EcsStagingCluster-EcsCluster-1AAGQRFIOE9AE,Service_beiakklem1vi3j5fejqg,4000,2,0.6672746130,0
1537363980,Prod-EcsStagingCluster-EcsCluster-1AAGQRFIOE9AE,Service_beiakklem1vi3j5fejqg,4000,2,0.3762603311,1
1537389300,Prod-EcsStagingCluster-EcsCluster-1AAGQRFIOE9AE,Service_beiakklem1vi3j5fejqg,4000,2,0.0187406539,1
1537420080,Prod-EcsStagingCluster-EcsCluster-1AAGQRFIOE9AE,Service_beiakklem1vi3j5fejqg,4000,2,0.8263548215,0
1537386120,Prod-EcsStagingCluster-EcsCluster-1AAGQRFIOE9AE,Service_beiakklem1vi3j5fejqg,4000,2,0.0422467973,5
1537411560,Prod-EcsStagingCluster-EcsCluster-1AAGQRFIOE9AE,Service_beiakklem1vi3j5fejqg,4000,2,0.6417085733,0
1537414740,Prod-EcsStagingCluster-EcsCluster-1AAGQRFIOE9AE,Service_beiakklem1vi3j5fejqg,4000,2,0.8171202870,4
1537347840,Prod-EcsStagingCluster-EcsCluster-1AAGQRFIOE9AE,Service_beiakklem1vi3j5fejqg,4000,2,0.0241452163,1
1537348800,Prod-EcsStagingCluster-EcsCluster-1AAGQRFIOE9AE,Service_beiakklem1vi3j5fejqg,4000,2,0.2095551923,0
1537372140,Prod-EcsStagingCluster-EcsCluster-1AAGQRFIOE9AE,Service_beiakklem1vi3j5fejqg,4000,2,0.0178280761,0
1537397580,Prod-EcsStagingCluster-EcsCluster-1AAGQRFIOE9AE,Service_beiakklem1vi3j5fejqg,4000,2,0.0695533218,9
1537418820,Prod-EcsStagingCluster-EcsCluster-1AAGQRFIOE9AE,Service_beiakklem1vi3j5fejqg,4000,2,0.2467852382,4
1537384860,Prod-EcsStagingCluster-EcsCluster-1AAGQRFIOE9AE,Service_beiakklem1vi3j5fejqg,4000,2,0.0188193724,2
1537410300,Prod-EcsStagingCluster-EcsCluster-1AAGQRFIOE9AE,Service_beiakklem1vi3j5fejqg,4000,2,0.5313447814,5
1537346580,Prod-EcsStagingCluster-EcsCluster-1AAGQRFIOE9AE,Service_beiakklem1vi3j5fejqg,4000,2,0.3042108477,1
1537425120,Prod-EcsStagingCluster-EcsCluster-1AAGQRFIOE9AE,Service_beiakklem1vi3j5fejqg,4000,2,0.4318548625,11
1537416600,Prod-EcsStagingCluster-EcsCluster-1AAGQRFIOE9AE,Service_beiakklem1vi3j5fejqg,4000,2,0.4460696407,2
1537352880,Prod-EcsStagingCluster-EcsCluster-1AAGQRFIOE9AE,Service_beiakklem1vi3j5fejqg,4000,2,0.2649214605,0
1537378320,Prod-EcsStagingCluster-EcsCluster-1AAGQRFIOE9AE,Service_beiakklem1vi3j5fejqg,4000,2,0.0256569078,1
1537422900,Prod-EcsStagingCluster-EcsCluster-1AAGQRFIOE9AE,Service_beiakklem1vi3j5fejqg,4000,2,0.1636793599,0
1537350660,Prod-EcsStagingCluster-EcsCluster-1AAGQRFIOE9AE,Service_beiakklem1vi3j5fejqg,4000,2,0.2150262833,0
1537376100,Prod-EcsStagingCluster-EcsCluster-1AAGQRFIOE9AE,Service_beiakklem1vi3j5fejqg,4000,2,0.0170512843,1
1537420680,Prod-EcsStagingCluster-EcsCluster-1AAGQRFIOE9AE,Service_beiakklem1vi3j5fejqg,4000,2,0.2405148631,0
1537356960,Prod-EcsStagingCluster-EcsCluster-1AAGQRFIOE9AE,Service_beiakklem1vi3j5fejqg,4000,2,0.0159272520,0
1537405740,Prod-EcsStagingCluster-EcsCluster-1AAGQRFIOE9AE,Service_beiakklem1vi3j5fejqg,4000,2,0.3519306282,0
1537348440,Prod-EcsStagingCluster-EcsCluster-1AAGQRFIOE9AE,Service_beiakklem1vi3j5fejqg,4000,2,0.0269828498,0
1537382400,Prod-EcsStagingCluster-EcsCluster-1AAGQRFIOE9AE,Service_beiakklem1vi3j5fejqg,4000,2,0.0183955815,0
1537431180,Prod-EcsStagingCluster-EcsCluster-1AAGQRFIOE9AE,Service_beiakklem1vi3j5fejqg,4000,2,0.0273220875,0
1537373880,Prod-EcsStagingCluster-EcsCluster-1AAGQRFIOE9AE,Service_beiakklem1vi3j5fejqg,4000,2,0.0150542465,1
1537418460,Prod-EcsStagingCluster-EcsCluster-1AAGQRFIOE9AE,Service_beiakklem1vi3j5fejqg,4000,2,0.5940244131,11
1537354740,Prod-EcsStagingCluster-EcsCluster-1AAGQRFIOE9AE,Service_beiakklem1vi3j5fejqg,4000,2,0.0159289058,6
1537380180,Prod-EcsStagingCluster-EcsCluster-1AAGQRFIOE9AE,Service_beiakklem1vi3j5fejqg,4000,2,0.2383268472,1
1537389600,Prod-EcsStagingCluster-EcsCluster-1AAGQRFIOE9AE,Service_beiakklem1vi3j5fejqg,4000,2,0.0159478255,0
1537380060,Prod-EcsStagingCluster-EcsCluster-1AAGQRFIOE9AE,Service_beiakklem1vi3j5fejqg,4000,2,0.0177251478,0
1537383240,Prod-EcsStagingCluster-EcsCluster-1AAGQRFIOE9AE,Service_beiakklem1vi3j5fejqg,4000,2,0.0185283363,0
1537386420,Prod-EcsStagingCluster-EcsCluster-1AAGQRFIOE9AE,Service_beiakklem1vi3j5fejqg,4000,2,0.0181418885,0
1537366200,Prod-EcsStagingCluster-EcsCluster-1AAGQRFIOE9AE,Service_beiakklem1vi3j5fejqg,4000,2,0.0166615337,0
1537369380,Prod-EcsStagingCluster-EcsCluster-1AAGQRFIOE9AE,Service_beiakklem1vi3j5fejqg,4000,2,0.4001574979,1
1537372560,Prod-EcsStagingCluster-EcsCluster-1AAGQRFIOE9AE,Service_beiakklem1vi3j5fejqg,4000,2,0.0163369587,0
1537345980,Prod-EcsStagingCluster-EcsCluster-1AAGQRFIOE9AE,Service_beiakklem1vi3j5fejqg,4000,2,0.0872473542,8
1537349160,Prod-EcsStagingCluster-EcsCluster-1AAGQRFIOE9AE,Service_beiakklem1vi3j5fejqg,4000,2,0.0261551910,6
1537352340,Prod-EcsStagingCluster-EcsCluster-1AAGQRFIOE9AE,Service_beiakklem1vi3j5fejqg,4000,2,0.2089065587,2
1537355520,Prod-EcsStagingCluster-EcsCluster-1AAGQRFIOE9AE,Service_beiakklem1vi3j5fejqg,4000,2,0.0160967856,0
1537389360,Prod-EcsStagingCluster-EcsCluster-1AAGQRFIOE9AE,Service_beiakklem1vi3j5fejqg,4000,2,0.0184301299,0
1537386180,Prod-EcsStagingCluster-EcsCluster-1AAGQRFIOE9AE,Service_beiakklem1vi3j5fejqg,4000,2,0.1600730407,4
1537383000,Prod-EcsStagingCluster-EcsCluster-1AAGQRFIOE9AE,Service_beiakklem1vi3j5fejqg,4000,2,0.0189694901,6
1537405260,Prod-EcsStagingCluster-EcsCluster-1AAGQRFIOE9AE,Service_beiakklem1vi3j5fejqg,4000,2,0.2237403800,7
1537413660,Prod-EcsStagingCluster-EcsCluster-1AAGQRFIOE9AE,Service_beiakklem1vi3j5fejqg,4000,2,0.5139434896,8
1537371180,Prod-EcsStagingCluster-EcsCluster-1AAGQRFIOE9AE,Service_beiakklem1vi3j5fejqg,4000,2,0.2721012207,5
1537416840,Prod-EcsStagingCluster-EcsCluster-1AAGQRFIOE9AE,Service_beiakklem1vi3j5fejqg,4000,2,0.4992831480,0
1537420020,Prod-EcsStagingCluster-EcsCluster-1AAGQRFIOE9AE,Service_beiakklem1vi3j5fejqg,4000,2,0.3860998145,0
1537423200,Prod-EcsStagingCluster-EcsCluster-1AAGQRFIOE9AE,Service_beiakklem1vi3j5fejqg,4000,2,0.7788518470,0
1537399800,Prod-EcsStagingCluster-EcsCluster-1AAGQRFIOE9AE,Service_beiakklem1vi3j5fejqg,4000,2,0.1908926933,10
1537402980,Prod-EcsStagingCluster-EcsCluster-1AAGQRFIOE9AE,Service_beiakklem1vi3j5fejqg,4000,2,0.2068306211,0
1537406160,Prod-EcsStagingCluster-EcsCluster-1AAGQRFIOE9AE,Service_beiakklem1vi3j5fejqg,4000,2,0.4887431652,2
1537379580,Prod-EcsStagingCluster-EcsCluster-1AAGQRFIOE9AE,Service_beiakklem1vi3j5fejqg,4000,2,0.3118817942,0
1537385940,Prod-EcsStagingCluster-EcsCluster-1AAGQRFIOE9AE,Service_beiakklem1vi3j5fejqg,4000,2,0.0182821439,0
1537417800,Prod-EcsStagingCluster-EcsCluster-1AAGQRFIOE9AE,Service_beiakklem1vi3j5fejqg,4000,2,0.1421958305,7
1537424160,Prod-EcsStagingCluster-EcsCluster-1AAGQRFIOE9AE,Service_beiakklem1vi3j5fejqg,4000,2,0.6836319591,0
1537407120,Prod-EcsStagingCluster-EcsCluster-1AAGQRFIOE9AE,Service_beiakklem1vi3j5fejqg,4000,2,0.2540079542,6
1537400760,Prod-EcsStagingCluster-EcsCluster-1AAGQRFIOE9AE,Service_beiakklem1vi3j5fejqg,4000,2,0.0732541218,0
1537383720,Prod-EcsStagingCluster-EcsCluster-1AAGQRFIOE9AE,Service_beiakklem1vi3j5fejqg,4000,2,0.0262358787,0
1537351860,Prod-EcsStagingCluster-EcsCluster-1AAGQRFIOE9AE,Service_beiakklem1vi3j5fejqg,4000,2,0.1732481539,0
1537390080,Prod-EcsStagingCluster-EcsCluster-1AAGQRFIOE9AE,Service_beiakklem1vi3j5fejqg,4000,2,0.0189742987,6
1537419780,Prod-EcsStagingCluster-EcsCluster-1AAGQRFIOE9AE,Service_beiakklem1vi3j5fejqg,4000,2,0.1340963298,0
1537345500,Prod-EcsStagingCluster-EcsCluster-1AAGQRFIOE9AE,Service_beiakklem1vi3j5fejqg,4000,2,0.0246493339,5
1537423920,Prod-EcsStagingCluster-EcsCluster-1AAGQRFIOE9AE,Service_beiakklem1vi3j5fejqg,4000,2,1.0005902638,3
1537356000,Prod-EcsStagingCluster-EcsCluster-1AAGQRFIOE9AE,Service_beiakklem1vi3j5fejqg,4000,2,0.0169275134,0
1537417560,Prod-EcsStagingCluster-EcsCluster-1AAGQRFIOE9AE,Service_beiakklem1vi3j5fejqg,4000,2,0.1160256385,1
1537349640,Prod-EcsStagingCluster-EcsCluster-1AAGQRFIOE9AE,Service_beiakklem1vi3j5fejqg,4000,2,0.1002272766,3
1537404780,Prod-EcsStagingCluster-EcsCluster-1AAGQRFIOE9AE,Service_beiakklem1vi3j5fejqg,4000,2,0.4359248519,1
1537419540,Prod-EcsStagingCluster-EcsCluster-1AAGQRFIOE9AE,Service_beiakklem1vi3j5fejqg,4000,2,0.3483019708,0
1537351620,Prod-EcsStagingCluster-EcsCluster-1AAGQRFIOE9AE,Service_beiakklem1vi3j5fejqg,4000,2,0.5783214687,1
1537413180,Prod-EcsStagingCluster-EcsCluster-1AAGQRFIOE9AE,Service_beiakklem1vi3j5fejqg,4000,2,0.1712484909,3
1537370700,Prod-EcsStagingCluster-EcsCluster-1AAGQRFIOE9AE,Service_beiakklem1vi3j5fejqg,4000,2,0.0143696644,2
1537417320,Prod-EcsStagingCluster-EcsCluster-1AAGQRFIOE9AE,Service_beiakklem1vi3j5fejqg,4000,2,0.2195486974,0
1537423680,Prod-EcsStagingCluster-EcsCluster-1AAGQRFIOE9AE,Service_beiakklem1vi3j5fejqg,4000,2,0.5239445669,9
1537349400,Prod-EcsStagingCluster-EcsCluster-1AAGQRFIOE9AE,Service_beiakklem1vi3j5fejqg,4000,2,0.1724046216,9
1537355760,Prod-EcsStagingCluster-EcsCluster-1AAGQRFIOE9AE,Service_beiakklem1vi3j5fejqg,4000,2,0.0164601333,0
1537379100,Prod-EcsStagingCluster-EcsCluster-1AAGQRFIOE9AE,Service_beiakklem1vi3j5fejqg,4000,2,0.0564184651,0
1537385460,Prod-EcsStagingCluster-EcsCluster-1AAGQRFIOE9AE,Service_beiakklem1vi3j5fejqg,4000,2,0.0189692264,0
1537418280,Prod-EcsStagingCluster-EcsCluster-1AAGQRFIOE9AE,Service_beiakklem1vi3j5fejqg,4000,2,0.1516091290,0
1537421460,Prod-EcsStagingCluster-EcsCluster-1AAGQRFIOE9AE,Service_beiakklem1vi3j5fejqg,4000,2,0.4377348938,6
1537350360,Prod-EcsStagingCluster-EcsCluster-1AAGQRFIOE9AE,Service_beiakklem1vi3j5fejqg,4000,2,0.2535052764,0
1537353540,Prod-EcsStagingCluster-EcsCluster-1AAGQRFIOE9AE,Service_beiakklem1vi3j5fejqg,4000,2,0.0139640584,0
1537371600,Prod-EcsStagingCluster-EcsCluster-1AAGQRFIOE9AE,Service_beiakklem1vi3j5fejqg,4000,2,0.0197391384,7
1537354560,Prod-EcsStagingCluster-EcsCluster-1AAGQRFIOE9AE,Service_beiakklem1vi3j5fejqg,4000,2,0.0162098680,7
1537384200,Prod-EcsStagingCluster-EcsCluster-1AAGQRFIOE9AE,Service_beiakklem1vi3j5fejqg,4000,2,0.0183436248,6
1537387380,Prod-EcsStagingCluster-EcsCluster-1AAGQRFIOE9AE,Service_beiakklem1vi3j5fejqg,4000,2,0.1029787698,0
1537388400,Prod-EcsStagingCluster-EcsCluster-1AAGQRFIOE9AE,Service_beiakklem1vi3j5fejqg,4000,2,0.0179105903,0
1537404300,Prod-EcsStagingCluster-EcsCluster-1AAGQRFIOE9AE,Service_beiakklem1vi3j5fejqg,4000,2,0.4997148975,0
1537367160,Prod-EcsStagingCluster-EcsCluster-1AAGQRFIOE9AE,Service_beiakklem1vi3j5fejqg,4000,2,0.0186444360,10
1537370340,Prod-EcsStagingCluster-EcsCluster-1AAGQRFIOE9AE,Service_beiakklem1vi3j5fejqg,4000,2,0.0183938438,1
1537412700,Prod-EcsStagingCluster-EcsCluster-1AAGQRFIOE9AE,Service_beiakklem1vi3j5fejqg,4000,2,0.2893802356,0
1537350120,Prod-EcsStagingCluster-EcsCluster-1AAGQRFIOE9AE,Service_beiakklem1vi3j5fejqg,4000,2,0.3665927553,0
1537353300,Prod-EcsStagingCluster-EcsCluster-1AAGQRFIOE9AE,Service_beiakklem1vi3j5fejqg,4000,2,0.0187194416,6
1537370220,Prod-EcsStagingCluster-EcsCluster-1AAGQRFIOE9AE,Service_beiakklem1vi3j5fejqg,4000,2,0.0168831981,0
1537422240,Prod-EcsStagingCluster-EcsCluster-1AAGQRFIOE9AE,Service_beiakklem1vi3j5fejqg,4000,2,0.6169862099,11
1537383960,Prod-EcsStagingCluster-EcsCluster-1AAGQRFIOE9AE,Service_beiakklem1vi3j5fejqg,4000,2,0.0191776674,0
1537387140,Prod-EcsStagingCluster-EcsCluster-1AAGQRFIOE9AE,Service_beiakklem1vi3j5fejqg,4000,2,0.0189545421,8
1537405200,Prod-EcsStagingCluster-EcsCluster-1AAGQRFIOE9AE,Service_beiakklem1vi3j5fejqg,4000,2,0.1674872110,0
1537378620,Prod-EcsStagingCluster-EcsCluster-1AAGQRFIOE9AE,Service_beiakklem1vi3j5fejqg,4000,2,0.0196554124,4
1537388160,Prod-EcsStagingCluster-EcsCluster-1AAGQRFIOE9AE,Service_beiakklem1vi3j5fejqg,4000,2,0.0183394761,11
1537420980,Prod-EcsStagingCluster-EcsCluster-1AAGQRFIOE9AE,Service_beiakklem1vi3j5fejqg,4000,2,0.2608388593,0
1537389120,Prod-EcsStagingCluster-EcsCluster-1AAGQRFIOE9AE,Service_beiakklem1vi3j5fejqg,4000,2,0.1389169798,1
1537403940,Prod-EcsStagingCluster-EcsCluster-1AAGQRFIOE9AE,Service_beiakklem1vi3j5fejqg,4000,2,0.1624816799,0
1537386900,Prod-EcsStagingCluster-EcsCluster-1AAGQRFIOE9AE,Service_beiakklem1vi3j5fejqg,4000,2,0.0136217496,1
1537418760,Prod-EcsStagingCluster-EcsCluster-1AAGQRFIOE9AE,Service_beiakklem1vi3j5fejqg,4000,2,0.3463695705,1
1537355040,Prod-EcsStagingCluster-EcsCluster-1AAGQRFIOE9AE,Service_beiakklem1vi3j5fejqg,4000,2,0.0162632565,0
1537422960,Prod-EcsStagingCluster-EcsCluster-1AAGQRFIOE9AE,Service_beiakklem1vi3j5fejqg,4000,2,0.5197786791,0
1537403820,Prod-EcsStagingCluster-EcsCluster-1AAGQRFIOE9AE,Service_beiakklem1vi3j5fejqg,4000,2,0.6691339538,0
1537401720,Prod-EcsStagingCluster-EcsCluster-1AAGQRFIOE9AE,Service_beiakklem1vi3j5fejqg,4000,2,0.2645373030,15
1537384680,Prod-EcsStagingCluster-EcsCluster-1AAGQRFIOE9AE,Service_beiakklem1vi3j5fejqg,4000,2,0.0184920400,0
1537352820,Prod-EcsStagingCluster-EcsCluster-1AAGQRFIOE9AE,Service_beiakklem1vi3j5fejqg,4000,2,0.1395811694,0
1537420740,Prod-EcsStagingCluster-EcsCluster-1AAGQRFIOE9AE,Service_beiakklem1vi3j5fejqg,4000,2,0.3681161886,0
1537412220,Prod-EcsStagingCluster-EcsCluster-1AAGQRFIOE9AE,Service_beiakklem1vi3j5fejqg,4000,2,0.3202064781,0
1537369740,Prod-EcsStagingCluster-EcsCluster-1AAGQRFIOE9AE,Service_beiakklem1vi3j5fejqg,4000,2,0.0168675789,0
1537350600,Prod-EcsStagingCluster-EcsCluster-1AAGQRFIOE9AE,Service_beiakklem1vi3j5fejqg,4000,2,0.0939433812,10
1537418520,Prod-EcsStagingCluster-EcsCluster-1AAGQRFIOE9AE,Service_beiakklem1vi3j5fejqg,4000,2,0.3067805854,1
1537422720,Prod-EcsStagingCluster-EcsCluster-1AAGQRFIOE9AE,Service_beiakklem1vi3j5fejqg,4000,2,0.5636161114,0
1537354800,Prod-EcsStagingCluster-EcsCluster-1AAGQRFIOE9AE,Service_beiakklem1vi3j5fejqg,4000,2,0.0124966616,0
1537378140,Prod-EcsStagingCluster-EcsCluster-1AAGQRFIOE9AE,Service_beiakklem1vi3j5fejqg,4000,2,0.0193388879,1
1537420500,Prod-EcsStagingCluster-EcsCluster-1AAGQRFIOE9AE,Service_beiakklem1vi3j5fejqg,4000,2,0.5161820750,1
1537352580,Prod-EcsStagingCluster-EcsCluster-1AAGQRFIOE9AE,Service_beiakklem1vi3j5fejqg,4000,2,0.1227346534,5
1537388640,Prod-EcsStagingCluster-EcsCluster-1AAGQRFIOE9AE,Service_beiakklem1vi3j5fejqg,4000,2,0.0187290378,7
1537350420,Prod-EcsStagingCluster-EcsCluster-1AAGQRFIOE9AE,Service_beiakklem1vi3j5fejqg,4000,2,0.2875368290,8
1537353600,Prod-EcsStagingCluster-EcsCluster-1AAGQRFIOE9AE,Service_beiakklem1vi3j5fejqg,4000,2,0.0194938402,0
1537416060,Prod-EcsStagingCluster-EcsCluster-1AAGQRFIOE9AE,Service_beiakklem1vi3j5fejqg,4000,2,0.9465713836,0
1537351320,Prod-EcsStagingCluster-EcsCluster-1AAGQRFIOE9AE,Service_beiakklem1vi3j5fejqg,4000,2,0.1223822617,4
1537354500,Prod-EcsStagingCluster-EcsCluster-1AAGQRFIOE9AE,Service_beiakklem1vi3j5fejqg,4000,2,0.0160914122,1
1537403340,Prod-EcsStagingCluster-EcsCluster-1AAGQRFIOE9AE,Service_beiakklem1vi3j5fejqg,4000,2,0.2534972687,4
1537357680,Prod-EcsStagingCluster-EcsCluster-1AAGQRFIOE9AE,Service_beiakklem1vi3j5fejqg,4000,2,0.3050214216,0
1537414920,Prod-EcsStagingCluster-EcsCluster-1AAGQRFIOE9AE,Service_beiakklem1vi3j5fejqg,4000,2,0.3733970708,0
1537369260,Prod-EcsStagingCluster-EcsCluster-1AAGQRFIOE9AE,Service_beiakklem1vi3j5fejqg,4000,2,0.0440189202,6
1537418100,Prod-EcsStagingCluster-EcsCluster-1AAGQRFIOE9AE,Service_beiakklem1vi3j5fejqg,4000,2,0.3795536001,4
1537421280,Prod-EcsStagingCluster-EcsCluster-1AAGQRFIOE9AE,Service_beiakklem1vi3j5fejqg,4000,2,0.2194215956,6
1537381980,Prod-EcsStagingCluster-EcsCluster-1AAGQRFIOE9AE,Service_beiakklem1vi3j5fejqg,4000,2,0.3299010098,0
1537374480,Prod-EcsStagingCluster-EcsCluster-1AAGQRFIOE9AE,Service_beiakklem1vi3j5fejqg,4000,2,0.0194703019,0
1537380840,Prod-EcsStagingCluster-EcsCluster-1AAGQRFIOE9AE,Service_beiakklem1vi3j5fejqg,4000,2,0.0168362836,0
1537384020,Prod-EcsStagingCluster-EcsCluster-1AAGQRFIOE9AE,Service_beiakklem1vi3j5fejqg,4000,2,0.0190065343,0
1537387200,Prod-EcsStagingCluster-EcsCluster-1AAGQRFIOE9AE,Service_beiakklem1vi3j5fejqg,4000,2,0.0187847102,0
1537368120,Prod-EcsStagingCluster-EcsCluster-1AAGQRFIOE9AE,Service_beiakklem1vi3j5fejqg,4000,2,0.0188326648,8
1537371300,Prod-EcsStagingCluster-EcsCluster-1AAGQRFIOE9AE,Service_beiakklem1vi3j5fejqg,4000,2,0.0201245843,1
1537347900,Prod-EcsStagingCluster-EcsCluster-1AAGQRFIOE9AE,Service_beiakklem1vi3j5fejqg,4000,2,0.0275034916,1
1537353120,Prod-EcsStagingCluster-EcsCluster-1AAGQRFIOE9AE,Service_beiakklem1vi3j5fejqg,4000,2,0.0180161616,0
1537346760,Prod-EcsStagingCluster-EcsCluster-1AAGQRFIOE9AE,Service_beiakklem1vi3j5fejqg,4000,2,0.0769451555,2
1537349940,Prod-EcsStagingCluster-EcsCluster-1AAGQRFIOE9AE,Service_beiakklem1vi3j5fejqg,4000,2,0.3303394394,1
1537391280,Prod-EcsStagingCluster-EcsCluster-1AAGQRFIOE9AE,Service_beiakklem1vi3j5fejqg,4000,2,0.0248098549,0
1537384920,Prod-EcsStagingCluster-EcsCluster-1AAGQRFIOE9AE,Service_beiakklem1vi3j5fejqg,4000,2,0.0298603945,0
1537388100,Prod-EcsStagingCluster-EcsCluster-1AAGQRFIOE9AE,Service_beiakklem1vi3j5fejqg,4000,2,0.0187245945,0
1537354080,Prod-EcsStagingCluster-EcsCluster-1AAGQRFIOE9AE,Service_beiakklem1vi3j5fejqg,4000,2,0.3557352824,6
1537347720,Prod-EcsStagingCluster-EcsCluster-1AAGQRFIOE9AE,Service_beiakklem1vi3j5fejqg,4000,2,0.3388742123,0
1537392240,Prod-EcsStagingCluster-EcsCluster-1AAGQRFIOE9AE,Service_beiakklem1vi3j5fejqg,4000,2,0.0176784907,0
1537402860,Prod-EcsStagingCluster-EcsCluster-1AAGQRFIOE9AE,Service_beiakklem1vi3j5fejqg,4000,2,0.4573564784,2
1537415580,Prod-EcsStagingCluster-EcsCluster-1AAGQRFIOE9AE,Service_beiakklem1vi3j5fejqg,4000,2,0.5069262848,0
1537385880,Prod-EcsStagingCluster-EcsCluster-1AAGQRFIOE9AE,Service_beiakklem1vi3j5fejqg,4000,2,0.0190427175,0
1537417620,Prod-EcsStagingCluster-EcsCluster-1AAGQRFIOE9AE,Service_beiakklem1vi3j5fejqg,4000,2,0.2069737248,0
1537404900,Prod-EcsStagingCluster-EcsCluster-1AAGQRFIOE9AE,Service_beiakklem1vi3j5fejqg,4000,2,0.9077780449,0
1537381500,Prod-EcsStagingCluster-EcsCluster-1AAGQRFIOE9AE,Service_beiakklem1vi3j5fejqg,4000,2,0.0184282711,0
1537368780,Prod-EcsStagingCluster-EcsCluster-1AAGQRFIOE9AE,Service_beiakklem1vi3j5fejqg,4000,2,0.2365486467,0
1537415400,Prod-EcsStagingCluster-EcsCluster-1AAGQRFIOE9AE,Service_beiakklem1vi3j5fejqg,4000,2,0.4465107457,0
1537421760,Prod-EcsStagingCluster-EcsCluster-1AAGQRFIOE9AE,Service_beiakklem1vi3j5fejqg,4000,2,0.3585167389,13
1537409040,Prod-EcsStagingCluster-EcsCluster-1AAGQRFIOE9AE,Service_beiakklem1vi3j5fejqg,4000,2,0.3248213137,3
1537402680,Prod-EcsStagingCluster-EcsCluster-1AAGQRFIOE9AE,Service_beiakklem1vi3j5fejqg,4000,2,0.2220291349,7
1537383540,Prod-EcsStagingCluster-EcsCluster-1AAGQRFIOE9AE,Service_beiakklem1vi3j5fejqg,4000,2,0.0146014670,1
1537421700,Prod-EcsStagingCluster-EcsCluster-1AAGQRFIOE9AE,Service_beiakklem1vi3j5fejqg,4000,2,0.5983235119,10
1537347420,Prod-EcsStagingCluster-EcsCluster-1AAGQRFIOE9AE,Service_beiakklem1vi3j5fejqg,4000,2,0.0250327870,5
1537381320,Prod-EcsStagingCluster-EcsCluster-1AAGQRFIOE9AE,Service_beiakklem1vi3j5fejqg,4000,2,0.0390998750,0
1537387680,Prod-EcsStagingCluster-EcsCluster-1AAGQRFIOE9AE,Service_beiakklem1vi3j5fejqg,4000,2,0.0190883856,0
1537425840,Prod-EcsStagingCluster-EcsCluster-1AAGQRFIOE9AE,Service_beiakklem1vi3j5fejqg,4000,2,0.4787207205,3
1537419480,Prod-EcsStagingCluster-EcsCluster-1AAGQRFIOE9AE,Service_beiakklem1vi3j5fejqg,4000,2,0.6668685115,1
1537349460,Prod-EcsStagingCluster-EcsCluster-1AAGQRFIOE9AE,Service_beiakklem1vi3j5fejqg,4000,2,0.1439472382,0
1537347240,Prod-EcsStagingCluster-EcsCluster-1AAGQRFIOE9AE,Service_beiakklem1vi3j5fejqg,4000,2,0.5947859533,0
1537423620,Prod-EcsStagingCluster-EcsCluster-1AAGQRFIOE9AE,Service_beiakklem1vi3j5fejqg,4000,2,0.6194880317,0
1537420440,Prod-EcsStagingCluster-EcsCluster-1AAGQRFIOE9AE,Service_beiakklem1vi3j5fejqg,4000,2,0.8339480146,0
1537415100,Prod-EcsStagingCluster-EcsCluster-1AAGQRFIOE9AE,Service_beiakklem1vi3j5fejqg,4000,2,0.6967078240,0
1537356720,Prod-EcsStagingCluster-EcsCluster-1AAGQRFIOE9AE,Service_beiakklem1vi3j5fejqg,4000,2,0.0166086847,0
1537402380,Prod-EcsStagingCluster-EcsCluster-1AAGQRFIOE9AE,Service_beiakklem1vi3j5fejqg,4000,2,0.3403578124,1
1537348200,Prod-EcsStagingCluster-EcsCluster-1AAGQRFIOE9AE,Service_beiakklem1vi3j5fejqg,4000,2,0.0327990346,6
1537351380,Prod-EcsStagingCluster-EcsCluster-1AAGQRFIOE9AE,Service_beiakklem1vi3j5fejqg,4000,2,0.3186910933,12
1537368300,Prod-EcsStagingCluster-EcsCluster-1AAGQRFIOE9AE,Service_beiakklem1vi3j5fejqg,4000,2,0.0194842312,3
1537420320,Prod-EcsStagingCluster-EcsCluster-1AAGQRFIOE9AE,Service_beiakklem1vi3j5fejqg,4000,2,0.2840719042,2
1537381020,Prod-EcsStagingCluster-EcsCluster-1AAGQRFIOE9AE,Service_beiakklem1vi3j5fejqg,4000,2,0.0191536545,0
1537352280,Prod-EcsStagingCluster-EcsCluster-1AAGQRFIOE9AE,Service_beiakklem1vi3j5fejqg,4000,2,0.5899717082,1
1537355460,Prod-EcsStagingCluster-EcsCluster-1AAGQRFIOE9AE,Service_beiakklem1vi3j5fejqg,4000,2,0.0164674841,1
1537386240,Prod-EcsStagingCluster-EcsCluster-1AAGQRFIOE9AE,Service_beiakklem1vi3j5fejqg,4000,2,0.0183532580,0
1537373520,Prod-EcsStagingCluster-EcsCluster-1AAGQRFIOE9AE,Service_beiakklem1vi3j5fejqg,4000,2,0.0170226541,0
1537346940,Prod-EcsStagingCluster-EcsCluster-1AAGQRFIOE9AE,Service_beiakklem1vi3j5fejqg,4000,2,0.0245546226,0
1537415880,Prod-EcsStagingCluster-EcsCluster-1AAGQRFIOE9AE,Service_beiakklem1vi3j5fejqg,4000,2,0.1464262840,6
1537419060,Prod-EcsStagingCluster-EcsCluster-1AAGQRFIOE9AE,Service_beiakklem1vi3j5fejqg,4000,2,0.6426102364,0
1537352160,Prod-EcsStagingCluster-EcsCluster-1AAGQRFIOE9AE,Service_beiakklem1vi3j5fejqg,4000,2,0.2612210246,0
1537390320,Prod-EcsStagingCluster-EcsCluster-1AAGQRFIOE9AE,Service_beiakklem1vi3j5fejqg,4000,2,0.1400365750,0
1537381800,Prod-EcsStagingCluster-EcsCluster-1AAGQRFIOE9AE,Service_beiakklem1vi3j5fejqg,4000,2,0.0190384502,0
1537384980,Prod-EcsStagingCluster-EcsCluster-1AAGQRFIOE9AE,Service_beiakklem1vi3j5fejqg,4000,2,0.2219637053,0
1537369080,Prod-EcsStagingCluster-EcsCluster-1AAGQRFIOE9AE,Service_beiakklem1vi3j5fejqg,4000,2,0.0173089067,0
1537372260,Prod-EcsStagingCluster-EcsCluster-1AAGQRFIOE9AE,Service_beiakklem1vi3j5fejqg,4000,2,0.0261891624,11
1537401900,Prod-EcsStagingCluster-EcsCluster-1AAGQRFIOE9AE,Service_beiakklem1vi3j5fejqg,4000,2,0.2615115228,0
1537414620,Prod-EcsStagingCluster-EcsCluster-1AAGQRFIOE9AE,Service_beiakklem1vi3j5fejqg,4000,2,0.2688838983,1
1537382760,Prod-EcsStagingCluster-EcsCluster-1AAGQRFIOE9AE,Service_beiakklem1vi3j5fejqg,4000,2,0.0179885802,1
1537370040,Prod-EcsStagingCluster-EcsCluster-1AAGQRFIOE9AE,Service_beiakklem1vi3j5fejqg,4000,2,0.0171017896,6
1537350900,Prod-EcsStagingCluster-EcsCluster-1AAGQRFIOE9AE,Service_beiakklem1vi3j5fejqg,4000,2,0.2887663842,0
1537389060,Prod-EcsStagingCluster-EcsCluster-1AAGQRFIOE9AE,Service_beiakklem1vi3j5fejqg,4000,2,0.0192088496,0
1537380540,Prod-EcsStagingCluster-EcsCluster-1AAGQRFIOE9AE,Service_beiakklem1vi3j5fejqg,4000,2,0.0151653670,1
1537367820,Prod-EcsStagingCluster-EcsCluster-1AAGQRFIOE9AE,Service_beiakklem1vi3j5fejqg,4000,2,0.0161321652,0
1537348680,Prod-EcsStagingCluster-EcsCluster-1AAGQRFIOE9AE,Service_beiakklem1vi3j5fejqg,4000,2,0.8002814975,0
1537420800,Prod-EcsStagingCluster-EcsCluster-1AAGQRFIOE9AE,Service_beiakklem1vi3j5fejqg,4000,2,0.7765882314,8
1537386840,Prod-EcsStagingCluster-EcsCluster-1AAGQRFIOE9AE,Service_beiakklem1vi3j5fejqg,4000,2,0.0135615929,4
1537408080,Prod-EcsStagingCluster-EcsCluster-1AAGQRFIOE9AE,Service_beiakklem1vi3j5fejqg,4000,2,0.5106940215,7
1537346460,Prod-EcsStagingCluster-EcsCluster-1AAGQRFIOE9AE,Service_beiakklem1vi3j5fejqg,4000,2,0.1780058447,5
1537418580,Prod-EcsStagingCluster-EcsCluster-1AAGQRFIOE9AE,Service_beiakklem1vi3j5fejqg,4000,2,0.2390580624,6
1537405860,Prod-EcsStagingCluster-EcsCluster-1AAGQRFIOE9AE,Service_beiakklem1vi3j5fejqg,4000,2,0.5483489174,0
1537386720,Prod-EcsStagingCluster-EcsCluster-1AAGQRFIOE9AE,Service_beiakklem1vi3j5fejqg,4000,2,0.0382404996,1
1537424880,Prod-EcsStagingCluster-EcsCluster-1AAGQRFIOE9AE,Service_beiakklem1vi3j5fejqg,4000,2,0.5635428217,0
1537416360,Prod-EcsStagingCluster-EcsCluster-1AAGQRFIOE9AE,Service_beiakklem1vi3j5fejqg,4000,2,0.3869107883,0
1537403640,Prod-EcsStagingCluster-EcsCluster-1AAGQRFIOE9AE,Service_beiakklem1vi3j5fejqg,4000,2,0.0280250151,7
1537384500,Prod-EcsStagingCluster-EcsCluster-1AAGQRFIOE9AE,Service_beiakklem1vi3j5fejqg,4000,2,0.0184047385,0
1537422660,Prod-EcsStagingCluster-EcsCluster-1AAGQRFIOE9AE,Service_beiakklem1vi3j5fejqg,4000,2,0.4687732898,1
1537352640,Prod-EcsStagingCluster-EcsCluster-1AAGQRFIOE9AE,Service_beiakklem1vi3j5fejqg,4000,2,0.0184164468,8
1537414140,Prod-EcsStagingCluster-EcsCluster-1AAGQRFIOE9AE,Service_beiakklem1vi3j5fejqg,4000,2,0.4041311268,6
1537401420,Prod-EcsStagingCluster-EcsCluster-1AAGQRFIOE9AE,Service_beiakklem1vi3j5fejqg,4000,2,0.4690299794,2
1537382280,Prod-EcsStagingCluster-EcsCluster-1AAGQRFIOE9AE,Service_beiakklem1vi3j5fejqg,4000,2,0.0183621363,0
1537409820,Prod-EcsStagingCluster-EcsCluster-1AAGQRFIOE9AE,Service_beiakklem1vi3j5fejqg,4000,2,0.5699720024,0
1537416180,Prod-EcsStagingCluster-EcsCluster-1AAGQRFIOE9AE,Service_beiakklem1vi3j5fejqg,4000,2,0.2592863960,0
1537393920,Prod-EcsStagingCluster-EcsCluster-1AAGQRFIOE9AE,Service_beiakklem1vi3j5fejqg,4000,2,0.1544012933,1
1537387560,Prod-EcsStagingCluster-EcsCluster-1AAGQRFIOE9AE,Service_beiakklem1vi3j5fejqg,4000,2,0.0184430061,0
1537373700,Prod-EcsStagingCluster-EcsCluster-1AAGQRFIOE9AE,Service_beiakklem1vi3j5fejqg,4000,2,0.0173289998,0
1537348260,Prod-EcsStagingCluster-EcsCluster-1AAGQRFIOE9AE,Service_beiakklem1vi3j5fejqg,4000,2,0.0267717321,1
1537392780,Prod-EcsStagingCluster-EcsCluster-1AAGQRFIOE9AE,Service_beiakklem1vi3j5fejqg,4000,2,0.1203257212,8
1537399140,Prod-EcsStagingCluster-EcsCluster-1AAGQRFIOE9AE,Service_beiakklem1vi3j5fejqg,4000,2,0.0223940938,11
1537424580,Prod-EcsStagingCluster-EcsCluster-1AAGQRFIOE9AE,Service_beiakklem1vi3j5fejqg,4000,2,0.1352990430,4
1537351200,Prod-EcsStagingCluster-EcsCluster-1AAGQRFIOE9AE,Service_beiakklem1vi3j5fejqg,4000,2,0.2591514646,0
1537395720,Prod-EcsStagingCluster-EcsCluster-1AAGQRFIOE9AE,Service_beiakklem1vi3j5fejqg,4000,2,0.0646256723,0
1537367100,Prod-EcsStagingCluster-EcsCluster-1AAGQRFIOE9AE,Service_beiakklem1vi3j5fejqg,4000,2,0.0136205306,1
1537373460,Prod-EcsStagingCluster-EcsCluster-1AAGQRFIOE9AE,Service_beiakklem1vi3j5fejqg,4000,2,0.0172501444,5
1537417980,Prod-EcsStagingCluster-EcsCluster-1AAGQRFIOE9AE,Service_beiakklem1vi3j5fejqg,4000,2,0.3657243618,1
1537424340,Prod-EcsStagingCluster-EcsCluster-1AAGQRFIOE9AE,Service_beiakklem1vi3j5fejqg,4000,2,0.8215251857,8
1537350060,Prod-EcsStagingCluster-EcsCluster-1AAGQRFIOE9AE,Service_beiakklem1vi3j5fejqg,4000,2,0.3961525406,0
1537353240,Prod-EcsStagingCluster-EcsCluster-1AAGQRFIOE9AE,Service_beiakklem1vi3j5fejqg,4000,2,0.0184876544,0
1537402080,Prod-EcsStagingCluster-EcsCluster-1AAGQRFIOE9AE,Service_beiakklem1vi3j5fejqg,4000,2,0.1314283297,0
1537378680,Prod-EcsStagingCluster-EcsCluster-1AAGQRFIOE9AE,Service_beiakklem1vi3j5fejqg,4000,2,0.0196906247,3
1537359600,Prod-EcsStagingCluster-EcsCluster-1AAGQRFIOE9AE,Service_beiakklem1vi3j5fejqg,4000,2,0.0190905260,0
1537404120,Prod-EcsStagingCluster-EcsCluster-1AAGQRFIOE9AE,Service_beiakklem1vi3j5fejqg,4000,2,0.6245411890,0
1537410480,Prod-EcsStagingCluster-EcsCluster-1AAGQRFIOE9AE,Service_beiakklem1vi3j5fejqg,4000,2,0.6837790591,0
1537400940,Prod-EcsStagingCluster-EcsCluster-1AAGQRFIOE9AE,Service_beiakklem1vi3j5fejqg,4000,2,0.2582924669,0
1537385040,Prod-EcsStagingCluster-EcsCluster-1AAGQRFIOE9AE,Service_beiakklem1vi3j5fejqg,4000,2,0.0183614124,0
1537429560,Prod-EcsStagingCluster-EcsCluster-1AAGQRFIOE9AE,Service_beiakklem1vi3j5fejqg,4000,2,0.0322954040,0
1537375260,Prod-EcsStagingCluster-EcsCluster-1AAGQRFIOE9AE,Service_beiakklem1vi3j5fejqg,4000,2,0.0194682279,0
1537381620,Prod-EcsStagingCluster-EcsCluster-1AAGQRFIOE9AE,Service_beiakklem1vi3j5fejqg,4000,2,0.0185206060,5
1537426140,Prod-EcsStagingCluster-EcsCluster-1AAGQRFIOE9AE,Service_beiakklem1vi3j5fejqg,4000,2,0.2691912352,0
1537358220,Prod-EcsStagingCluster-EcsCluster-1AAGQRFIOE9AE,Service_beiakklem1vi3j5fejqg,4000,2,0.0159428560,0
1537390020,Prod-EcsStagingCluster-EcsCluster-1AAGQRFIOE9AE,Service_beiakklem1vi3j5fejqg,4000,2,0.0189222732,6
1537364580,Prod-EcsStagingCluster-EcsCluster-1AAGQRFIOE9AE,Service_beiakklem1vi3j5fejqg,4000,2,0.3019636303,7
1537409100,Prod-EcsStagingCluster-EcsCluster-1AAGQRFIOE9AE,Service_beiakklem1vi3j5fejqg,4000,2,0.3903771376,1
1537415460,Prod-EcsStagingCluster-EcsCluster-1AAGQRFIOE9AE,Service_beiakklem1vi3j5fejqg,4000,2,0.7865277826,1
1537379400,Prod-EcsStagingCluster-EcsCluster-1AAGQRFIOE9AE,Service_beiakklem1vi3j5fejqg,4000,2,0.0199416665,6
1537385760,Prod-EcsStagingCluster-EcsCluster-1AAGQRFIOE9AE,Service_beiakklem1vi3j5fejqg,4000,2,0.0183477548,0
1537430280,Prod-EcsStagingCluster-EcsCluster-1AAGQRFIOE9AE,Service_beiakklem1vi3j5fejqg,4000,2,0.0265794153,3
1537362360,Prod-EcsStagingCluster-EcsCluster-1AAGQRFIOE9AE,Service_beiakklem1vi3j5fejqg,4000,2,0.0166122734,1
1537394160,Prod-EcsStagingCluster-EcsCluster-1AAGQRFIOE9AE,Service_beiakklem1vi3j5fejqg,4000,2,0.0195700910,4
1537387800,Prod-EcsStagingCluster-EcsCluster-1AAGQRFIOE9AE,Service_beiakklem1vi3j5fejqg,4000,2,0.0185442907,0
1537368720,Prod-EcsStagingCluster-EcsCluster-1AAGQRFIOE9AE,Service_beiakklem1vi3j5fejqg,4000,2,0.0160687512,0
1537413240,Prod-EcsStagingCluster-EcsCluster-1AAGQRFIOE9AE,Service_beiakklem1vi3j5fejqg,4000,2,0.7709394405,8
1537419600,Prod-EcsStagingCluster-EcsCluster-1AAGQRFIOE9AE,Service_beiakklem1vi3j5fejqg,4000,2,0.4087172078,0
1537383420,Prod-EcsStagingCluster-EcsCluster-1AAGQRFIOE9AE,Service_beiakklem1vi3j5fejqg,4000,2,0.0137065956,1
1537389780,Prod-EcsStagingCluster-EcsCluster-1AAGQRFIOE9AE,Service_beiakklem1vi3j5fejqg,4000,2,0.3391615376,1
1537366380,Prod-EcsStagingCluster-EcsCluster-1AAGQRFIOE9AE,Service_beiakklem1vi3j5fejqg,4000,2,0.3309610220,0
1537426800,Prod-EcsStagingCluster-EcsCluster-1AAGQRFIOE9AE,Service_beiakklem1vi3j5fejqg,4000,2,0.4147385673,0
1537417260,Prod-EcsStagingCluster-EcsCluster-1AAGQRFIOE9AE,Service_beiakklem1vi3j5fejqg,4000,2,0.2889177701,0
1537363080,Prod-EcsStagingCluster-EcsCluster-1AAGQRFIOE9AE,Service_beiakklem1vi3j5fejqg,4000,2,0.0159371856,0
1537413960,Prod-EcsStagingCluster-EcsCluster-1AAGQRFIOE9AE,Service_beiakklem1vi3j5fejqg,4000,2,0.2756283713,6
1537391700,Prod-EcsStagingCluster-EcsCluster-1AAGQRFIOE9AE,Service_beiakklem1vi3j5fejqg,4000,2,0.0189377730,1
1537371480,Prod-EcsStagingCluster-EcsCluster-1AAGQRFIOE9AE,Service_beiakklem1vi3j5fejqg,4000,2,0.0193008226,5
1537346040,Prod-EcsStagingCluster-EcsCluster-1AAGQRFIOE9AE,Service_beiakklem1vi3j5fejqg,4000,2,0.1989527603,0
1537396920,Prod-EcsStagingCluster-EcsCluster-1AAGQRFIOE9AE,Service_beiakklem1vi3j5fejqg,4000,2,0.3051470393,3
1537422360,Prod-EcsStagingCluster-EcsCluster-1AAGQRFIOE9AE,Service_beiakklem1vi3j5fejqg,4000,2,0.8442896172,9
1537391580,Prod-EcsStagingCluster-EcsCluster-1AAGQRFIOE9AE,Service_beiakklem1vi3j5fejqg,4000,2,0.1284441303,0
1537375680,Prod-EcsStagingCluster-EcsCluster-1AAGQRFIOE9AE,Service_beiakklem1vi3j5fejqg,4000,2,0.0194505300,6
1537374540,Prod-EcsStagingCluster-EcsCluster-1AAGQRFIOE9AE,Service_beiakklem1vi3j5fejqg,4000,2,0.0192304385,5
1537426560,Prod-EcsStagingCluster-EcsCluster-1AAGQRFIOE9AE,Service_beiakklem1vi3j5fejqg,4000,2,0.2594600207,0
1537425420,Prod-EcsStagingCluster-EcsCluster-1AAGQRFIOE9AE,Service_beiakklem1vi3j5fejqg,4000,2,0.1126711345,0
1537348980,Prod-EcsStagingCluster-EcsCluster-1AAGQRFIOE9AE,Service_beiakklem1vi3j5fejqg,4000,2,0.4576649503,12
1537371240,Prod-EcsStagingCluster-EcsCluster-1AAGQRFIOE9AE,Service_beiakklem1vi3j5fejqg,4000,2,0.0199331160,0
1537422120,Prod-EcsStagingCluster-EcsCluster-1AAGQRFIOE9AE,Service_beiakklem1vi3j5fejqg,4000,2,0.7968334225,0
1537399860,Prod-EcsStagingCluster-EcsCluster-1AAGQRFIOE9AE,Service_beiakklem1vi3j5fejqg,4000,2,0.3329223700,0
1537357380,Prod-EcsStagingCluster-EcsCluster-1AAGQRFIOE9AE,Service_beiakklem1vi3j5fejqg,4000,2,0.1806964011,0
1537408260,Prod-EcsStagingCluster-EcsCluster-1AAGQRFIOE9AE,Service_beiakklem1vi3j5fejqg,4000,2,0.7587981985,11
1537348860,Prod-EcsStagingCluster-EcsCluster-1AAGQRFIOE9AE,Service_beiakklem1vi3j5fejqg,4000,2,0.1789990633,1
1537382820,Prod-EcsStagingCluster-EcsCluster-1AAGQRFIOE9AE,Service_beiakklem1vi3j5fejqg,4000,2,0.0183863070,0
1537399740,Prod-EcsStagingCluster-EcsCluster-1AAGQRFIOE9AE,Service_beiakklem1vi3j5fejqg,4000,2,0.3980688394,5
1537355160,Prod-EcsStagingCluster-EcsCluster-1AAGQRFIOE9AE,Service_beiakklem1vi3j5fejqg,4000,2,0.0165235383,0
1537380600,Prod-EcsStagingCluster-EcsCluster-1AAGQRFIOE9AE,Service_beiakklem1vi3j5fejqg,4000,2,0.0148380381,2
1537406040,Prod-EcsStagingCluster-EcsCluster-1AAGQRFIOE9AE,Service_beiakklem1vi3j5fejqg,4000,2,0.4347627137,2
1537359360,Prod-EcsStagingCluster-EcsCluster-1AAGQRFIOE9AE,Service_beiakklem1vi3j5fejqg,4000,2,0.0185029133,0
1537382700,Prod-EcsStagingCluster-EcsCluster-1AAGQRFIOE9AE,Service_beiakklem1vi3j5fejqg,4000,2,0.0182826168,14
1537431480,Prod-EcsStagingCluster-EcsCluster-1AAGQRFIOE9AE,Service_beiakklem1vi3j5fejqg,4000,2,0.0749753412,1
1537410240,Prod-EcsStagingCluster-EcsCluster-1AAGQRFIOE9AE,Service_beiakklem1vi3j5fejqg,4000,2,0.6682769263,0
1537357140,Prod-EcsStagingCluster-EcsCluster-1AAGQRFIOE9AE,Service_beiakklem1vi3j5fejqg,4000,2,0.0164995391,6
1537408020,Prod-EcsStagingCluster-EcsCluster-1AAGQRFIOE9AE,Service_beiakklem1vi3j5fejqg,4000,2,0.2380012893,0
1537357020,Prod-EcsStagingCluster-EcsCluster-1AAGQRFIOE9AE,Service_beiakklem1vi3j5fejqg,4000,2,0.0160907856,1
1537354920,Prod-EcsStagingCluster-EcsCluster-1AAGQRFIOE9AE,Service_beiakklem1vi3j5fejqg,4000,2,0.0166583364,8
1537407900,Prod-EcsStagingCluster-EcsCluster-1AAGQRFIOE9AE,Service_beiakklem1vi3j5fejqg,4000,2,0.1987677190,0
1537405800,Prod-EcsStagingCluster-EcsCluster-1AAGQRFIOE9AE,Service_beiakklem1vi3j5fejqg,4000,2,0.2281683948,0
1537390860,Prod-EcsStagingCluster-EcsCluster-1AAGQRFIOE9AE,Service_beiakklem1vi3j5fejqg,4000,2,0.0189267137,0
1537367520,Prod-EcsStagingCluster-EcsCluster-1AAGQRFIOE9AE,Service_beiakklem1vi3j5fejqg,4000,2,0.0188129879,2
1537418400,Prod-EcsStagingCluster-EcsCluster-1AAGQRFIOE9AE,Service_beiakklem1vi3j5fejqg,4000,2,0.5018060074,5
1537375920,Prod-EcsStagingCluster-EcsCluster-1AAGQRFIOE9AE,Service_beiakklem1vi3j5fejqg,4000,2,0.0249764042,10
1537350480,Prod-EcsStagingCluster-EcsCluster-1AAGQRFIOE9AE,Service_beiakklem1vi3j5fejqg,4000,2,0.5179492750,4
1537401360,Prod-EcsStagingCluster-EcsCluster-1AAGQRFIOE9AE,Service_beiakklem1vi3j5fejqg,4000,2,0.2532271132,0
1537365300,Prod-EcsStagingCluster-EcsCluster-1AAGQRFIOE9AE,Service_beiakklem1vi3j5fejqg,4000,2,0.0166659625,0
1537421520,Prod-EcsStagingCluster-EcsCluster-1AAGQRFIOE9AE,Service_beiakklem1vi3j5fejqg,4000,2,0.5599918688,0
1537349280,Prod-EcsStagingCluster-EcsCluster-1AAGQRFIOE9AE,Service_beiakklem1vi3j5fejqg,4000,2,0.2292329792,7
1537393800,Prod-EcsStagingCluster-EcsCluster-1AAGQRFIOE9AE,Service_beiakklem1vi3j5fejqg,4000,2,0.0196629089,6
1537371540,Prod-EcsStagingCluster-EcsCluster-1AAGQRFIOE9AE,Service_beiakklem1vi3j5fejqg,4000,2,0.0199219345,1
1537422420,Prod-EcsStagingCluster-EcsCluster-1AAGQRFIOE9AE,Service_beiakklem1vi3j5fejqg,4000,2,0.2798755344,0
1537348140,Prod-EcsStagingCluster-EcsCluster-1AAGQRFIOE9AE,Service_beiakklem1vi3j5fejqg,4000,2,0.0283161936,0
1537400160,Prod-EcsStagingCluster-EcsCluster-1AAGQRFIOE9AE,Service_beiakklem1vi3j5fejqg,4000,2,0.3578116103,0
1537360860,Prod-EcsStagingCluster-EcsCluster-1AAGQRFIOE9AE,Service_beiakklem1vi3j5fejqg,4000,2,0.0183967938,5
1537411740,Prod-EcsStagingCluster-EcsCluster-1AAGQRFIOE9AE,Service_beiakklem1vi3j5fejqg,4000,2,0.3091685124,1
1537399020,Prod-EcsStagingCluster-EcsCluster-1AAGQRFIOE9AE,Service_beiakklem1vi3j5fejqg,4000,2,0.0199568357,1
1537350180,Prod-EcsStagingCluster-EcsCluster-1AAGQRFIOE9AE,Service_beiakklem1vi3j5fejqg,4000,2,0.0885292006,3
1537401060,Prod-EcsStagingCluster-EcsCluster-1AAGQRFIOE9AE,Service_beiakklem1vi3j5fejqg,4000,2,0.4641817616,6
1537375620,Prod-EcsStagingCluster-EcsCluster-1AAGQRFIOE9AE,Service_beiakklem1vi3j5fejqg,4000,2,0.0190835506,10
1537426500,Prod-EcsStagingCluster-EcsCluster-1AAGQRFIOE9AE,Service_beiakklem1vi3j5fejqg,4000,2,0.8797680094,3
1537379700,Prod-EcsStagingCluster-EcsCluster-1AAGQRFIOE9AE,Service_beiakklem1vi3j5fejqg,4000,2,0.0171965931,0
1537351080,Prod-EcsStagingCluster-EcsCluster-1AAGQRFIOE9AE,Service_beiakklem1vi3j5fejqg,4000,2,0.3876396918,0
1537357440,Prod-EcsStagingCluster-EcsCluster-1AAGQRFIOE9AE,Service_beiakklem1vi3j5fejqg,4000,2,0.0133392895,0
1537401960,Prod-EcsStagingCluster-EcsCluster-1AAGQRFIOE9AE,Service_beiakklem1vi3j5fejqg,4000,2,0.2452522676,0
1537430580,Prod-EcsStagingCluster-EcsCluster-1AAGQRFIOE9AE,Service_beiakklem1vi3j5fejqg,4000,2,0.1315458192,4
1537356300,Prod-EcsStagingCluster-EcsCluster-1AAGQRFIOE9AE,Service_beiakklem1vi3j5fejqg,4000,2,0.0170752216,0
1537408320,Prod-EcsStagingCluster-EcsCluster-1AAGQRFIOE9AE,Service_beiakklem1vi3j5fejqg,4000,2,0.3088908436,0
1537369020,Prod-EcsStagingCluster-EcsCluster-1AAGQRFIOE9AE,Service_beiakklem1vi3j5fejqg,4000,2,0.0167317246,4
1537419900,Prod-EcsStagingCluster-EcsCluster-1AAGQRFIOE9AE,Service_beiakklem1vi3j5fejqg,4000,2,0.3353118864,4
1537407180,Prod-EcsStagingCluster-EcsCluster-1AAGQRFIOE9AE,Service_beiakklem1vi3j5fejqg,4000,2,0.5183249495,0
1537383840,Prod-EcsStagingCluster-EcsCluster-1AAGQRFIOE9AE,Service_beiakklem1vi3j5fejqg,4000,2,0.0163370071,0
1537428360,Prod-EcsStagingCluster-EcsCluster-1AAGQRFIOE9AE,Service_beiakklem1vi3j5fejqg,4000,2,0.3159390987,0
1537387860,Prod-EcsStagingCluster-EcsCluster-1AAGQRFIOE9AE,Service_beiakklem1vi3j5fejqg,4000,2,0.0184473191,7
1537364460,Prod-EcsStagingCluster-EcsCluster-1AAGQRFIOE9AE,Service_beiakklem1vi3j5fejqg,4000,2,0.0161622134,14
1537377180,Prod-EcsStagingCluster-EcsCluster-1AAGQRFIOE9AE,Service_beiakklem1vi3j5fejqg,4000,2,0.2285218288,9
1537385640,Prod-EcsStagingCluster-EcsCluster-1AAGQRFIOE9AE,Service_beiakklem1vi3j5fejqg,4000,2,0.0190093751,5
1537428060,Prod-EcsStagingCluster-EcsCluster-1AAGQRFIOE9AE,Service_beiakklem1vi3j5fejqg,4000,2,0.3989880597,0
1537392000,Prod-EcsStagingCluster-EcsCluster-1AAGQRFIOE9AE,Service_beiakklem1vi3j5fejqg,4000,2,0.0201657302,12
1537415340,Prod-EcsStagingCluster-EcsCluster-1AAGQRFIOE9AE,Service_beiakklem1vi3j5fejqg,4000,2,0.7777836834,0
1537391940,Prod-EcsStagingCluster-EcsCluster-1AAGQRFIOE9AE,Service_beiakklem1vi3j5fejqg,4000,2,0.0201519244,4
1537366500,Prod-EcsStagingCluster-EcsCluster-1AAGQRFIOE9AE,Service_beiakklem1vi3j5fejqg,4000,2,0.0132956757,0
1537417380,Prod-EcsStagingCluster-EcsCluster-1AAGQRFIOE9AE,Service_beiakklem1vi3j5fejqg,4000,2,0.1896467402,1
1537389720,Prod-EcsStagingCluster-EcsCluster-1AAGQRFIOE9AE,Service_beiakklem1vi3j5fejqg,4000,2,0.0190746857,0
1537364280,Prod-EcsStagingCluster-EcsCluster-1AAGQRFIOE9AE,Service_beiakklem1vi3j5fejqg,4000,2,0.0188327119,3
1537370640,Prod-EcsStagingCluster-EcsCluster-1AAGQRFIOE9AE,Service_beiakklem1vi3j5fejqg,4000,2,0.0145673319,0
1537415160,Prod-EcsStagingCluster-EcsCluster-1AAGQRFIOE9AE,Service_beiakklem1vi3j5fejqg,4000,2,0.2876806832,0
1537396080,Prod-EcsStagingCluster-EcsCluster-1AAGQRFIOE9AE,Service_beiakklem1vi3j5fejqg,4000,2,0.0220924765,0
1537373760,Prod-EcsStagingCluster-EcsCluster-1AAGQRFIOE9AE,Service_beiakklem1vi3j5fejqg,4000,2,0.0147019859,1
1537424640,Prod-EcsStagingCluster-EcsCluster-1AAGQRFIOE9AE,Service_beiakklem1vi3j5fejqg,4000,2,0.5757172585,7
1537393860,Prod-EcsStagingCluster-EcsCluster-1AAGQRFIOE9AE,Service_beiakklem1vi3j5fejqg,4000,2,0.0198842776,6
1537368420,Prod-EcsStagingCluster-EcsCluster-1AAGQRFIOE9AE,Service_beiakklem1vi3j5fejqg,4000,2,0.0185465818,4
1537419300,Prod-EcsStagingCluster-EcsCluster-1AAGQRFIOE9AE,Service_beiakklem1vi3j5fejqg,4000,2,0.3180172608,0
1537372620,Prod-EcsStagingCluster-EcsCluster-1AAGQRFIOE9AE,Service_beiakklem1vi3j5fejqg,4000,2,0.0162496690,8
1537385340,Prod-EcsStagingCluster-EcsCluster-1AAGQRFIOE9AE,Service_beiakklem1vi3j5fejqg,4000,2,0.0187573683,0
1537423500,Prod-EcsStagingCluster-EcsCluster-1AAGQRFIOE9AE,Service_beiakklem1vi3j5fejqg,4000,2,0.4440791013,3
1537352400,Prod-EcsStagingCluster-EcsCluster-1AAGQRFIOE9AE,Service_beiakklem1vi3j5fejqg,4000,2,0.0289514032,0
1537347060,Prod-EcsStagingCluster-EcsCluster-1AAGQRFIOE9AE,Service_beiakklem1vi3j5fejqg,4000,2,0.0238949649,0
1537377840,Prod-EcsStagingCluster-EcsCluster-1AAGQRFIOE9AE,Service_beiakklem1vi3j5fejqg,4000,2,0.0189966149,10
1537397940,Prod-EcsStagingCluster-EcsCluster-1AAGQRFIOE9AE,Service_beiakklem1vi3j5fejqg,4000,2,0.4103468372,0
1537428720,Prod-EcsStagingCluster-EcsCluster-1AAGQRFIOE9AE,Service_beiakklem1vi3j5fejqg,4000,2,0.2017068424,0
1537403280,Prod-EcsStagingCluster-EcsCluster-1AAGQRFIOE9AE,Service_beiakklem1vi3j5fejqg,4000,2,0.2826826958,0
1537369320,Prod-EcsStagingCluster-EcsCluster-1AAGQRFIOE9AE,Service_beiakklem1vi3j5fejqg,4000,2,0.0169615141,0
1537420200,Prod-EcsStagingCluster-EcsCluster-1AAGQRFIOE9AE,Service_beiakklem1vi3j5fejqg,4000,2,0.1813743335,6
1537373400,Prod-EcsStagingCluster-EcsCluster-1AAGQRFIOE9AE,Service_beiakklem1vi3j5fejqg,4000,2,0.0175732431,0
1537347960,Prod-EcsStagingCluster-EcsCluster-1AAGQRFIOE9AE,Service_beiakklem1vi3j5fejqg,4000,2,0.0257549177,0
1537381920,Prod-EcsStagingCluster-EcsCluster-1AAGQRFIOE9AE,Service_beiakklem1vi3j5fejqg,4000,2,0.0215233069,0
1537398840,Prod-EcsStagingCluster-EcsCluster-1AAGQRFIOE9AE,Service_beiakklem1vi3j5fejqg,4000,2,0.0302704281,6
1537424280,Prod-EcsStagingCluster-EcsCluster-1AAGQRFIOE9AE,Service_beiakklem1vi3j5fejqg,4000,2,0.4702290314,5
1537393500,Prod-EcsStagingCluster-EcsCluster-1AAGQRFIOE9AE,Service_beiakklem1vi3j5fejqg,4000,2,0.0198211234,0
1537380780,Prod-EcsStagingCluster-EcsCluster-1AAGQRFIOE9AE,Service_beiakklem1vi3j5fejqg,4000,2,0.2795251943,4
1537431660,Prod-EcsStagingCluster-EcsCluster-1AAGQRFIOE9AE,Service_beiakklem1vi3j5fejqg,4000,2,0.0254386176,3
1537377480,Prod-EcsStagingCluster-EcsCluster-1AAGQRFIOE9AE,Service_beiakklem1vi3j5fejqg,4000,2,0.0190562368,0
1537355220,Prod-EcsStagingCluster-EcsCluster-1AAGQRFIOE9AE,Service_beiakklem1vi3j5fejqg,4000,2,0.0162220189,0
1537406100,Prod-EcsStagingCluster-EcsCluster-1AAGQRFIOE9AE,Service_beiakklem1vi3j5fejqg,4000,2,0.7022395730,8
1537361520,Prod-EcsStagingCluster-EcsCluster-1AAGQRFIOE9AE,Service_beiakklem1vi3j5fejqg,4000,2,0.0162727501,1
1537412400,Prod-EcsStagingCluster-EcsCluster-1AAGQRFIOE9AE,Service_beiakklem1vi3j5fejqg,4000,2,0.3944101057,0
1537353000,Prod-EcsStagingCluster-EcsCluster-1AAGQRFIOE9AE,Service_beiakklem1vi3j5fejqg,4000,2,0.0211934760,10
1537386960,Prod-EcsStagingCluster-EcsCluster-1AAGQRFIOE9AE,Service_beiakklem1vi3j5fejqg,4000,2,0.0134682302,7
1537403880,Prod-EcsStagingCluster-EcsCluster-1AAGQRFIOE9AE,Service_beiakklem1vi3j5fejqg,4000,2,0.6060492894,0
1537359300,Prod-EcsStagingCluster-EcsCluster-1AAGQRFIOE9AE,Service_beiakklem1vi3j5fejqg,4000,2,0.0184018395,0
1537410180,Prod-EcsStagingCluster-EcsCluster-1AAGQRFIOE9AE,Service_beiakklem1vi3j5fejqg,4000,2,0.7334130659,1
1537350780,Prod-EcsStagingCluster-EcsCluster-1AAGQRFIOE9AE,Service_beiakklem1vi3j5fejqg,4000,2,0.7233860296,0
1537384740,Prod-EcsStagingCluster-EcsCluster-1AAGQRFIOE9AE,Service_beiakklem1vi3j5fejqg,4000,2,0.0182814943,9
1537401660,Prod-EcsStagingCluster-EcsCluster-1AAGQRFIOE9AE,Service_beiakklem1vi3j5fejqg,4000,2,0.3958951766,0
1537388940,Prod-EcsStagingCluster-EcsCluster-1AAGQRFIOE9AE,Service_beiakklem1vi3j5fejqg,4000,2,0.0181688996,5
1537365600,Prod-EcsStagingCluster-EcsCluster-1AAGQRFIOE9AE,Service_beiakklem1vi3j5fejqg,4000,2,0.0177212805,0
1537416480,Prod-EcsStagingCluster-EcsCluster-1AAGQRFIOE9AE,Service_beiakklem1vi3j5fejqg,4000,2,0.2835933087,6
1537357080,Prod-EcsStagingCluster-EcsCluster-1AAGQRFIOE9AE,Service_beiakklem1vi3j5fejqg,4000,2,0.3525292813,6
1537407960,Prod-EcsStagingCluster-EcsCluster-1AAGQRFIOE9AE,Service_beiakklem1vi3j5fejqg,4000,2,0.7585983786,6
1537382520,Prod-EcsStagingCluster-EcsCluster-1AAGQRFIOE9AE,Service_beiakklem1vi3j5fejqg,4000,2,0.0289959702,0
1537363380,Prod-EcsStagingCluster-EcsCluster-1AAGQRFIOE9AE,Service_beiakklem1vi3j5fejqg,4000,2,0.4054922543,0
1537414260,Prod-EcsStagingCluster-EcsCluster-1AAGQRFIOE9AE,Service_beiakklem1vi3j5fejqg,4000,2,0.7845509539,0
1537361160,Prod-EcsStagingCluster-EcsCluster-1AAGQRFIOE9AE,Service_beiakklem1vi3j5fejqg,4000,2,0.0164309036,1
1537412040,Prod-EcsStagingCluster-EcsCluster-1AAGQRFIOE9AE,Service_beiakklem1vi3j5fejqg,4000,2,0.7339314682,0
1537346220,Prod-EcsStagingCluster-EcsCluster-1AAGQRFIOE9AE,Service_beiakklem1vi3j5fejqg,4000,2,0.0457788223,5
1537358940,Prod-EcsStagingCluster-EcsCluster-1AAGQRFIOE9AE,Service_beiakklem1vi3j5fejqg,4000,2,0.0158274163,10
1537397100,Prod-EcsStagingCluster-EcsCluster-1AAGQRFIOE9AE,Service_beiakklem1vi3j5fejqg,4000,2,0.0729239028,1
1537360980,Prod-EcsStagingCluster-EcsCluster-1AAGQRFIOE9AE,Service_beiakklem1vi3j5fejqg,4000,2,0.1824754370,0
1537425720,Prod-EcsStagingCluster-EcsCluster-1AAGQRFIOE9AE,Service_beiakklem1vi3j5fejqg,4000,2,0.0520893328,0
1537354620,Prod-EcsStagingCluster-EcsCluster-1AAGQRFIOE9AE,Service_beiakklem1vi3j5fejqg,4000,2,0.0168615001,0
1537411860,Prod-EcsStagingCluster-EcsCluster-1AAGQRFIOE9AE,Service_beiakklem1vi3j5fejqg,4000,2,0.7180546769,4
1537405500,Prod-EcsStagingCluster-EcsCluster-1AAGQRFIOE9AE,Service_beiakklem1vi3j5fejqg,4000,2,0.1790512246,0
1537347120,Prod-EcsStagingCluster-EcsCluster-1AAGQRFIOE9AE,Service_beiakklem1vi3j5fejqg,4000,2,0.0238311997,0
1537391640,Prod-EcsStagingCluster-EcsCluster-1AAGQRFIOE9AE,Service_beiakklem1vi3j5fejqg,4000,2,0.0193306826,0
1537398000,Prod-EcsStagingCluster-EcsCluster-1AAGQRFIOE9AE,Service_beiakklem1vi3j5fejqg,4000,2,0.0259728375,0
1537371420,Prod-EcsStagingCluster-EcsCluster-1AAGQRFIOE9AE,Service_beiakklem1vi3j5fejqg,4000,2,0.0189898140,2
1537377780,Prod-EcsStagingCluster-EcsCluster-1AAGQRFIOE9AE,Service_beiakklem1vi3j5fejqg,4000,2,0.2682296813,6
1537428660,Prod-EcsStagingCluster-EcsCluster-1AAGQRFIOE9AE,Service_beiakklem1vi3j5fejqg,4000,2,0.0534018822,1
1537360740,Prod-EcsStagingCluster-EcsCluster-1AAGQRFIOE9AE,Service_beiakklem1vi3j5fejqg,4000,2,0.0183621140,4
1537422300,Prod-EcsStagingCluster-EcsCluster-1AAGQRFIOE9AE,Service_beiakklem1vi3j5fejqg,4000,2,0.3193919838,4
1537411620,Prod-EcsStagingCluster-EcsCluster-1AAGQRFIOE9AE,Service_beiakklem1vi3j5fejqg,4000,2,0.2586912652,0
1537346880,Prod-EcsStagingCluster-EcsCluster-1AAGQRFIOE9AE,Service_beiakklem1vi3j5fejqg,4000,2,0.1562603590,0
1537397760,Prod-EcsStagingCluster-EcsCluster-1AAGQRFIOE9AE,Service_beiakklem1vi3j5fejqg,4000,2,0.0280127560,1
1537391400,Prod-EcsStagingCluster-EcsCluster-1AAGQRFIOE9AE,Service_beiakklem1vi3j5fejqg,4000,2,0.0194307671,0
1537345740,Prod-EcsStagingCluster-EcsCluster-1AAGQRFIOE9AE,Service_beiakklem1vi3j5fejqg,4000,2,0.1598012863,8
1537396620,Prod-EcsStagingCluster-EcsCluster-1AAGQRFIOE9AE,Service_beiakklem1vi3j5fejqg,4000,2,0.0196667627,2
1537377540,Prod-EcsStagingCluster-EcsCluster-1AAGQRFIOE9AE,Service_beiakklem1vi3j5fejqg,4000,2,0.0166357690,1
1537428420,Prod-EcsStagingCluster-EcsCluster-1AAGQRFIOE9AE,Service_beiakklem1vi3j5fejqg,4000,2,0.1609197459,4
1537357320,Prod-EcsStagingCluster-EcsCluster-1AAGQRFIOE9AE,Service_beiakklem1vi3j5fejqg,4000,2,0.0164492493,0
1537375320,Prod-EcsStagingCluster-EcsCluster-1AAGQRFIOE9AE,Service_beiakklem1vi3j5fejqg,4000,2,0.0263800683,0
1537381680,Prod-EcsStagingCluster-EcsCluster-1AAGQRFIOE9AE,Service_beiakklem1vi3j5fejqg,4000,2,0.0186963050,0
1537426200,Prod-EcsStagingCluster-EcsCluster-1AAGQRFIOE9AE,Service_beiakklem1vi3j5fejqg,4000,2,0.1152329628,3
1537362540,Prod-EcsStagingCluster-EcsCluster-1AAGQRFIOE9AE,Service_beiakklem1vi3j5fejqg,4000,2,0.0162403801,5
1537413420,Prod-EcsStagingCluster-EcsCluster-1AAGQRFIOE9AE,Service_beiakklem1vi3j5fejqg,4000,2,0.5361130282,9
1537370940,Prod-EcsStagingCluster-EcsCluster-1AAGQRFIOE9AE,Service_beiakklem1vi3j5fejqg,4000,2,0.0187474310,1
1537377300,Prod-EcsStagingCluster-EcsCluster-1AAGQRFIOE9AE,Service_beiakklem1vi3j5fejqg,4000,2,0.0166877260,0
1537421820,Prod-EcsStagingCluster-EcsCluster-1AAGQRFIOE9AE,Service_beiakklem1vi3j5fejqg,4000,2,0.6096936534,5
1537428180,Prod-EcsStagingCluster-EcsCluster-1AAGQRFIOE9AE,Service_beiakklem1vi3j5fejqg,4000,2,0.1112111140,0
1537381440,Prod-EcsStagingCluster-EcsCluster-1AAGQRFIOE9AE,Service_beiakklem1vi3j5fejqg,4000,2,0.0184251352,0
1537375080,Prod-EcsStagingCluster-EcsCluster-1AAGQRFIOE9AE,Service_beiakklem1vi3j5fejqg,4000,2,0.0195111578,7
1537394100,Prod-EcsStagingCluster-EcsCluster-1AAGQRFIOE9AE,Service_beiakklem1vi3j5fejqg,4000,2,0.0203816351,2
1537387740,Prod-EcsStagingCluster-EcsCluster-1AAGQRFIOE9AE,Service_beiakklem1vi3j5fejqg,4000,2,0.0184504527,0
1537425960,Prod-EcsStagingCluster-EcsCluster-1AAGQRFIOE9AE,Service_beiakklem1vi3j5fejqg,4000,2,0.0605053911,0
1537377060,Prod-EcsStagingCluster-EcsCluster-1AAGQRFIOE9AE,Service_beiakklem1vi3j5fejqg,4000,2,0.0167733853,8
1537347360,Prod-EcsStagingCluster-EcsCluster-1AAGQRFIOE9AE,Service_beiakklem1vi3j5fejqg,4000,2,0.0251343263,7
1537391880,Prod-EcsStagingCluster-EcsCluster-1AAGQRFIOE9AE,Service_beiakklem1vi3j5fejqg,4000,2,0.0200257963,2
1537398240,Prod-EcsStagingCluster-EcsCluster-1AAGQRFIOE9AE,Service_beiakklem1vi3j5fejqg,4000,2,0.1138826875,0
1537427940,Prod-EcsStagingCluster-EcsCluster-1AAGQRFIOE9AE,Service_beiakklem1vi3j5fejqg,4000,2,0.8025929934,4
1537374840,Prod-EcsStagingCluster-EcsCluster-1AAGQRFIOE9AE,Service_beiakklem1vi3j5fejqg,4000,2,0.0200264655,7
1537381200,Prod-EcsStagingCluster-EcsCluster-1AAGQRFIOE9AE,Service_beiakklem1vi3j5fejqg,4000,2,0.0184836277,0
1537396020,Prod-EcsStagingCluster-EcsCluster-1AAGQRFIOE9AE,Service_beiakklem1vi3j5fejqg,4000,2,0.0199589416,0
1537414080,Prod-EcsStagingCluster-EcsCluster-1AAGQRFIOE9AE,Service_beiakklem1vi3j5fejqg,4000,2,0.1949257828,3
1537362060,Prod-EcsStagingCluster-EcsCluster-1AAGQRFIOE9AE,Service_beiakklem1vi3j5fejqg,4000,2,0.0177744782,0
1537412940,Prod-EcsStagingCluster-EcsCluster-1AAGQRFIOE9AE,Service_beiakklem1vi3j5fejqg,4000,2,0.3367366295,6
1537378980,Prod-EcsStagingCluster-EcsCluster-1AAGQRFIOE9AE,Service_beiakklem1vi3j5fejqg,4000,2,0.2266321928,0
1537380000,Prod-EcsStagingCluster-EcsCluster-1AAGQRFIOE9AE,Service_beiakklem1vi3j5fejqg,4000,2,0.0176339424,2
1537429860,Prod-EcsStagingCluster-EcsCluster-1AAGQRFIOE9AE,Service_beiakklem1vi3j5fejqg,4000,2,0.0990855408,7
1537358760,Prod-EcsStagingCluster-EcsCluster-1AAGQRFIOE9AE,Service_beiakklem1vi3j5fejqg,4000,2,0.0158893876,5
1537430880,Prod-EcsStagingCluster-EcsCluster-1AAGQRFIOE9AE,Service_beiakklem1vi3j5fejqg,4000,2,0.0234054899,3
1537362960,Prod-EcsStagingCluster-EcsCluster-1AAGQRFIOE9AE,Service_beiakklem1vi3j5fejqg,4000,2,0.0164231341,4
1537409640,Prod-EcsStagingCluster-EcsCluster-1AAGQRFIOE9AE,Service_beiakklem1vi3j5fejqg,4000,2,0.2252331348,0
1537378860,Prod-EcsStagingCluster-EcsCluster-1AAGQRFIOE9AE,Service_beiakklem1vi3j5fejqg,4000,2,0.0195786998,1
1537429740,Prod-EcsStagingCluster-EcsCluster-1AAGQRFIOE9AE,Service_beiakklem1vi3j5fejqg,4000,2,0.4594325531,0
1537413840,Prod-EcsStagingCluster-EcsCluster-1AAGQRFIOE9AE,Service_beiakklem1vi3j5fejqg,4000,2,0.2183436732,5
1537395780,Prod-EcsStagingCluster-EcsCluster-1AAGQRFIOE9AE,Service_beiakklem1vi3j5fejqg,4000,2,0.0480689028,4
1537375560,Prod-EcsStagingCluster-EcsCluster-1AAGQRFIOE9AE,Service_beiakklem1vi3j5fejqg,4000,2,0.0194316927,0
1537387260,Prod-EcsStagingCluster-EcsCluster-1AAGQRFIOE9AE,Service_beiakklem1vi3j5fejqg,4000,2,0.0188058253,11
1537426440,Prod-EcsStagingCluster-EcsCluster-1AAGQRFIOE9AE,Service_beiakklem1vi3j5fejqg,4000,2,0.3221525490,1
1537358520,Prod-EcsStagingCluster-EcsCluster-1AAGQRFIOE9AE,Service_beiakklem1vi3j5fejqg,4000,2,0.0169593993,0
1537379760,Prod-EcsStagingCluster-EcsCluster-1AAGQRFIOE9AE,Service_beiakklem1vi3j5fejqg,4000,2,0.0143238342,0
1537430640,Prod-EcsStagingCluster-EcsCluster-1AAGQRFIOE9AE,Service_beiakklem1vi3j5fejqg,4000,2,0.8014526819,8
1537353180,Prod-EcsStagingCluster-EcsCluster-1AAGQRFIOE9AE,Service_beiakklem1vi3j5fejqg,4000,2,0.2415048195,0
1537409400,Prod-EcsStagingCluster-EcsCluster-1AAGQRFIOE9AE,Service_beiakklem1vi3j5fejqg,4000,2,0.8031244772,5
1537404060,Prod-EcsStagingCluster-EcsCluster-1AAGQRFIOE9AE,Service_beiakklem1vi3j5fejqg,4000,2,0.4973711935,7
1537395540,Prod-EcsStagingCluster-EcsCluster-1AAGQRFIOE9AE,Service_beiakklem1vi3j5fejqg,4000,2,0.0200286415,7
1537363680,Prod-EcsStagingCluster-EcsCluster-1AAGQRFIOE9AE,Service_beiakklem1vi3j5fejqg,4000,2,0.0137831309,0
1537414560,Prod-EcsStagingCluster-EcsCluster-1AAGQRFIOE9AE,Service_beiakklem1vi3j5fejqg,4000,2,0.0881098169,0
1537393320,Prod-EcsStagingCluster-EcsCluster-1AAGQRFIOE9AE,Service_beiakklem1vi3j5fejqg,4000,2,0.1919492716,1
1537346640,Prod-EcsStagingCluster-EcsCluster-1AAGQRFIOE9AE,Service_beiakklem1vi3j5fejqg,4000,2,0.1346106436,4
1537397520,Prod-EcsStagingCluster-EcsCluster-1AAGQRFIOE9AE,Service_beiakklem1vi3j5fejqg,4000,2,0.0533839734,0
1537361460,Prod-EcsStagingCluster-EcsCluster-1AAGQRFIOE9AE,Service_beiakklem1vi3j5fejqg,4000,2,0.0168557625,0
1537412340,Prod-EcsStagingCluster-EcsCluster-1AAGQRFIOE9AE,Service_beiakklem1vi3j5fejqg,4000,2,0.3758824060,1
1537378380,Prod-EcsStagingCluster-EcsCluster-1AAGQRFIOE9AE,Service_beiakklem1vi3j5fejqg,4000,2,0.3449282758,7
1537359240,Prod-EcsStagingCluster-EcsCluster-1AAGQRFIOE9AE,Service_beiakklem1vi3j5fejqg,4000,2,0.0177602763,1
1537395300,Prod-EcsStagingCluster-EcsCluster-1AAGQRFIOE9AE,Service_beiakklem1vi3j5fejqg,4000,2,0.0177477345,0
1537429260,Prod-EcsStagingCluster-EcsCluster-1AAGQRFIOE9AE,Service_beiakklem1vi3j5fejqg,4000,2,0.3185871934,2
1537410120,Prod-EcsStagingCluster-EcsCluster-1AAGQRFIOE9AE,Service_beiakklem1vi3j5fejqg,4000,2,0.4306858719,0
1537363440,Prod-EcsStagingCluster-EcsCluster-1AAGQRFIOE9AE,Service_beiakklem1vi3j5fejqg,4000,2,0.0162316393,1
1537393080,Prod-EcsStagingCluster-EcsCluster-1AAGQRFIOE9AE,Service_beiakklem1vi3j5fejqg,4000,2,0.0192071465,6
1537414320,Prod-EcsStagingCluster-EcsCluster-1AAGQRFIOE9AE,Service_beiakklem1vi3j5fejqg,4000,2,0.2821191065,0
1537395180,Prod-EcsStagingCluster-EcsCluster-1AAGQRFIOE9AE,Service_beiakklem1vi3j5fejqg,4000,2,0.0987776536,0
1537361220,Prod-EcsStagingCluster-EcsCluster-1AAGQRFIOE9AE,Service_beiakklem1vi3j5fejqg,4000,2,0.0162095166,13
1537412100,Prod-EcsStagingCluster-EcsCluster-1AAGQRFIOE9AE,Service_beiakklem1vi3j5fejqg,4000,2,0.2467838726,5
1537352700,Prod-EcsStagingCluster-EcsCluster-1AAGQRFIOE9AE,Service_beiakklem1vi3j5fejqg,4000,2,0.0189727381,0
1537403580,Prod-EcsStagingCluster-EcsCluster-1AAGQRFIOE9AE,Service_beiakklem1vi3j5fejqg,4000,2,0.4626813780,4
1537359000,Prod-EcsStagingCluster-EcsCluster-1AAGQRFIOE9AE,Service_beiakklem1vi3j5fejqg,4000,2,0.0161958995,8
1537409880,Prod-EcsStagingCluster-EcsCluster-1AAGQRFIOE9AE,Service_beiakklem1vi3j5fejqg,4000,2,0.8653427242,7
1537363200,Prod-EcsStagingCluster-EcsCluster-1AAGQRFIOE9AE,Service_beiakklem1vi3j5fejqg,4000,2,0.0164791201,12
1537375860,Prod-EcsStagingCluster-EcsCluster-1AAGQRFIOE9AE,Service_beiakklem1vi3j5fejqg,4000,2,0.0193141123,0
1537363140,Prod-EcsStagingCluster-EcsCluster-1AAGQRFIOE9AE,Service_beiakklem1vi3j5fejqg,4000,2,0.0158123819,0
1537414020,Prod-EcsStagingCluster-EcsCluster-1AAGQRFIOE9AE,Service_beiakklem1vi3j5fejqg,4000,2,0.2108665305,1
1537426740,Prod-EcsStagingCluster-EcsCluster-1AAGQRFIOE9AE,Service_beiakklem1vi3j5fejqg,4000,2,0.3017196701,9
1537376760,Prod-EcsStagingCluster-EcsCluster-1AAGQRFIOE9AE,Service_beiakklem1vi3j5fejqg,4000,2,0.0180565012,2
1537383120,Prod-EcsStagingCluster-EcsCluster-1AAGQRFIOE9AE,Service_beiakklem1vi3j5fejqg,4000,2,0.0246811900,0
1537389480,Prod-EcsStagingCluster-EcsCluster-1AAGQRFIOE9AE,Service_beiakklem1vi3j5fejqg,4000,2,0.0162908093,0
1537395840,Prod-EcsStagingCluster-EcsCluster-1AAGQRFIOE9AE,Service_beiakklem1vi3j5fejqg,4000,2,0.0202367604,1
1537427640,Prod-EcsStagingCluster-EcsCluster-1AAGQRFIOE9AE,Service_beiakklem1vi3j5fejqg,4000,2,0.3252177162,3
1537356540,Prod-EcsStagingCluster-EcsCluster-1AAGQRFIOE9AE,Service_beiakklem1vi3j5fejqg,4000,2,0.0160691435,1
1537394700,Prod-EcsStagingCluster-EcsCluster-1AAGQRFIOE9AE,Service_beiakklem1vi3j5fejqg,4000,2,0.0198774445,5
1537349040,Prod-EcsStagingCluster-EcsCluster-1AAGQRFIOE9AE,Service_beiakklem1vi3j5fejqg,4000,2,0.2006763810,0
1537355400,Prod-EcsStagingCluster-EcsCluster-1AAGQRFIOE9AE,Service_beiakklem1vi3j5fejqg,4000,2,0.0161875573,0
1537361760,Prod-EcsStagingCluster-EcsCluster-1AAGQRFIOE9AE,Service_beiakklem1vi3j5fejqg,4000,2,0.0183481811,0
1537407420,Prod-EcsStagingCluster-EcsCluster-1AAGQRFIOE9AE,Service_beiakklem1vi3j5fejqg,4000,2,0.5205294227,0
1537412640,Prod-EcsStagingCluster-EcsCluster-1AAGQRFIOE9AE,Service_beiakklem1vi3j5fejqg,4000,2,0.1987240067,10
1537393560,Prod-EcsStagingCluster-EcsCluster-1AAGQRFIOE9AE,Service_beiakklem1vi3j5fejqg,4000,2,0.0198629434,12
1537399920,Prod-EcsStagingCluster-EcsCluster-1AAGQRFIOE9AE,Service_beiakklem1vi3j5fejqg,4000,2,0.5908658115,0
1537406280,Prod-EcsStagingCluster-EcsCluster-1AAGQRFIOE9AE,Service_beiakklem1vi3j5fejqg,4000,2,0.2527389081,0
1537373340,Prod-EcsStagingCluster-EcsCluster-1AAGQRFIOE9AE,Service_beiakklem1vi3j5fejqg,4000,2,0.0173044294,0
1537360620,Prod-EcsStagingCluster-EcsCluster-1AAGQRFIOE9AE,Service_beiakklem1vi3j5fejqg,4000,2,0.0183536849,1
1537362660,Prod-EcsStagingCluster-EcsCluster-1AAGQRFIOE9AE,Service_beiakklem1vi3j5fejqg,4000,2,0.0162721634,5
1537411500,Prod-EcsStagingCluster-EcsCluster-1AAGQRFIOE9AE,Service_beiakklem1vi3j5fejqg,4000,2,0.3329720592,7
1537424220,Prod-EcsStagingCluster-EcsCluster-1AAGQRFIOE9AE,Service_beiakklem1vi3j5fejqg,4000,2,0.3653882025,0
1537375380,Prod-EcsStagingCluster-EcsCluster-1AAGQRFIOE9AE,Service_beiakklem1vi3j5fejqg,4000,2,0.3291437933,0
1537413540,Prod-EcsStagingCluster-EcsCluster-1AAGQRFIOE9AE,Service_beiakklem1vi3j5fejqg,4000,2,0.5293664628,6
1537360440,Prod-EcsStagingCluster-EcsCluster-1AAGQRFIOE9AE,Service_beiakklem1vi3j5fejqg,4000,2,0.0183180650,2
1537426260,Prod-EcsStagingCluster-EcsCluster-1AAGQRFIOE9AE,Service_beiakklem1vi3j5fejqg,4000,2,0.1385356757,0
1537379520,Prod-EcsStagingCluster-EcsCluster-1AAGQRFIOE9AE,Service_beiakklem1vi3j5fejqg,4000,2,0.0298214155,8
1537366800,Prod-EcsStagingCluster-EcsCluster-1AAGQRFIOE9AE,Service_beiakklem1vi3j5fejqg,4000,2,0.0192696507,7
1537373160,Prod-EcsStagingCluster-EcsCluster-1AAGQRFIOE9AE,Service_beiakklem1vi3j5fejqg,4000,2,0.0165650988,6
1537417680,Prod-EcsStagingCluster-EcsCluster-1AAGQRFIOE9AE,Service_beiakklem1vi3j5fejqg,4000,2,0.7991514965,6
1537411320,Prod-EcsStagingCluster-EcsCluster-1AAGQRFIOE9AE,Service_beiakklem1vi3j5fejqg,4000,2,0.3952864630,1
1537392180,Prod-EcsStagingCluster-EcsCluster-1AAGQRFIOE9AE,Service_beiakklem1vi3j5fejqg,4000,2,0.0613265906,1
1537424040,Prod-EcsStagingCluster-EcsCluster-1AAGQRFIOE9AE,Service_beiakklem1vi3j5fejqg,4000,2,0.5475251917,0
1537430400,Prod-EcsStagingCluster-EcsCluster-1AAGQRFIOE9AE,Service_beiakklem1vi3j5fejqg,4000,2,0.0230595516,5
1537379460,Prod-EcsStagingCluster-EcsCluster-1AAGQRFIOE9AE,Service_beiakklem1vi3j5fejqg,4000,2,0.0194430840,5
1537430340,Prod-EcsStagingCluster-EcsCluster-1AAGQRFIOE9AE,Service_beiakklem1vi3j5fejqg,4000,2,0.0255632958,11
1537345440,Prod-EcsStagingCluster-EcsCluster-1AAGQRFIOE9AE,Service_beiakklem1vi3j5fejqg,4000,2,0.5002728591,2
1537396320,Prod-EcsStagingCluster-EcsCluster-1AAGQRFIOE9AE,Service_beiakklem1vi3j5fejqg,4000,2,0.0201026372,1
1537389960,Prod-EcsStagingCluster-EcsCluster-1AAGQRFIOE9AE,Service_beiakklem1vi3j5fejqg,4000,2,0.0174454254,0
1537377240,Prod-EcsStagingCluster-EcsCluster-1AAGQRFIOE9AE,Service_beiakklem1vi3j5fejqg,4000,2,0.0170607557,0
1537383600,Prod-EcsStagingCluster-EcsCluster-1AAGQRFIOE9AE,Service_beiakklem1vi3j5fejqg,4000,2,0.0140662337,5
1537428120,Prod-EcsStagingCluster-EcsCluster-1AAGQRFIOE9AE,Service_beiakklem1vi3j5fejqg,4000,2,0.3122572619,6
1537360140,Prod-EcsStagingCluster-EcsCluster-1AAGQRFIOE9AE,Service_beiakklem1vi3j5fejqg,4000,2,0.0183134661,12
1537372860,Prod-EcsStagingCluster-EcsCluster-1AAGQRFIOE9AE,Service_beiakklem1vi3j5fejqg,4000,2,0.0173524927,0
1537411020,Prod-EcsStagingCluster-EcsCluster-1AAGQRFIOE9AE,Service_beiakklem1vi3j5fejqg,4000,2,0.5064131246,3
1537423740,Prod-EcsStagingCluster-EcsCluster-1AAGQRFIOE9AE,Service_beiakklem1vi3j5fejqg,4000,2,0.3796240550,7
1537389660,Prod-EcsStagingCluster-EcsCluster-1AAGQRFIOE9AE,Service_beiakklem1vi3j5fejqg,4000,2,0.0158023757,0
1537407720,Prod-EcsStagingCluster-EcsCluster-1AAGQRFIOE9AE,Service_beiakklem1vi3j5fejqg,4000,2,1.0316882164,0
1537376940,Prod-EcsStagingCluster-EcsCluster-1AAGQRFIOE9AE,Service_beiakklem1vi3j5fejqg,4000,2,0.0177065604,7
1537427820,Prod-EcsStagingCluster-EcsCluster-1AAGQRFIOE9AE,Service_beiakklem1vi3j5fejqg,4000,2,0.1468588527,5
1537373640,Prod-EcsStagingCluster-EcsCluster-1AAGQRFIOE9AE,Service_beiakklem1vi3j5fejqg,4000,2,0.0172740634,5
1537360920,Prod-EcsStagingCluster-EcsCluster-1AAGQRFIOE9AE,Service_beiakklem1vi3j5fejqg,4000,2,0.0182314244,1
1537411800,Prod-EcsStagingCluster-EcsCluster-1AAGQRFIOE9AE,Service_beiakklem1vi3j5fejqg,4000,2,0.3476410685,0
1537424520,Prod-EcsStagingCluster-EcsCluster-1AAGQRFIOE9AE,Service_beiakklem1vi3j5fejqg,4000,2,0.6574600713,10
1537380900,Prod-EcsStagingCluster-EcsCluster-1AAGQRFIOE9AE,Service_beiakklem1vi3j5fejqg,4000,2,0.0175882951,0
1537393620,Prod-EcsStagingCluster-EcsCluster-1AAGQRFIOE9AE,Service_beiakklem1vi3j5fejqg,4000,2,0.0204337347,0
1537346820,Prod-EcsStagingCluster-EcsCluster-1AAGQRFIOE9AE,Service_beiakklem1vi3j5fejqg,4000,2,0.2648126476,0
1537359540,Prod-EcsStagingCluster-EcsCluster-1AAGQRFIOE9AE,Service_beiakklem1vi3j5fejqg,4000,2,0.0137695430,5
1537364880,Prod-EcsStagingCluster-EcsCluster-1AAGQRFIOE9AE,Service_beiakklem1vi3j5fejqg,4000,2,0.0162629927,6
1537377600,Prod-EcsStagingCluster-EcsCluster-1AAGQRFIOE9AE,Service_beiakklem1vi3j5fejqg,4000,2,0.0166579513,3
1537415760,Prod-EcsStagingCluster-EcsCluster-1AAGQRFIOE9AE,Service_beiakklem1vi3j5fejqg,4000,2,0.3021459304,0
1537410420,Prod-EcsStagingCluster-EcsCluster-1AAGQRFIOE9AE,Service_beiakklem1vi3j5fejqg,4000,2,0.3666098423,0
1537376460,Prod-EcsStagingCluster-EcsCluster-1AAGQRFIOE9AE,Service_beiakklem1vi3j5fejqg,4000,2,0.0174894238,0
1537397700,Prod-EcsStagingCluster-EcsCluster-1AAGQRFIOE9AE,Service_beiakklem1vi3j5fejqg,4000,2,0.0183213793,0
1537428480,Prod-EcsStagingCluster-EcsCluster-1AAGQRFIOE9AE,Service_beiakklem1vi3j5fejqg,4000,2,0.2196026451,3
1537389180,Prod-EcsStagingCluster-EcsCluster-1AAGQRFIOE9AE,Service_beiakklem1vi3j5fejqg,4000,2,0.0362178597,0
1537427340,Prod-EcsStagingCluster-EcsCluster-1AAGQRFIOE9AE,Service_beiakklem1vi3j5fejqg,4000,2,0.4443439815,0
1537408200,Prod-EcsStagingCluster-EcsCluster-1AAGQRFIOE9AE,Service_beiakklem1vi3j5fejqg,4000,2,0.2533790340,0
1537395480,Prod-EcsStagingCluster-EcsCluster-1AAGQRFIOE9AE,Service_beiakklem1vi3j5fejqg,4000,2,0.0193147639,6
1537355100,Prod-EcsStagingCluster-EcsCluster-1AAGQRFIOE9AE,Service_beiakklem1vi3j5fejqg,4000,2,0.0175208165,9
1537405980,Prod-EcsStagingCluster-EcsCluster-1AAGQRFIOE9AE,Service_beiakklem1vi3j5fejqg,4000,2,0.2134348775,5
1537393260,Prod-EcsStagingCluster-EcsCluster-1AAGQRFIOE9AE,Service_beiakklem1vi3j5fejqg,4000,2,0.0184950411,6
1537361280,Prod-EcsStagingCluster-EcsCluster-1AAGQRFIOE9AE,Service_beiakklem1vi3j5fejqg,4000,2,0.0160120083,10
1537348560,Prod-EcsStagingCluster-EcsCluster-1AAGQRFIOE9AE,Service_beiakklem1vi3j5fejqg,4000,2,0.4108892862,4
1537399440,Prod-EcsStagingCluster-EcsCluster-1AAGQRFIOE9AE,Service_beiakklem1vi3j5fejqg,4000,2,0.2734516432,5
1537412160,Prod-EcsStagingCluster-EcsCluster-1AAGQRFIOE9AE,Service_beiakklem1vi3j5fejqg,4000,2,0.4070123793,1
1537359060,Prod-EcsStagingCluster-EcsCluster-1AAGQRFIOE9AE,Service_beiakklem1vi3j5fejqg,4000,2,0.0173492465,0
1537346340,Prod-EcsStagingCluster-EcsCluster-1AAGQRFIOE9AE,Service_beiakklem1vi3j5fejqg,4000,2,0.0298479501,1
1537397220,Prod-EcsStagingCluster-EcsCluster-1AAGQRFIOE9AE,Service_beiakklem1vi3j5fejqg,4000,2,0.0215810829,0
1537378080,Prod-EcsStagingCluster-EcsCluster-1AAGQRFIOE9AE,Service_beiakklem1vi3j5fejqg,4000,2,0.0193783115,0
1537409940,Prod-EcsStagingCluster-EcsCluster-1AAGQRFIOE9AE,Service_beiakklem1vi3j5fejqg,4000,2,0.2069054019,6
1537365360,Prod-EcsStagingCluster-EcsCluster-1AAGQRFIOE9AE,Service_beiakklem1vi3j5fejqg,4000,2,0.0167119475,4
1537356840,Prod-EcsStagingCluster-EcsCluster-1AAGQRFIOE9AE,Service_beiakklem1vi3j5fejqg,4000,2,0.0156516144,4
1537395000,Prod-EcsStagingCluster-EcsCluster-1AAGQRFIOE9AE,Service_beiakklem1vi3j5fejqg,4000,2,0.0174327638,0
1537428960,Prod-EcsStagingCluster-EcsCluster-1AAGQRFIOE9AE,Service_beiakklem1vi3j5fejqg,4000,2,0.0741082736,1
1537416240,Prod-EcsStagingCluster-EcsCluster-1AAGQRFIOE9AE,Service_beiakklem1vi3j5fejqg,4000,2,0.6748851699,0
1537410720,Prod-EcsStagingCluster-EcsCluster-1AAGQRFIOE9AE,Service_beiakklem1vi3j5fejqg,4000,2,0.5031464594,0
1537401180,Prod-EcsStagingCluster-EcsCluster-1AAGQRFIOE9AE,Service_beiakklem1vi3j5fejqg,4000,2,0.3557307662,0
1537404360,Prod-EcsStagingCluster-EcsCluster-1AAGQRFIOE9AE,Service_beiakklem1vi3j5fejqg,4000,2,0.2742768281,0
1537407540,Prod-EcsStagingCluster-EcsCluster-1AAGQRFIOE9AE,Service_beiakklem1vi3j5fejqg,4000,2,0.3746494998,0
1537368240,Prod-EcsStagingCluster-EcsCluster-1AAGQRFIOE9AE,Service_beiakklem1vi3j5fejqg,4000,2,0.0183932502,13
1537426620,Prod-EcsStagingCluster-EcsCluster-1AAGQRFIOE9AE,Service_beiakklem1vi3j5fejqg,4000,2,0.1769117243,1
1537429800,Prod-EcsStagingCluster-EcsCluster-1AAGQRFIOE9AE,Service_beiakklem1vi3j5fejqg,4000,2,0.1758391894,9
1537358700,Prod-EcsStagingCluster-EcsCluster-1AAGQRFIOE9AE,Service_beiakklem1vi3j5fejqg,4000,2,0.0163167907,7
1537361880,Prod-EcsStagingCluster-EcsCluster-1AAGQRFIOE9AE,Service_beiakklem1vi3j5fejqg,4000,2,0.0180579235,3
1537365060,Prod-EcsStagingCluster-EcsCluster-1AAGQRFIOE9AE,Service_beiakklem1vi3j5fejqg,4000,2,0.0167126689,0
1537393680,Prod-EcsStagingCluster-EcsCluster-1AAGQRFIOE9AE,Service_beiakklem1vi3j5fejqg,4000,2,0.0198943301,0
1537390500,Prod-EcsStagingCluster-EcsCluster-1AAGQRFIOE9AE,Service_beiakklem1vi3j5fejqg,4000,2,0.0184416913,6
1537384140,Prod-EcsStagingCluster-EcsCluster-1AAGQRFIOE9AE,Service_beiakklem1vi3j5fejqg,4000,2,0.0186380710,6
1537387320,Prod-EcsStagingCluster-EcsCluster-1AAGQRFIOE9AE,Service_beiakklem1vi3j5fejqg,4000,2,0.0823839264,6
1537358460,Prod-EcsStagingCluster-EcsCluster-1AAGQRFIOE9AE,Service_beiakklem1vi3j5fejqg,4000,2,0.0172849694,2
1537361640,Prod-EcsStagingCluster-EcsCluster-1AAGQRFIOE9AE,Service_beiakklem1vi3j5fejqg,4000,2,0.0183651266,0
1537364820,Prod-EcsStagingCluster-EcsCluster-1AAGQRFIOE9AE,Service_beiakklem1vi3j5fejqg,4000,2,0.0159459002,9
1537368000,Prod-EcsStagingCluster-EcsCluster-1AAGQRFIOE9AE,Service_beiakklem1vi3j5fejqg,4000,2,0.0165873243,7
1537362600,Prod-EcsStagingCluster-EcsCluster-1AAGQRFIOE9AE,Service_beiakklem1vi3j5fejqg,4000,2,0.0160620079,0
1537368960,Prod-EcsStagingCluster-EcsCluster-1AAGQRFIOE9AE,Service_beiakklem1vi3j5fejqg,4000,2,0.0162984150,0
1537417740,Prod-EcsStagingCluster-EcsCluster-1AAGQRFIOE9AE,Service_beiakklem1vi3j5fejqg,4000,2,0.3176676354,4
1537392300,Prod-EcsStagingCluster-EcsCluster-1AAGQRFIOE9AE,Service_beiakklem1vi3j5fejqg,4000,2,0.0172033071,0
1537398660,Prod-EcsStagingCluster-EcsCluster-1AAGQRFIOE9AE,Service_beiakklem1vi3j5fejqg,4000,2,0.1893144585,0
1537424100,Prod-EcsStagingCluster-EcsCluster-1AAGQRFIOE9AE,Service_beiakklem1vi3j5fejqg,4000,2,0.5625974725,0
1537402800,Prod-EcsStagingCluster-EcsCluster-1AAGQRFIOE9AE,Service_beiakklem1vi3j5fejqg,4000,2,0.1680310249,4
1537396440,Prod-EcsStagingCluster-EcsCluster-1AAGQRFIOE9AE,Service_beiakklem1vi3j5fejqg,4000,2,0.0203920895,0
1537421880,Prod-EcsStagingCluster-EcsCluster-1AAGQRFIOE9AE,Service_beiakklem1vi3j5fejqg,4000,2,0.1456385413,0
1537428240,Prod-EcsStagingCluster-EcsCluster-1AAGQRFIOE9AE,Service_beiakklem1vi3j5fejqg,4000,2,0.6836994157,0
1537372980,Prod-EcsStagingCluster-EcsCluster-1AAGQRFIOE9AE,Service_beiakklem1vi3j5fejqg,4000,2,0.3795550336,1
1537366620,Prod-EcsStagingCluster-EcsCluster-1AAGQRFIOE9AE,Service_beiakklem1vi3j5fejqg,4000,2,0.0161456867,6
1537398420,Prod-EcsStagingCluster-EcsCluster-1AAGQRFIOE9AE,Service_beiakklem1vi3j5fejqg,4000,2,0.0278073528,8
1537392060,Prod-EcsStagingCluster-EcsCluster-1AAGQRFIOE9AE,Service_beiakklem1vi3j5fejqg,4000,2,0.0179082960,2
1537355940,Prod-EcsStagingCluster-EcsCluster-1AAGQRFIOE9AE,Service_beiakklem1vi3j5fejqg,4000,2,0.0159278968,5
1537349580,Prod-EcsStagingCluster-EcsCluster-1AAGQRFIOE9AE,Service_beiakklem1vi3j5fejqg,4000,2,0.2346333417,3
1537370760,Prod-EcsStagingCluster-EcsCluster-1AAGQRFIOE9AE,Service_beiakklem1vi3j5fejqg,4000,2,0.0143790958,0
1537377120,Prod-EcsStagingCluster-EcsCluster-1AAGQRFIOE9AE,Service_beiakklem1vi3j5fejqg,4000,2,0.0220678417,6
1537396200,Prod-EcsStagingCluster-EcsCluster-1AAGQRFIOE9AE,Service_beiakklem1vi3j5fejqg,4000,2,0.0200595378,0
1537402560,Prod-EcsStagingCluster-EcsCluster-1AAGQRFIOE9AE,Service_beiakklem1vi3j5fejqg,4000,2,0.4249855385,5
1537425900,Prod-EcsStagingCluster-EcsCluster-1AAGQRFIOE9AE,Service_beiakklem1vi3j5fejqg,4000,2,0.1317645259,6
1537353720,Prod-EcsStagingCluster-EcsCluster-1AAGQRFIOE9AE,Service_beiakklem1vi3j5fejqg,4000,2,0.0165812503,2
1537360080,Prod-EcsStagingCluster-EcsCluster-1AAGQRFIOE9AE,Service_beiakklem1vi3j5fejqg,4000,2,0.4219600326,0
1537430040,Prod-EcsStagingCluster-EcsCluster-1AAGQRFIOE9AE,Service_beiakklem1vi3j5fejqg,4000,2,0.3349979015,0
1537409760,Prod-EcsStagingCluster-EcsCluster-1AAGQRFIOE9AE,Service_beiakklem1vi3j5fejqg,4000,2,0.8607685898,7
1537400220,Prod-EcsStagingCluster-EcsCluster-1AAGQRFIOE9AE,Service_beiakklem1vi3j5fejqg,4000,2,0.3602821858,0
1537431000,Prod-EcsStagingCluster-EcsCluster-1AAGQRFIOE9AE,Service_beiakklem1vi3j5fejqg,4000,2,0.0258257102,1
1537367280,Prod-EcsStagingCluster-EcsCluster-1AAGQRFIOE9AE,Service_beiakklem1vi3j5fejqg,4000,2,0.0182610890,1
1537425660,Prod-EcsStagingCluster-EcsCluster-1AAGQRFIOE9AE,Service_beiakklem1vi3j5fejqg,4000,2,0.6990474594,3
1537357740,Prod-EcsStagingCluster-EcsCluster-1AAGQRFIOE9AE,Service_beiakklem1vi3j5fejqg,4000,2,0.0161735009,0
1537392720,Prod-EcsStagingCluster-EcsCluster-1AAGQRFIOE9AE,Service_beiakklem1vi3j5fejqg,4000,2,0.1022407105,0
1537383180,Prod-EcsStagingCluster-EcsCluster-1AAGQRFIOE9AE,Service_beiakklem1vi3j5fejqg,4000,2,0.2698865767,0
1537408500,Prod-EcsStagingCluster-EcsCluster-1AAGQRFIOE9AE,Service_beiakklem1vi3j5fejqg,4000,2,0.1577877033,6
1537405320,Prod-EcsStagingCluster-EcsCluster-1AAGQRFIOE9AE,Service_beiakklem1vi3j5fejqg,4000,2,0.2036993105,7
1537366020,Prod-EcsStagingCluster-EcsCluster-1AAGQRFIOE9AE,Service_beiakklem1vi3j5fejqg,4000,2,0.1614277361,8
1537430760,Prod-EcsStagingCluster-EcsCluster-1AAGQRFIOE9AE,Service_beiakklem1vi3j5fejqg,4000,2,0.2258572982,0
1537362840,Prod-EcsStagingCluster-EcsCluster-1AAGQRFIOE9AE,Service_beiakklem1vi3j5fejqg,4000,2,0.0160294437,0
1537357500,Prod-EcsStagingCluster-EcsCluster-1AAGQRFIOE9AE,Service_beiakklem1vi3j5fejqg,4000,2,0.0169282895,0
1537367040,Prod-EcsStagingCluster-EcsCluster-1AAGQRFIOE9AE,Service_beiakklem1vi3j5fejqg,4000,2,0.0181348194,1
1537391460,Prod-EcsStagingCluster-EcsCluster-1AAGQRFIOE9AE,Service_beiakklem1vi3j5fejqg,4000,2,0.0196667179,0
1537388280,Prod-EcsStagingCluster-EcsCluster-1AAGQRFIOE9AE,Service_beiakklem1vi3j5fejqg,4000,2,0.0180855915,7
1537391340,Prod-EcsStagingCluster-EcsCluster-1AAGQRFIOE9AE,Service_beiakklem1vi3j5fejqg,4000,2,0.0191444864,4
1537416780,Prod-EcsStagingCluster-EcsCluster-1AAGQRFIOE9AE,Service_beiakklem1vi3j5fejqg,4000,2,0.5351871826,9
1537400880,Prod-EcsStagingCluster-EcsCluster-1AAGQRFIOE9AE,Service_beiakklem1vi3j5fejqg,4000,2,0.3975152597,6
1537426320,Prod-EcsStagingCluster-EcsCluster-1AAGQRFIOE9AE,Service_beiakklem1vi3j5fejqg,4000,2,0.5561540697,0
1537365780,Prod-EcsStagingCluster-EcsCluster-1AAGQRFIOE9AE,Service_beiakklem1vi3j5fejqg,4000,2,0.2496430024,5
1537401840,Prod-EcsStagingCluster-EcsCluster-1AAGQRFIOE9AE,Service_beiakklem1vi3j5fejqg,4000,2,0.3186749735,0
1537427280,Prod-EcsStagingCluster-EcsCluster-1AAGQRFIOE9AE,Service_beiakklem1vi3j5fejqg,4000,2,0.0355058271,7
1537363560,Prod-EcsStagingCluster-EcsCluster-1AAGQRFIOE9AE,Service_beiakklem1vi3j5fejqg,4000,2,0.0165963671,0
1537399620,Prod-EcsStagingCluster-EcsCluster-1AAGQRFIOE9AE,Service_beiakklem1vi3j5fejqg,4000,2,0.2008833250,0
1537365660,Prod-EcsStagingCluster-EcsCluster-1AAGQRFIOE9AE,Service_beiakklem1vi3j5fejqg,4000,2,0.0177006823,5
1537391100,Prod-EcsStagingCluster-EcsCluster-1AAGQRFIOE9AE,Service_beiakklem1vi3j5fejqg,4000,2,0.0184289579,4
1537425060,Prod-EcsStagingCluster-EcsCluster-1AAGQRFIOE9AE,Service_beiakklem1vi3j5fejqg,4000,2,0.4182931757,0
1537348620,Prod-EcsStagingCluster-EcsCluster-1AAGQRFIOE9AE,Service_beiakklem1vi3j5fejqg,4000,2,0.0319208856,0
1537376160,Prod-EcsStagingCluster-EcsCluster-1AAGQRFIOE9AE,Service_beiakklem1vi3j5fejqg,4000,2,0.0176121286,0
1537397400,Prod-EcsStagingCluster-EcsCluster-1AAGQRFIOE9AE,Service_beiakklem1vi3j5fejqg,4000,2,0.0171912800,3
1537401600,Prod-EcsStagingCluster-EcsCluster-1AAGQRFIOE9AE,Service_beiakklem1vi3j5fejqg,4000,2,0.2065725782,6
1537424940,Prod-EcsStagingCluster-EcsCluster-1AAGQRFIOE9AE,Service_beiakklem1vi3j5fejqg,4000,2,0.8239087113,9
1537422840,Prod-EcsStagingCluster-EcsCluster-1AAGQRFIOE9AE,Service_beiakklem1vi3j5fejqg,4000,2,0.7130069656,6
1537359120,Prod-EcsStagingCluster-EcsCluster-1AAGQRFIOE9AE,Service_beiakklem1vi3j5fejqg,4000,2,0.0164698133,0
1537373940,Prod-EcsStagingCluster-EcsCluster-1AAGQRFIOE9AE,Service_beiakklem1vi3j5fejqg,4000,2,0.0152427494,6
1537399380,Prod-EcsStagingCluster-EcsCluster-1AAGQRFIOE9AE,Service_beiakklem1vi3j5fejqg,4000,2,0.1703429774,8
1537356900,Prod-EcsStagingCluster-EcsCluster-1AAGQRFIOE9AE,Service_beiakklem1vi3j5fejqg,4000,2,0.0160782316,5
1537371720,Prod-EcsStagingCluster-EcsCluster-1AAGQRFIOE9AE,Service_beiakklem1vi3j5fejqg,4000,2,0.0198415543,11
1537397160,Prod-EcsStagingCluster-EcsCluster-1AAGQRFIOE9AE,Service_beiakklem1vi3j5fejqg,4000,2,0.1892075899,0
1537354680,Prod-EcsStagingCluster-EcsCluster-1AAGQRFIOE9AE,Service_beiakklem1vi3j5fejqg,4000,2,0.2983390013,0
1537399260,Prod-EcsStagingCluster-EcsCluster-1AAGQRFIOE9AE,Service_beiakklem1vi3j5fejqg,4000,2,0.0756738603,0
1537369500,Prod-EcsStagingCluster-EcsCluster-1AAGQRFIOE9AE,Service_beiakklem1vi3j5fejqg,4000,2,0.0170197176,0
1537427880,Prod-EcsStagingCluster-EcsCluster-1AAGQRFIOE9AE,Service_beiakklem1vi3j5fejqg,4000,2,0.5243406265,0
1537431060,Prod-EcsStagingCluster-EcsCluster-1AAGQRFIOE9AE,Service_beiakklem1vi3j5fejqg,4000,2,0.0281101066,9
1537356780,Prod-EcsStagingCluster-EcsCluster-1AAGQRFIOE9AE,Service_beiakklem1vi3j5fejqg,4000,2,0.1729268606,10
1537394940,Prod-EcsStagingCluster-EcsCluster-1AAGQRFIOE9AE,Service_beiakklem1vi3j5fejqg,4000,2,0.0199263582,3
1537382220,Prod-EcsStagingCluster-EcsCluster-1AAGQRFIOE9AE,Service_beiakklem1vi3j5fejqg,4000,2,0.0182678273,5
1537355640,Prod-EcsStagingCluster-EcsCluster-1AAGQRFIOE9AE,Service_beiakklem1vi3j5fejqg,4000,2,0.0158097022,0
1537358820,Prod-EcsStagingCluster-EcsCluster-1AAGQRFIOE9AE,Service_beiakklem1vi3j5fejqg,4000,2,0.0160887968,0
1537362000,Prod-EcsStagingCluster-EcsCluster-1AAGQRFIOE9AE,Service_beiakklem1vi3j5fejqg,4000,2,0.0167056921,0
1537359720,Prod-EcsStagingCluster-EcsCluster-1AAGQRFIOE9AE,Service_beiakklem1vi3j5fejqg,4000,2,0.0186365065,0
1537362900,Prod-EcsStagingCluster-EcsCluster-1AAGQRFIOE9AE,Service_beiakklem1vi3j5fejqg,4000,2,0.0166723191,0
1537366080,Prod-EcsStagingCluster-EcsCluster-1AAGQRFIOE9AE,Service_beiakklem1vi3j5fejqg,4000,2,0.0158169902,1
1537390380,Prod-EcsStagingCluster-EcsCluster-1AAGQRFIOE9AE,Service_beiakklem1vi3j5fejqg,4000,2,0.1263747113,13
1537415820,Prod-EcsStagingCluster-EcsCluster-1AAGQRFIOE9AE,Service_beiakklem1vi3j5fejqg,4000,2,0.2999479549,6
1537403100,Prod-EcsStagingCluster-EcsCluster-1AAGQRFIOE9AE,Service_beiakklem1vi3j5fejqg,4000,2,0.3618755032,4
1537366980,Prod-EcsStagingCluster-EcsCluster-1AAGQRFIOE9AE,Service_beiakklem1vi3j5fejqg,4000,2,0.4158376127,1
1537370160,Prod-EcsStagingCluster-EcsCluster-1AAGQRFIOE9AE,Service_beiakklem1vi3j5fejqg,4000,2,0.0176229956,1
1537428540,Prod-EcsStagingCluster-EcsCluster-1AAGQRFIOE9AE,Service_beiakklem1vi3j5fejqg,4000,2,0.3459210781,0
1537363800,Prod-EcsStagingCluster-EcsCluster-1AAGQRFIOE9AE,Service_beiakklem1vi3j5fejqg,4000,2,0.0147264419,0
1537392420,Prod-EcsStagingCluster-EcsCluster-1AAGQRFIOE9AE,Service_beiakklem1vi3j5fejqg,4000,2,0.0175433656,0
1537395600,Prod-EcsStagingCluster-EcsCluster-1AAGQRFIOE9AE,Service_beiakklem1vi3j5fejqg,4000,2,0.0201487403,11
1537389240,Prod-EcsStagingCluster-EcsCluster-1AAGQRFIOE9AE,Service_beiakklem1vi3j5fejqg,4000,2,0.0180159610,8
1537396560,Prod-EcsStagingCluster-EcsCluster-1AAGQRFIOE9AE,Service_beiakklem1vi3j5fejqg,4000,2,0.0201151390,4
1537390200,Prod-EcsStagingCluster-EcsCluster-1AAGQRFIOE9AE,Service_beiakklem1vi3j5fejqg,4000,2,0.0181837748,1
1537371060,Prod-EcsStagingCluster-EcsCluster-1AAGQRFIOE9AE,Service_beiakklem1vi3j5fejqg,4000,2,0.0195760495,0
1537396500,Prod-EcsStagingCluster-EcsCluster-1AAGQRFIOE9AE,Service_beiakklem1vi3j5fejqg,4000,2,0.0202402497,2
1537360380,Prod-EcsStagingCluster-EcsCluster-1AAGQRFIOE9AE,Service_beiakklem1vi3j5fejqg,4000,2,0.1059005462,0
1537347660,Prod-EcsStagingCluster-EcsCluster-1AAGQRFIOE9AE,Service_beiakklem1vi3j5fejqg,4000,2,0.0270846187,3
1537375200,Prod-EcsStagingCluster-EcsCluster-1AAGQRFIOE9AE,Service_beiakklem1vi3j5fejqg,4000,2,0.0188750474,0
1537368840,Prod-EcsStagingCluster-EcsCluster-1AAGQRFIOE9AE,Service_beiakklem1vi3j5fejqg,4000,2,0.0165959913,0
1537400640,Prod-EcsStagingCluster-EcsCluster-1AAGQRFIOE9AE,Service_beiakklem1vi3j5fejqg,4000,2,0.3910260616,4
1537423980,Prod-EcsStagingCluster-EcsCluster-1AAGQRFIOE9AE,Service_beiakklem1vi3j5fejqg,4000,2,0.3986806361,6
1537394280,Prod-EcsStagingCluster-EcsCluster-1AAGQRFIOE9AE,Service_beiakklem1vi3j5fejqg,4000,2,0.0197893166,4
1537400580,Prod-EcsStagingCluster-EcsCluster-1AAGQRFIOE9AE,Service_beiakklem1vi3j5fejqg,4000,2,0.4517590156,9
1537426020,Prod-EcsStagingCluster-EcsCluster-1AAGQRFIOE9AE,Service_beiakklem1vi3j5fejqg,4000,2,0.4152407676,3
1537404720,Prod-EcsStagingCluster-EcsCluster-1AAGQRFIOE9AE,Service_beiakklem1vi3j5fejqg,4000,2,0.1179868738,0
1537398360,Prod-EcsStagingCluster-EcsCluster-1AAGQRFIOE9AE,Service_beiakklem1vi3j5fejqg,4000,2,0.0254582128,0
1537423800,Prod-EcsStagingCluster-EcsCluster-1AAGQRFIOE9AE,Service_beiakklem1vi3j5fejqg,4000,2,0.6157573959,0
1537430160,Prod-EcsStagingCluster-EcsCluster-1AAGQRFIOE9AE,Service_beiakklem1vi3j5fejqg,4000,2,0.5838175004,3
1537404660,Prod-EcsStagingCluster-EcsCluster-1AAGQRFIOE9AE,Service_beiakklem1vi3j5fejqg,4000,2,0.3058055347,0
1537430100,Prod-EcsStagingCluster-EcsCluster-1AAGQRFIOE9AE,Service_beiakklem1vi3j5fejqg,4000,2,0.0245801978,0
1537355820,Prod-EcsStagingCluster-EcsCluster-1AAGQRFIOE9AE,Service_beiakklem1vi3j5fejqg,4000,2,0.0162215246,8
1537368540,Prod-EcsStagingCluster-EcsCluster-1AAGQRFIOE9AE,Service_beiakklem1vi3j5fejqg,4000,2,0.0184974873,3
1537393980,Prod-EcsStagingCluster-EcsCluster-1AAGQRFIOE9AE,Service_beiakklem1vi3j5fejqg,4000,2,0.0268689309,7
1537381260,Prod-EcsStagingCluster-EcsCluster-1AAGQRFIOE9AE,Service_beiakklem1vi3j5fejqg,4000,2,0.0179795089,7
1537357860,Prod-EcsStagingCluster-EcsCluster-1AAGQRFIOE9AE,Service_beiakklem1vi3j5fejqg,4000,2,0.0168953345,5
1537408800,Prod-EcsStagingCluster-EcsCluster-1AAGQRFIOE9AE,Service_beiakklem1vi3j5fejqg,4000,2,0.2287339413,0
1537402440,Prod-EcsStagingCluster-EcsCluster-1AAGQRFIOE9AE,Service_beiakklem1vi3j5fejqg,4000,2,0.4238403343,10
1537403400,Prod-EcsStagingCluster-EcsCluster-1AAGQRFIOE9AE,Service_beiakklem1vi3j5fejqg,4000,2,0.4682184006,5
1537406580,Prod-EcsStagingCluster-EcsCluster-1AAGQRFIOE9AE,Service_beiakklem1vi3j5fejqg,4000,2,0.3059956459,2
1537428840,Prod-EcsStagingCluster-EcsCluster-1AAGQRFIOE9AE,Service_beiakklem1vi3j5fejqg,4000,2,0.2976978929,5
1537365120,Prod-EcsStagingCluster-EcsCluster-1AAGQRFIOE9AE,Service_beiakklem1vi3j5fejqg,4000,2,0.0163884987,0
1537356600,Prod-EcsStagingCluster-EcsCluster-1AAGQRFIOE9AE,Service_beiakklem1vi3j5fejqg,4000,2,0.0164399406,0
1537359780,Prod-EcsStagingCluster-EcsCluster-1AAGQRFIOE9AE,Service_beiakklem1vi3j5fejqg,4000,2,0.0973649627,5
1537389420,Prod-EcsStagingCluster-EcsCluster-1AAGQRFIOE9AE,Service_beiakklem1vi3j5fejqg,4000,2,0.0167481017,0
1537414860,Prod-EcsStagingCluster-EcsCluster-1AAGQRFIOE9AE,Service_beiakklem1vi3j5fejqg,4000,2,0.7772699176,0
1537402140,Prod-EcsStagingCluster-EcsCluster-1AAGQRFIOE9AE,Service_beiakklem1vi3j5fejqg,4000,2,0.3091163528,2
1537369200,Prod-EcsStagingCluster-EcsCluster-1AAGQRFIOE9AE,Service_beiakklem1vi3j5fejqg,4000,2,0.0171852983,4
1537427580,Prod-EcsStagingCluster-EcsCluster-1AAGQRFIOE9AE,Service_beiakklem1vi3j5fejqg,4000,2,0.2850353036,7
1537394640,Prod-EcsStagingCluster-EcsCluster-1AAGQRFIOE9AE,Service_beiakklem1vi3j5fejqg,4000,2,0.0196015331,0
1537360680,Prod-EcsStagingCluster-EcsCluster-1AAGQRFIOE9AE,Service_beiakklem1vi3j5fejqg,4000,2,0.2999484055,7
1537363860,Prod-EcsStagingCluster-EcsCluster-1AAGQRFIOE9AE,Service_beiakklem1vi3j5fejqg,4000,2,0.0147106475,0
1537373280,Prod-EcsStagingCluster-EcsCluster-1AAGQRFIOE9AE,Service_beiakklem1vi3j5fejqg,4000,2,0.0168718887,0
1537398720,Prod-EcsStagingCluster-EcsCluster-1AAGQRFIOE9AE,Service_beiakklem1vi3j5fejqg,4000,2,0.2137173649,4
1537367940,Prod-EcsStagingCluster-EcsCluster-1AAGQRFIOE9AE,Service_beiakklem1vi3j5fejqg,4000,2,0.0162885603,1
1537364760,Prod-EcsStagingCluster-EcsCluster-1AAGQRFIOE9AE,Service_beiakklem1vi3j5fejqg,4000,2,0.0165556874,5
1537393380,Prod-EcsStagingCluster-EcsCluster-1AAGQRFIOE9AE,Service_beiakklem1vi3j5fejqg,4000,2,0.0268256648,9
1537359420,Prod-EcsStagingCluster-EcsCluster-1AAGQRFIOE9AE,Service_beiakklem1vi3j5fejqg,4000,2,0.0203772708,0
1537346700,Prod-EcsStagingCluster-EcsCluster-1AAGQRFIOE9AE,Service_beiakklem1vi3j5fejqg,4000,2,0.0240951075,1
1537374240,Prod-EcsStagingCluster-EcsCluster-1AAGQRFIOE9AE,Service_beiakklem1vi3j5fejqg,4000,2,0.0171567278,1
1537399680,Prod-EcsStagingCluster-EcsCluster-1AAGQRFIOE9AE,Service_beiakklem1vi3j5fejqg,4000,2,0.2056707035,0
1537423020,Prod-EcsStagingCluster-EcsCluster-1AAGQRFIOE9AE,Service_beiakklem1vi3j5fejqg,4000,2,0.4107813801,8
1537365720,Prod-EcsStagingCluster-EcsCluster-1AAGQRFIOE9AE,Service_beiakklem1vi3j5fejqg,4000,2,0.0172827947,0
1537391160,Prod-EcsStagingCluster-EcsCluster-1AAGQRFIOE9AE,Service_beiakklem1vi3j5fejqg,4000,2,0.0182053679,3
1537372020,Prod-EcsStagingCluster-EcsCluster-1AAGQRFIOE9AE,Service_beiakklem1vi3j5fejqg,4000,2,0.0190520794,9
1537397460,Prod-EcsStagingCluster-EcsCluster-1AAGQRFIOE9AE,Service_beiakklem1vi3j5fejqg,4000,2,0.0172915434,13
1537369800,Prod-EcsStagingCluster-EcsCluster-1AAGQRFIOE9AE,Service_beiakklem1vi3j5fejqg,4000,2,0.0170044428,6
1537403760,Prod-EcsStagingCluster-EcsCluster-1AAGQRFIOE9AE,Service_beiakklem1vi3j5fejqg,4000,2,0.3813025846,0
1537395240,Prod-EcsStagingCluster-EcsCluster-1AAGQRFIOE9AE,Service_beiakklem1vi3j5fejqg,4000,2,0.0176298378,8
1537429200,Prod-EcsStagingCluster-EcsCluster-1AAGQRFIOE9AE,Service_beiakklem1vi3j5fejqg,4000,2,0.0305869371,1
1537380300,Prod-EcsStagingCluster-EcsCluster-1AAGQRFIOE9AE,Service_beiakklem1vi3j5fejqg,4000,2,0.0179162706,0
1537401540,Prod-EcsStagingCluster-EcsCluster-1AAGQRFIOE9AE,Service_beiakklem1vi3j5fejqg,4000,2,0.2172297306,0
1537354860,Prod-EcsStagingCluster-EcsCluster-1AAGQRFIOE9AE,Service_beiakklem1vi3j5fejqg,4000,2,0.0168164735,0
1537367580,Prod-EcsStagingCluster-EcsCluster-1AAGQRFIOE9AE,Service_beiakklem1vi3j5fejqg,4000,2,0.3669269238,0
1537393020,Prod-EcsStagingCluster-EcsCluster-1AAGQRFIOE9AE,Service_beiakklem1vi3j5fejqg,4000,2,0.0191919914,0
1537426980,Prod-EcsStagingCluster-EcsCluster-1AAGQRFIOE9AE,Service_beiakklem1vi3j5fejqg,4000,2,0.2351938069,4
1537407840,Prod-EcsStagingCluster-EcsCluster-1AAGQRFIOE9AE,Service_beiakklem1vi3j5fejqg,4000,2,0.1844197440,0
1537399320,Prod-EcsStagingCluster-EcsCluster-1AAGQRFIOE9AE,Service_beiakklem1vi3j5fejqg,4000,2,0.0205599190,0
1537424760,Prod-EcsStagingCluster-EcsCluster-1AAGQRFIOE9AE,Service_beiakklem1vi3j5fejqg,4000,2,0.5972227100,0
1537361040,Prod-EcsStagingCluster-EcsCluster-1AAGQRFIOE9AE,Service_beiakklem1vi3j5fejqg,4000,2,0.0184132744,0
1537405620,Prod-EcsStagingCluster-EcsCluster-1AAGQRFIOE9AE,Service_beiakklem1vi3j5fejqg,4000,2,0.7268470052,10
1537406640,Prod-EcsStagingCluster-EcsCluster-1AAGQRFIOE9AE,Service_beiakklem1vi3j5fejqg,4000,2,1.0115924195,5
1537400280,Prod-EcsStagingCluster-EcsCluster-1AAGQRFIOE9AE,Service_beiakklem1vi3j5fejqg,4000,2,0.2642833511,4
1537403460,Prod-EcsStagingCluster-EcsCluster-1AAGQRFIOE9AE,Service_beiakklem1vi3j5fejqg,4000,2,0.4710714589,1
1537422540,Prod-EcsStagingCluster-EcsCluster-1AAGQRFIOE9AE,Service_beiakklem1vi3j5fejqg,4000,2,0.5651519626,10
1537430940,Prod-EcsStagingCluster-EcsCluster-1AAGQRFIOE9AE,Service_beiakklem1vi3j5fejqg,4000,2,0.0280287843,7
1537388460,Prod-EcsStagingCluster-EcsCluster-1AAGQRFIOE9AE,Service_beiakklem1vi3j5fejqg,4000,2,0.0179089080,6
1537417080,Prod-EcsStagingCluster-EcsCluster-1AAGQRFIOE9AE,Service_beiakklem1vi3j5fejqg,4000,2,0.3166333857,7
1537420260,Prod-EcsStagingCluster-EcsCluster-1AAGQRFIOE9AE,Service_beiakklem1vi3j5fejqg,4000,2,0.2973396780,0
1537423440,Prod-EcsStagingCluster-EcsCluster-1AAGQRFIOE9AE,Service_beiakklem1vi3j5fejqg,4000,2,0.9547032228,0
1537396860,Prod-EcsStagingCluster-EcsCluster-1AAGQRFIOE9AE,Service_beiakklem1vi3j5fejqg,4000,2,0.0250327482,0
1537400040,Prod-EcsStagingCluster-EcsCluster-1AAGQRFIOE9AE,Service_beiakklem1vi3j5fejqg,4000,2,0.3565764074,0
1537403220,Prod-EcsStagingCluster-EcsCluster-1AAGQRFIOE9AE,Service_beiakklem1vi3j5fejqg,4000,2,0.6799721452,1
1537406400,Prod-EcsStagingCluster-EcsCluster-1AAGQRFIOE9AE,Service_beiakklem1vi3j5fejqg,4000,2,0.2214110360,3
1537354380,Prod-EcsStagingCluster-EcsCluster-1AAGQRFIOE9AE,Service_beiakklem1vi3j5fejqg,4000,2,0.1863713391,0
1537372320,Prod-EcsStagingCluster-EcsCluster-1AAGQRFIOE9AE,Service_beiakklem1vi3j5fejqg,4000,2,0.0173546310,0
1537362780,Prod-EcsStagingCluster-EcsCluster-1AAGQRFIOE9AE,Service_beiakklem1vi3j5fejqg,4000,2,0.3780153435,1
1537365960,Prod-EcsStagingCluster-EcsCluster-1AAGQRFIOE9AE,Service_beiakklem1vi3j5fejqg,4000,2,0.0174256488,0
1537369140,Prod-EcsStagingCluster-EcsCluster-1AAGQRFIOE9AE,Service_beiakklem1vi3j5fejqg,4000,2,0.0175810832,11
1537355280,Prod-EcsStagingCluster-EcsCluster-1AAGQRFIOE9AE,Service_beiakklem1vi3j5fejqg,4000,2,0.3659842774,0
1537348920,Prod-EcsStagingCluster-EcsCluster-1AAGQRFIOE9AE,Service_beiakklem1vi3j5fejqg,4000,2,0.3199095969,0
1537352100,Prod-EcsStagingCluster-EcsCluster-1AAGQRFIOE9AE,Service_beiakklem1vi3j5fejqg,4000,2,0.1233084389,4
1537422060,Prod-EcsStagingCluster-EcsCluster-1AAGQRFIOE9AE,Service_beiakklem1vi3j5fejqg,4000,2,0.5005825854,7
1537356240,Prod-EcsStagingCluster-EcsCluster-1AAGQRFIOE9AE,Service_beiakklem1vi3j5fejqg,4000,2,0.0160749817,16
1537349880,Prod-EcsStagingCluster-EcsCluster-1AAGQRFIOE9AE,Service_beiakklem1vi3j5fejqg,4000,2,0.3054274503,0
1537368900,Prod-EcsStagingCluster-EcsCluster-1AAGQRFIOE9AE,Service_beiakklem1vi3j5fejqg,4000,2,0.0161850628,7
1537430460,Prod-EcsStagingCluster-EcsCluster-1AAGQRFIOE9AE,Service_beiakklem1vi3j5fejqg,4000,2,0.0412477537,5
1537387980,Prod-EcsStagingCluster-EcsCluster-1AAGQRFIOE9AE,Service_beiakklem1vi3j5fejqg,4000,2,0.0210899865,0
1537396380,Prod-EcsStagingCluster-EcsCluster-1AAGQRFIOE9AE,Service_beiakklem1vi3j5fejqg,4000,2,0.2584656422,0
1537366680,Prod-EcsStagingCluster-EcsCluster-1AAGQRFIOE9AE,Service_beiakklem1vi3j5fejqg,4000,2,0.0162681619,9
1537373040,Prod-EcsStagingCluster-EcsCluster-1AAGQRFIOE9AE,Service_beiakklem1vi3j5fejqg,4000,2,0.0168732959,2
1537353900,Prod-EcsStagingCluster-EcsCluster-1AAGQRFIOE9AE,Service_beiakklem1vi3j5fejqg,4000,2,0.0162029131,9
1537402740,Prod-EcsStagingCluster-EcsCluster-1AAGQRFIOE9AE,Service_beiakklem1vi3j5fejqg,4000,2,0.5078804549,5
1537385700,Prod-EcsStagingCluster-EcsCluster-1AAGQRFIOE9AE,Service_beiakklem1vi3j5fejqg,4000,2,0.0185545036,0
1537362300,Prod-EcsStagingCluster-EcsCluster-1AAGQRFIOE9AE,Service_beiakklem1vi3j5fejqg,4000,2,0.0165224212,5
1537400520,Prod-EcsStagingCluster-EcsCluster-1AAGQRFIOE9AE,Service_beiakklem1vi3j5fejqg,4000,2,0.5207949758,3
1537406880,Prod-EcsStagingCluster-EcsCluster-1AAGQRFIOE9AE,Service_beiakklem1vi3j5fejqg,4000,2,0.6913172398,12
1537368660,Prod-EcsStagingCluster-EcsCluster-1AAGQRFIOE9AE,Service_beiakklem1vi3j5fejqg,4000,2,0.0162071857,1
1537389840,Prod-EcsStagingCluster-EcsCluster-1AAGQRFIOE9AE,Service_beiakklem1vi3j5fejqg,4000,2,0.0164895249,4
1537383480,Prod-EcsStagingCluster-EcsCluster-1AAGQRFIOE9AE,Service_beiakklem1vi3j5fejqg,4000,2,0.0141709869,7
1537366440,Prod-EcsStagingCluster-EcsCluster-1AAGQRFIOE9AE,Service_beiakklem1vi3j5fejqg,4000,2,0.0157968770,1
1537402500,Prod-EcsStagingCluster-EcsCluster-1AAGQRFIOE9AE,Service_beiakklem1vi3j5fejqg,4000,2,0.4570522831,0
1537372800,Prod-EcsStagingCluster-EcsCluster-1AAGQRFIOE9AE,Service_beiakklem1vi3j5fejqg,4000,2,0.0170487949,0
1537421580,Prod-EcsStagingCluster-EcsCluster-1AAGQRFIOE9AE,Service_beiakklem1vi3j5fejqg,4000,2,0.4285190746,9
1537429980,Prod-EcsStagingCluster-EcsCluster-1AAGQRFIOE9AE,Service_beiakklem1vi3j5fejqg,4000,2,0.0278944709,0
1537367400,Prod-EcsStagingCluster-EcsCluster-1AAGQRFIOE9AE,Service_beiakklem1vi3j5fejqg,4000,2,0.0192978040,0
1537370580,Prod-EcsStagingCluster-EcsCluster-1AAGQRFIOE9AE,Service_beiakklem1vi3j5fejqg,4000,2,0.3701158080,10
1537387500,Prod-EcsStagingCluster-EcsCluster-1AAGQRFIOE9AE,Service_beiakklem1vi3j5fejqg,4000,2,0.0188079602,5
1537404420,Prod-EcsStagingCluster-EcsCluster-1AAGQRFIOE9AE,Service_beiakklem1vi3j5fejqg,4000,2,0.2255417282,2
1537401240,Prod-EcsStagingCluster-EcsCluster-1AAGQRFIOE9AE,Service_beiakklem1vi3j5fejqg,4000,2,0.4757922035,0
1537422480,Prod-EcsStagingCluster-EcsCluster-1AAGQRFIOE9AE,Service_beiakklem1vi3j5fejqg,4000,2,0.2342223322,0
1537395900,Prod-EcsStagingCluster-EcsCluster-1AAGQRFIOE9AE,Service_beiakklem1vi3j5fejqg,4000,2,0.0198137779,1
1537405440,Prod-EcsStagingCluster-EcsCluster-1AAGQRFIOE9AE,Service_beiakklem1vi3j5fejqg,4000,2,0.3699320541,0
1537353420,Prod-EcsStagingCluster-EcsCluster-1AAGQRFIOE9AE,Service_beiakklem1vi3j5fejqg,4000,2,0.0183088927,0
1537418040,Prod-EcsStagingCluster-EcsCluster-1AAGQRFIOE9AE,Service_beiakklem1vi3j5fejqg,4000,2,0.7909287103,5
1537371360,Prod-EcsStagingCluster-EcsCluster-1AAGQRFIOE9AE,Service_beiakklem1vi3j5fejqg,4000,2,0.0189674069,0
1537361820,Prod-EcsStagingCluster-EcsCluster-1AAGQRFIOE9AE,Service_beiakklem1vi3j5fejqg,4000,2,0.0179422649,0
1537421220,Prod-EcsStagingCluster-EcsCluster-1AAGQRFIOE9AE,Service_beiakklem1vi3j5fejqg,4000,2,0.2576837217,0
1537401000,Prod-EcsStagingCluster-EcsCluster-1AAGQRFIOE9AE,Service_beiakklem1vi3j5fejqg,4000,2,0.4773822873,0
1537404180,Prod-EcsStagingCluster-EcsCluster-1AAGQRFIOE9AE,Service_beiakklem1vi3j5fejqg,4000,2,0.4212443134,0
1537354320,Prod-EcsStagingCluster-EcsCluster-1AAGQRFIOE9AE,Service_beiakklem1vi3j5fejqg,4000,2,0.0160379644,6
1537421100,Prod-EcsStagingCluster-EcsCluster-1AAGQRFIOE9AE,Service_beiakklem1vi3j5fejqg,4000,2,0.7487199327,0
1537366920,Prod-EcsStagingCluster-EcsCluster-1AAGQRFIOE9AE,Service_beiakklem1vi3j5fejqg,4000,2,0.0187540999,5
1537370100,Prod-EcsStagingCluster-EcsCluster-1AAGQRFIOE9AE,Service_beiakklem1vi3j5fejqg,4000,2,0.0171758222,1
1537371120,Prod-EcsStagingCluster-EcsCluster-1AAGQRFIOE9AE,Service_beiakklem1vi3j5fejqg,4000,2,0.0192472102,7
1537429500,Prod-EcsStagingCluster-EcsCluster-1AAGQRFIOE9AE,Service_beiakklem1vi3j5fejqg,4000,2,0.0474285385,0
1537353060,Prod-EcsStagingCluster-EcsCluster-1AAGQRFIOE9AE,Service_beiakklem1vi3j5fejqg,4000,2,0.0182754950,6
1537387020,Prod-EcsStagingCluster-EcsCluster-1AAGQRFIOE9AE,Service_beiakklem1vi3j5fejqg,4000,2,0.0159485173,0
1537367880,Prod-EcsStagingCluster-EcsCluster-1AAGQRFIOE9AE,Service_beiakklem1vi3j5fejqg,4000,2,0.0165012187,6
1537395420,Prod-EcsStagingCluster-EcsCluster-1AAGQRFIOE9AE,Service_beiakklem1vi3j5fejqg,4000,2,0.0170271909,1
1537372080,Prod-EcsStagingCluster-EcsCluster-1AAGQRFIOE9AE,Service_beiakklem1vi3j5fejqg,4000,2,0.0168543390,0
1537352940,Prod-EcsStagingCluster-EcsCluster-1AAGQRFIOE9AE,Service_beiakklem1vi3j5fejqg,4000,2,0.0183827248,0
1537350840,Prod-EcsStagingCluster-EcsCluster-1AAGQRFIOE9AE,Service_beiakklem1vi3j5fejqg,4000,2,0.3438779327,8
1537369860,Prod-EcsStagingCluster-EcsCluster-1AAGQRFIOE9AE,Service_beiakklem1vi3j5fejqg,4000,2,0.0174084292,5
1537361340,Prod-EcsStagingCluster-EcsCluster-1AAGQRFIOE9AE,Service_beiakklem1vi3j5fejqg,4000,2,0.0159496587,0
1537405920,Prod-EcsStagingCluster-EcsCluster-1AAGQRFIOE9AE,Service_beiakklem1vi3j5fejqg,4000,2,0.2350240394,10
1537367640,Prod-EcsStagingCluster-EcsCluster-1AAGQRFIOE9AE,Service_beiakklem1vi3j5fejqg,4000,2,0.0167090409,3
1537388880,Prod-EcsStagingCluster-EcsCluster-1AAGQRFIOE9AE,Service_beiakklem1vi3j5fejqg,4000,2,0.0180790468,8
1537403700,Prod-EcsStagingCluster-EcsCluster-1AAGQRFIOE9AE,Service_beiakklem1vi3j5fejqg,4000,2,0.4576688213,13
1537371840,Prod-EcsStagingCluster-EcsCluster-1AAGQRFIOE9AE,Service_beiakklem1vi3j5fejqg,4000,2,0.0199964065,0
1537420620,Prod-EcsStagingCluster-EcsCluster-1AAGQRFIOE9AE,Service_beiakklem1vi3j5fejqg,4000,2,0.4490623443,6
1537386660,Prod-EcsStagingCluster-EcsCluster-1AAGQRFIOE9AE,Service_beiakklem1vi3j5fejqg,4000,2,0.0161283212,0
1537401480,Prod-EcsStagingCluster-EcsCluster-1AAGQRFIOE9AE,Service_beiakklem1vi3j5fejqg,4000,2,0.1211964497,0
1537405680,Prod-EcsStagingCluster-EcsCluster-1AAGQRFIOE9AE,Service_beiakklem1vi3j5fejqg,4000,2,0.0928387160,0
1537429020,Prod-EcsStagingCluster-EcsCluster-1AAGQRFIOE9AE,Service_beiakklem1vi3j5fejqg,4000,2,0.0210223914,0
1537369620,Prod-EcsStagingCluster-EcsCluster-1AAGQRFIOE9AE,Service_beiakklem1vi3j5fejqg,4000,2,0.0168368648,1
1537386540,Prod-EcsStagingCluster-EcsCluster-1AAGQRFIOE9AE,Service_beiakklem1vi3j5fejqg,4000,2,0.0382708137,0
1537384440,Prod-EcsStagingCluster-EcsCluster-1AAGQRFIOE9AE,Service_beiakklem1vi3j5fejqg,4000,2,0.0193398912,1
1537404480,Prod-EcsStagingCluster-EcsCluster-1AAGQRFIOE9AE,Service_beiakklem1vi3j5fejqg,4000,2,0.2528857981,0
1537401300,Prod-EcsStagingCluster-EcsCluster-1AAGQRFIOE9AE,Service_beiakklem1vi3j5fejqg,4000,2,0.5858305401,0
1537398120,Prod-EcsStagingCluster-EcsCluster-1AAGQRFIOE9AE,Service_beiakklem1vi3j5fejqg,4000,2,0.0389001354,3
1537388580,Prod-EcsStagingCluster-EcsCluster-1AAGQRFIOE9AE,Service_beiakklem1vi3j5fejqg,4000,2,0.1199594336,0
1537391760,Prod-EcsStagingCluster-EcsCluster-1AAGQRFIOE9AE,Service_beiakklem1vi3j5fejqg,4000,2,0.0198370712,0
1537385400,Prod-EcsStagingCluster-EcsCluster-1AAGQRFIOE9AE,Service_beiakklem1vi3j5fejqg,4000,2,0.0187147204,0
1537352460,Prod-EcsStagingCluster-EcsCluster-1AAGQRFIOE9AE,Service_beiakklem1vi3j5fejqg,4000,2,0.0187615200,0
1537365180,Prod-EcsStagingCluster-EcsCluster-1AAGQRFIOE9AE,Service_beiakklem1vi3j5fejqg,4000,2,0.2500254175,1
1537364040,Prod-EcsStagingCluster-EcsCluster-1AAGQRFIOE9AE,Service_beiakklem1vi3j5fejqg,4000,2,0.0167654460,0
1537367220,Prod-EcsStagingCluster-EcsCluster-1AAGQRFIOE9AE,Service_beiakklem1vi3j5fejqg,4000,2,0.0187407772,0
1537370400,Prod-EcsStagingCluster-EcsCluster-1AAGQRFIOE9AE,Service_beiakklem1vi3j5fejqg,4000,2,0.0149750774,6
1537408560,Prod-EcsStagingCluster-EcsCluster-1AAGQRFIOE9AE,Service_beiakklem1vi3j5fejqg,4000,2,0.3767381073,5
1537405380,Prod-EcsStagingCluster-EcsCluster-1AAGQRFIOE9AE,Service_beiakklem1vi3j5fejqg,4000,2,0.6977070460,10
1537402200,Prod-EcsStagingCluster-EcsCluster-1AAGQRFIOE9AE,Service_beiakklem1vi3j5fejqg,4000,2,0.2173594095,0
1537420140,Prod-EcsStagingCluster-EcsCluster-1AAGQRFIOE9AE,Service_beiakklem1vi3j5fejqg,4000,2,0.2584954860,0
1537419000,Prod-EcsStagingCluster-EcsCluster-1AAGQRFIOE9AE,Service_beiakklem1vi3j5fejqg,4000,2,0.6640226669,4
1537425360,Prod-EcsStagingCluster-EcsCluster-1AAGQRFIOE9AE,Service_beiakklem1vi3j5fejqg,4000,2,0.3213950599,4
1537422180,Prod-EcsStagingCluster-EcsCluster-1AAGQRFIOE9AE,Service_beiakklem1vi3j5fejqg,4000,2,0.3555282515,0
1537398780,Prod-EcsStagingCluster-EcsCluster-1AAGQRFIOE9AE,Service_beiakklem1vi3j5fejqg,4000,2,0.2359380519,1
1537386060,Prod-EcsStagingCluster-EcsCluster-1AAGQRFIOE9AE,Service_beiakklem1vi3j5fejqg,4000,2,0.0186208143,8
1537397640,Prod-EcsStagingCluster-EcsCluster-1AAGQRFIOE9AE,Service_beiakklem1vi3j5fejqg,4000,2,0.0180591006,6
1537351980,Prod-EcsStagingCluster-EcsCluster-1AAGQRFIOE9AE,Service_beiakklem1vi3j5fejqg,4000,2,0.3732036895,3
1537400820,Prod-EcsStagingCluster-EcsCluster-1AAGQRFIOE9AE,Service_beiakklem1vi3j5fejqg,4000,2,0.4680187834,11
1537364700,Prod-EcsStagingCluster-EcsCluster-1AAGQRFIOE9AE,Service_beiakklem1vi3j5fejqg,4000,2,0.0168970365,6
1537354020,Prod-EcsStagingCluster-EcsCluster-1AAGQRFIOE9AE,Service_beiakklem1vi3j5fejqg,4000,2,0.0165311200,5
1537366740,Prod-EcsStagingCluster-EcsCluster-1AAGQRFIOE9AE,Service_beiakklem1vi3j5fejqg,4000,2,0.0171050504,7
1537398600,Prod-EcsStagingCluster-EcsCluster-1AAGQRFIOE9AE,Service_beiakklem1vi3j5fejqg,4000,2,0.0201850108,0
1537404960,Prod-EcsStagingCluster-EcsCluster-1AAGQRFIOE9AE,Service_beiakklem1vi3j5fejqg,4000,2,0.0504634766,0
1537358160,Prod-EcsStagingCluster-EcsCluster-1AAGQRFIOE9AE,Service_beiakklem1vi3j5fejqg,4000,2,0.0159087253,0
1537364520,Prod-EcsStagingCluster-EcsCluster-1AAGQRFIOE9AE,Service_beiakklem1vi3j5fejqg,4000,2,0.0167575485,2
1537351800,Prod-EcsStagingCluster-EcsCluster-1AAGQRFIOE9AE,Service_beiakklem1vi3j5fejqg,4000,2,0.2089102138,9
1537370880,Prod-EcsStagingCluster-EcsCluster-1AAGQRFIOE9AE,Service_beiakklem1vi3j5fejqg,4000,2,0.0175510307,0
1537370820,Prod-EcsStagingCluster-EcsCluster-1AAGQRFIOE9AE,Service_beiakklem1vi3j5fejqg,4000,2,0.0168322318,0
1537419660,Prod-EcsStagingCluster-EcsCluster-1AAGQRFIOE9AE,Service_beiakklem1vi3j5fejqg,4000,2,0.4096495717,2
1537368600,Prod-EcsStagingCluster-EcsCluster-1AAGQRFIOE9AE,Service_beiakklem1vi3j5fejqg,4000,2,0.0162963318,0
1537374960,Prod-EcsStagingCluster-EcsCluster-1AAGQRFIOE9AE,Service_beiakklem1vi3j5fejqg,4000,2,0.0198842893,8
1537385580,Prod-EcsStagingCluster-EcsCluster-1AAGQRFIOE9AE,Service_beiakklem1vi3j5fejqg,4000,2,0.3014909358,0
1537398300,Prod-EcsStagingCluster-EcsCluster-1AAGQRFIOE9AE,Service_beiakklem1vi3j5fejqg,4000,2,0.0198407397,7
1537400340,Prod-EcsStagingCluster-EcsCluster-1AAGQRFIOE9AE,Service_beiakklem1vi3j5fejqg,4000,2,0.4800834326,0
1537387620,Prod-EcsStagingCluster-EcsCluster-1AAGQRFIOE9AE,Service_beiakklem1vi3j5fejqg,4000,2,0.0183140960,11
1537364220,Prod-EcsStagingCluster-EcsCluster-1AAGQRFIOE9AE,Service_beiakklem1vi3j5fejqg,4000,2,0.0165073344,7
1537351500,Prod-EcsStagingCluster-EcsCluster-1AAGQRFIOE9AE,Service_beiakklem1vi3j5fejqg,4000,2,0.1361724303,0
1537369440,Prod-EcsStagingCluster-EcsCluster-1AAGQRFIOE9AE,Service_beiakklem1vi3j5fejqg,4000,2,0.0167337496,0
1537407600,Prod-EcsStagingCluster-EcsCluster-1AAGQRFIOE9AE,Service_beiakklem1vi3j5fejqg,4000,2,0.6025940713,0
1537399080,Prod-EcsStagingCluster-EcsCluster-1AAGQRFIOE9AE,Service_beiakklem1vi3j5fejqg,4000,2,0.0199032852,1
1537402260,Prod-EcsStagingCluster-EcsCluster-1AAGQRFIOE9AE,Service_beiakklem1vi3j5fejqg,4000,2,0.2201342454,1
1537389540,Prod-EcsStagingCluster-EcsCluster-1AAGQRFIOE9AE,Service_beiakklem1vi3j5fejqg,4000,2,0.0163702488,0
1537386360,Prod-EcsStagingCluster-EcsCluster-1AAGQRFIOE9AE,Service_beiakklem1vi3j5fejqg,4000,2,0.0182637487,0
1537419180,Prod-EcsStagingCluster-EcsCluster-1AAGQRFIOE9AE,Service_beiakklem1vi3j5fejqg,4000,2,0.4282764676,0
1537365000,Prod-EcsStagingCluster-EcsCluster-1AAGQRFIOE9AE,Service_beiakklem1vi3j5fejqg,4000,2,0.0178331304,12
1537368180,Prod-EcsStagingCluster-EcsCluster-1AAGQRFIOE9AE,Service_beiakklem1vi3j5fejqg,4000,2,0.2734072860,2
1537406340,Prod-EcsStagingCluster-EcsCluster-1AAGQRFIOE9AE,Service_beiakklem1vi3j5fejqg,4000,2,0.7751913302,0
1537403160,Prod-EcsStagingCluster-EcsCluster-1AAGQRFIOE9AE,Service_beiakklem1vi3j5fejqg,4000,2,0.2245943706,8
1537424400,Prod-EcsStagingCluster-EcsCluster-1AAGQRFIOE9AE,Service_beiakklem1vi3j5fejqg,4000,2,0.4418980703,8
1537397820,Prod-EcsStagingCluster-EcsCluster-1AAGQRFIOE9AE,Service_beiakklem1vi3j5fejqg,4000,2,0.0275058945,1
1537385100,Prod-EcsStagingCluster-EcsCluster-1AAGQRFIOE9AE,Service_beiakklem1vi3j5fejqg,4000,2,0.0183454767,5
1537351020,Prod-EcsStagingCluster-EcsCluster-1AAGQRFIOE9AE,Service_beiakklem1vi3j5fejqg,4000,2,0.3312546450,0
1537403040,Prod-EcsStagingCluster-EcsCluster-1AAGQRFIOE9AE,Service_beiakklem1vi3j5fejqg,4000,2,0.3254706401,0
1537363740,Prod-EcsStagingCluster-EcsCluster-1AAGQRFIOE9AE,Service_beiakklem1vi3j5fejqg,4000,2,0.0138245344,0
1537419960,Prod-EcsStagingCluster-EcsCluster-1AAGQRFIOE9AE,Service_beiakklem1vi3j5fejqg,4000,2,0.8165406043,0
1537423140,Prod-EcsStagingCluster-EcsCluster-1AAGQRFIOE9AE,Service_beiakklem1vi3j5fejqg,4000,2,0.3614802900,0
1537404000,Prod-EcsStagingCluster-EcsCluster-1AAGQRFIOE9AE,Service_beiakklem1vi3j5fejqg,4000,2,0.2670341158,9
1537420920,Prod-EcsStagingCluster-EcsCluster-1AAGQRFIOE9AE,Service_beiakklem1vi3j5fejqg,4000,2,0.9999927376,0
1537357200,Prod-EcsStagingCluster-EcsCluster-1AAGQRFIOE9AE,Service_beiakklem1vi3j5fejqg,4000,2,0.0162119900,8
1537401780,Prod-EcsStagingCluster-EcsCluster-1AAGQRFIOE9AE,Service_beiakklem1vi3j5fejqg,4000,2,0.4464311563,0
1537369920,Prod-EcsStagingCluster-EcsCluster-1AAGQRFIOE9AE,Service_beiakklem1vi3j5fejqg,4000,2,0.0171210063,5
1537418700,Prod-EcsStagingCluster-EcsCluster-1AAGQRFIOE9AE,Service_beiakklem1vi3j5fejqg,4000,2,0.4565542916,0
1537431420,Prod-EcsStagingCluster-EcsCluster-1AAGQRFIOE9AE,Service_beiakklem1vi3j5fejqg,4000,2,0.0276108911,6
1537354980,Prod-EcsStagingCluster-EcsCluster-1AAGQRFIOE9AE,Service_beiakklem1vi3j5fejqg,4000,2,0.0969023088,10
1537367700,Prod-EcsStagingCluster-EcsCluster-1AAGQRFIOE9AE,Service_beiakklem1vi3j5fejqg,4000,2,0.0163199449,6
1537399560,Prod-EcsStagingCluster-EcsCluster-1AAGQRFIOE9AE,Service_beiakklem1vi3j5fejqg,4000,2,0.1383994482,3
1537374000,Prod-EcsStagingCluster-EcsCluster-1AAGQRFIOE9AE,Service_beiakklem1vi3j5fejqg,4000,2,0.0147756019,7
1537384620,Prod-EcsStagingCluster-EcsCluster-1AAGQRFIOE9AE,Service_beiakklem1vi3j5fejqg,4000,2,0.0183847727,5
1537365480,Prod-EcsStagingCluster-EcsCluster-1AAGQRFIOE9AE,Service_beiakklem1vi3j5fejqg,4000,2,0.0162062828,0
1537397340,Prod-EcsStagingCluster-EcsCluster-1AAGQRFIOE9AE,Service_beiakklem1vi3j5fejqg,4000,2,0.0195147196,3
1537352760,Prod-EcsStagingCluster-EcsCluster-1AAGQRFIOE9AE,Service_beiakklem1vi3j5fejqg,4000,2,0.0194692499,9
1537371780,Prod-EcsStagingCluster-EcsCluster-1AAGQRFIOE9AE,Service_beiakklem1vi3j5fejqg,4000,2,0.2770331099,0
1537363260,Prod-EcsStagingCluster-EcsCluster-1AAGQRFIOE9AE,Service_beiakklem1vi3j5fejqg,4000,2,0.0168843868,10
1537350540,Prod-EcsStagingCluster-EcsCluster-1AAGQRFIOE9AE,Service_beiakklem1vi3j5fejqg,4000,2,0.1336375549,0
1537403520,Prod-EcsStagingCluster-EcsCluster-1AAGQRFIOE9AE,Service_beiakklem1vi3j5fejqg,4000,2,0.3336990075,2
1537369560,Prod-EcsStagingCluster-EcsCluster-1AAGQRFIOE9AE,Service_beiakklem1vi3j5fejqg,4000,2,0.0169896211,0
1537390800,Prod-EcsStagingCluster-EcsCluster-1AAGQRFIOE9AE,Service_beiakklem1vi3j5fejqg,4000,2,0.0188580049,3
1537413000,Prod-EcsStagingCluster-EcsCluster-1AAGQRFIOE9AE,Service_beiakklem1vi3j5fejqg,4000,2,0.1921327958,1
1537390740,Prod-EcsStagingCluster-EcsCluster-1AAGQRFIOE9AE,Service_beiakklem1vi3j5fejqg,4000,2,0.0180883923,6
1537367340,Prod-EcsStagingCluster-EcsCluster-1AAGQRFIOE9AE,Service_beiakklem1vi3j5fejqg,4000,2,0.0182673573,1
1537370520,Prod-EcsStagingCluster-EcsCluster-1AAGQRFIOE9AE,Service_beiakklem1vi3j5fejqg,4000,2,0.0151174851,8
1537419360,Prod-EcsStagingCluster-EcsCluster-1AAGQRFIOE9AE,Service_beiakklem1vi3j5fejqg,4000,2,0.7901839764,5
1537351440,Prod-EcsStagingCluster-EcsCluster-1AAGQRFIOE9AE,Service_beiakklem1vi3j5fejqg,4000,2,0.2326884762,0
1537395960,Prod-EcsStagingCluster-EcsCluster-1AAGQRFIOE9AE,Service_beiakklem1vi3j5fejqg,4000,2,0.0198381021,3
1537376880,Prod-EcsStagingCluster-EcsCluster-1AAGQRFIOE9AE,Service_beiakklem1vi3j5fejqg,4000,2,0.0170534635,0
1537427760,Prod-EcsStagingCluster-EcsCluster-1AAGQRFIOE9AE,Service_beiakklem1vi3j5fejqg,4000,2,0.0641643383,1
1537402320,Prod-EcsStagingCluster-EcsCluster-1AAGQRFIOE9AE,Service_beiakklem1vi3j5fejqg,4000,2,0.0305741621,0
1537418220,Prod-EcsStagingCluster-EcsCluster-1AAGQRFIOE9AE,Service_beiakklem1vi3j5fejqg,4000,2,0.2835370637,0
1537421400,Prod-EcsStagingCluster-EcsCluster-1AAGQRFIOE9AE,Service_beiakklem1vi3j5fejqg,4000,2,0.9303111573,6
1537348020,Prod-EcsStagingCluster-EcsCluster-1AAGQRFIOE9AE,Service_beiakklem1vi3j5fejqg,4000,2,0.0259915929,3
1537392540,Prod-EcsStagingCluster-EcsCluster-1AAGQRFIOE9AE,Service_beiakklem1vi3j5fejqg,4000,2,0.0171796626,0
1537370280,Prod-EcsStagingCluster-EcsCluster-1AAGQRFIOE9AE,Service_beiakklem1vi3j5fejqg,4000,2,0.0169486639,0
1537376640,Prod-EcsStagingCluster-EcsCluster-1AAGQRFIOE9AE,Service_beiakklem1vi3j5fejqg,4000,2,0.0167423306,0
1537421160,Prod-EcsStagingCluster-EcsCluster-1AAGQRFIOE9AE,Service_beiakklem1vi3j5fejqg,4000,2,0.2200414717,0
1537398900,Prod-EcsStagingCluster-EcsCluster-1AAGQRFIOE9AE,Service_beiakklem1vi3j5fejqg,4000,2,0.0279843071,0
1537375500,Prod-EcsStagingCluster-EcsCluster-1AAGQRFIOE9AE,Service_beiakklem1vi3j5fejqg,4000,2,0.0199299067,11
1537381860,Prod-EcsStagingCluster-EcsCluster-1AAGQRFIOE9AE,Service_beiakklem1vi3j5fejqg,4000,2,0.0187008176,5
1537427520,Prod-EcsStagingCluster-EcsCluster-1AAGQRFIOE9AE,Service_beiakklem1vi3j5fejqg,4000,2,0.1917975173,7
1537356420,Prod-EcsStagingCluster-EcsCluster-1AAGQRFIOE9AE,Service_beiakklem1vi3j5fejqg,4000,2,0.0162622033,3
1537407300,Prod-EcsStagingCluster-EcsCluster-1AAGQRFIOE9AE,Service_beiakklem1vi3j5fejqg,4000,2,0.6741554158,3
1537426380,Prod-EcsStagingCluster-EcsCluster-1AAGQRFIOE9AE,Service_beiakklem1vi3j5fejqg,4000,2,0.0360665248,6
1537430520,Prod-EcsStagingCluster-EcsCluster-1AAGQRFIOE9AE,Service_beiakklem1vi3j5fejqg,4000,2,0.0232283578,10
1537349820,Prod-EcsStagingCluster-EcsCluster-1AAGQRFIOE9AE,Service_beiakklem1vi3j5fejqg,4000,2,0.1780034894,1
1537356180,Prod-EcsStagingCluster-EcsCluster-1AAGQRFIOE9AE,Service_beiakklem1vi3j5fejqg,4000,2,0.2067800008,0
1537400700,Prod-EcsStagingCluster-EcsCluster-1AAGQRFIOE9AE,Service_beiakklem1vi3j5fejqg,4000,2,0.0284257906,0
1537407060,Prod-EcsStagingCluster-EcsCluster-1AAGQRFIOE9AE,Service_beiakklem1vi3j5fejqg,4000,2,0.2399761260,0
1537360320,Prod-EcsStagingCluster-EcsCluster-1AAGQRFIOE9AE,Service_beiakklem1vi3j5fejqg,4000,2,0.0182561839,0
1537383660,Prod-EcsStagingCluster-EcsCluster-1AAGQRFIOE9AE,Service_beiakklem1vi3j5fejqg,4000,2,0.0152462955,0
1537353960,Prod-EcsStagingCluster-EcsCluster-1AAGQRFIOE9AE,Service_beiakklem1vi3j5fejqg,4000,2,0.0166028258,10
1537404840,Prod-EcsStagingCluster-EcsCluster-1AAGQRFIOE9AE,Service_beiakklem1vi3j5fejqg,4000,2,0.3480923285,6
1537411200,Prod-EcsStagingCluster-EcsCluster-1AAGQRFIOE9AE,Service_beiakklem1vi3j5fejqg,4000,2,0.0972758502,0
1537357980,Prod-EcsStagingCluster-EcsCluster-1AAGQRFIOE9AE,Service_beiakklem1vi3j5fejqg,4000,2,0.1811629081,0
1537364340,Prod-EcsStagingCluster-EcsCluster-1AAGQRFIOE9AE,Service_beiakklem1vi3j5fejqg,4000,2,0.0189310806,3
1537408860,Prod-EcsStagingCluster-EcsCluster-1AAGQRFIOE9AE,Service_beiakklem1vi3j5fejqg,4000,2,0.3545414937,6
1537415220,Prod-EcsStagingCluster-EcsCluster-1AAGQRFIOE9AE,Service_beiakklem1vi3j5fejqg,4000,2,0.2690597810,1
1537372740,Prod-EcsStagingCluster-EcsCluster-1AAGQRFIOE9AE,Service_beiakklem1vi3j5fejqg,4000,2,0.0169562234,6
1537347300,Prod-EcsStagingCluster-EcsCluster-1AAGQRFIOE9AE,Service_beiakklem1vi3j5fejqg,4000,2,0.0286128593,0
1537391820,Prod-EcsStagingCluster-EcsCluster-1AAGQRFIOE9AE,Service_beiakklem1vi3j5fejqg,4000,2,0.0201566018,8
1537398180,Prod-EcsStagingCluster-EcsCluster-1AAGQRFIOE9AE,Service_beiakklem1vi3j5fejqg,4000,2,0.0233945663,0
1537362120,Prod-EcsStagingCluster-EcsCluster-1AAGQRFIOE9AE,Service_beiakklem1vi3j5fejqg,4000,2,0.0169971227,0
1537368480,Prod-EcsStagingCluster-EcsCluster-1AAGQRFIOE9AE,Service_beiakklem1vi3j5fejqg,4000,2,0.0182715298,0
1537366260,Prod-EcsStagingCluster-EcsCluster-1AAGQRFIOE9AE,Service_beiakklem1vi3j5fejqg,4000,2,0.0158335181,0
1537417140,Prod-EcsStagingCluster-EcsCluster-1AAGQRFIOE9AE,Service_beiakklem1vi3j5fejqg,4000,2,0.4638171060,9
1537388520,Prod-EcsStagingCluster-EcsCluster-1AAGQRFIOE9AE,Service_beiakklem1vi3j5fejqg,4000,2,0.0841661635,8
1537374660,Prod-EcsStagingCluster-EcsCluster-1AAGQRFIOE9AE,Service_beiakklem1vi3j5fejqg,4000,2,0.0196751392,1
1537349220,Prod-EcsStagingCluster-EcsCluster-1AAGQRFIOE9AE,Service_beiakklem1vi3j5fejqg,4000,2,0.0247826977,5
1537400100,Prod-EcsStagingCluster-EcsCluster-1AAGQRFIOE9AE,Service_beiakklem1vi3j5fejqg,4000,2,0.1975667444,8
1537366140,Prod-EcsStagingCluster-EcsCluster-1AAGQRFIOE9AE,Service_beiakklem1vi3j5fejqg,4000,2,0.0159347021,1
1537350240,Prod-EcsStagingCluster-EcsCluster-1AAGQRFIOE9AE,Service_beiakklem1vi3j5fejqg,4000,2,0.3256231802,0
1537425540,Prod-EcsStagingCluster-EcsCluster-1AAGQRFIOE9AE,Service_beiakklem1vi3j5fejqg,4000,2,1.2558310383,0
1537417020,Prod-EcsStagingCluster-EcsCluster-1AAGQRFIOE9AE,Service_beiakklem1vi3j5fejqg,4000,2,0.5099422605,0
1537349100,Prod-EcsStagingCluster-EcsCluster-1AAGQRFIOE9AE,Service_beiakklem1vi3j5fejqg,4000,2,0.0733818563,6
1537401120,Prod-EcsStagingCluster-EcsCluster-1AAGQRFIOE9AE,Service_beiakklem1vi3j5fejqg,4000,2,0.3154464896,0
1537358640,Prod-EcsStagingCluster-EcsCluster-1AAGQRFIOE9AE,Service_beiakklem1vi3j5fejqg,4000,2,0.0164196376,0
1537409520,Prod-EcsStagingCluster-EcsCluster-1AAGQRFIOE9AE,Service_beiakklem1vi3j5fejqg,4000,2,0.4265968537,1
1537399980,Prod-EcsStagingCluster-EcsCluster-1AAGQRFIOE9AE,Service_beiakklem1vi3j5fejqg,4000,2,0.5214416282,6
1537384080,Prod-EcsStagingCluster-EcsCluster-1AAGQRFIOE9AE,Service_beiakklem1vi3j5fejqg,4000,2,0.0182617507,0
1537345800,Prod-EcsStagingCluster-EcsCluster-1AAGQRFIOE9AE,Service_beiakklem1vi3j5fejqg,4000,2,0.0204237766,1
1537396680,Prod-EcsStagingCluster-EcsCluster-1AAGQRFIOE9AE,Service_beiakklem1vi3j5fejqg,4000,2,0.0200871905,0
1537374420,Prod-EcsStagingCluster-EcsCluster-1AAGQRFIOE9AE,Service_beiakklem1vi3j5fejqg,4000,2,0.0201750457,0
1537354200,Prod-EcsStagingCluster-EcsCluster-1AAGQRFIOE9AE,Service_beiakklem1vi3j5fejqg,4000,2,0.0169075827,1
1537379640,Prod-EcsStagingCluster-EcsCluster-1AAGQRFIOE9AE,Service_beiakklem1vi3j5fejqg,4000,2,0.0167980452,8
1537425300,Prod-EcsStagingCluster-EcsCluster-1AAGQRFIOE9AE,Service_beiakklem1vi3j5fejqg,4000,2,0.1180535832,2
1537405080,Prod-EcsStagingCluster-EcsCluster-1AAGQRFIOE9AE,Service_beiakklem1vi3j5fejqg,4000,2,0.4590237165,11
1537374300,Prod-EcsStagingCluster-EcsCluster-1AAGQRFIOE9AE,Service_beiakklem1vi3j5fejqg,4000,2,0.0196687943,1
1537358400,Prod-EcsStagingCluster-EcsCluster-1AAGQRFIOE9AE,Service_beiakklem1vi3j5fejqg,4000,2,0.0165543417,4
1537423080,Prod-EcsStagingCluster-EcsCluster-1AAGQRFIOE9AE,Service_beiakklem1vi3j5fejqg,4000,2,0.2492784607,2
1537357260,Prod-EcsStagingCluster-EcsCluster-1AAGQRFIOE9AE,Service_beiakklem1vi3j5fejqg,4000,2,0.0162509926,1
1537425180,Prod-EcsStagingCluster-EcsCluster-1AAGQRFIOE9AE,Service_beiakklem1vi3j5fejqg,4000,2,0.2501965335,0
1537408140,Prod-EcsStagingCluster-EcsCluster-1AAGQRFIOE9AE,Service_beiakklem1vi3j5fejqg,4000,2,0.1991783955,2
1537384800,Prod-EcsStagingCluster-EcsCluster-1AAGQRFIOE9AE,Service_beiakklem1vi3j5fejqg,4000,2,0.0186504902,0
1537393200,Prod-EcsStagingCluster-EcsCluster-1AAGQRFIOE9AE,Service_beiakklem1vi3j5fejqg,4000,2,0.0201921842,0
1537367760,Prod-EcsStagingCluster-EcsCluster-1AAGQRFIOE9AE,Service_beiakklem1vi3j5fejqg,4000,2,0.0163862298,0
1537418640,Prod-EcsStagingCluster-EcsCluster-1AAGQRFIOE9AE,Service_beiakklem1vi3j5fejqg,4000,2,0.4934534619,0
1537382580,Prod-EcsStagingCluster-EcsCluster-1AAGQRFIOE9AE,Service_beiakklem1vi3j5fejqg,4000,2,0.2395460953,0
1537390980,Prod-EcsStagingCluster-EcsCluster-1AAGQRFIOE9AE,Service_beiakklem1vi3j5fejqg,4000,2,0.0832575593,0
1537365540,Prod-EcsStagingCluster-EcsCluster-1AAGQRFIOE9AE,Service_beiakklem1vi3j5fejqg,4000,2,0.0163900960,0
1537416420,Prod-EcsStagingCluster-EcsCluster-1AAGQRFIOE9AE,Service_beiakklem1vi3j5fejqg,4000,2,0.7216135442,0
1537382460,Prod-EcsStagingCluster-EcsCluster-1AAGQRFIOE9AE,Service_beiakklem1vi3j5fejqg,4000,2,0.0182612592,6
1537380360,Prod-EcsStagingCluster-EcsCluster-1AAGQRFIOE9AE,Service_beiakklem1vi3j5fejqg,4000,2,0.0143838636,1
1537431240,Prod-EcsStagingCluster-EcsCluster-1AAGQRFIOE9AE,Service_beiakklem1vi3j5fejqg,4000,2,0.3620105632,4
1537388760,Prod-EcsStagingCluster-EcsCluster-1AAGQRFIOE9AE,Service_beiakklem1vi3j5fejqg,4000,2,0.0181185923,2
1537365420,Prod-EcsStagingCluster-EcsCluster-1AAGQRFIOE9AE,Service_beiakklem1vi3j5fejqg,4000,2,0.0169549173,3
1537363320,Prod-EcsStagingCluster-EcsCluster-1AAGQRFIOE9AE,Service_beiakklem1vi3j5fejqg,4000,2,0.0167590077,0
1537414200,Prod-EcsStagingCluster-EcsCluster-1AAGQRFIOE9AE,Service_beiakklem1vi3j5fejqg,4000,2,0.3092529537,1
1537392960,Prod-EcsStagingCluster-EcsCluster-1AAGQRFIOE9AE,Service_beiakklem1vi3j5fejqg,4000,2,0.0195690297,0
1537416300,Prod-EcsStagingCluster-EcsCluster-1AAGQRFIOE9AE,Service_beiakklem1vi3j5fejqg,4000,2,0.4755036585,8
1537346100,Prod-EcsStagingCluster-EcsCluster-1AAGQRFIOE9AE,Service_beiakklem1vi3j5fejqg,4000,2,0.1266032915,8
1537396980,Prod-EcsStagingCluster-EcsCluster-1AAGQRFIOE9AE,Service_beiakklem1vi3j5fejqg,4000,2,0.1823250819,9
1537368360,Prod-EcsStagingCluster-EcsCluster-1AAGQRFIOE9AE,Service_beiakklem1vi3j5fejqg,4000,2,0.0186845783,0
1537374720,Prod-EcsStagingCluster-EcsCluster-1AAGQRFIOE9AE,Service_beiakklem1vi3j5fejqg,4000,2,0.0345244787,0
1537425600,Prod-EcsStagingCluster-EcsCluster-1AAGQRFIOE9AE,Service_beiakklem1vi3j5fejqg,4000,2,0.0461009503,3
1537419240,Prod-EcsStagingCluster-EcsCluster-1AAGQRFIOE9AE,Service_beiakklem1vi3j5fejqg,4000,2,0.3395858436,8
1537373580,Prod-EcsStagingCluster-EcsCluster-1AAGQRFIOE9AE,Service_beiakklem1vi3j5fejqg,4000,2,0.4450115000,0
1537386300,Prod-EcsStagingCluster-EcsCluster-1AAGQRFIOE9AE,Service_beiakklem1vi3j5fejqg,4000,2,0.0193767607,0
1537372440,Prod-EcsStagingCluster-EcsCluster-1AAGQRFIOE9AE,Service_beiakklem1vi3j5fejqg,4000,2,0.0169945799,0
1537424460,Prod-EcsStagingCluster-EcsCluster-1AAGQRFIOE9AE,Service_beiakklem1vi3j5fejqg,4000,2,0.4903704931,0
1537347000,Prod-EcsStagingCluster-EcsCluster-1AAGQRFIOE9AE,Service_beiakklem1vi3j5fejqg,4000,2,0.0278236896,5
1537353360,Prod-EcsStagingCluster-EcsCluster-1AAGQRFIOE9AE,Service_beiakklem1vi3j5fejqg,4000,2,0.0188489406,0
1537397880,Prod-EcsStagingCluster-EcsCluster-1AAGQRFIOE9AE,Service_beiakklem1vi3j5fejqg,4000,2,0.0252829219,5
1537378800,Prod-EcsStagingCluster-EcsCluster-1AAGQRFIOE9AE,Service_beiakklem1vi3j5fejqg,4000,2,0.0197302771,3
1537423320,Prod-EcsStagingCluster-EcsCluster-1AAGQRFIOE9AE,Service_beiakklem1vi3j5fejqg,4000,2,0.4436190008,0
1537429680,Prod-EcsStagingCluster-EcsCluster-1AAGQRFIOE9AE,Service_beiakklem1vi3j5fejqg,4000,2,0.0230673344,3
1537404240,Prod-EcsStagingCluster-EcsCluster-1AAGQRFIOE9AE,Service_beiakklem1vi3j5fejqg,4000,2,0.2137580931,0
1537376520,Prod-EcsStagingCluster-EcsCluster-1AAGQRFIOE9AE,Service_beiakklem1vi3j5fejqg,4000,2,0.4830925425,6
1537354260,Prod-EcsStagingCluster-EcsCluster-1AAGQRFIOE9AE,Service_beiakklem1vi3j5fejqg,4000,2,0.0164469704,10
1537405140,Prod-EcsStagingCluster-EcsCluster-1AAGQRFIOE9AE,Service_beiakklem1vi3j5fejqg,4000,2,0.3750815596,0
1537382880,Prod-EcsStagingCluster-EcsCluster-1AAGQRFIOE9AE,Service_beiakklem1vi3j5fejqg,4000,2,0.0187998359,0
1537427400,Prod-EcsStagingCluster-EcsCluster-1AAGQRFIOE9AE,Service_beiakklem1vi3j5fejqg,4000,2,0.3814800480,0
1537394460,Prod-EcsStagingCluster-EcsCluster-1AAGQRFIOE9AE,Service_beiakklem1vi3j5fejqg,4000,2,0.0209835307,0
1537381740,Prod-EcsStagingCluster-EcsCluster-1AAGQRFIOE9AE,Service_beiakklem1vi3j5fejqg,4000,2,0.0183762618,5
1537402920,Prod-EcsStagingCluster-EcsCluster-1AAGQRFIOE9AE,Service_beiakklem1vi3j5fejqg,4000,2,0.4139474199,6
1537409280,Prod-EcsStagingCluster-EcsCluster-1AAGQRFIOE9AE,Service_beiakklem1vi3j5fejqg,4000,2,0.3744806095,4
1537358340,Prod-EcsStagingCluster-EcsCluster-1AAGQRFIOE9AE,Service_beiakklem1vi3j5fejqg,4000,2,0.0156897581,0
1537409220,Prod-EcsStagingCluster-EcsCluster-1AAGQRFIOE9AE,Service_beiakklem1vi3j5fejqg,4000,2,0.7326162177,6
1537383780,Prod-EcsStagingCluster-EcsCluster-1AAGQRFIOE9AE,Service_beiakklem1vi3j5fejqg,4000,2,0.2352423519,6
1537356120,Prod-EcsStagingCluster-EcsCluster-1AAGQRFIOE9AE,Service_beiakklem1vi3j5fejqg,4000,2,0.0161815965,0
1537362480,Prod-EcsStagingCluster-EcsCluster-1AAGQRFIOE9AE,Service_beiakklem1vi3j5fejqg,4000,2,0.0163570920,8
1537407000,Prod-EcsStagingCluster-EcsCluster-1AAGQRFIOE9AE,Service_beiakklem1vi3j5fejqg,4000,2,0.7860503555,6
1537413360,Prod-EcsStagingCluster-EcsCluster-1AAGQRFIOE9AE,Service_beiakklem1vi3j5fejqg,4000,2,0.2772086449,0
1537381560,Prod-EcsStagingCluster-EcsCluster-1AAGQRFIOE9AE,Service_beiakklem1vi3j5fejqg,4000,2,0.0183522755,0
1537387920,Prod-EcsStagingCluster-EcsCluster-1AAGQRFIOE9AE,Service_beiakklem1vi3j5fejqg,4000,2,0.2377532796,1
1537362420,Prod-EcsStagingCluster-EcsCluster-1AAGQRFIOE9AE,Service_beiakklem1vi3j5fejqg,4000,2,0.0168636082,0
1537413300,Prod-EcsStagingCluster-EcsCluster-1AAGQRFIOE9AE,Service_beiakklem1vi3j5fejqg,4000,2,0.4743844383,0
1537351740,Prod-EcsStagingCluster-EcsCluster-1AAGQRFIOE9AE,Service_beiakklem1vi3j5fejqg,4000,2,0.1672521055,0
1537402620,Prod-EcsStagingCluster-EcsCluster-1AAGQRFIOE9AE,Service_beiakklem1vi3j5fejqg,4000,2,0.1577535688,0
1537389900,Prod-EcsStagingCluster-EcsCluster-1AAGQRFIOE9AE,Service_beiakklem1vi3j5fejqg,4000,2,0.0163830825,5
1537360200,Prod-EcsStagingCluster-EcsCluster-1AAGQRFIOE9AE,Service_beiakklem1vi3j5fejqg,4000,2,0.0182958083,3
1537366560,Prod-EcsStagingCluster-EcsCluster-1AAGQRFIOE9AE,Service_beiakklem1vi3j5fejqg,4000,2,0.0164949204,0
1537417440,Prod-EcsStagingCluster-EcsCluster-1AAGQRFIOE9AE,Service_beiakklem1vi3j5fejqg,4000,2,0.2985711030,0
1537411080,Prod-EcsStagingCluster-EcsCluster-1AAGQRFIOE9AE,Service_beiakklem1vi3j5fejqg,4000,2,0.2246452875,0
1537399200,Prod-EcsStagingCluster-EcsCluster-1AAGQRFIOE9AE,Service_beiakklem1vi3j5fejqg,4000,2,0.2990406034,1
1537390680,Prod-EcsStagingCluster-EcsCluster-1AAGQRFIOE9AE,Service_beiakklem1vi3j5fejqg,4000,2,0.0180809250,9
1537347180,Prod-EcsStagingCluster-EcsCluster-1AAGQRFIOE9AE,Service_beiakklem1vi3j5fejqg,4000,2,0.0236056113,9
1537365240,Prod-EcsStagingCluster-EcsCluster-1AAGQRFIOE9AE,Service_beiakklem1vi3j5fejqg,4000,2,0.0165814438,9
1537416120,Prod-EcsStagingCluster-EcsCluster-1AAGQRFIOE9AE,Service_beiakklem1vi3j5fejqg,4000,2,0.1865730835,7
1537359900,Prod-EcsStagingCluster-EcsCluster-1AAGQRFIOE9AE,Service_beiakklem1vi3j5fejqg,4000,2,0.0182668888,2
1537410780,Prod-EcsStagingCluster-EcsCluster-1AAGQRFIOE9AE,Service_beiakklem1vi3j5fejqg,4000,2,0.6057928687,0
1537398060,Prod-EcsStagingCluster-EcsCluster-1AAGQRFIOE9AE,Service_beiakklem1vi3j5fejqg,4000,2,0.1856774809,0
1537394760,Prod-EcsStagingCluster-EcsCluster-1AAGQRFIOE9AE,Service_beiakklem1vi3j5fejqg,4000,2,0.0200370138,0
1537372500,Prod-EcsStagingCluster-EcsCluster-1AAGQRFIOE9AE,Service_beiakklem1vi3j5fejqg,4000,2,0.0196156891,1
1537423380,Prod-EcsStagingCluster-EcsCluster-1AAGQRFIOE9AE,Service_beiakklem1vi3j5fejqg,4000,2,0.4564908659,7
1537356480,Prod-EcsStagingCluster-EcsCluster-1AAGQRFIOE9AE,Service_beiakklem1vi3j5fejqg,4000,2,0.2248473094,11
1537351140,Prod-EcsStagingCluster-EcsCluster-1AAGQRFIOE9AE,Service_beiakklem1vi3j5fejqg,4000,2,0.5314359078,0
1537355340,Prod-EcsStagingCluster-EcsCluster-1AAGQRFIOE9AE,Service_beiakklem1vi3j5fejqg,4000,2,0.0162164384,10
1537407360,Prod-EcsStagingCluster-EcsCluster-1AAGQRFIOE9AE,Service_beiakklem1vi3j5fejqg,4000,2,0.5240555090,5
1537376580,Prod-EcsStagingCluster-EcsCluster-1AAGQRFIOE9AE,Service_beiakklem1vi3j5fejqg,4000,2,0.0189552265,0
1537427460,Prod-EcsStagingCluster-EcsCluster-1AAGQRFIOE9AE,Service_beiakklem1vi3j5fejqg,4000,2,0.5019590830,3
1537402020,Prod-EcsStagingCluster-EcsCluster-1AAGQRFIOE9AE,Service_beiakklem1vi3j5fejqg,4000,2,0.4008847181,0
1537368060,Prod-EcsStagingCluster-EcsCluster-1AAGQRFIOE9AE,Service_beiakklem1vi3j5fejqg,4000,2,0.0187807517,7
1537418940,Prod-EcsStagingCluster-EcsCluster-1AAGQRFIOE9AE,Service_beiakklem1vi3j5fejqg,4000,2,0.4611510236,5
1537406220,Prod-EcsStagingCluster-EcsCluster-1AAGQRFIOE9AE,Service_beiakklem1vi3j5fejqg,4000,2,0.2705319386,0
1537360560,Prod-EcsStagingCluster-EcsCluster-1AAGQRFIOE9AE,Service_beiakklem1vi3j5fejqg,4000,2,0.0185350423,8
1537411440,Prod-EcsStagingCluster-EcsCluster-1AAGQRFIOE9AE,Service_beiakklem1vi3j5fejqg,4000,2,0.3646278696,0
1537352040,Prod-EcsStagingCluster-EcsCluster-1AAGQRFIOE9AE,Service_beiakklem1vi3j5fejqg,4000,2,0.2249053838,0
1537386000,Prod-EcsStagingCluster-EcsCluster-1AAGQRFIOE9AE,Service_beiakklem1vi3j5fejqg,4000,2,0.0182338531,2
1537380660,Prod-EcsStagingCluster-EcsCluster-1AAGQRFIOE9AE,Service_beiakklem1vi3j5fejqg,4000,2,0.0151940862,0
1537431540,Prod-EcsStagingCluster-EcsCluster-1AAGQRFIOE9AE,Service_beiakklem1vi3j5fejqg,4000,2,0.0273584631,0
1537378440,Prod-EcsStagingCluster-EcsCluster-1AAGQRFIOE9AE,Service_beiakklem1vi3j5fejqg,4000,2,0.0190922840,6
1537429320,Prod-EcsStagingCluster-EcsCluster-1AAGQRFIOE9AE,Service_beiakklem1vi3j5fejqg,4000,2,0.0290405096,1
1537376220,Prod-EcsStagingCluster-EcsCluster-1AAGQRFIOE9AE,Service_beiakklem1vi3j5fejqg,4000,2,0.0168441996,0
1537363500,Prod-EcsStagingCluster-EcsCluster-1AAGQRFIOE9AE,Service_beiakklem1vi3j5fejqg,4000,2,0.0164956189,7
1537427100,Prod-EcsStagingCluster-EcsCluster-1AAGQRFIOE9AE,Service_beiakklem1vi3j5fejqg,4000,2,0.1047386597,1
1537391040,Prod-EcsStagingCluster-EcsCluster-1AAGQRFIOE9AE,Service_beiakklem1vi3j5fejqg,4000,2,0.0189692674,0
1537414380,Prod-EcsStagingCluster-EcsCluster-1AAGQRFIOE9AE,Service_beiakklem1vi3j5fejqg,4000,2,0.1432073244,0
1537388820,Prod-EcsStagingCluster-EcsCluster-1AAGQRFIOE9AE,Service_beiakklem1vi3j5fejqg,4000,2,0.0183380008,1
1537369680,Prod-EcsStagingCluster-EcsCluster-1AAGQRFIOE9AE,Service_beiakklem1vi3j5fejqg,4000,2,0.0169629092,0
1537420560,Prod-EcsStagingCluster-EcsCluster-1AAGQRFIOE9AE,Service_beiakklem1vi3j5fejqg,4000,2,0.2365292940,0
1537395120,Prod-EcsStagingCluster-EcsCluster-1AAGQRFIOE9AE,Service_beiakklem1vi3j5fejqg,4000,2,0.0851893917,0
1537386600,Prod-EcsStagingCluster-EcsCluster-1AAGQRFIOE9AE,Service_beiakklem1vi3j5fejqg,4000,2,0.0207253732,16
1537392900,Prod-EcsStagingCluster-EcsCluster-1AAGQRFIOE9AE,Service_beiakklem1vi3j5fejqg,4000,2,0.0196434668,1
1537367460,Prod-EcsStagingCluster-EcsCluster-1AAGQRFIOE9AE,Service_beiakklem1vi3j5fejqg,4000,2,0.0191806976,0
1537418340,Prod-EcsStagingCluster-EcsCluster-1AAGQRFIOE9AE,Service_beiakklem1vi3j5fejqg,4000,2,0.4653220433,3
1537371660,Prod-EcsStagingCluster-EcsCluster-1AAGQRFIOE9AE,Service_beiakklem1vi3j5fejqg,4000,2,0.0196703195,0
1537384380,Prod-EcsStagingCluster-EcsCluster-1AAGQRFIOE9AE,Service_beiakklem1vi3j5fejqg,4000,2,0.3864241033,3
1537348320,Prod-EcsStagingCluster-EcsCluster-1AAGQRFIOE9AE,Service_beiakklem1vi3j5fejqg,4000,2,0.2484062998,0
1537357800,Prod-EcsStagingCluster-EcsCluster-1AAGQRFIOE9AE,Service_beiakklem1vi3j5fejqg,4000,2,0.0164168365,2
1537364160,Prod-EcsStagingCluster-EcsCluster-1AAGQRFIOE9AE,Service_beiakklem1vi3j5fejqg,4000,2,0.0161728820,6
1537428900,Prod-EcsStagingCluster-EcsCluster-1AAGQRFIOE9AE,Service_beiakklem1vi3j5fejqg,4000,2,0.0214234323,1
1537415040,Prod-EcsStagingCluster-EcsCluster-1AAGQRFIOE9AE,Service_beiakklem1vi3j5fejqg,4000,2,0.5742360714,8
1537408680,Prod-EcsStagingCluster-EcsCluster-1AAGQRFIOE9AE,Service_beiakklem1vi3j5fejqg,4000,2,0.6876916383,0
1537363020,Prod-EcsStagingCluster-EcsCluster-1AAGQRFIOE9AE,Service_beiakklem1vi3j5fejqg,4000,2,0.0175182217,15
1537413900,Prod-EcsStagingCluster-EcsCluster-1AAGQRFIOE9AE,Service_beiakklem1vi3j5fejqg,4000,2,0.5608865292,7
1537394820,Prod-EcsStagingCluster-EcsCluster-1AAGQRFIOE9AE,Service_beiakklem1vi3j5fejqg,4000,2,0.0210554851,1
1537374600,Prod-EcsStagingCluster-EcsCluster-1AAGQRFIOE9AE,Service_beiakklem1vi3j5fejqg,4000,2,0.0195099386,4
1537380960,Prod-EcsStagingCluster-EcsCluster-1AAGQRFIOE9AE,Service_beiakklem1vi3j5fejqg,4000,2,0.0189794850,0
1537357560,Prod-EcsStagingCluster-EcsCluster-1AAGQRFIOE9AE,Service_beiakklem1vi3j5fejqg,4000,2,0.0167924709,1
1537363920,Prod-EcsStagingCluster-EcsCluster-1AAGQRFIOE9AE,Service_beiakklem1vi3j5fejqg,4000,2,0.0142993724,9
1537425480,Prod-EcsStagingCluster-EcsCluster-1AAGQRFIOE9AE,Service_beiakklem1vi3j5fejqg,4000,2,0.2359270675,0
1537379820,Prod-EcsStagingCluster-EcsCluster-1AAGQRFIOE9AE,Service_beiakklem1vi3j5fejqg,4000,2,0.0178240606,0
1537414800,Prod-EcsStagingCluster-EcsCluster-1AAGQRFIOE9AE,Service_beiakklem1vi3j5fejqg,4000,2,0.0928529763,0
1537408440,Prod-EcsStagingCluster-EcsCluster-1AAGQRFIOE9AE,Service_beiakklem1vi3j5fejqg,4000,2,0.2251333879,2
1537430700,Prod-EcsStagingCluster-EcsCluster-1AAGQRFIOE9AE,Service_beiakklem1vi3j5fejqg,4000,2,0.0771527888,0
1537394580,Prod-EcsStagingCluster-EcsCluster-1AAGQRFIOE9AE,Service_beiakklem1vi3j5fejqg,4000,2,0.0297392738,4
1537388220,Prod-EcsStagingCluster-EcsCluster-1AAGQRFIOE9AE,Service_beiakklem1vi3j5fejqg,4000,2,0.0178010421,7
1537374360,Prod-EcsStagingCluster-EcsCluster-1AAGQRFIOE9AE,Service_beiakklem1vi3j5fejqg,4000,2,0.0197608337,5
1537380720,Prod-EcsStagingCluster-EcsCluster-1AAGQRFIOE9AE,Service_beiakklem1vi3j5fejqg,4000,2,0.0207677515,0
1537425240,Prod-EcsStagingCluster-EcsCluster-1AAGQRFIOE9AE,Service_beiakklem1vi3j5fejqg,4000,2,0.2722903191,9
1537431600,Prod-EcsStagingCluster-EcsCluster-1AAGQRFIOE9AE,Service_beiakklem1vi3j5fejqg,4000,2,0.0248500870,0
1537354140,Prod-EcsStagingCluster-EcsCluster-1AAGQRFIOE9AE,Service_beiakklem1vi3j5fejqg,4000,2,0.0163088278,10
1537360500,Prod-EcsStagingCluster-EcsCluster-1AAGQRFIOE9AE,Service_beiakklem1vi3j5fejqg,4000,2,0.0188275002,0
1537411380,Prod-EcsStagingCluster-EcsCluster-1AAGQRFIOE9AE,Service_beiakklem1vi3j5fejqg,4000,2,0.6813622045,0
1537405020,Prod-EcsStagingCluster-EcsCluster-1AAGQRFIOE9AE,Service_beiakklem1vi3j5fejqg,4000,2,0.5019634349,8
1537358280,Prod-EcsStagingCluster-EcsCluster-1AAGQRFIOE9AE,Service_beiakklem1vi3j5fejqg,4000,2,0.3282951109,0
1537394340,Prod-EcsStagingCluster-EcsCluster-1AAGQRFIOE9AE,Service_beiakklem1vi3j5fejqg,4000,2,0.0149626661,2
1537364640,Prod-EcsStagingCluster-EcsCluster-1AAGQRFIOE9AE,Service_beiakklem1vi3j5fejqg,4000,2,0.0172098830,1
1537409160,Prod-EcsStagingCluster-EcsCluster-1AAGQRFIOE9AE,Service_beiakklem1vi3j5fejqg,4000,2,0.3701904688,0
1537415520,Prod-EcsStagingCluster-EcsCluster-1AAGQRFIOE9AE,Service_beiakklem1vi3j5fejqg,4000,2,0.1840849665,6
1537347600,Prod-EcsStagingCluster-EcsCluster-1AAGQRFIOE9AE,Service_beiakklem1vi3j5fejqg,4000,2,0.0264847463,0
1537398480,Prod-EcsStagingCluster-EcsCluster-1AAGQRFIOE9AE,Service_beiakklem1vi3j5fejqg,4000,2,0.0204895580,1
1537392120,Prod-EcsStagingCluster-EcsCluster-1AAGQRFIOE9AE,Service_beiakklem1vi3j5fejqg,4000,2,0.1406036968,0
1537379340,Prod-EcsStagingCluster-EcsCluster-1AAGQRFIOE9AE,Service_beiakklem1vi3j5fejqg,4000,2,0.0199527489,8
1537360260,Prod-EcsStagingCluster-EcsCluster-1AAGQRFIOE9AE,Service_beiakklem1vi3j5fejqg,4000,2,0.0187306255,9
1537411140,Prod-EcsStagingCluster-EcsCluster-1AAGQRFIOE9AE,Service_beiakklem1vi3j5fejqg,4000,2,0.3502883449,7
1537430220,Prod-EcsStagingCluster-EcsCluster-1AAGQRFIOE9AE,Service_beiakklem1vi3j5fejqg,4000,2,0.1357147229,8
1537358040,Prod-EcsStagingCluster-EcsCluster-1AAGQRFIOE9AE,Service_beiakklem1vi3j5fejqg,4000,2,0.0135632264,0
1537364400,Prod-EcsStagingCluster-EcsCluster-1AAGQRFIOE9AE,Service_beiakklem1vi3j5fejqg,4000,2,0.0162666290,1
1537408920,Prod-EcsStagingCluster-EcsCluster-1AAGQRFIOE9AE,Service_beiakklem1vi3j5fejqg,4000,2,0.3048878205,1
1537415280,Prod-EcsStagingCluster-EcsCluster-1AAGQRFIOE9AE,Service_beiakklem1vi3j5fejqg,4000,2,0.4202448251,0
1537396140,Prod-EcsStagingCluster-EcsCluster-1AAGQRFIOE9AE,Service_beiakklem1vi3j5fejqg,4000,2,0.0195732111,0
1537360020,Prod-EcsStagingCluster-EcsCluster-1AAGQRFIOE9AE,Service_beiakklem1vi3j5fejqg,4000,2,0.0188531773,1
1537353660,Prod-EcsStagingCluster-EcsCluster-1AAGQRFIOE9AE,Service_beiakklem1vi3j5fejqg,4000,2,0.1880901160,0
1537392840,Prod-EcsStagingCluster-EcsCluster-1AAGQRFIOE9AE,Service_beiakklem1vi3j5fejqg,4000,2,0.0198538774,5
1537404540,Prod-EcsStagingCluster-EcsCluster-1AAGQRFIOE9AE,Service_beiakklem1vi3j5fejqg,4000,2,0.7248027195,9
1537346160,Prod-EcsStagingCluster-EcsCluster-1AAGQRFIOE9AE,Service_beiakklem1vi3j5fejqg,4000,2,0.1735267573,0
1537375800,Prod-EcsStagingCluster-EcsCluster-1AAGQRFIOE9AE,Service_beiakklem1vi3j5fejqg,4000,2,0.0422435110,0
1537397040,Prod-EcsStagingCluster-EcsCluster-1AAGQRFIOE9AE,Service_beiakklem1vi3j5fejqg,4000,2,0.0203003653,0
1537370460,Prod-EcsStagingCluster-EcsCluster-1AAGQRFIOE9AE,Service_beiakklem1vi3j5fejqg,4000,2,0.0149871445,0
1537361940,Prod-EcsStagingCluster-EcsCluster-1AAGQRFIOE9AE,Service_beiakklem1vi3j5fejqg,4000,2,0.0165369464,7
1537426680,Prod-EcsStagingCluster-EcsCluster-1AAGQRFIOE9AE,Service_beiakklem1vi3j5fejqg,4000,2,0.3842935475,0
1537421340,Prod-EcsStagingCluster-EcsCluster-1AAGQRFIOE9AE,Service_beiakklem1vi3j5fejqg,4000,2,0.2141505209,7
1537412820,Prod-EcsStagingCluster-EcsCluster-1AAGQRFIOE9AE,Service_beiakklem1vi3j5fejqg,4000,2,0.4352774136,0
1537392600,Prod-EcsStagingCluster-EcsCluster-1AAGQRFIOE9AE,Service_beiakklem1vi3j5fejqg,4000,2,0.0170961257,3
1537345920,Prod-EcsStagingCluster-EcsCluster-1AAGQRFIOE9AE,Service_beiakklem1vi3j5fejqg,4000,2,0.3921175299,7
1537378740,Prod-EcsStagingCluster-EcsCluster-1AAGQRFIOE9AE,Service_beiakklem1vi3j5fejqg,4000,2,0.0198179954,0
1537396800,Prod-EcsStagingCluster-EcsCluster-1AAGQRFIOE9AE,Service_beiakklem1vi3j5fejqg,4000,2,0.0197961232,0
1537395660,Prod-EcsStagingCluster-EcsCluster-1AAGQRFIOE9AE,Service_beiakklem1vi3j5fejqg,4000,2,0.0197266779,7
1537429620,Prod-EcsStagingCluster-EcsCluster-1AAGQRFIOE9AE,Service_beiakklem1vi3j5fejqg,4000,2,0.0874087461,4
1537361700,Prod-EcsStagingCluster-EcsCluster-1AAGQRFIOE9AE,Service_beiakklem1vi3j5fejqg,4000,2,0.0197402697,0
1537412580,Prod-EcsStagingCluster-EcsCluster-1AAGQRFIOE9AE,Service_beiakklem1vi3j5fejqg,4000,2,0.2350836687,2
1537362720,Prod-EcsStagingCluster-EcsCluster-1AAGQRFIOE9AE,Service_beiakklem1vi3j5fejqg,4000,2,0.0163029171,4
1537413600,Prod-EcsStagingCluster-EcsCluster-1AAGQRFIOE9AE,Service_beiakklem1vi3j5fejqg,4000,2,0.3707974221,0
1537392360,Prod-EcsStagingCluster-EcsCluster-1AAGQRFIOE9AE,Service_beiakklem1vi3j5fejqg,4000,2,0.0172011813,0
1537345680,Prod-EcsStagingCluster-EcsCluster-1AAGQRFIOE9AE,Service_beiakklem1vi3j5fejqg,4000,2,0.3584022188,3
1537361580,Prod-EcsStagingCluster-EcsCluster-1AAGQRFIOE9AE,Service_beiakklem1vi3j5fejqg,4000,2,0.3420808851,7
1537410360,Prod-EcsStagingCluster-EcsCluster-1AAGQRFIOE9AE,Service_beiakklem1vi3j5fejqg,4000,2,0.3232272381,6
1537412460,Prod-EcsStagingCluster-EcsCluster-1AAGQRFIOE9AE,Service_beiakklem1vi3j5fejqg,4000,2,0.5071893668,3
1537378500,Prod-EcsStagingCluster-EcsCluster-1AAGQRFIOE9AE,Service_beiakklem1vi3j5fejqg,4000,2,0.0189292366,0
1537429380,Prod-EcsStagingCluster-EcsCluster-1AAGQRFIOE9AE,Service_beiakklem1vi3j5fejqg,4000,2,0.0419783724,3
1537369980,Prod-EcsStagingCluster-EcsCluster-1AAGQRFIOE9AE,Service_beiakklem1vi3j5fejqg,4000,2,0.4364637886,1
1537420860,Prod-EcsStagingCluster-EcsCluster-1AAGQRFIOE9AE,Service_beiakklem1vi3j5fejqg,4000,2,0.4409058198,0
1537376280,Prod-EcsStagingCluster-EcsCluster-1AAGQRFIOE9AE,Service_beiakklem1vi3j5fejqg,4000,2,0.0170003833,6
1537427160,Prod-EcsStagingCluster-EcsCluster-1AAGQRFIOE9AE,Service_beiakklem1vi3j5fejqg,4000,2,0.6390848350,0
1537380480,Prod-EcsStagingCluster-EcsCluster-1AAGQRFIOE9AE,Service_beiakklem1vi3j5fejqg,4000,2,0.0148011979,5
1537431360,Prod-EcsStagingCluster-EcsCluster-1AAGQRFIOE9AE,Service_beiakklem1vi3j5fejqg,4000,2,0.2864998639,1
1537386780,Prod-EcsStagingCluster-EcsCluster-1AAGQRFIOE9AE,Service_beiakklem1vi3j5fejqg,4000,2,0.1135094348,0
1537378260,Prod-EcsStagingCluster-EcsCluster-1AAGQRFIOE9AE,Service_beiakklem1vi3j5fejqg,4000,2,0.0195523144,0
1537346400,Prod-EcsStagingCluster-EcsCluster-1AAGQRFIOE9AE,Service_beiakklem1vi3j5fejqg,4000,2,0.2917433608,7
1537397280,Prod-EcsStagingCluster-EcsCluster-1AAGQRFIOE9AE,Service_beiakklem1vi3j5fejqg,4000,2,0.0192604657,1
1537429140,Prod-EcsStagingCluster-EcsCluster-1AAGQRFIOE9AE,Service_beiakklem1vi3j5fejqg,4000,2,0.0204750152,3
1537376040,Prod-EcsStagingCluster-EcsCluster-1AAGQRFIOE9AE,Service_beiakklem1vi3j5fejqg,4000,2,0.0165915836,8
1537380240,Prod-EcsStagingCluster-EcsCluster-1AAGQRFIOE9AE,Service_beiakklem1vi3j5fejqg,4000,2,0.0177508707,7
1537395060,Prod-EcsStagingCluster-EcsCluster-1AAGQRFIOE9AE,Service_beiakklem1vi3j5fejqg,4000,2,0.0171670075,7
1537361100,Prod-EcsStagingCluster-EcsCluster-1AAGQRFIOE9AE,Service_beiakklem1vi3j5fejqg,4000,2,0.0167831842,0
1537426920,Prod-EcsStagingCluster-EcsCluster-1AAGQRFIOE9AE,Service_beiakklem1vi3j5fejqg,4000,2,1.0508904189,0
1537431120,Prod-EcsStagingCluster-EcsCluster-1AAGQRFIOE9AE,Service_beiakklem1vi3j5fejqg,4000,2,0.0257774433,13
1537411980,Prod-EcsStagingCluster-EcsCluster-1AAGQRFIOE9AE,Service_beiakklem1vi3j5fejqg,4000,2,1.0047082684,7
1537378020,Prod-EcsStagingCluster-EcsCluster-1AAGQRFIOE9AE,Service_beiakklem1vi3j5fejqg,4000,2,0.0189884310,2
1537372680,Prod-EcsStagingCluster-EcsCluster-1AAGQRFIOE9AE,Service_beiakklem1vi3j5fejqg,4000,2,0.0166158395,0
1537379040,Prod-EcsStagingCluster-EcsCluster-1AAGQRFIOE9AE,Service_beiakklem1vi3j5fejqg,4000,2,0.0198839631,8
1537424700,Prod-EcsStagingCluster-EcsCluster-1AAGQRFIOE9AE,Service_beiakklem1vi3j5fejqg,4000,2,0.7041121544,9
1537359960,Prod-EcsStagingCluster-EcsCluster-1AAGQRFIOE9AE,Service_beiakklem1vi3j5fejqg,4000,2,0.0193088614,0
1537366320,Prod-EcsStagingCluster-EcsCluster-1AAGQRFIOE9AE,Service_beiakklem1vi3j5fejqg,4000,2,0.0153441341,0
1537410840,Prod-EcsStagingCluster-EcsCluster-1AAGQRFIOE9AE,Service_beiakklem1vi3j5fejqg,4000,2,0.2326835429,0
1537429920,Prod-EcsStagingCluster-EcsCluster-1AAGQRFIOE9AE,Service_beiakklem1vi3j5fejqg,4000,2,0.0233134639,0
1537423560,Prod-EcsStagingCluster-EcsCluster-1AAGQRFIOE9AE,Service_beiakklem1vi3j5fejqg,4000,2,0.6256665295,5
1537417200,Prod-EcsStagingCluster-EcsCluster-1AAGQRFIOE9AE,Service_beiakklem1vi3j5fejqg,4000,2,0.2552464316,6
1537390620,Prod-EcsStagingCluster-EcsCluster-1AAGQRFIOE9AE,Service_beiakklem1vi3j5fejqg,4000,2,0.0171149570,5
1537377900,Prod-EcsStagingCluster-EcsCluster-1AAGQRFIOE9AE,Service_beiakklem1vi3j5fejqg,4000,2,0.0192167258,5
1537428780,Prod-EcsStagingCluster-EcsCluster-1AAGQRFIOE9AE,Service_beiakklem1vi3j5fejqg,4000,2,0.0248850780,8
1537379940,Prod-EcsStagingCluster-EcsCluster-1AAGQRFIOE9AE,Service_beiakklem1vi3j5fejqg,4000,2,0.0168462750,3
1537392660,Prod-EcsStagingCluster-EcsCluster-1AAGQRFIOE9AE,Service_beiakklem1vi3j5fejqg,4000,2,0.0199711860,0
1537430820,Prod-EcsStagingCluster-EcsCluster-1AAGQRFIOE9AE,Service_beiakklem1vi3j5fejqg,4000,2,0.0234119425,7
1537358580,Prod-EcsStagingCluster-EcsCluster-1AAGQRFIOE9AE,Service_beiakklem1vi3j5fejqg,4000,2,0.2272877153,0
1537345860,Prod-EcsStagingCluster-EcsCluster-1AAGQRFIOE9AE,Service_beiakklem1vi3j5fejqg,4000,2,0.0329468195,10
1537409460,Prod-EcsStagingCluster-EcsCluster-1AAGQRFIOE9AE,Service_beiakklem1vi3j5fejqg,4000,2,0.4013594339,0
1537396740,Prod-EcsStagingCluster-EcsCluster-1AAGQRFIOE9AE,Service_beiakklem1vi3j5fejqg,4000,2,0.0199461381,0
1537359480,Prod-EcsStagingCluster-EcsCluster-1AAGQRFIOE9AE,Service_beiakklem1vi3j5fejqg,4000,2,0.3698276630,3
1537378560,Prod-EcsStagingCluster-EcsCluster-1AAGQRFIOE9AE,Service_beiakklem1vi3j5fejqg,4000,2,0.0188179628,5
1537365840,Prod-EcsStagingCluster-EcsCluster-1AAGQRFIOE9AE,Service_beiakklem1vi3j5fejqg,4000,2,0.0163690908,9
1537372200,Prod-EcsStagingCluster-EcsCluster-1AAGQRFIOE9AE,Service_beiakklem1vi3j5fejqg,4000,2,0.0173938193,0
1537377420,Prod-EcsStagingCluster-EcsCluster-1AAGQRFIOE9AE,Service_beiakklem1vi3j5fejqg,4000,2,0.0170592884,0
1537390140,Prod-EcsStagingCluster-EcsCluster-1AAGQRFIOE9AE,Service_beiakklem1vi3j5fejqg,4000,2,0.0185450564,0
1537428300,Prod-EcsStagingCluster-EcsCluster-1AAGQRFIOE9AE,Service_beiakklem1vi3j5fejqg,4000,2,0.0924742970,0
1537356060,Prod-EcsStagingCluster-EcsCluster-1AAGQRFIOE9AE,Service_beiakklem1vi3j5fejqg,4000,2,0.0170528803,0
1537406940,Prod-EcsStagingCluster-EcsCluster-1AAGQRFIOE9AE,Service_beiakklem1vi3j5fejqg,4000,2,0.2744914235,4
1537394220,Prod-EcsStagingCluster-EcsCluster-1AAGQRFIOE9AE,Service_beiakklem1vi3j5fejqg,4000,2,0.0198778446,1
1537345380,Prod-EcsStagingCluster-EcsCluster-1AAGQRFIOE9AE,Service_beiakklem1vi3j5fejqg,4000,2,0.0263785406,0
1537358100,Prod-EcsStagingCluster-EcsCluster-1AAGQRFIOE9AE,Service_beiakklem1vi3j5fejqg,4000,2,0.0167523502,0
1537396260,Prod-EcsStagingCluster-EcsCluster-1AAGQRFIOE9AE,Service_beiakklem1vi3j5fejqg,4000,2,0.0202209024,6
1537408980,Prod-EcsStagingCluster-EcsCluster-1AAGQRFIOE9AE,Service_beiakklem1vi3j5fejqg,4000,2,0.5626553497,8
1537362240,Prod-EcsStagingCluster-EcsCluster-1AAGQRFIOE9AE,Service_beiakklem1vi3j5fejqg,4000,2,0.0163813932,2
1537349520,Prod-EcsStagingCluster-EcsCluster-1AAGQRFIOE9AE,Service_beiakklem1vi3j5fejqg,4000,2,0.0907665899,1
1537355880,Prod-EcsStagingCluster-EcsCluster-1AAGQRFIOE9AE,Service_beiakklem1vi3j5fejqg,4000,2,0.3883329394,0
1537400400,Prod-EcsStagingCluster-EcsCluster-1AAGQRFIOE9AE,Service_beiakklem1vi3j5fejqg,4000,2,0.2522693077,0
1537394040,Prod-EcsStagingCluster-EcsCluster-1AAGQRFIOE9AE,Service_beiakklem1vi3j5fejqg,4000,2,0.0201667001,0
1537374900,Prod-EcsStagingCluster-EcsCluster-1AAGQRFIOE9AE,Service_beiakklem1vi3j5fejqg,4000,2,0.0197845107,3
1537413120,Prod-EcsStagingCluster-EcsCluster-1AAGQRFIOE9AE,Service_beiakklem1vi3j5fejqg,4000,2,0.4846878100,0
1537406760,Prod-EcsStagingCluster-EcsCluster-1AAGQRFIOE9AE,Service_beiakklem1vi3j5fejqg,4000,2,0.7709385169,3
1537362180,Prod-EcsStagingCluster-EcsCluster-1AAGQRFIOE9AE,Service_beiakklem1vi3j5fejqg,4000,2,0.3588979682,0
1537413060,Prod-EcsStagingCluster-EcsCluster-1AAGQRFIOE9AE,Service_beiakklem1vi3j5fejqg,4000,2,0.5444545733,0
1537425780,Prod-EcsStagingCluster-EcsCluster-1AAGQRFIOE9AE,Service_beiakklem1vi3j5fejqg,4000,2,0.0745140710,3
1537410900,Prod-EcsStagingCluster-EcsCluster-1AAGQRFIOE9AE,Service_beiakklem1vi3j5fejqg,4000,2,0.8899143992,0
1537382160,Prod-EcsStagingCluster-EcsCluster-1AAGQRFIOE9AE,Service_beiakklem1vi3j5fejqg,4000,2,0.0188252010,4
1537376820,Prod-EcsStagingCluster-EcsCluster-1AAGQRFIOE9AE,Service_beiakklem1vi3j5fejqg,4000,2,0.0168797725,0
1537394880,Prod-EcsStagingCluster-EcsCluster-1AAGQRFIOE9AE,Service_beiakklem1vi3j5fejqg,4000,2,0.0252729066,0
1537364100,Prod-EcsStagingCluster-EcsCluster-1AAGQRFIOE9AE,Service_beiakklem1vi3j5fejqg,4000,2,0.0167592343,1
1537355580,Prod-EcsStagingCluster-EcsCluster-1AAGQRFIOE9AE,Service_beiakklem1vi3j5fejqg,4000,2,0.1002268646,6
1537393740,Prod-EcsStagingCluster-EcsCluster-1AAGQRFIOE9AE,Service_beiakklem1vi3j5fejqg,4000,2,0.0202808787,7
1537427700,Prod-EcsStagingCluster-EcsCluster-1AAGQRFIOE9AE,Service_beiakklem1vi3j5fejqg,4000,2,0.2285072416,7
1537414980,Prod-EcsStagingCluster-EcsCluster-1AAGQRFIOE9AE,Service_beiakklem1vi3j5fejqg,4000,2,0.6009440843,7
1537348080,Prod-EcsStagingCluster-EcsCluster-1AAGQRFIOE9AE,Service_beiakklem1vi3j5fejqg,4000,2,0.3895442225,0
1537360800,Prod-EcsStagingCluster-EcsCluster-1AAGQRFIOE9AE,Service_beiakklem1vi3j5fejqg,4000,2,0.0181875250,0
1537406460,Prod-EcsStagingCluster-EcsCluster-1AAGQRFIOE9AE,Service_beiakklem1vi3j5fejqg,4000,2,0.5391853841,1
1537411680,Prod-EcsStagingCluster-EcsCluster-1AAGQRFIOE9AE,Service_beiakklem1vi3j5fejqg,4000,2,0.2897030341,0
1537377720,Prod-EcsStagingCluster-EcsCluster-1AAGQRFIOE9AE,Service_beiakklem1vi3j5fejqg,4000,2,0.0242879971,10
1537398960,Prod-EcsStagingCluster-EcsCluster-1AAGQRFIOE9AE,Service_beiakklem1vi3j5fejqg,4000,2,0.0191819197,3
1537372380,Prod-EcsStagingCluster-EcsCluster-1AAGQRFIOE9AE,Service_beiakklem1vi3j5fejqg,4000,2,0.3199811251,8
1537390440,Prod-EcsStagingCluster-EcsCluster-1AAGQRFIOE9AE,Service_beiakklem1vi3j5fejqg,4000,2,0.0187927754,5
1537359660,Prod-EcsStagingCluster-EcsCluster-1AAGQRFIOE9AE,Service_beiakklem1vi3j5fejqg,4000,2,0.0189091797,0
1537410540,Prod-EcsStagingCluster-EcsCluster-1AAGQRFIOE9AE,Service_beiakklem1vi3j5fejqg,4000,2,1.3236802251,3
1537428600,Prod-EcsStagingCluster-EcsCluster-1AAGQRFIOE9AE,Service_beiakklem1vi3j5fejqg,4000,2,0.0213970313,0
1537423260,Prod-EcsStagingCluster-EcsCluster-1AAGQRFIOE9AE,Service_beiakklem1vi3j5fejqg,4000,2,0.5889509973,5
1537356360,Prod-EcsStagingCluster-EcsCluster-1AAGQRFIOE9AE,Service_beiakklem1vi3j5fejqg,4000,2,0.0159801222,0
1537407240,Prod-EcsStagingCluster-EcsCluster-1AAGQRFIOE9AE,Service_beiakklem1vi3j5fejqg,4000,2,0.4026530299,7
1537394520,Prod-EcsStagingCluster-EcsCluster-1AAGQRFIOE9AE,Service_beiakklem1vi3j5fejqg,4000,2,0.1415077430,0
1537416720,Prod-EcsStagingCluster-EcsCluster-1AAGQRFIOE9AE,Service_beiakklem1vi3j5fejqg,4000,2,0.2902763160,15
1537429440,Prod-EcsStagingCluster-EcsCluster-1AAGQRFIOE9AE,Service_beiakklem1vi3j5fejqg,4000,2,0.5013146282,1
1537363620,Prod-EcsStagingCluster-EcsCluster-1AAGQRFIOE9AE,Service_beiakklem1vi3j5fejqg,4000,2,0.0134893188,0
1537376340,Prod-EcsStagingCluster-EcsCluster-1AAGQRFIOE9AE,Service_beiakklem1vi3j5fejqg,4000,2,0.0176743986,3
1537414500,Prod-EcsStagingCluster-EcsCluster-1AAGQRFIOE9AE,Service_beiakklem1vi3j5fejqg,4000,2,0.3505432426,0
1537395360,Prod-EcsStagingCluster-EcsCluster-1AAGQRFIOE9AE,Service_beiakklem1vi3j5fejqg,4000,2,0.0172516564,0
1537361400,Prod-EcsStagingCluster-EcsCluster-1AAGQRFIOE9AE,Service_beiakklem1vi3j5fejqg,4000,2,0.0163975980,0
1537427220,Prod-EcsStagingCluster-EcsCluster-1AAGQRFIOE9AE,Service_beiakklem1vi3j5fejqg,4000,2,0.0567010208,3
1537382640,Prod-EcsStagingCluster-EcsCluster-1AAGQRFIOE9AE,Service_beiakklem1vi3j5fejqg,4000,2,0.0183836260,5
1537374120,Prod-EcsStagingCluster-EcsCluster-1AAGQRFIOE9AE,Service_beiakklem1vi3j5fejqg,4000,2,0.0170038794,0
1537412280,Prod-EcsStagingCluster-EcsCluster-1AAGQRFIOE9AE,Service_beiakklem1vi3j5fejqg,4000,2,0.1892707601,1
1537393140,Prod-EcsStagingCluster-EcsCluster-1AAGQRFIOE9AE,Service_beiakklem1vi3j5fejqg,4000,2,0.0197740270,1
1537359180,Prod-EcsStagingCluster-EcsCluster-1AAGQRFIOE9AE,Service_beiakklem1vi3j5fejqg,4000,2,0.0994253696,6
1537425000,Prod-EcsStagingCluster-EcsCluster-1AAGQRFIOE9AE,Service_beiakklem1vi3j5fejqg,4000,2,0.1235398571,1
1537380420,Prod-EcsStagingCluster-EcsCluster-1AAGQRFIOE9AE,Service_beiakklem1vi3j5fejqg,4000,2,0.0146274385,6
1537431300,Prod-EcsStagingCluster-EcsCluster-1AAGQRFIOE9AE,Service_beiakklem1vi3j5fejqg,4000,2,0.0284546249,10
1537371900,Prod-EcsStagingCluster-EcsCluster-1AAGQRFIOE9AE,Service_beiakklem1vi3j5fejqg,4000,2,0.0194556156,5
1537410060,Prod-EcsStagingCluster-EcsCluster-1AAGQRFIOE9AE,Service_beiakklem1vi3j5fejqg,4000,2,0.4170876212,3
1537422780,Prod-EcsStagingCluster-EcsCluster-1AAGQRFIOE9AE,Service_beiakklem1vi3j5fejqg,4000,2,0.7841634147,0
1537390920,Prod-EcsStagingCluster-EcsCluster-1AAGQRFIOE9AE,Service_beiakklem1vi3j5fejqg,4000,2,0.0852007786,0
1537378200,Prod-EcsStagingCluster-EcsCluster-1AAGQRFIOE9AE,Service_beiakklem1vi3j5fejqg,4000,2,0.0196557790,7
1537429080,Prod-EcsStagingCluster-EcsCluster-1AAGQRFIOE9AE,Service_beiakklem1vi3j5fejqg,4000,2,0.0209550651,0
1537388700,Prod-EcsStagingCluster-EcsCluster-1AAGQRFIOE9AE,Service_beiakklem1vi3j5fejqg,4000,2,0.0183715253,6
1537375980,Prod-EcsStagingCluster-EcsCluster-1AAGQRFIOE9AE,Service_beiakklem1vi3j5fejqg,4000,2,0.3364144516,5
1537350300,Prod-EcsStagingCluster-EcsCluster-1AAGQRFIOE9AE,Service_beiakklem1vi3j5fejr0,500,1,0.0406438238,0
1537353480,Prod-EcsStagingCluster-EcsCluster-1AAGQRFIOE9AE,Service_beiakklem1vi3j5fejr0,500,1,0.0429292941,0
1537356660,Prod-EcsStagingCluster-EcsCluster-1AAGQRFIOE9AE,Service_beiakklem1vi3j5fejr0,500,1,0.0341879047,0
1537359840,Prod-EcsStagingCluster-EcsCluster-1AAGQRFIOE9AE,Service_beiakklem1vi3j5fejr0,500,1,0.0436588176,0
1537378920,Prod-EcsStagingCluster-EcsCluster-1AAGQRFIOE9AE,Service_beiakklem1vi3j5fejr0,500,1,0.0486090451,0
1537382100,Prod-EcsStagingCluster-EcsCluster-1AAGQRFIOE9AE,Service_beiakklem1vi3j5fejr0,500,1,0.0500982183,0
1537385280,Prod-EcsStagingCluster-EcsCluster-1AAGQRFIOE9AE,Service_beiakklem1vi3j5fejr0,500,1,0.0507254221,0
1537375740,Prod-EcsStagingCluster-EcsCluster-1AAGQRFIOE9AE,Service_beiakklem1vi3j5fejr0,500,1,0.0438922003,0
1537409580,Prod-EcsStagingCluster-EcsCluster-1AAGQRFIOE9AE,Service_beiakklem1vi3j5fejr0,500,1,0.0413617266,0
1537412760,Prod-EcsStagingCluster-EcsCluster-1AAGQRFIOE9AE,Service_beiakklem1vi3j5fejr0,500,1,0.0441427986,0
1537415940,Prod-EcsStagingCluster-EcsCluster-1AAGQRFIOE9AE,Service_beiakklem1vi3j5fejr0,500,1,0.0510727381,0
1537419120,Prod-EcsStagingCluster-EcsCluster-1AAGQRFIOE9AE,Service_beiakklem1vi3j5fejr0,500,1,0.0530524865,0
1537390260,Prod-EcsStagingCluster-EcsCluster-1AAGQRFIOE9AE,Service_beiakklem1vi3j5fejr0,500,1,0.0544035345,0
1537393440,Prod-EcsStagingCluster-EcsCluster-1AAGQRFIOE9AE,Service_beiakklem1vi3j5fejr0,500,1,0.0518062761,0
1537383900,Prod-EcsStagingCluster-EcsCluster-1AAGQRFIOE9AE,Service_beiakklem1vi3j5fejr0,500,1,0.0490489046,0
1537387080,Prod-EcsStagingCluster-EcsCluster-1AAGQRFIOE9AE,Service_beiakklem1vi3j5fejr0,500,1,0.0507869940,0
1537350960,Prod-EcsStagingCluster-EcsCluster-1AAGQRFIOE9AE,Service_beiakklem1vi3j5fejr0,500,1,0.0426694193,0
1537347780,Prod-EcsStagingCluster-EcsCluster-1AAGQRFIOE9AE,Service_beiakklem1vi3j5fejr0,500,1,0.0395964487,0
1537415700,Prod-EcsStagingCluster-EcsCluster-1AAGQRFIOE9AE,Service_beiakklem1vi3j5fejr0,500,1,0.0539346381,0
1537418880,Prod-EcsStagingCluster-EcsCluster-1AAGQRFIOE9AE,Service_beiakklem1vi3j5fejr0,500,1,0.0442403210,0
1537409340,Prod-EcsStagingCluster-EcsCluster-1AAGQRFIOE9AE,Service_beiakklem1vi3j5fejr0,500,1,0.0435233866,0
1537412520,Prod-EcsStagingCluster-EcsCluster-1AAGQRFIOE9AE,Service_beiakklem1vi3j5fejr0,500,1,0.0450480399,0
1537373220,Prod-EcsStagingCluster-EcsCluster-1AAGQRFIOE9AE,Service_beiakklem1vi3j5fejr0,500,1,0.0473452097,0
1537366860,Prod-EcsStagingCluster-EcsCluster-1AAGQRFIOE9AE,Service_beiakklem1vi3j5fejr0,500,1,0.0247920405,0
1537394400,Prod-EcsStagingCluster-EcsCluster-1AAGQRFIOE9AE,Service_beiakklem1vi3j5fejr0,500,1,0.0549428196,0
1537388040,Prod-EcsStagingCluster-EcsCluster-1AAGQRFIOE9AE,Service_beiakklem1vi3j5fejr0,500,1,0.0667379023,0
1537351920,Prod-EcsStagingCluster-EcsCluster-1AAGQRFIOE9AE,Service_beiakklem1vi3j5fejr0,500,1,0.0389447691,0
1537419840,Prod-EcsStagingCluster-EcsCluster-1AAGQRFIOE9AE,Service_beiakklem1vi3j5fejr0,500,1,0.0521976043,0
1537345560,Prod-EcsStagingCluster-EcsCluster-1AAGQRFIOE9AE,Service_beiakklem1vi3j5fejr0,500,1,0.0518676561,0
1537413480,Prod-EcsStagingCluster-EcsCluster-1AAGQRFIOE9AE,Service_beiakklem1vi3j5fejr0,500,1,0.0474562348,0
1537377360,Prod-EcsStagingCluster-EcsCluster-1AAGQRFIOE9AE,Service_beiakklem1vi3j5fejr0,500,1,0.0487066674,0
1537371000,Prod-EcsStagingCluster-EcsCluster-1AAGQRFIOE9AE,Service_beiakklem1vi3j5fejr0,500,1,0.0475127521,0
1537347540,Prod-EcsStagingCluster-EcsCluster-1AAGQRFIOE9AE,Service_beiakklem1vi3j5fejr0,500,1,0.0395965469,0
1537345320,Prod-EcsStagingCluster-EcsCluster-1AAGQRFIOE9AE,Service_beiakklem1vi3j5fejr0,500,1,0.0388190574,0
1537417500,Prod-EcsStagingCluster-EcsCluster-1AAGQRFIOE9AE,Service_beiakklem1vi3j5fejr0,500,1,0.0538707573,0
1537423860,Prod-EcsStagingCluster-EcsCluster-1AAGQRFIOE9AE,Service_beiakklem1vi3j5fejr0,500,1,0.0550564230,0
1537351680,Prod-EcsStagingCluster-EcsCluster-1AAGQRFIOE9AE,Service_beiakklem1vi3j5fejr0,500,1,0.0403895763,0
1537375020,Prod-EcsStagingCluster-EcsCluster-1AAGQRFIOE9AE,Service_beiakklem1vi3j5fejr0,500,1,0.0403894164,0
1537381380,Prod-EcsStagingCluster-EcsCluster-1AAGQRFIOE9AE,Service_beiakklem1vi3j5fejr0,500,1,0.0488744205,0
1537400460,Prod-EcsStagingCluster-EcsCluster-1AAGQRFIOE9AE,Service_beiakklem1vi3j5fejr0,500,1,0.0548419213,0
1537406820,Prod-EcsStagingCluster-EcsCluster-1AAGQRFIOE9AE,Service_beiakklem1vi3j5fejr0,500,1,0.0609876817,0
1537428000,Prod-EcsStagingCluster-EcsCluster-1AAGQRFIOE9AE,Service_beiakklem1vi3j5fejr0,500,1,0.0498374823,0
1537421640,Prod-EcsStagingCluster-EcsCluster-1AAGQRFIOE9AE,Service_beiakklem1vi3j5fejr0,500,1,0.0546118737,0
1537385520,Prod-EcsStagingCluster-EcsCluster-1AAGQRFIOE9AE,Service_beiakklem1vi3j5fejr0,500,1,0.0491623520,0
1537379160,Prod-EcsStagingCluster-EcsCluster-1AAGQRFIOE9AE,Service_beiakklem1vi3j5fejr0,500,1,0.0480797947,0
1537404600,Prod-EcsStagingCluster-EcsCluster-1AAGQRFIOE9AE,Service_beiakklem1vi3j5fejr0,500,1,0.0582520630,0
1537410960,Prod-EcsStagingCluster-EcsCluster-1AAGQRFIOE9AE,Service_beiakklem1vi3j5fejr0,500,1,0.0432305397,0
1537358880,Prod-EcsStagingCluster-EcsCluster-1AAGQRFIOE9AE,Service_beiakklem1vi3j5fejr0,500,1,0.0212708634,0
1537349340,Prod-EcsStagingCluster-EcsCluster-1AAGQRFIOE9AE,Service_beiakklem1vi3j5fejr0,500,1,0.0406746647,0
1537380120,Prod-EcsStagingCluster-EcsCluster-1AAGQRFIOE9AE,Service_beiakklem1vi3j5fejr0,500,1,0.0480947624,0
1537383300,Prod-EcsStagingCluster-EcsCluster-1AAGQRFIOE9AE,Service_beiakklem1vi3j5fejr0,500,1,0.0494199981,0
1537384320,Prod-EcsStagingCluster-EcsCluster-1AAGQRFIOE9AE,Service_beiakklem1vi3j5fejr0,500,1,0.0485724969,0
1537374780,Prod-EcsStagingCluster-EcsCluster-1AAGQRFIOE9AE,Service_beiakklem1vi3j5fejr0,500,1,0.0415961125,0
1537405560,Prod-EcsStagingCluster-EcsCluster-1AAGQRFIOE9AE,Service_beiakklem1vi3j5fejr0,500,1,0.0609569261,0
1537408740,Prod-EcsStagingCluster-EcsCluster-1AAGQRFIOE9AE,Service_beiakklem1vi3j5fejr0,500,1,0.0521910933,0
1537408620,Prod-EcsStagingCluster-EcsCluster-1AAGQRFIOE9AE,Service_beiakklem1vi3j5fejr0,500,1,0.0528212452,0
1537418160,Prod-EcsStagingCluster-EcsCluster-1AAGQRFIOE9AE,Service_beiakklem1vi3j5fejr0,500,1,0.0459860338,0
1537354440,Prod-EcsStagingCluster-EcsCluster-1AAGQRFIOE9AE,Service_beiakklem1vi3j5fejr0,500,1,0.0386856155,0
1537357620,Prod-EcsStagingCluster-EcsCluster-1AAGQRFIOE9AE,Service_beiakklem1vi3j5fejr0,500,1,0.0423409207,0
1537379880,Prod-EcsStagingCluster-EcsCluster-1AAGQRFIOE9AE,Service_beiakklem1vi3j5fejr0,500,1,0.0497881957,0
1537383060,Prod-EcsStagingCluster-EcsCluster-1AAGQRFIOE9AE,Service_beiakklem1vi3j5fejr0,500,1,0.0493948371,0
1537392480,Prod-EcsStagingCluster-EcsCluster-1AAGQRFIOE9AE,Service_beiakklem1vi3j5fejr0,500,1,0.0566647473,0
1537382940,Prod-EcsStagingCluster-EcsCluster-1AAGQRFIOE9AE,Service_beiakklem1vi3j5fejr0,500,1,0.0529456223,0
1537413720,Prod-EcsStagingCluster-EcsCluster-1AAGQRFIOE9AE,Service_beiakklem1vi3j5fejr0,500,1,0.0487465728,0
1537416900,Prod-EcsStagingCluster-EcsCluster-1AAGQRFIOE9AE,Service_beiakklem1vi3j5fejr0,500,1,0.0506350116,0
1537350000,Prod-EcsStagingCluster-EcsCluster-1AAGQRFIOE9AE,Service_beiakklem1vi3j5fejr0,500,1,0.0534699031,0
1537417920,Prod-EcsStagingCluster-EcsCluster-1AAGQRFIOE9AE,Service_beiakklem1vi3j5fejr0,500,1,0.0543617980,0
1537408380,Prod-EcsStagingCluster-EcsCluster-1AAGQRFIOE9AE,Service_beiakklem1vi3j5fejr0,500,1,0.0490477633,0
1537375440,Prod-EcsStagingCluster-EcsCluster-1AAGQRFIOE9AE,Service_beiakklem1vi3j5fejr0,500,1,0.0443775675,0
1537365900,Prod-EcsStagingCluster-EcsCluster-1AAGQRFIOE9AE,Service_beiakklem1vi3j5fejr0,500,1,0.0438868971,0
1537376400,Prod-EcsStagingCluster-EcsCluster-1AAGQRFIOE9AE,Service_beiakklem1vi3j5fejr0,500,1,0.0442635045,0
1537391220,Prod-EcsStagingCluster-EcsCluster-1AAGQRFIOE9AE,Service_beiakklem1vi3j5fejr0,500,1,0.0523897816,0
1537348740,Prod-EcsStagingCluster-EcsCluster-1AAGQRFIOE9AE,Service_beiakklem1vi3j5fejr0,500,1,0.0399918229,0
1537416660,Prod-EcsStagingCluster-EcsCluster-1AAGQRFIOE9AE,Service_beiakklem1vi3j5fejr0,500,1,0.0522001824,0
1537374180,Prod-EcsStagingCluster-EcsCluster-1AAGQRFIOE9AE,Service_beiakklem1vi3j5fejr0,500,1,0.0455413900,0
1537389000,Prod-EcsStagingCluster-EcsCluster-1AAGQRFIOE9AE,Service_beiakklem1vi3j5fejr0,500,1,0.0500678467,0
1537346520,Prod-EcsStagingCluster-EcsCluster-1AAGQRFIOE9AE,Service_beiakklem1vi3j5fejr0,500,1,0.0405753328,0
1537414440,Prod-EcsStagingCluster-EcsCluster-1AAGQRFIOE9AE,Service_beiakklem1vi3j5fejr0,500,1,0.0522900645,0
1537371960,Prod-EcsStagingCluster-EcsCluster-1AAGQRFIOE9AE,Service_beiakklem1vi3j5fejr0,500,1,0.0470068377,0
1537416540,Prod-EcsStagingCluster-EcsCluster-1AAGQRFIOE9AE,Service_beiakklem1vi3j5fejr0,500,1,0.0495645796,0
1537350720,Prod-EcsStagingCluster-EcsCluster-1AAGQRFIOE9AE,Service_beiakklem1vi3j5fejr0,500,1,0.0439651571,0
1537374060,Prod-EcsStagingCluster-EcsCluster-1AAGQRFIOE9AE,Service_beiakklem1vi3j5fejr0,500,1,0.0497050282,0
1537399500,Prod-EcsStagingCluster-EcsCluster-1AAGQRFIOE9AE,Service_beiakklem1vi3j5fejr0,500,1,0.0536053459,0
1537348500,Prod-EcsStagingCluster-EcsCluster-1AAGQRFIOE9AE,Service_beiakklem1vi3j5fejr0,500,1,0.0508588500,0
1537427040,Prod-EcsStagingCluster-EcsCluster-1AAGQRFIOE9AE,Service_beiakklem1vi3j5fejr0,500,1,0.0550792059,0
1537384560,Prod-EcsStagingCluster-EcsCluster-1AAGQRFIOE9AE,Service_beiakklem1vi3j5fejr0,500,1,0.0480960630,0
1537410000,Prod-EcsStagingCluster-EcsCluster-1AAGQRFIOE9AE,Service_beiakklem1vi3j5fejr0,500,1,0.0403534975,0
1537346280,Prod-EcsStagingCluster-EcsCluster-1AAGQRFIOE9AE,Service_beiakklem1vi3j5fejr0,500,1,0.0407258581,0
1537424820,Prod-EcsStagingCluster-EcsCluster-1AAGQRFIOE9AE,Service_beiakklem1vi3j5fejr0,500,1,0.0549794205,0
1537348380,Prod-EcsStagingCluster-EcsCluster-1AAGQRFIOE9AE,Service_beiakklem1vi3j5fejr0,500,1,0.0394209523,0
1537382340,Prod-EcsStagingCluster-EcsCluster-1AAGQRFIOE9AE,Service_beiakklem1vi3j5fejr0,500,1,0.0511827482,0
1537373820,Prod-EcsStagingCluster-EcsCluster-1AAGQRFIOE9AE,Service_beiakklem1vi3j5fejr0,500,1,0.0481763431,0
1537407780,Prod-EcsStagingCluster-EcsCluster-1AAGQRFIOE9AE,Service_beiakklem1vi3j5fejr0,500,1,0.0499473176,0
1537422600,Prod-EcsStagingCluster-EcsCluster-1AAGQRFIOE9AE,Service_beiakklem1vi3j5fejr0,500,1,0.0580078075,0
1537407660,Prod-EcsStagingCluster-EcsCluster-1AAGQRFIOE9AE,Service_beiakklem1vi3j5fejr0,500,1,0.0536590115,0
1537420380,Prod-EcsStagingCluster-EcsCluster-1AAGQRFIOE9AE,Service_beiakklem1vi3j5fejr0,500,1,0.0562467090,0
1537387440,Prod-EcsStagingCluster-EcsCluster-1AAGQRFIOE9AE,Service_beiakklem1vi3j5fejr0,500,1,0.0509455194,0
1537381080,Prod-EcsStagingCluster-EcsCluster-1AAGQRFIOE9AE,Service_beiakklem1vi3j5fejr0,500,1,0.0635408364,0
1537384260,Prod-EcsStagingCluster-EcsCluster-1AAGQRFIOE9AE,Service_beiakklem1vi3j5fejr0,500,1,0.0490803937,0
1537412880,Prod-EcsStagingCluster-EcsCluster-1AAGQRFIOE9AE,Service_beiakklem1vi3j5fejr0,500,1,0.0551913310,0
1537406520,Prod-EcsStagingCluster-EcsCluster-1AAGQRFIOE9AE,Service_beiakklem1vi3j5fejr0,500,1,0.0627919818,0
1537409700,Prod-EcsStagingCluster-EcsCluster-1AAGQRFIOE9AE,Service_beiakklem1vi3j5fejr0,500,1,0.0432537586,0
1537391520,Prod-EcsStagingCluster-EcsCluster-1AAGQRFIOE9AE,Service_beiakklem1vi3j5fejr0,500,1,0.0530270416,0
1537385160,Prod-EcsStagingCluster-EcsCluster-1AAGQRFIOE9AE,Service_beiakklem1vi3j5fejr0,500,1,0.0489392163,0
1537388340,Prod-EcsStagingCluster-EcsCluster-1AAGQRFIOE9AE,Service_beiakklem1vi3j5fejr0,500,1,0.0500661904,0
1537352220,Prod-EcsStagingCluster-EcsCluster-1AAGQRFIOE9AE,Service_beiakklem1vi3j5fejr0,500,1,0.0423833898,0
1537416960,Prod-EcsStagingCluster-EcsCluster-1AAGQRFIOE9AE,Service_beiakklem1vi3j5fejr0,500,1,0.0489672067,0
1537410600,Prod-EcsStagingCluster-EcsCluster-1AAGQRFIOE9AE,Service_beiakklem1vi3j5fejr0,500,1,0.0413443331,0
1537413780,Prod-EcsStagingCluster-EcsCluster-1AAGQRFIOE9AE,Service_beiakklem1vi3j5fejr0,500,1,0.0492763466,0
1537377660,Prod-EcsStagingCluster-EcsCluster-1AAGQRFIOE9AE,Service_beiakklem1vi3j5fejr0,500,1,0.0467980621,0
1537364940,Prod-EcsStagingCluster-EcsCluster-1AAGQRFIOE9AE,Service_beiakklem1vi3j5fejr0,500,1,0.0489064485,0
1537414680,Prod-EcsStagingCluster-EcsCluster-1AAGQRFIOE9AE,Service_beiakklem1vi3j5fejr0,500,1,0.0507066775,0
1537417860,Prod-EcsStagingCluster-EcsCluster-1AAGQRFIOE9AE,Service_beiakklem1vi3j5fejr0,500,1,0.0509820670,0
1537421040,Prod-EcsStagingCluster-EcsCluster-1AAGQRFIOE9AE,Service_beiakklem1vi3j5fejr0,500,1,0.0538914415,0
1537345620,Prod-EcsStagingCluster-EcsCluster-1AAGQRFIOE9AE,Service_beiakklem1vi3j5fejr0,500,1,0.0412111771,0
1537415640,Prod-EcsStagingCluster-EcsCluster-1AAGQRFIOE9AE,Service_beiakklem1vi3j5fejr0,500,1,0.0537537531,0
1537422000,Prod-EcsStagingCluster-EcsCluster-1AAGQRFIOE9AE,Service_beiakklem1vi3j5fejr0,500,1,0.0571069777,0
1537349760,Prod-EcsStagingCluster-EcsCluster-1AAGQRFIOE9AE,Service_beiakklem1vi3j5fejr0,500,1,0.0441366108,0
1537373100,Prod-EcsStagingCluster-EcsCluster-1AAGQRFIOE9AE,Service_beiakklem1vi3j5fejr0,500,1,0.0462156119,0
1537421940,Prod-EcsStagingCluster-EcsCluster-1AAGQRFIOE9AE,Service_beiakklem1vi3j5fejr0,500,1,0.0545070373,0
1537398540,Prod-EcsStagingCluster-EcsCluster-1AAGQRFIOE9AE,Service_beiakklem1vi3j5fejr0,500,1,0.0526204733,0
1537385820,Prod-EcsStagingCluster-EcsCluster-1AAGQRFIOE9AE,Service_beiakklem1vi3j5fejr0,500,1,0.0492316526,0
1537349700,Prod-EcsStagingCluster-EcsCluster-1AAGQRFIOE9AE,Service_beiakklem1vi3j5fejr0,500,1,0.0427962606,0
1537411260,Prod-EcsStagingCluster-EcsCluster-1AAGQRFIOE9AE,Service_beiakklem1vi3j5fejr0,500,1,0.0555779431,0
1537375140,Prod-EcsStagingCluster-EcsCluster-1AAGQRFIOE9AE,Service_beiakklem1vi3j5fejr0,500,1,0.0433092116,0
1537419720,Prod-EcsStagingCluster-EcsCluster-1AAGQRFIOE9AE,Service_beiakklem1vi3j5fejr0,500,1,0.0524575290,0
1537426080,Prod-EcsStagingCluster-EcsCluster-1AAGQRFIOE9AE,Service_beiakklem1vi3j5fejr0,500,1,0.0577645984,0
1537353840,Prod-EcsStagingCluster-EcsCluster-1AAGQRFIOE9AE,Service_beiakklem1vi3j5fejr0,500,1,0.0332754799,0
1537347480,Prod-EcsStagingCluster-EcsCluster-1AAGQRFIOE9AE,Service_beiakklem1vi3j5fejr0,500,1,0.0402392339,0
1537372920,Prod-EcsStagingCluster-EcsCluster-1AAGQRFIOE9AE,Service_beiakklem1vi3j5fejr0,500,1,0.0459425998,0
1537379280,Prod-EcsStagingCluster-EcsCluster-1AAGQRFIOE9AE,Service_beiakklem1vi3j5fejr0,500,1,0.0480944327,0
1537353780,Prod-EcsStagingCluster-EcsCluster-1AAGQRFIOE9AE,Service_beiakklem1vi3j5fejr0,500,1,0.0337921122,0
1537379220,Prod-EcsStagingCluster-EcsCluster-1AAGQRFIOE9AE,Service_beiakklem1vi3j5fejr0,500,1,0.0492229651,0
1537351560,Prod-EcsStagingCluster-EcsCluster-1AAGQRFIOE9AE,Service_beiakklem1vi3j5fejr0,500,1,0.0409905962,0
1537357920,Prod-EcsStagingCluster-EcsCluster-1AAGQRFIOE9AE,Service_beiakklem1vi3j5fejr0,500,1,0.0408327186,0
1537377000,Prod-EcsStagingCluster-EcsCluster-1AAGQRFIOE9AE,Service_beiakklem1vi3j5fejr0,500,1,0.0485200992,0
1537383360,Prod-EcsStagingCluster-EcsCluster-1AAGQRFIOE9AE,Service_beiakklem1vi3j5fejr0,500,1,0.0485312556,0
1537406700,Prod-EcsStagingCluster-EcsCluster-1AAGQRFIOE9AE,Service_beiakklem1vi3j5fejr0,500,1,0.0604202164,0
1537419420,Prod-EcsStagingCluster-EcsCluster-1AAGQRFIOE9AE,Service_beiakklem1vi3j5fejr0,500,1,0.0558695942,0
1537352520,Prod-EcsStagingCluster-EcsCluster-1AAGQRFIOE9AE,Service_beiakklem1vi3j5fejr0,500,1,0.0398538373,0
1537355700,Prod-EcsStagingCluster-EcsCluster-1AAGQRFIOE9AE,Service_beiakklem1vi3j5fejr0,500,1,0.0361275758,0
1537386480,Prod-EcsStagingCluster-EcsCluster-1AAGQRFIOE9AE,Service_beiakklem1vi3j5fejr0,500,1,0.0494914901,0
1537377960,Prod-EcsStagingCluster-EcsCluster-1AAGQRFIOE9AE,Service_beiakklem1vi3j5fejr0,500,1,0.0486572464,0
1537381140,Prod-EcsStagingCluster-EcsCluster-1AAGQRFIOE9AE,Service_beiakklem1vi3j5fejr0,500,1,0.0504657527,0
1537411920,Prod-EcsStagingCluster-EcsCluster-1AAGQRFIOE9AE,Service_beiakklem1vi3j5fejr0,500,1,0.0509092636,0
1537390560,Prod-EcsStagingCluster-EcsCluster-1AAGQRFIOE9AE,Service_beiakklem1vi3j5fejr0,500,1,0.0547940846,0
1537351260,Prod-EcsStagingCluster-EcsCluster-1AAGQRFIOE9AE,Service_beiakklem1vi3j5fejr0,500,1,0.0384487025,0
1537385220,Prod-EcsStagingCluster-EcsCluster-1AAGQRFIOE9AE,Service_beiakklem1vi3j5fejr0,500,1,0.0482072732,0
1537382040,Prod-EcsStagingCluster-EcsCluster-1AAGQRFIOE9AE,Service_beiakklem1vi3j5fejr0,500,1,0.0543753470,0
1537416000,Prod-EcsStagingCluster-EcsCluster-1AAGQRFIOE9AE,Service_beiakklem1vi3j5fejr0,500,1,0.0434138813,0
1537376700,Prod-EcsStagingCluster-EcsCluster-1AAGQRFIOE9AE,Service_beiakklem1vi3j5fejr0,500,1,0.0464915978,0
1537410660,Prod-EcsStagingCluster-EcsCluster-1AAGQRFIOE9AE,Service_beiakklem1vi3j5fejr0,500,1,0.0419743446,0
1537363980,Prod-EcsStagingCluster-EcsCluster-1AAGQRFIOE9AE,Service_beiakklem1vi3j5fejr0,500,1,0.0435867682,0
1537407480,Prod-EcsStagingCluster-EcsCluster-1AAGQRFIOE9AE,Service_beiakklem1vi3j5fejr0,500,1,0.0514158140,0
1537389300,Prod-EcsStagingCluster-EcsCluster-1AAGQRFIOE9AE,Service_beiakklem1vi3j5fejr0,500,1,0.0499389439,0
1537386120,Prod-EcsStagingCluster-EcsCluster-1AAGQRFIOE9AE,Service_beiakklem1vi3j5fejr0,500,1,0.0510398088,0
1537420080,Prod-EcsStagingCluster-EcsCluster-1AAGQRFIOE9AE,Service_beiakklem1vi3j5fejr0,500,1,0.0514452316,0
1537411560,Prod-EcsStagingCluster-EcsCluster-1AAGQRFIOE9AE,Service_beiakklem1vi3j5fejr0,500,1,0.0530938302,0
1537414740,Prod-EcsStagingCluster-EcsCluster-1AAGQRFIOE9AE,Service_beiakklem1vi3j5fejr0,500,1,0.0523849027,0
1537347840,Prod-EcsStagingCluster-EcsCluster-1AAGQRFIOE9AE,Service_beiakklem1vi3j5fejr0,500,1,0.0391079740,0
1537348800,Prod-EcsStagingCluster-EcsCluster-1AAGQRFIOE9AE,Service_beiakklem1vi3j5fejr0,500,1,0.0398923596,0
1537372140,Prod-EcsStagingCluster-EcsCluster-1AAGQRFIOE9AE,Service_beiakklem1vi3j5fejr0,500,1,0.0467703815,0
1537397580,Prod-EcsStagingCluster-EcsCluster-1AAGQRFIOE9AE,Service_beiakklem1vi3j5fejr0,500,1,0.0394895903,0
1537384860,Prod-EcsStagingCluster-EcsCluster-1AAGQRFIOE9AE,Service_beiakklem1vi3j5fejr0,500,1,0.0489381191,0
1537418820,Prod-EcsStagingCluster-EcsCluster-1AAGQRFIOE9AE,Service_beiakklem1vi3j5fejr0,500,1,0.0520812233,0
1537410300,Prod-EcsStagingCluster-EcsCluster-1AAGQRFIOE9AE,Service_beiakklem1vi3j5fejr0,500,1,0.0410048299,0
1537346580,Prod-EcsStagingCluster-EcsCluster-1AAGQRFIOE9AE,Service_beiakklem1vi3j5fejr0,500,1,0.0411766285,0
1537425120,Prod-EcsStagingCluster-EcsCluster-1AAGQRFIOE9AE,Service_beiakklem1vi3j5fejr0,500,1,0.0549294262,0
1537416600,Prod-EcsStagingCluster-EcsCluster-1AAGQRFIOE9AE,Service_beiakklem1vi3j5fejr0,500,1,0.0504106329,0
1537352880,Prod-EcsStagingCluster-EcsCluster-1AAGQRFIOE9AE,Service_beiakklem1vi3j5fejr0,500,1,0.0426120850,0
1537378320,Prod-EcsStagingCluster-EcsCluster-1AAGQRFIOE9AE,Service_beiakklem1vi3j5fejr0,500,1,0.0477408897,0
1537422900,Prod-EcsStagingCluster-EcsCluster-1AAGQRFIOE9AE,Service_beiakklem1vi3j5fejr0,500,1,0.0566184230,0
1537350660,Prod-EcsStagingCluster-EcsCluster-1AAGQRFIOE9AE,Service_beiakklem1vi3j5fejr0,500,1,0.0423585732,0
1537376100,Prod-EcsStagingCluster-EcsCluster-1AAGQRFIOE9AE,Service_beiakklem1vi3j5fejr0,500,1,0.0497245051,0
1537420680,Prod-EcsStagingCluster-EcsCluster-1AAGQRFIOE9AE,Service_beiakklem1vi3j5fejr0,500,1,0.0467717192,0
1537356960,Prod-EcsStagingCluster-EcsCluster-1AAGQRFIOE9AE,Service_beiakklem1vi3j5fejr0,500,1,0.0424159906,0
1537348440,Prod-EcsStagingCluster-EcsCluster-1AAGQRFIOE9AE,Service_beiakklem1vi3j5fejr0,500,1,0.0395896444,0
1537382400,Prod-EcsStagingCluster-EcsCluster-1AAGQRFIOE9AE,Service_beiakklem1vi3j5fejr0,500,1,0.0469845590,0
1537405740,Prod-EcsStagingCluster-EcsCluster-1AAGQRFIOE9AE,Service_beiakklem1vi3j5fejr0,500,1,0.0599643582,0
1537373880,Prod-EcsStagingCluster-EcsCluster-1AAGQRFIOE9AE,Service_beiakklem1vi3j5fejr0,500,1,0.0466474723,0
1537431180,Prod-EcsStagingCluster-EcsCluster-1AAGQRFIOE9AE,Service_beiakklem1vi3j5fejr0,500,1,0.0501015296,0
1537418460,Prod-EcsStagingCluster-EcsCluster-1AAGQRFIOE9AE,Service_beiakklem1vi3j5fejr0,500,1,0.0541148272,0
1537354740,Prod-EcsStagingCluster-EcsCluster-1AAGQRFIOE9AE,Service_beiakklem1vi3j5fejr0,500,1,0.0392510922,0
1537380180,Prod-EcsStagingCluster-EcsCluster-1AAGQRFIOE9AE,Service_beiakklem1vi3j5fejr0,500,1,0.0474592606,0
1537380060,Prod-EcsStagingCluster-EcsCluster-1AAGQRFIOE9AE,Service_beiakklem1vi3j5fejr0,500,1,0.0495235818,0
1537383240,Prod-EcsStagingCluster-EcsCluster-1AAGQRFIOE9AE,Service_beiakklem1vi3j5fejr0,500,1,0.0516022892,0
1537386420,Prod-EcsStagingCluster-EcsCluster-1AAGQRFIOE9AE,Service_beiakklem1vi3j5fejr0,500,1,0.0496154949,0
1537389600,Prod-EcsStagingCluster-EcsCluster-1AAGQRFIOE9AE,Service_beiakklem1vi3j5fejr0,500,1,0.0499991914,0
1537366200,Prod-EcsStagingCluster-EcsCluster-1AAGQRFIOE9AE,Service_beiakklem1vi3j5fejr0,500,1,0.0443574818,0
1537369380,Prod-EcsStagingCluster-EcsCluster-1AAGQRFIOE9AE,Service_beiakklem1vi3j5fejr0,500,1,0.0446591233,0
1537372560,Prod-EcsStagingCluster-EcsCluster-1AAGQRFIOE9AE,Service_beiakklem1vi3j5fejr0,500,1,0.0474573247,0
1537345980,Prod-EcsStagingCluster-EcsCluster-1AAGQRFIOE9AE,Service_beiakklem1vi3j5fejr0,500,1,0.0404239426,0
1537349160,Prod-EcsStagingCluster-EcsCluster-1AAGQRFIOE9AE,Service_beiakklem1vi3j5fejr0,500,1,0.0401223619,0
1537352340,Prod-EcsStagingCluster-EcsCluster-1AAGQRFIOE9AE,Service_beiakklem1vi3j5fejr0,500,1,0.0381520430,0
1537355520,Prod-EcsStagingCluster-EcsCluster-1AAGQRFIOE9AE,Service_beiakklem1vi3j5fejr0,500,1,0.0345035347,0
1537386180,Prod-EcsStagingCluster-EcsCluster-1AAGQRFIOE9AE,Service_beiakklem1vi3j5fejr0,500,1,0.0489937089,0
1537389360,Prod-EcsStagingCluster-EcsCluster-1AAGQRFIOE9AE,Service_beiakklem1vi3j5fejr0,500,1,0.0486502715,0
1537383000,Prod-EcsStagingCluster-EcsCluster-1AAGQRFIOE9AE,Service_beiakklem1vi3j5fejr0,500,1,0.0495087798,0
1537405260,Prod-EcsStagingCluster-EcsCluster-1AAGQRFIOE9AE,Service_beiakklem1vi3j5fejr0,500,1,0.0575799394,0
1537413660,Prod-EcsStagingCluster-EcsCluster-1AAGQRFIOE9AE,Service_beiakklem1vi3j5fejr0,500,1,0.0503979496,0
1537371180,Prod-EcsStagingCluster-EcsCluster-1AAGQRFIOE9AE,Service_beiakklem1vi3j5fejr0,500,1,0.0448695328,0
1537416840,Prod-EcsStagingCluster-EcsCluster-1AAGQRFIOE9AE,Service_beiakklem1vi3j5fejr0,500,1,0.0491576466,0
1537420020,Prod-EcsStagingCluster-EcsCluster-1AAGQRFIOE9AE,Service_beiakklem1vi3j5fejr0,500,1,0.0517361752,0
1537423200,Prod-EcsStagingCluster-EcsCluster-1AAGQRFIOE9AE,Service_beiakklem1vi3j5fejr0,500,1,0.0548718330,0
1537399800,Prod-EcsStagingCluster-EcsCluster-1AAGQRFIOE9AE,Service_beiakklem1vi3j5fejr0,500,1,0.0555394700,0
1537402980,Prod-EcsStagingCluster-EcsCluster-1AAGQRFIOE9AE,Service_beiakklem1vi3j5fejr0,500,1,0.0550469301,0
1537406160,Prod-EcsStagingCluster-EcsCluster-1AAGQRFIOE9AE,Service_beiakklem1vi3j5fejr0,500,1,0.0608401722,0
1537379580,Prod-EcsStagingCluster-EcsCluster-1AAGQRFIOE9AE,Service_beiakklem1vi3j5fejr0,500,1,0.0467710222,0
1537385940,Prod-EcsStagingCluster-EcsCluster-1AAGQRFIOE9AE,Service_beiakklem1vi3j5fejr0,500,1,0.0533459675,0
1537417800,Prod-EcsStagingCluster-EcsCluster-1AAGQRFIOE9AE,Service_beiakklem1vi3j5fejr0,500,1,0.0531813109,0
1537424160,Prod-EcsStagingCluster-EcsCluster-1AAGQRFIOE9AE,Service_beiakklem1vi3j5fejr0,500,1,0.0543089796,0
1537400760,Prod-EcsStagingCluster-EcsCluster-1AAGQRFIOE9AE,Service_beiakklem1vi3j5fejr0,500,1,0.0547096783,0
1537407120,Prod-EcsStagingCluster-EcsCluster-1AAGQRFIOE9AE,Service_beiakklem1vi3j5fejr0,500,1,0.0674717563,0
1537383720,Prod-EcsStagingCluster-EcsCluster-1AAGQRFIOE9AE,Service_beiakklem1vi3j5fejr0,500,1,0.0505971579,0
1537351860,Prod-EcsStagingCluster-EcsCluster-1AAGQRFIOE9AE,Service_beiakklem1vi3j5fejr0,500,1,0.0295153697,0
1537345500,Prod-EcsStagingCluster-EcsCluster-1AAGQRFIOE9AE,Service_beiakklem1vi3j5fejr0,500,1,0.0393434505,0
1537390080,Prod-EcsStagingCluster-EcsCluster-1AAGQRFIOE9AE,Service_beiakklem1vi3j5fejr0,500,1,0.0502543222,0
1537419780,Prod-EcsStagingCluster-EcsCluster-1AAGQRFIOE9AE,Service_beiakklem1vi3j5fejr0,500,1,0.0533655844,0
1537356000,Prod-EcsStagingCluster-EcsCluster-1AAGQRFIOE9AE,Service_beiakklem1vi3j5fejr0,500,1,0.0345101637,0
1537423920,Prod-EcsStagingCluster-EcsCluster-1AAGQRFIOE9AE,Service_beiakklem1vi3j5fejr0,500,1,0.0544829871,0
1537349640,Prod-EcsStagingCluster-EcsCluster-1AAGQRFIOE9AE,Service_beiakklem1vi3j5fejr0,500,1,0.0399738355,0
1537417560,Prod-EcsStagingCluster-EcsCluster-1AAGQRFIOE9AE,Service_beiakklem1vi3j5fejr0,500,1,0.0503155770,0
1537404780,Prod-EcsStagingCluster-EcsCluster-1AAGQRFIOE9AE,Service_beiakklem1vi3j5fejr0,500,1,0.0283334443,0
1537351620,Prod-EcsStagingCluster-EcsCluster-1AAGQRFIOE9AE,Service_beiakklem1vi3j5fejr0,500,1,0.0419631662,0
1537419540,Prod-EcsStagingCluster-EcsCluster-1AAGQRFIOE9AE,Service_beiakklem1vi3j5fejr0,500,1,0.0534154422,0
1537413180,Prod-EcsStagingCluster-EcsCluster-1AAGQRFIOE9AE,Service_beiakklem1vi3j5fejr0,500,1,0.0441098315,0
1537370700,Prod-EcsStagingCluster-EcsCluster-1AAGQRFIOE9AE,Service_beiakklem1vi3j5fejr0,500,1,0.0452235242,0
1537355760,Prod-EcsStagingCluster-EcsCluster-1AAGQRFIOE9AE,Service_beiakklem1vi3j5fejr0,500,1,0.0201709054,0
1537349400,Prod-EcsStagingCluster-EcsCluster-1AAGQRFIOE9AE,Service_beiakklem1vi3j5fejr0,500,1,0.0406222487,0
1537417320,Prod-EcsStagingCluster-EcsCluster-1AAGQRFIOE9AE,Service_beiakklem1vi3j5fejr0,500,1,0.0525663555,0
1537423680,Prod-EcsStagingCluster-EcsCluster-1AAGQRFIOE9AE,Service_beiakklem1vi3j5fejr0,500,1,0.0535410000,0
1537379100,Prod-EcsStagingCluster-EcsCluster-1AAGQRFIOE9AE,Service_beiakklem1vi3j5fejr0,500,1,0.0500176914,0
1537385460,Prod-EcsStagingCluster-EcsCluster-1AAGQRFIOE9AE,Service_beiakklem1vi3j5fejr0,500,1,0.0526259979,0
1537353540,Prod-EcsStagingCluster-EcsCluster-1AAGQRFIOE9AE,Service_beiakklem1vi3j5fejr0,500,1,0.0423787889,0
1537350360,Prod-EcsStagingCluster-EcsCluster-1AAGQRFIOE9AE,Service_beiakklem1vi3j5fejr0,500,1,0.0412843863,0
1537418280,Prod-EcsStagingCluster-EcsCluster-1AAGQRFIOE9AE,Service_beiakklem1vi3j5fejr0,500,1,0.0543519229,0
1537421460,Prod-EcsStagingCluster-EcsCluster-1AAGQRFIOE9AE,Service_beiakklem1vi3j5fejr0,500,1,0.0528889014,0
1537371600,Prod-EcsStagingCluster-EcsCluster-1AAGQRFIOE9AE,Service_beiakklem1vi3j5fejr0,500,1,0.0447564409,0
1537354560,Prod-EcsStagingCluster-EcsCluster-1AAGQRFIOE9AE,Service_beiakklem1vi3j5fejr0,500,1,0.0398359484,0
1537384200,Prod-EcsStagingCluster-EcsCluster-1AAGQRFIOE9AE,Service_beiakklem1vi3j5fejr0,500,1,0.0496643750,0
1537387380,Prod-EcsStagingCluster-EcsCluster-1AAGQRFIOE9AE,Service_beiakklem1vi3j5fejr0,500,1,0.0495978089,0
1537388400,Prod-EcsStagingCluster-EcsCluster-1AAGQRFIOE9AE,Service_beiakklem1vi3j5fejr0,500,1,0.0485717444,0
1537367160,Prod-EcsStagingCluster-EcsCluster-1AAGQRFIOE9AE,Service_beiakklem1vi3j5fejr0,500,1,0.0449446895,0
1537370340,Prod-EcsStagingCluster-EcsCluster-1AAGQRFIOE9AE,Service_beiakklem1vi3j5fejr0,500,1,0.0509064167,0
1537404300,Prod-EcsStagingCluster-EcsCluster-1AAGQRFIOE9AE,Service_beiakklem1vi3j5fejr0,500,1,0.0581552496,0
1537412700,Prod-EcsStagingCluster-EcsCluster-1AAGQRFIOE9AE,Service_beiakklem1vi3j5fejr0,500,1,0.0458577383,0
1537350120,Prod-EcsStagingCluster-EcsCluster-1AAGQRFIOE9AE,Service_beiakklem1vi3j5fejr0,500,1,0.0428607059,0
1537353300,Prod-EcsStagingCluster-EcsCluster-1AAGQRFIOE9AE,Service_beiakklem1vi3j5fejr0,500,1,0.0400119335,0
1537370220,Prod-EcsStagingCluster-EcsCluster-1AAGQRFIOE9AE,Service_beiakklem1vi3j5fejr0,500,1,0.0447376869,0
1537422240,Prod-EcsStagingCluster-EcsCluster-1AAGQRFIOE9AE,Service_beiakklem1vi3j5fejr0,500,1,0.0495269628,0
1537383960,Prod-EcsStagingCluster-EcsCluster-1AAGQRFIOE9AE,Service_beiakklem1vi3j5fejr0,500,1,0.0473878110,0
1537387140,Prod-EcsStagingCluster-EcsCluster-1AAGQRFIOE9AE,Service_beiakklem1vi3j5fejr0,500,1,0.0520671604,0
1537405200,Prod-EcsStagingCluster-EcsCluster-1AAGQRFIOE9AE,Service_beiakklem1vi3j5fejr0,500,1,0.0574898095,0
1537378620,Prod-EcsStagingCluster-EcsCluster-1AAGQRFIOE9AE,Service_beiakklem1vi3j5fejr0,500,1,0.0464378853,0
1537388160,Prod-EcsStagingCluster-EcsCluster-1AAGQRFIOE9AE,Service_beiakklem1vi3j5fejr0,500,1,0.0486654116,0
1537420980,Prod-EcsStagingCluster-EcsCluster-1AAGQRFIOE9AE,Service_beiakklem1vi3j5fejr0,500,1,0.0559484674,0
1537389120,Prod-EcsStagingCluster-EcsCluster-1AAGQRFIOE9AE,Service_beiakklem1vi3j5fejr0,500,1,0.0485115602,0
1537403940,Prod-EcsStagingCluster-EcsCluster-1AAGQRFIOE9AE,Service_beiakklem1vi3j5fejr0,500,1,0.0283226055,0
1537386900,Prod-EcsStagingCluster-EcsCluster-1AAGQRFIOE9AE,Service_beiakklem1vi3j5fejr0,500,1,0.0510332041,0
1537418760,Prod-EcsStagingCluster-EcsCluster-1AAGQRFIOE9AE,Service_beiakklem1vi3j5fejr0,500,1,0.0560773815,0
1537355040,Prod-EcsStagingCluster-EcsCluster-1AAGQRFIOE9AE,Service_beiakklem1vi3j5fejr0,500,1,0.0426611972,0
1537422960,Prod-EcsStagingCluster-EcsCluster-1AAGQRFIOE9AE,Service_beiakklem1vi3j5fejr0,500,1,0.0586111409,0
1537403820,Prod-EcsStagingCluster-EcsCluster-1AAGQRFIOE9AE,Service_beiakklem1vi3j5fejr0,500,1,0.0547934595,0
1537401720,Prod-EcsStagingCluster-EcsCluster-1AAGQRFIOE9AE,Service_beiakklem1vi3j5fejr0,500,1,0.0556550954,0
1537384680,Prod-EcsStagingCluster-EcsCluster-1AAGQRFIOE9AE,Service_beiakklem1vi3j5fejr0,500,1,0.0491199714,0
1537352820,Prod-EcsStagingCluster-EcsCluster-1AAGQRFIOE9AE,Service_beiakklem1vi3j5fejr0,500,1,0.0412851045,0
1537420740,Prod-EcsStagingCluster-EcsCluster-1AAGQRFIOE9AE,Service_beiakklem1vi3j5fejr0,500,1,0.0547836145,0
1537412220,Prod-EcsStagingCluster-EcsCluster-1AAGQRFIOE9AE,Service_beiakklem1vi3j5fejr0,500,1,0.0402873360,0
1537369740,Prod-EcsStagingCluster-EcsCluster-1AAGQRFIOE9AE,Service_beiakklem1vi3j5fejr0,500,1,0.0473975573,0
1537350600,Prod-EcsStagingCluster-EcsCluster-1AAGQRFIOE9AE,Service_beiakklem1vi3j5fejr0,500,1,0.0416621924,0
1537418520,Prod-EcsStagingCluster-EcsCluster-1AAGQRFIOE9AE,Service_beiakklem1vi3j5fejr0,500,1,0.0565458282,0
1537354800,Prod-EcsStagingCluster-EcsCluster-1AAGQRFIOE9AE,Service_beiakklem1vi3j5fejr0,500,1,0.0414724464,0
1537422720,Prod-EcsStagingCluster-EcsCluster-1AAGQRFIOE9AE,Service_beiakklem1vi3j5fejr0,500,1,0.0551930041,0
1537378140,Prod-EcsStagingCluster-EcsCluster-1AAGQRFIOE9AE,Service_beiakklem1vi3j5fejr0,500,1,0.0647173539,0
1537352580,Prod-EcsStagingCluster-EcsCluster-1AAGQRFIOE9AE,Service_beiakklem1vi3j5fejr0,500,1,0.0281679442,0
1537420500,Prod-EcsStagingCluster-EcsCluster-1AAGQRFIOE9AE,Service_beiakklem1vi3j5fejr0,500,1,0.0521299762,0
1537388640,Prod-EcsStagingCluster-EcsCluster-1AAGQRFIOE9AE,Service_beiakklem1vi3j5fejr0,500,1,0.0503493971,0
1537350420,Prod-EcsStagingCluster-EcsCluster-1AAGQRFIOE9AE,Service_beiakklem1vi3j5fejr0,500,1,0.0416409816,0
1537353600,Prod-EcsStagingCluster-EcsCluster-1AAGQRFIOE9AE,Service_beiakklem1vi3j5fejr0,500,1,0.0405096979,0
1537351320,Prod-EcsStagingCluster-EcsCluster-1AAGQRFIOE9AE,Service_beiakklem1vi3j5fejr0,500,1,0.0402040742,0
1537354500,Prod-EcsStagingCluster-EcsCluster-1AAGQRFIOE9AE,Service_beiakklem1vi3j5fejr0,500,1,0.0402580017,0
1537416060,Prod-EcsStagingCluster-EcsCluster-1AAGQRFIOE9AE,Service_beiakklem1vi3j5fejr0,500,1,0.0541780744,0
1537403340,Prod-EcsStagingCluster-EcsCluster-1AAGQRFIOE9AE,Service_beiakklem1vi3j5fejr0,500,1,0.0275306368,0
1537357680,Prod-EcsStagingCluster-EcsCluster-1AAGQRFIOE9AE,Service_beiakklem1vi3j5fejr0,500,1,0.0424594861,0
1537414920,Prod-EcsStagingCluster-EcsCluster-1AAGQRFIOE9AE,Service_beiakklem1vi3j5fejr0,500,1,0.0546241727,0
1537369260,Prod-EcsStagingCluster-EcsCluster-1AAGQRFIOE9AE,Service_beiakklem1vi3j5fejr0,500,1,0.0438345772,0
1537418100,Prod-EcsStagingCluster-EcsCluster-1AAGQRFIOE9AE,Service_beiakklem1vi3j5fejr0,500,1,0.0537981420,0
1537421280,Prod-EcsStagingCluster-EcsCluster-1AAGQRFIOE9AE,Service_beiakklem1vi3j5fejr0,500,1,0.0574609191,0
1537381980,Prod-EcsStagingCluster-EcsCluster-1AAGQRFIOE9AE,Service_beiakklem1vi3j5fejr0,500,1,0.0498170208,0
1537374480,Prod-EcsStagingCluster-EcsCluster-1AAGQRFIOE9AE,Service_beiakklem1vi3j5fejr0,500,1,0.0416798667,0
1537380840,Prod-EcsStagingCluster-EcsCluster-1AAGQRFIOE9AE,Service_beiakklem1vi3j5fejr0,500,1,0.0520501751,0
1537384020,Prod-EcsStagingCluster-EcsCluster-1AAGQRFIOE9AE,Service_beiakklem1vi3j5fejr0,500,1,0.0614254239,0
1537387200,Prod-EcsStagingCluster-EcsCluster-1AAGQRFIOE9AE,Service_beiakklem1vi3j5fejr0,500,1,0.0511318025,0
1537368120,Prod-EcsStagingCluster-EcsCluster-1AAGQRFIOE9AE,Service_beiakklem1vi3j5fejr0,500,1,0.0468645077,0
1537371300,Prod-EcsStagingCluster-EcsCluster-1AAGQRFIOE9AE,Service_beiakklem1vi3j5fejr0,500,1,0.0474077621,0
1537347900,Prod-EcsStagingCluster-EcsCluster-1AAGQRFIOE9AE,Service_beiakklem1vi3j5fejr0,500,1,0.0381883809,0
1537353120,Prod-EcsStagingCluster-EcsCluster-1AAGQRFIOE9AE,Service_beiakklem1vi3j5fejr0,500,1,0.0409786182,0
1537346760,Prod-EcsStagingCluster-EcsCluster-1AAGQRFIOE9AE,Service_beiakklem1vi3j5fejr0,500,1,0.0421856680,0
1537349940,Prod-EcsStagingCluster-EcsCluster-1AAGQRFIOE9AE,Service_beiakklem1vi3j5fejr0,500,1,0.0434878997,0
1537384920,Prod-EcsStagingCluster-EcsCluster-1AAGQRFIOE9AE,Service_beiakklem1vi3j5fejr0,500,1,0.0474407947,0
1537388100,Prod-EcsStagingCluster-EcsCluster-1AAGQRFIOE9AE,Service_beiakklem1vi3j5fejr0,500,1,0.0507179433,0
1537391280,Prod-EcsStagingCluster-EcsCluster-1AAGQRFIOE9AE,Service_beiakklem1vi3j5fejr0,500,1,0.0508939352,0
1537354080,Prod-EcsStagingCluster-EcsCluster-1AAGQRFIOE9AE,Service_beiakklem1vi3j5fejr0,500,1,0.0332713442,0
1537347720,Prod-EcsStagingCluster-EcsCluster-1AAGQRFIOE9AE,Service_beiakklem1vi3j5fejr0,500,1,0.0383996236,0
1537385880,Prod-EcsStagingCluster-EcsCluster-1AAGQRFIOE9AE,Service_beiakklem1vi3j5fejr0,500,1,0.0480815312,0
1537392240,Prod-EcsStagingCluster-EcsCluster-1AAGQRFIOE9AE,Service_beiakklem1vi3j5fejr0,500,1,0.0572263478,0
1537402860,Prod-EcsStagingCluster-EcsCluster-1AAGQRFIOE9AE,Service_beiakklem1vi3j5fejr0,500,1,0.0535788121,0
1537415580,Prod-EcsStagingCluster-EcsCluster-1AAGQRFIOE9AE,Service_beiakklem1vi3j5fejr0,500,1,0.0562264741,0
1537417620,Prod-EcsStagingCluster-EcsCluster-1AAGQRFIOE9AE,Service_beiakklem1vi3j5fejr0,500,1,0.0525759769,0
1537404900,Prod-EcsStagingCluster-EcsCluster-1AAGQRFIOE9AE,Service_beiakklem1vi3j5fejr0,500,1,0.0577252106,0
1537381500,Prod-EcsStagingCluster-EcsCluster-1AAGQRFIOE9AE,Service_beiakklem1vi3j5fejr0,500,1,0.0480222264,0
1537368780,Prod-EcsStagingCluster-EcsCluster-1AAGQRFIOE9AE,Service_beiakklem1vi3j5fejr0,500,1,0.0439896903,0
1537415400,Prod-EcsStagingCluster-EcsCluster-1AAGQRFIOE9AE,Service_beiakklem1vi3j5fejr0,500,1,0.0560771277,0
1537421760,Prod-EcsStagingCluster-EcsCluster-1AAGQRFIOE9AE,Service_beiakklem1vi3j5fejr0,500,1,0.0543800040,0
1537402680,Prod-EcsStagingCluster-EcsCluster-1AAGQRFIOE9AE,Service_beiakklem1vi3j5fejr0,500,1,0.0268915448,0
1537409040,Prod-EcsStagingCluster-EcsCluster-1AAGQRFIOE9AE,Service_beiakklem1vi3j5fejr0,500,1,0.0483209126,0
1537383540,Prod-EcsStagingCluster-EcsCluster-1AAGQRFIOE9AE,Service_beiakklem1vi3j5fejr0,500,1,0.0510801760,0
1537347420,Prod-EcsStagingCluster-EcsCluster-1AAGQRFIOE9AE,Service_beiakklem1vi3j5fejr0,500,1,0.0389062083,0
1537421700,Prod-EcsStagingCluster-EcsCluster-1AAGQRFIOE9AE,Service_beiakklem1vi3j5fejr0,500,1,0.0555258276,0
1537381320,Prod-EcsStagingCluster-EcsCluster-1AAGQRFIOE9AE,Service_beiakklem1vi3j5fejr0,500,1,0.0468964510,0
1537387680,Prod-EcsStagingCluster-EcsCluster-1AAGQRFIOE9AE,Service_beiakklem1vi3j5fejr0,500,1,0.0483537366,0
1537425840,Prod-EcsStagingCluster-EcsCluster-1AAGQRFIOE9AE,Service_beiakklem1vi3j5fejr0,500,1,0.0555029987,0
1537349460,Prod-EcsStagingCluster-EcsCluster-1AAGQRFIOE9AE,Service_beiakklem1vi3j5fejr0,500,1,0.0407919772,0
1537419480,Prod-EcsStagingCluster-EcsCluster-1AAGQRFIOE9AE,Service_beiakklem1vi3j5fejr0,500,1,0.0476581469,0
1537347240,Prod-EcsStagingCluster-EcsCluster-1AAGQRFIOE9AE,Service_beiakklem1vi3j5fejr0,500,1,0.0400287113,0
1537423620,Prod-EcsStagingCluster-EcsCluster-1AAGQRFIOE9AE,Service_beiakklem1vi3j5fejr0,500,1,0.0563310422,0
1537420440,Prod-EcsStagingCluster-EcsCluster-1AAGQRFIOE9AE,Service_beiakklem1vi3j5fejr0,500,1,0.0528924074,0
1537356720,Prod-EcsStagingCluster-EcsCluster-1AAGQRFIOE9AE,Service_beiakklem1vi3j5fejr0,500,1,0.0334082917,0
1537415100,Prod-EcsStagingCluster-EcsCluster-1AAGQRFIOE9AE,Service_beiakklem1vi3j5fejr0,500,1,0.0530589803,0
1537402380,Prod-EcsStagingCluster-EcsCluster-1AAGQRFIOE9AE,Service_beiakklem1vi3j5fejr0,500,1,0.0562661154,0
1537348200,Prod-EcsStagingCluster-EcsCluster-1AAGQRFIOE9AE,Service_beiakklem1vi3j5fejr0,500,1,0.0401445375,0
1537351380,Prod-EcsStagingCluster-EcsCluster-1AAGQRFIOE9AE,Service_beiakklem1vi3j5fejr0,500,1,0.0486054124,0
1537368300,Prod-EcsStagingCluster-EcsCluster-1AAGQRFIOE9AE,Service_beiakklem1vi3j5fejr0,500,1,0.0444702146,0
1537420320,Prod-EcsStagingCluster-EcsCluster-1AAGQRFIOE9AE,Service_beiakklem1vi3j5fejr0,500,1,0.0536073242,0
1537381020,Prod-EcsStagingCluster-EcsCluster-1AAGQRFIOE9AE,Service_beiakklem1vi3j5fejr0,500,1,0.0484455408,0
1537352280,Prod-EcsStagingCluster-EcsCluster-1AAGQRFIOE9AE,Service_beiakklem1vi3j5fejr0,500,1,0.0413009119,0
1537355460,Prod-EcsStagingCluster-EcsCluster-1AAGQRFIOE9AE,Service_beiakklem1vi3j5fejr0,500,1,0.0341447815,0
1537386240,Prod-EcsStagingCluster-EcsCluster-1AAGQRFIOE9AE,Service_beiakklem1vi3j5fejr0,500,1,0.0519729592,0
1537373520,Prod-EcsStagingCluster-EcsCluster-1AAGQRFIOE9AE,Service_beiakklem1vi3j5fejr0,500,1,0.0484406328,0
1537346940,Prod-EcsStagingCluster-EcsCluster-1AAGQRFIOE9AE,Service_beiakklem1vi3j5fejr0,500,1,0.0407864238,0
1537415880,Prod-EcsStagingCluster-EcsCluster-1AAGQRFIOE9AE,Service_beiakklem1vi3j5fejr0,500,1,0.0540823830,0
1537419060,Prod-EcsStagingCluster-EcsCluster-1AAGQRFIOE9AE,Service_beiakklem1vi3j5fejr0,500,1,0.0522971544,0
1537352160,Prod-EcsStagingCluster-EcsCluster-1AAGQRFIOE9AE,Service_beiakklem1vi3j5fejr0,500,1,0.0402628028,0
1537390320,Prod-EcsStagingCluster-EcsCluster-1AAGQRFIOE9AE,Service_beiakklem1vi3j5fejr0,500,1,0.0524838026,0
1537381800,Prod-EcsStagingCluster-EcsCluster-1AAGQRFIOE9AE,Service_beiakklem1vi3j5fejr0,500,1,0.0628968998,0
1537384980,Prod-EcsStagingCluster-EcsCluster-1AAGQRFIOE9AE,Service_beiakklem1vi3j5fejr0,500,1,0.0500739226,0
1537369080,Prod-EcsStagingCluster-EcsCluster-1AAGQRFIOE9AE,Service_beiakklem1vi3j5fejr0,500,1,0.0268459813,0
1537372260,Prod-EcsStagingCluster-EcsCluster-1AAGQRFIOE9AE,Service_beiakklem1vi3j5fejr0,500,1,0.0449941684,0
1537401900,Prod-EcsStagingCluster-EcsCluster-1AAGQRFIOE9AE,Service_beiakklem1vi3j5fejr0,500,1,0.0525423749,0
1537414620,Prod-EcsStagingCluster-EcsCluster-1AAGQRFIOE9AE,Service_beiakklem1vi3j5fejr0,500,1,0.0510738075,0
1537382760,Prod-EcsStagingCluster-EcsCluster-1AAGQRFIOE9AE,Service_beiakklem1vi3j5fejr0,500,1,0.0498897388,0
1537370040,Prod-EcsStagingCluster-EcsCluster-1AAGQRFIOE9AE,Service_beiakklem1vi3j5fejr0,500,1,0.0490733458,0
1537350900,Prod-EcsStagingCluster-EcsCluster-1AAGQRFIOE9AE,Service_beiakklem1vi3j5fejr0,500,1,0.0398168490,0
1537389060,Prod-EcsStagingCluster-EcsCluster-1AAGQRFIOE9AE,Service_beiakklem1vi3j5fejr0,500,1,0.0493022660,0
1537380540,Prod-EcsStagingCluster-EcsCluster-1AAGQRFIOE9AE,Service_beiakklem1vi3j5fejr0,500,1,0.0485165915,0
1537367820,Prod-EcsStagingCluster-EcsCluster-1AAGQRFIOE9AE,Service_beiakklem1vi3j5fejr0,500,1,0.0433892133,0
1537348680,Prod-EcsStagingCluster-EcsCluster-1AAGQRFIOE9AE,Service_beiakklem1vi3j5fejr0,500,1,0.0408492318,0
1537386840,Prod-EcsStagingCluster-EcsCluster-1AAGQRFIOE9AE,Service_beiakklem1vi3j5fejr0,500,1,0.0534558041,0
1537420800,Prod-EcsStagingCluster-EcsCluster-1AAGQRFIOE9AE,Service_beiakklem1vi3j5fejr0,500,1,0.0568957937,0
1537408080,Prod-EcsStagingCluster-EcsCluster-1AAGQRFIOE9AE,Service_beiakklem1vi3j5fejr0,500,1,0.0529051621,0
1537346460,Prod-EcsStagingCluster-EcsCluster-1AAGQRFIOE9AE,Service_beiakklem1vi3j5fejr0,500,1,0.0417639776,0
1537418580,Prod-EcsStagingCluster-EcsCluster-1AAGQRFIOE9AE,Service_beiakklem1vi3j5fejr0,500,1,0.0555090242,0
1537405860,Prod-EcsStagingCluster-EcsCluster-1AAGQRFIOE9AE,Service_beiakklem1vi3j5fejr0,500,1,0.0579353725,0
1537386720,Prod-EcsStagingCluster-EcsCluster-1AAGQRFIOE9AE,Service_beiakklem1vi3j5fejr0,500,1,0.0673768597,0
1537424880,Prod-EcsStagingCluster-EcsCluster-1AAGQRFIOE9AE,Service_beiakklem1vi3j5fejr0,500,1,0.0566923950,0
1537416360,Prod-EcsStagingCluster-EcsCluster-1AAGQRFIOE9AE,Service_beiakklem1vi3j5fejr0,500,1,0.0543025968,0
1537403640,Prod-EcsStagingCluster-EcsCluster-1AAGQRFIOE9AE,Service_beiakklem1vi3j5fejr0,500,1,0.0581306744,0
1537384500,Prod-EcsStagingCluster-EcsCluster-1AAGQRFIOE9AE,Service_beiakklem1vi3j5fejr0,500,1,0.0491887187,0
1537422660,Prod-EcsStagingCluster-EcsCluster-1AAGQRFIOE9AE,Service_beiakklem1vi3j5fejr0,500,1,0.0576062043,0
1537352640,Prod-EcsStagingCluster-EcsCluster-1AAGQRFIOE9AE,Service_beiakklem1vi3j5fejr0,500,1,0.0426418260,0
1537414140,Prod-EcsStagingCluster-EcsCluster-1AAGQRFIOE9AE,Service_beiakklem1vi3j5fejr0,500,1,0.0504802369,0
1537401420,Prod-EcsStagingCluster-EcsCluster-1AAGQRFIOE9AE,Service_beiakklem1vi3j5fejr0,500,1,0.0528732687,0
1537382280,Prod-EcsStagingCluster-EcsCluster-1AAGQRFIOE9AE,Service_beiakklem1vi3j5fejr0,500,1,0.0486893202,0
1537409820,Prod-EcsStagingCluster-EcsCluster-1AAGQRFIOE9AE,Service_beiakklem1vi3j5fejr0,500,1,0.0413338048,0
1537416180,Prod-EcsStagingCluster-EcsCluster-1AAGQRFIOE9AE,Service_beiakklem1vi3j5fejr0,500,1,0.0522684341,0
1537387560,Prod-EcsStagingCluster-EcsCluster-1AAGQRFIOE9AE,Service_beiakklem1vi3j5fejr0,500,1,0.0484968237,0
1537393920,Prod-EcsStagingCluster-EcsCluster-1AAGQRFIOE9AE,Service_beiakklem1vi3j5fejr0,500,1,0.0524385341,0
1537373700,Prod-EcsStagingCluster-EcsCluster-1AAGQRFIOE9AE,Service_beiakklem1vi3j5fejr0,500,1,0.0475202310,0
1537348260,Prod-EcsStagingCluster-EcsCluster-1AAGQRFIOE9AE,Service_beiakklem1vi3j5fejr0,500,1,0.0406624165,0
1537392780,Prod-EcsStagingCluster-EcsCluster-1AAGQRFIOE9AE,Service_beiakklem1vi3j5fejr0,500,1,0.0529495928,0
1537399140,Prod-EcsStagingCluster-EcsCluster-1AAGQRFIOE9AE,Service_beiakklem1vi3j5fejr0,500,1,0.0578971154,0
1537424580,Prod-EcsStagingCluster-EcsCluster-1AAGQRFIOE9AE,Service_beiakklem1vi3j5fejr0,500,1,0.0605969214,0
1537351200,Prod-EcsStagingCluster-EcsCluster-1AAGQRFIOE9AE,Service_beiakklem1vi3j5fejr0,500,1,0.0408199681,0
1537395720,Prod-EcsStagingCluster-EcsCluster-1AAGQRFIOE9AE,Service_beiakklem1vi3j5fejr0,500,1,0.0443555845,0
1537373460,Prod-EcsStagingCluster-EcsCluster-1AAGQRFIOE9AE,Service_beiakklem1vi3j5fejr0,500,1,0.0472888846,0
1537367100,Prod-EcsStagingCluster-EcsCluster-1AAGQRFIOE9AE,Service_beiakklem1vi3j5fejr0,500,1,0.0431590860,0
1537350060,Prod-EcsStagingCluster-EcsCluster-1AAGQRFIOE9AE,Service_beiakklem1vi3j5fejr0,500,1,0.0422617599,0
1537353240,Prod-EcsStagingCluster-EcsCluster-1AAGQRFIOE9AE,Service_beiakklem1vi3j5fejr0,500,1,0.0426091340,0
1537417980,Prod-EcsStagingCluster-EcsCluster-1AAGQRFIOE9AE,Service_beiakklem1vi3j5fejr0,500,1,0.0488834131,0
1537424340,Prod-EcsStagingCluster-EcsCluster-1AAGQRFIOE9AE,Service_beiakklem1vi3j5fejr0,500,1,0.0559521005,0
1537402080,Prod-EcsStagingCluster-EcsCluster-1AAGQRFIOE9AE,Service_beiakklem1vi3j5fejr0,500,1,0.0569905893,0
1537378680,Prod-EcsStagingCluster-EcsCluster-1AAGQRFIOE9AE,Service_beiakklem1vi3j5fejr0,500,1,0.0467894791,0
1537359600,Prod-EcsStagingCluster-EcsCluster-1AAGQRFIOE9AE,Service_beiakklem1vi3j5fejr0,500,1,0.0444804527,0
1537404120,Prod-EcsStagingCluster-EcsCluster-1AAGQRFIOE9AE,Service_beiakklem1vi3j5fejr0,500,1,0.0608956091,0
1537410480,Prod-EcsStagingCluster-EcsCluster-1AAGQRFIOE9AE,Service_beiakklem1vi3j5fejr0,500,1,0.0420268749,0
1537385040,Prod-EcsStagingCluster-EcsCluster-1AAGQRFIOE9AE,Service_beiakklem1vi3j5fejr0,500,1,0.0518450297,0
1537400940,Prod-EcsStagingCluster-EcsCluster-1AAGQRFIOE9AE,Service_beiakklem1vi3j5fejr0,500,1,0.0517396054,0
1537429560,Prod-EcsStagingCluster-EcsCluster-1AAGQRFIOE9AE,Service_beiakklem1vi3j5fejr0,500,1,0.0510648188,0
1537375260,Prod-EcsStagingCluster-EcsCluster-1AAGQRFIOE9AE,Service_beiakklem1vi3j5fejr0,500,1,0.0390669785,0
1537381620,Prod-EcsStagingCluster-EcsCluster-1AAGQRFIOE9AE,Service_beiakklem1vi3j5fejr0,500,1,0.0467578834,0
1537358220,Prod-EcsStagingCluster-EcsCluster-1AAGQRFIOE9AE,Service_beiakklem1vi3j5fejr0,500,1,0.0205214189,0
1537426140,Prod-EcsStagingCluster-EcsCluster-1AAGQRFIOE9AE,Service_beiakklem1vi3j5fejr0,500,1,0.0557147928,0
1537390020,Prod-EcsStagingCluster-EcsCluster-1AAGQRFIOE9AE,Service_beiakklem1vi3j5fejr0,500,1,0.0506240305,0
1537364580,Prod-EcsStagingCluster-EcsCluster-1AAGQRFIOE9AE,Service_beiakklem1vi3j5fejr0,500,1,0.0443892885,0
1537409100,Prod-EcsStagingCluster-EcsCluster-1AAGQRFIOE9AE,Service_beiakklem1vi3j5fejr0,500,1,0.0489720009,0
1537415460,Prod-EcsStagingCluster-EcsCluster-1AAGQRFIOE9AE,Service_beiakklem1vi3j5fejr0,500,1,0.0578709215,0
1537379400,Prod-EcsStagingCluster-EcsCluster-1AAGQRFIOE9AE,Service_beiakklem1vi3j5fejr0,500,1,0.0467274041,0
1537385760,Prod-EcsStagingCluster-EcsCluster-1AAGQRFIOE9AE,Service_beiakklem1vi3j5fejr0,500,1,0.0506553240,0
1537362360,Prod-EcsStagingCluster-EcsCluster-1AAGQRFIOE9AE,Service_beiakklem1vi3j5fejr0,500,1,0.0435534723,0
1537430280,Prod-EcsStagingCluster-EcsCluster-1AAGQRFIOE9AE,Service_beiakklem1vi3j5fejr0,500,1,0.0494852358,0
1537387800,Prod-EcsStagingCluster-EcsCluster-1AAGQRFIOE9AE,Service_beiakklem1vi3j5fejr0,500,1,0.0501660414,0
1537394160,Prod-EcsStagingCluster-EcsCluster-1AAGQRFIOE9AE,Service_beiakklem1vi3j5fejr0,500,1,0.0524114083,0
1537368720,Prod-EcsStagingCluster-EcsCluster-1AAGQRFIOE9AE,Service_beiakklem1vi3j5fejr0,500,1,0.0449678335,0
1537413240,Prod-EcsStagingCluster-EcsCluster-1AAGQRFIOE9AE,Service_beiakklem1vi3j5fejr0,500,1,0.0458979398,0
1537419600,Prod-EcsStagingCluster-EcsCluster-1AAGQRFIOE9AE,Service_beiakklem1vi3j5fejr0,500,1,0.0534577862,0
1537383420,Prod-EcsStagingCluster-EcsCluster-1AAGQRFIOE9AE,Service_beiakklem1vi3j5fejr0,500,1,0.0602599395,0
1537389780,Prod-EcsStagingCluster-EcsCluster-1AAGQRFIOE9AE,Service_beiakklem1vi3j5fejr0,500,1,0.0524462428,0
1537366380,Prod-EcsStagingCluster-EcsCluster-1AAGQRFIOE9AE,Service_beiakklem1vi3j5fejr0,500,1,0.0427800153,0
1537426800,Prod-EcsStagingCluster-EcsCluster-1AAGQRFIOE9AE,Service_beiakklem1vi3j5fejr0,500,1,0.0559673121,0
1537417260,Prod-EcsStagingCluster-EcsCluster-1AAGQRFIOE9AE,Service_beiakklem1vi3j5fejr0,500,1,0.0516465058,0
1537363080,Prod-EcsStagingCluster-EcsCluster-1AAGQRFIOE9AE,Service_beiakklem1vi3j5fejr0,500,1,0.0246592756,0
1537413960,Prod-EcsStagingCluster-EcsCluster-1AAGQRFIOE9AE,Service_beiakklem1vi3j5fejr0,500,1,0.0450175123,0
1537391700,Prod-EcsStagingCluster-EcsCluster-1AAGQRFIOE9AE,Service_beiakklem1vi3j5fejr0,500,1,0.0671705352,0
1537371480,Prod-EcsStagingCluster-EcsCluster-1AAGQRFIOE9AE,Service_beiakklem1vi3j5fejr0,500,1,0.0466513536,0
1537346040,Prod-EcsStagingCluster-EcsCluster-1AAGQRFIOE9AE,Service_beiakklem1vi3j5fejr0,500,1,0.0399806013,0
1537396920,Prod-EcsStagingCluster-EcsCluster-1AAGQRFIOE9AE,Service_beiakklem1vi3j5fejr0,500,1,0.0388503770,0
1537391580,Prod-EcsStagingCluster-EcsCluster-1AAGQRFIOE9AE,Service_beiakklem1vi3j5fejr0,500,1,0.0552702493,0
1537422360,Prod-EcsStagingCluster-EcsCluster-1AAGQRFIOE9AE,Service_beiakklem1vi3j5fejr0,500,1,0.0549160981,0
1537375680,Prod-EcsStagingCluster-EcsCluster-1AAGQRFIOE9AE,Service_beiakklem1vi3j5fejr0,500,1,0.0406087974,0
1537374540,Prod-EcsStagingCluster-EcsCluster-1AAGQRFIOE9AE,Service_beiakklem1vi3j5fejr0,500,1,0.0450895139,0
1537426560,Prod-EcsStagingCluster-EcsCluster-1AAGQRFIOE9AE,Service_beiakklem1vi3j5fejr0,500,1,0.0593771237,0
1537425420,Prod-EcsStagingCluster-EcsCluster-1AAGQRFIOE9AE,Service_beiakklem1vi3j5fejr0,500,1,0.0554593962,0
1537348980,Prod-EcsStagingCluster-EcsCluster-1AAGQRFIOE9AE,Service_beiakklem1vi3j5fejr0,500,1,0.0409859026,0
1537371240,Prod-EcsStagingCluster-EcsCluster-1AAGQRFIOE9AE,Service_beiakklem1vi3j5fejr0,500,1,0.0291160457,0
1537422120,Prod-EcsStagingCluster-EcsCluster-1AAGQRFIOE9AE,Service_beiakklem1vi3j5fejr0,500,1,0.0582287509,0
1537399860,Prod-EcsStagingCluster-EcsCluster-1AAGQRFIOE9AE,Service_beiakklem1vi3j5fejr0,500,1,0.0247002105,0
1537357380,Prod-EcsStagingCluster-EcsCluster-1AAGQRFIOE9AE,Service_beiakklem1vi3j5fejr0,500,1,0.0397591560,0
1537408260,Prod-EcsStagingCluster-EcsCluster-1AAGQRFIOE9AE,Service_beiakklem1vi3j5fejr0,500,1,0.0515429645,0
1537348860,Prod-EcsStagingCluster-EcsCluster-1AAGQRFIOE9AE,Service_beiakklem1vi3j5fejr0,500,1,0.0430041962,0
1537382820,Prod-EcsStagingCluster-EcsCluster-1AAGQRFIOE9AE,Service_beiakklem1vi3j5fejr0,500,1,0.0501849988,0
1537355160,Prod-EcsStagingCluster-EcsCluster-1AAGQRFIOE9AE,Service_beiakklem1vi3j5fejr0,500,1,0.0402144269,0
1537399740,Prod-EcsStagingCluster-EcsCluster-1AAGQRFIOE9AE,Service_beiakklem1vi3j5fejr0,500,1,0.0537782631,0
1537380600,Prod-EcsStagingCluster-EcsCluster-1AAGQRFIOE9AE,Service_beiakklem1vi3j5fejr0,500,1,0.0463152011,0
1537406040,Prod-EcsStagingCluster-EcsCluster-1AAGQRFIOE9AE,Service_beiakklem1vi3j5fejr0,500,1,0.0571113024,0
1537359360,Prod-EcsStagingCluster-EcsCluster-1AAGQRFIOE9AE,Service_beiakklem1vi3j5fejr0,500,1,0.0423090359,0
1537382700,Prod-EcsStagingCluster-EcsCluster-1AAGQRFIOE9AE,Service_beiakklem1vi3j5fejr0,500,1,0.0479730076,0
1537431480,Prod-EcsStagingCluster-EcsCluster-1AAGQRFIOE9AE,Service_beiakklem1vi3j5fejr0,500,1,0.0512948019,0
1537410240,Prod-EcsStagingCluster-EcsCluster-1AAGQRFIOE9AE,Service_beiakklem1vi3j5fejr0,500,1,0.0423942062,0
1537357140,Prod-EcsStagingCluster-EcsCluster-1AAGQRFIOE9AE,Service_beiakklem1vi3j5fejr0,500,1,0.0425020324,0
1537408020,Prod-EcsStagingCluster-EcsCluster-1AAGQRFIOE9AE,Service_beiakklem1vi3j5fejr0,500,1,0.0363347288,0
1537357020,Prod-EcsStagingCluster-EcsCluster-1AAGQRFIOE9AE,Service_beiakklem1vi3j5fejr0,500,1,0.0423155294,0
1537354920,Prod-EcsStagingCluster-EcsCluster-1AAGQRFIOE9AE,Service_beiakklem1vi3j5fejr0,500,1,0.0294512950,0
1537407900,Prod-EcsStagingCluster-EcsCluster-1AAGQRFIOE9AE,Service_beiakklem1vi3j5fejr0,500,1,0.0548492918,0
1537405800,Prod-EcsStagingCluster-EcsCluster-1AAGQRFIOE9AE,Service_beiakklem1vi3j5fejr0,500,1,0.0608254818,0
1537390860,Prod-EcsStagingCluster-EcsCluster-1AAGQRFIOE9AE,Service_beiakklem1vi3j5fejr0,500,1,0.0495401978,0
1537367520,Prod-EcsStagingCluster-EcsCluster-1AAGQRFIOE9AE,Service_beiakklem1vi3j5fejr0,500,1,0.0453165811,0
1537418400,Prod-EcsStagingCluster-EcsCluster-1AAGQRFIOE9AE,Service_beiakklem1vi3j5fejr0,500,1,0.0550467523,0
1537375920,Prod-EcsStagingCluster-EcsCluster-1AAGQRFIOE9AE,Service_beiakklem1vi3j5fejr0,500,1,0.0437402761,0
1537350480,Prod-EcsStagingCluster-EcsCluster-1AAGQRFIOE9AE,Service_beiakklem1vi3j5fejr0,500,1,0.0438860872,0
1537401360,Prod-EcsStagingCluster-EcsCluster-1AAGQRFIOE9AE,Service_beiakklem1vi3j5fejr0,500,1,0.0553054815,0
1537365300,Prod-EcsStagingCluster-EcsCluster-1AAGQRFIOE9AE,Service_beiakklem1vi3j5fejr0,500,1,0.0445366360,0
1537421520,Prod-EcsStagingCluster-EcsCluster-1AAGQRFIOE9AE,Service_beiakklem1vi3j5fejr0,500,1,0.0562803371,0
1537349280,Prod-EcsStagingCluster-EcsCluster-1AAGQRFIOE9AE,Service_beiakklem1vi3j5fejr0,500,1,0.0410261121,0
1537393800,Prod-EcsStagingCluster-EcsCluster-1AAGQRFIOE9AE,Service_beiakklem1vi3j5fejr0,500,1,0.0680803227,0
1537371540,Prod-EcsStagingCluster-EcsCluster-1AAGQRFIOE9AE,Service_beiakklem1vi3j5fejr0,500,1,0.0468574651,0
1537348140,Prod-EcsStagingCluster-EcsCluster-1AAGQRFIOE9AE,Service_beiakklem1vi3j5fejr0,500,1,0.0384342757,0
1537422420,Prod-EcsStagingCluster-EcsCluster-1AAGQRFIOE9AE,Service_beiakklem1vi3j5fejr0,500,1,0.0562571224,0
1537400160,Prod-EcsStagingCluster-EcsCluster-1AAGQRFIOE9AE,Service_beiakklem1vi3j5fejr0,500,1,0.0554149729,0
1537360860,Prod-EcsStagingCluster-EcsCluster-1AAGQRFIOE9AE,Service_beiakklem1vi3j5fejr0,500,1,0.0442899143,0
1537411740,Prod-EcsStagingCluster-EcsCluster-1AAGQRFIOE9AE,Service_beiakklem1vi3j5fejr0,500,1,0.0528910150,0
1537399020,Prod-EcsStagingCluster-EcsCluster-1AAGQRFIOE9AE,Service_beiakklem1vi3j5fejr0,500,1,0.0246407152,0
1537350180,Prod-EcsStagingCluster-EcsCluster-1AAGQRFIOE9AE,Service_beiakklem1vi3j5fejr0,500,1,0.0404872916,0
1537401060,Prod-EcsStagingCluster-EcsCluster-1AAGQRFIOE9AE,Service_beiakklem1vi3j5fejr0,500,1,0.0538358315,0
1537375620,Prod-EcsStagingCluster-EcsCluster-1AAGQRFIOE9AE,Service_beiakklem1vi3j5fejr0,500,1,0.0403351972,0
1537426500,Prod-EcsStagingCluster-EcsCluster-1AAGQRFIOE9AE,Service_beiakklem1vi3j5fejr0,500,1,0.0562738490,0
1537379700,Prod-EcsStagingCluster-EcsCluster-1AAGQRFIOE9AE,Service_beiakklem1vi3j5fejr0,500,1,0.0620510231,0
1537357440,Prod-EcsStagingCluster-EcsCluster-1AAGQRFIOE9AE,Service_beiakklem1vi3j5fejr0,500,1,0.0199453617,0
1537351080,Prod-EcsStagingCluster-EcsCluster-1AAGQRFIOE9AE,Service_beiakklem1vi3j5fejr0,500,1,0.0403165419,0
1537401960,Prod-EcsStagingCluster-EcsCluster-1AAGQRFIOE9AE,Service_beiakklem1vi3j5fejr0,500,1,0.0243059247,0
1537356300,Prod-EcsStagingCluster-EcsCluster-1AAGQRFIOE9AE,Service_beiakklem1vi3j5fejr0,500,1,0.0331590268,0
1537430580,Prod-EcsStagingCluster-EcsCluster-1AAGQRFIOE9AE,Service_beiakklem1vi3j5fejr0,500,1,0.0493034381,0
1537408320,Prod-EcsStagingCluster-EcsCluster-1AAGQRFIOE9AE,Service_beiakklem1vi3j5fejr0,500,1,0.0506107222,0
1537369020,Prod-EcsStagingCluster-EcsCluster-1AAGQRFIOE9AE,Service_beiakklem1vi3j5fejr0,500,1,0.0446505689,0
1537419900,Prod-EcsStagingCluster-EcsCluster-1AAGQRFIOE9AE,Service_beiakklem1vi3j5fejr0,500,1,0.0517298485,0
1537383840,Prod-EcsStagingCluster-EcsCluster-1AAGQRFIOE9AE,Service_beiakklem1vi3j5fejr0,500,1,0.0520976959,0
1537407180,Prod-EcsStagingCluster-EcsCluster-1AAGQRFIOE9AE,Service_beiakklem1vi3j5fejr0,500,1,0.0364039107,0
1537428360,Prod-EcsStagingCluster-EcsCluster-1AAGQRFIOE9AE,Service_beiakklem1vi3j5fejr0,500,1,0.0483355585,0
1537387860,Prod-EcsStagingCluster-EcsCluster-1AAGQRFIOE9AE,Service_beiakklem1vi3j5fejr0,500,1,0.0494661730,0
1537364460,Prod-EcsStagingCluster-EcsCluster-1AAGQRFIOE9AE,Service_beiakklem1vi3j5fejr0,500,1,0.0455712044,0
1537377180,Prod-EcsStagingCluster-EcsCluster-1AAGQRFIOE9AE,Service_beiakklem1vi3j5fejr0,500,1,0.0475555597,0
1537385640,Prod-EcsStagingCluster-EcsCluster-1AAGQRFIOE9AE,Service_beiakklem1vi3j5fejr0,500,1,0.0514602685,0
1537428060,Prod-EcsStagingCluster-EcsCluster-1AAGQRFIOE9AE,Service_beiakklem1vi3j5fejr0,500,1,0.0501953531,0
1537392000,Prod-EcsStagingCluster-EcsCluster-1AAGQRFIOE9AE,Service_beiakklem1vi3j5fejr0,500,1,0.0533842796,0
1537415340,Prod-EcsStagingCluster-EcsCluster-1AAGQRFIOE9AE,Service_beiakklem1vi3j5fejr0,500,1,0.0568049330,0
1537391940,Prod-EcsStagingCluster-EcsCluster-1AAGQRFIOE9AE,Service_beiakklem1vi3j5fejr0,500,1,0.0543915899,0
1537366500,Prod-EcsStagingCluster-EcsCluster-1AAGQRFIOE9AE,Service_beiakklem1vi3j5fejr0,500,1,0.0440620051,0
1537417380,Prod-EcsStagingCluster-EcsCluster-1AAGQRFIOE9AE,Service_beiakklem1vi3j5fejr0,500,1,0.0561464151,0
1537389720,Prod-EcsStagingCluster-EcsCluster-1AAGQRFIOE9AE,Service_beiakklem1vi3j5fejr0,500,1,0.0511062539,0
1537364280,Prod-EcsStagingCluster-EcsCluster-1AAGQRFIOE9AE,Service_beiakklem1vi3j5fejr0,500,1,0.0433019948,0
1537370640,Prod-EcsStagingCluster-EcsCluster-1AAGQRFIOE9AE,Service_beiakklem1vi3j5fejr0,500,1,0.0497222176,0
1537415160,Prod-EcsStagingCluster-EcsCluster-1AAGQRFIOE9AE,Service_beiakklem1vi3j5fejr0,500,1,0.0452014086,0
1537396080,Prod-EcsStagingCluster-EcsCluster-1AAGQRFIOE9AE,Service_beiakklem1vi3j5fejr0,500,1,0.0398469961,0
1537373760,Prod-EcsStagingCluster-EcsCluster-1AAGQRFIOE9AE,Service_beiakklem1vi3j5fejr0,500,1,0.0450769079,0
1537393860,Prod-EcsStagingCluster-EcsCluster-1AAGQRFIOE9AE,Service_beiakklem1vi3j5fejr0,500,1,0.0505132465,0
1537424640,Prod-EcsStagingCluster-EcsCluster-1AAGQRFIOE9AE,Service_beiakklem1vi3j5fejr0,500,1,0.0540738207,0
1537368420,Prod-EcsStagingCluster-EcsCluster-1AAGQRFIOE9AE,Service_beiakklem1vi3j5fejr0,500,1,0.0252890986,0
1537372620,Prod-EcsStagingCluster-EcsCluster-1AAGQRFIOE9AE,Service_beiakklem1vi3j5fejr0,500,1,0.0470997978,0
1537419300,Prod-EcsStagingCluster-EcsCluster-1AAGQRFIOE9AE,Service_beiakklem1vi3j5fejr0,500,1,0.0546367267,0
1537385340,Prod-EcsStagingCluster-EcsCluster-1AAGQRFIOE9AE,Service_beiakklem1vi3j5fejr0,500,1,0.0647479318,0
1537352400,Prod-EcsStagingCluster-EcsCluster-1AAGQRFIOE9AE,Service_beiakklem1vi3j5fejr0,500,1,0.0408620849,0
1537423500,Prod-EcsStagingCluster-EcsCluster-1AAGQRFIOE9AE,Service_beiakklem1vi3j5fejr0,500,1,0.0582204752,0
1537347060,Prod-EcsStagingCluster-EcsCluster-1AAGQRFIOE9AE,Service_beiakklem1vi3j5fejr0,500,1,0.0405969150,0
1537377840,Prod-EcsStagingCluster-EcsCluster-1AAGQRFIOE9AE,Service_beiakklem1vi3j5fejr0,500,1,0.0494607343,0
1537397940,Prod-EcsStagingCluster-EcsCluster-1AAGQRFIOE9AE,Service_beiakklem1vi3j5fejr0,500,1,0.0407557148,0
1537428720,Prod-EcsStagingCluster-EcsCluster-1AAGQRFIOE9AE,Service_beiakklem1vi3j5fejr0,500,1,0.0525883446,0
1537369320,Prod-EcsStagingCluster-EcsCluster-1AAGQRFIOE9AE,Service_beiakklem1vi3j5fejr0,500,1,0.0448101152,0
1537403280,Prod-EcsStagingCluster-EcsCluster-1AAGQRFIOE9AE,Service_beiakklem1vi3j5fejr0,500,1,0.0571136980,0
1537420200,Prod-EcsStagingCluster-EcsCluster-1AAGQRFIOE9AE,Service_beiakklem1vi3j5fejr0,500,1,0.0529873278,0
1537373400,Prod-EcsStagingCluster-EcsCluster-1AAGQRFIOE9AE,Service_beiakklem1vi3j5fejr0,500,1,0.0458696569,0
1537347960,Prod-EcsStagingCluster-EcsCluster-1AAGQRFIOE9AE,Service_beiakklem1vi3j5fejr0,500,1,0.0396970951,0
1537381920,Prod-EcsStagingCluster-EcsCluster-1AAGQRFIOE9AE,Service_beiakklem1vi3j5fejr0,500,1,0.0485461431,0
1537398840,Prod-EcsStagingCluster-EcsCluster-1AAGQRFIOE9AE,Service_beiakklem1vi3j5fejr0,500,1,0.0579300504,0
1537393500,Prod-EcsStagingCluster-EcsCluster-1AAGQRFIOE9AE,Service_beiakklem1vi3j5fejr0,500,1,0.0534304319,0
1537424280,Prod-EcsStagingCluster-EcsCluster-1AAGQRFIOE9AE,Service_beiakklem1vi3j5fejr0,500,1,0.0566098355,0
1537380780,Prod-EcsStagingCluster-EcsCluster-1AAGQRFIOE9AE,Service_beiakklem1vi3j5fejr0,500,1,0.0481977770,0
1537431660,Prod-EcsStagingCluster-EcsCluster-1AAGQRFIOE9AE,Service_beiakklem1vi3j5fejr0,500,1,0.0492372134,0
1537377480,Prod-EcsStagingCluster-EcsCluster-1AAGQRFIOE9AE,Service_beiakklem1vi3j5fejr0,500,1,0.0467292370,0
1537355220,Prod-EcsStagingCluster-EcsCluster-1AAGQRFIOE9AE,Service_beiakklem1vi3j5fejr0,500,1,0.0430917115,0
1537361520,Prod-EcsStagingCluster-EcsCluster-1AAGQRFIOE9AE,Service_beiakklem1vi3j5fejr0,500,1,0.0216756496,0
1537406100,Prod-EcsStagingCluster-EcsCluster-1AAGQRFIOE9AE,Service_beiakklem1vi3j5fejr0,500,1,0.0585903081,0
1537412400,Prod-EcsStagingCluster-EcsCluster-1AAGQRFIOE9AE,Service_beiakklem1vi3j5fejr0,500,1,0.0471719950,0
1537353000,Prod-EcsStagingCluster-EcsCluster-1AAGQRFIOE9AE,Service_beiakklem1vi3j5fejr0,500,1,0.0427444425,0
1537386960,Prod-EcsStagingCluster-EcsCluster-1AAGQRFIOE9AE,Service_beiakklem1vi3j5fejr0,500,1,0.0492094144,0
1537403880,Prod-EcsStagingCluster-EcsCluster-1AAGQRFIOE9AE,Service_beiakklem1vi3j5fejr0,500,1,0.0575754897,0
1537359300,Prod-EcsStagingCluster-EcsCluster-1AAGQRFIOE9AE,Service_beiakklem1vi3j5fejr0,500,1,0.0421630156,0
1537410180,Prod-EcsStagingCluster-EcsCluster-1AAGQRFIOE9AE,Service_beiakklem1vi3j5fejr0,500,1,0.0331675757,0
1537350780,Prod-EcsStagingCluster-EcsCluster-1AAGQRFIOE9AE,Service_beiakklem1vi3j5fejr0,500,1,0.0510498436,0
1537384740,Prod-EcsStagingCluster-EcsCluster-1AAGQRFIOE9AE,Service_beiakklem1vi3j5fejr0,500,1,0.0508303156,0
1537401660,Prod-EcsStagingCluster-EcsCluster-1AAGQRFIOE9AE,Service_beiakklem1vi3j5fejr0,500,1,0.0561612042,0
1537365600,Prod-EcsStagingCluster-EcsCluster-1AAGQRFIOE9AE,Service_beiakklem1vi3j5fejr0,500,1,0.0475943741,0
1537388940,Prod-EcsStagingCluster-EcsCluster-1AAGQRFIOE9AE,Service_beiakklem1vi3j5fejr0,500,1,0.0506287727,0
1537416480,Prod-EcsStagingCluster-EcsCluster-1AAGQRFIOE9AE,Service_beiakklem1vi3j5fejr0,500,1,0.0498286283,0
1537357080,Prod-EcsStagingCluster-EcsCluster-1AAGQRFIOE9AE,Service_beiakklem1vi3j5fejr0,500,1,0.0441559568,0
1537407960,Prod-EcsStagingCluster-EcsCluster-1AAGQRFIOE9AE,Service_beiakklem1vi3j5fejr0,500,1,0.0528506059,0
1537382520,Prod-EcsStagingCluster-EcsCluster-1AAGQRFIOE9AE,Service_beiakklem1vi3j5fejr0,500,1,0.0483561222,0
1537363380,Prod-EcsStagingCluster-EcsCluster-1AAGQRFIOE9AE,Service_beiakklem1vi3j5fejr0,500,1,0.0442224844,0
1537414260,Prod-EcsStagingCluster-EcsCluster-1AAGQRFIOE9AE,Service_beiakklem1vi3j5fejr0,500,1,0.0507459540,0
1537361160,Prod-EcsStagingCluster-EcsCluster-1AAGQRFIOE9AE,Service_beiakklem1vi3j5fejr0,500,1,0.0422884352,0
1537412040,Prod-EcsStagingCluster-EcsCluster-1AAGQRFIOE9AE,Service_beiakklem1vi3j5fejr0,500,1,0.0486304542,0
1537346220,Prod-EcsStagingCluster-EcsCluster-1AAGQRFIOE9AE,Service_beiakklem1vi3j5fejr0,500,1,0.0389852587,0
1537358940,Prod-EcsStagingCluster-EcsCluster-1AAGQRFIOE9AE,Service_beiakklem1vi3j5fejr0,500,1,0.0416145328,0
1537397100,Prod-EcsStagingCluster-EcsCluster-1AAGQRFIOE9AE,Service_beiakklem1vi3j5fejr0,500,1,0.0218938141,0
1537360980,Prod-EcsStagingCluster-EcsCluster-1AAGQRFIOE9AE,Service_beiakklem1vi3j5fejr0,500,1,0.0418781826,0
1537354620,Prod-EcsStagingCluster-EcsCluster-1AAGQRFIOE9AE,Service_beiakklem1vi3j5fejr0,500,1,0.0419305431,0
1537425720,Prod-EcsStagingCluster-EcsCluster-1AAGQRFIOE9AE,Service_beiakklem1vi3j5fejr0,500,1,0.0575366545,0
1537347120,Prod-EcsStagingCluster-EcsCluster-1AAGQRFIOE9AE,Service_beiakklem1vi3j5fejr0,500,1,0.0399655510,0
1537405500,Prod-EcsStagingCluster-EcsCluster-1AAGQRFIOE9AE,Service_beiakklem1vi3j5fejr0,500,1,0.0592476401,0
1537411860,Prod-EcsStagingCluster-EcsCluster-1AAGQRFIOE9AE,Service_beiakklem1vi3j5fejr0,500,1,0.0509482263,0
1537391640,Prod-EcsStagingCluster-EcsCluster-1AAGQRFIOE9AE,Service_beiakklem1vi3j5fejr0,500,1,0.0545306901,0
1537398000,Prod-EcsStagingCluster-EcsCluster-1AAGQRFIOE9AE,Service_beiakklem1vi3j5fejr0,500,1,0.0587846294,0
1537371420,Prod-EcsStagingCluster-EcsCluster-1AAGQRFIOE9AE,Service_beiakklem1vi3j5fejr0,500,1,0.0466343180,0
1537377780,Prod-EcsStagingCluster-EcsCluster-1AAGQRFIOE9AE,Service_beiakklem1vi3j5fejr0,500,1,0.0511508459,0
1537360740,Prod-EcsStagingCluster-EcsCluster-1AAGQRFIOE9AE,Service_beiakklem1vi3j5fejr0,500,1,0.0429697380,0
1537428660,Prod-EcsStagingCluster-EcsCluster-1AAGQRFIOE9AE,Service_beiakklem1vi3j5fejr0,500,1,0.0501005469,0
1537422300,Prod-EcsStagingCluster-EcsCluster-1AAGQRFIOE9AE,Service_beiakklem1vi3j5fejr0,500,1,0.0547589900,0
1537346880,Prod-EcsStagingCluster-EcsCluster-1AAGQRFIOE9AE,Service_beiakklem1vi3j5fejr0,500,1,0.0384917084,0
1537411620,Prod-EcsStagingCluster-EcsCluster-1AAGQRFIOE9AE,Service_beiakklem1vi3j5fejr0,500,1,0.0499740164,0
1537397760,Prod-EcsStagingCluster-EcsCluster-1AAGQRFIOE9AE,Service_beiakklem1vi3j5fejr0,500,1,0.0394199211,0
1537391400,Prod-EcsStagingCluster-EcsCluster-1AAGQRFIOE9AE,Service_beiakklem1vi3j5fejr0,500,1,0.0490031653,0
1537345740,Prod-EcsStagingCluster-EcsCluster-1AAGQRFIOE9AE,Service_beiakklem1vi3j5fejr0,500,1,0.0395914447,0
1537396620,Prod-EcsStagingCluster-EcsCluster-1AAGQRFIOE9AE,Service_beiakklem1vi3j5fejr0,500,1,0.0395124839,0
1537377540,Prod-EcsStagingCluster-EcsCluster-1AAGQRFIOE9AE,Service_beiakklem1vi3j5fejr0,500,1,0.0684383377,0
1537357320,Prod-EcsStagingCluster-EcsCluster-1AAGQRFIOE9AE,Service_beiakklem1vi3j5fejr0,500,1,0.0415926655,0
1537428420,Prod-EcsStagingCluster-EcsCluster-1AAGQRFIOE9AE,Service_beiakklem1vi3j5fejr0,500,1,0.0484917483,0
1537375320,Prod-EcsStagingCluster-EcsCluster-1AAGQRFIOE9AE,Service_beiakklem1vi3j5fejr0,500,1,0.0400358986,0
1537381680,Prod-EcsStagingCluster-EcsCluster-1AAGQRFIOE9AE,Service_beiakklem1vi3j5fejr0,500,1,0.0471529323,0
1537426200,Prod-EcsStagingCluster-EcsCluster-1AAGQRFIOE9AE,Service_beiakklem1vi3j5fejr0,500,1,0.0591858318,0
1537362540,Prod-EcsStagingCluster-EcsCluster-1AAGQRFIOE9AE,Service_beiakklem1vi3j5fejr0,500,1,0.0434014474,0
1537413420,Prod-EcsStagingCluster-EcsCluster-1AAGQRFIOE9AE,Service_beiakklem1vi3j5fejr0,500,1,0.0457944251,0
1537370940,Prod-EcsStagingCluster-EcsCluster-1AAGQRFIOE9AE,Service_beiakklem1vi3j5fejr0,500,1,0.0464540633,0
1537377300,Prod-EcsStagingCluster-EcsCluster-1AAGQRFIOE9AE,Service_beiakklem1vi3j5fejr0,500,1,0.0481585894,0
1537421820,Prod-EcsStagingCluster-EcsCluster-1AAGQRFIOE9AE,Service_beiakklem1vi3j5fejr0,500,1,0.0550320706,0
1537428180,Prod-EcsStagingCluster-EcsCluster-1AAGQRFIOE9AE,Service_beiakklem1vi3j5fejr0,500,1,0.0486458409,0
1537381440,Prod-EcsStagingCluster-EcsCluster-1AAGQRFIOE9AE,Service_beiakklem1vi3j5fejr0,500,1,0.0505509580,0
1537375080,Prod-EcsStagingCluster-EcsCluster-1AAGQRFIOE9AE,Service_beiakklem1vi3j5fejr0,500,1,0.0400892009,0
1537387740,Prod-EcsStagingCluster-EcsCluster-1AAGQRFIOE9AE,Service_beiakklem1vi3j5fejr0,500,1,0.0533764205,0
1537394100,Prod-EcsStagingCluster-EcsCluster-1AAGQRFIOE9AE,Service_beiakklem1vi3j5fejr0,500,1,0.0554658668,0
1537425960,Prod-EcsStagingCluster-EcsCluster-1AAGQRFIOE9AE,Service_beiakklem1vi3j5fejr0,500,1,0.0561386183,0
1537377060,Prod-EcsStagingCluster-EcsCluster-1AAGQRFIOE9AE,Service_beiakklem1vi3j5fejr0,500,1,0.0457957907,0
1537347360,Prod-EcsStagingCluster-EcsCluster-1AAGQRFIOE9AE,Service_beiakklem1vi3j5fejr0,500,1,0.0389922793,0
1537391880,Prod-EcsStagingCluster-EcsCluster-1AAGQRFIOE9AE,Service_beiakklem1vi3j5fejr0,500,1,0.0519017447,0
1537398240,Prod-EcsStagingCluster-EcsCluster-1AAGQRFIOE9AE,Service_beiakklem1vi3j5fejr0,500,1,0.0548959455,0
1537427940,Prod-EcsStagingCluster-EcsCluster-1AAGQRFIOE9AE,Service_beiakklem1vi3j5fejr0,500,1,0.0499331161,0
1537374840,Prod-EcsStagingCluster-EcsCluster-1AAGQRFIOE9AE,Service_beiakklem1vi3j5fejr0,500,1,0.0448543397,0
1537381200,Prod-EcsStagingCluster-EcsCluster-1AAGQRFIOE9AE,Service_beiakklem1vi3j5fejr0,500,1,0.0475277350,0
1537396020,Prod-EcsStagingCluster-EcsCluster-1AAGQRFIOE9AE,Service_beiakklem1vi3j5fejr0,500,1,0.0392070961,0
1537414080,Prod-EcsStagingCluster-EcsCluster-1AAGQRFIOE9AE,Service_beiakklem1vi3j5fejr0,500,1,0.0522715521,0
1537362060,Prod-EcsStagingCluster-EcsCluster-1AAGQRFIOE9AE,Service_beiakklem1vi3j5fejr0,500,1,0.0422970358,0
1537378980,Prod-EcsStagingCluster-EcsCluster-1AAGQRFIOE9AE,Service_beiakklem1vi3j5fejr0,500,1,0.0509392373,0
1537412940,Prod-EcsStagingCluster-EcsCluster-1AAGQRFIOE9AE,Service_beiakklem1vi3j5fejr0,500,1,0.0514906488,0
1537380000,Prod-EcsStagingCluster-EcsCluster-1AAGQRFIOE9AE,Service_beiakklem1vi3j5fejr0,500,1,0.0487291244,0
1537358760,Prod-EcsStagingCluster-EcsCluster-1AAGQRFIOE9AE,Service_beiakklem1vi3j5fejr0,500,1,0.0444525377,0
1537429860,Prod-EcsStagingCluster-EcsCluster-1AAGQRFIOE9AE,Service_beiakklem1vi3j5fejr0,500,1,0.0515503459,0
1537362960,Prod-EcsStagingCluster-EcsCluster-1AAGQRFIOE9AE,Service_beiakklem1vi3j5fejr0,500,1,0.0444806373,0
1537430880,Prod-EcsStagingCluster-EcsCluster-1AAGQRFIOE9AE,Service_beiakklem1vi3j5fejr0,500,1,0.0540912823,0
1537378860,Prod-EcsStagingCluster-EcsCluster-1AAGQRFIOE9AE,Service_beiakklem1vi3j5fejr0,500,1,0.0569024379,0
1537409640,Prod-EcsStagingCluster-EcsCluster-1AAGQRFIOE9AE,Service_beiakklem1vi3j5fejr0,500,1,0.0465612045,0
1537413840,Prod-EcsStagingCluster-EcsCluster-1AAGQRFIOE9AE,Service_beiakklem1vi3j5fejr0,500,1,0.0505520221,0
1537429740,Prod-EcsStagingCluster-EcsCluster-1AAGQRFIOE9AE,Service_beiakklem1vi3j5fejr0,500,1,0.0514641633,0
1537395780,Prod-EcsStagingCluster-EcsCluster-1AAGQRFIOE9AE,Service_beiakklem1vi3j5fejr0,500,1,0.0528052971,0
1537375560,Prod-EcsStagingCluster-EcsCluster-1AAGQRFIOE9AE,Service_beiakklem1vi3j5fejr0,500,1,0.0429107801,0
1537387260,Prod-EcsStagingCluster-EcsCluster-1AAGQRFIOE9AE,Service_beiakklem1vi3j5fejr0,500,1,0.0500503064,0
1537358520,Prod-EcsStagingCluster-EcsCluster-1AAGQRFIOE9AE,Service_beiakklem1vi3j5fejr0,500,1,0.0436730363,0
1537426440,Prod-EcsStagingCluster-EcsCluster-1AAGQRFIOE9AE,Service_beiakklem1vi3j5fejr0,500,1,0.0553718352,0
1537379760,Prod-EcsStagingCluster-EcsCluster-1AAGQRFIOE9AE,Service_beiakklem1vi3j5fejr0,500,1,0.0469897301,0
1537353180,Prod-EcsStagingCluster-EcsCluster-1AAGQRFIOE9AE,Service_beiakklem1vi3j5fejr0,500,1,0.0424873862,0
1537430640,Prod-EcsStagingCluster-EcsCluster-1AAGQRFIOE9AE,Service_beiakklem1vi3j5fejr0,500,1,0.0493450877,0
1537409400,Prod-EcsStagingCluster-EcsCluster-1AAGQRFIOE9AE,Service_beiakklem1vi3j5fejr0,500,1,0.0405412811,0
1537404060,Prod-EcsStagingCluster-EcsCluster-1AAGQRFIOE9AE,Service_beiakklem1vi3j5fejr0,500,1,0.0546993430,0
1537395540,Prod-EcsStagingCluster-EcsCluster-1AAGQRFIOE9AE,Service_beiakklem1vi3j5fejr0,500,1,0.0555235095,0
1537363680,Prod-EcsStagingCluster-EcsCluster-1AAGQRFIOE9AE,Service_beiakklem1vi3j5fejr0,500,1,0.0471233574,0
1537414560,Prod-EcsStagingCluster-EcsCluster-1AAGQRFIOE9AE,Service_beiakklem1vi3j5fejr0,500,1,0.0428645263,0
1537346640,Prod-EcsStagingCluster-EcsCluster-1AAGQRFIOE9AE,Service_beiakklem1vi3j5fejr0,500,1,0.0402129879,0
1537393320,Prod-EcsStagingCluster-EcsCluster-1AAGQRFIOE9AE,Service_beiakklem1vi3j5fejr0,500,1,0.0531932075,0
1537397520,Prod-EcsStagingCluster-EcsCluster-1AAGQRFIOE9AE,Service_beiakklem1vi3j5fejr0,500,1,0.0410490301,0
1537361460,Prod-EcsStagingCluster-EcsCluster-1AAGQRFIOE9AE,Service_beiakklem1vi3j5fejr0,500,1,0.0426513004,0
1537378380,Prod-EcsStagingCluster-EcsCluster-1AAGQRFIOE9AE,Service_beiakklem1vi3j5fejr0,500,1,0.0468470972,0
1537412340,Prod-EcsStagingCluster-EcsCluster-1AAGQRFIOE9AE,Service_beiakklem1vi3j5fejr0,500,1,0.0510433894,0
1537359240,Prod-EcsStagingCluster-EcsCluster-1AAGQRFIOE9AE,Service_beiakklem1vi3j5fejr0,500,1,0.0416561406,0
1537395300,Prod-EcsStagingCluster-EcsCluster-1AAGQRFIOE9AE,Service_beiakklem1vi3j5fejr0,500,1,0.0529871108,0
1537429260,Prod-EcsStagingCluster-EcsCluster-1AAGQRFIOE9AE,Service_beiakklem1vi3j5fejr0,500,1,0.0501951106,0
1537410120,Prod-EcsStagingCluster-EcsCluster-1AAGQRFIOE9AE,Service_beiakklem1vi3j5fejr0,500,1,0.0433972206,0
1537363440,Prod-EcsStagingCluster-EcsCluster-1AAGQRFIOE9AE,Service_beiakklem1vi3j5fejr0,500,1,0.0452515141,0
1537393080,Prod-EcsStagingCluster-EcsCluster-1AAGQRFIOE9AE,Service_beiakklem1vi3j5fejr0,500,1,0.0528252126,0
1537414320,Prod-EcsStagingCluster-EcsCluster-1AAGQRFIOE9AE,Service_beiakklem1vi3j5fejr0,500,1,0.0476715085,0
1537361220,Prod-EcsStagingCluster-EcsCluster-1AAGQRFIOE9AE,Service_beiakklem1vi3j5fejr0,500,1,0.0429351285,0
1537395180,Prod-EcsStagingCluster-EcsCluster-1AAGQRFIOE9AE,Service_beiakklem1vi3j5fejr0,500,1,0.0545485775,0
1537412100,Prod-EcsStagingCluster-EcsCluster-1AAGQRFIOE9AE,Service_beiakklem1vi3j5fejr0,500,1,0.0473231699,0
1537352700,Prod-EcsStagingCluster-EcsCluster-1AAGQRFIOE9AE,Service_beiakklem1vi3j5fejr0,500,1,0.0398883391,0
1537403580,Prod-EcsStagingCluster-EcsCluster-1AAGQRFIOE9AE,Service_beiakklem1vi3j5fejr0,500,1,0.0544904031,0
1537359000,Prod-EcsStagingCluster-EcsCluster-1AAGQRFIOE9AE,Service_beiakklem1vi3j5fejr0,500,1,0.0417135111,0
1537363200,Prod-EcsStagingCluster-EcsCluster-1AAGQRFIOE9AE,Service_beiakklem1vi3j5fejr0,500,1,0.0458556350,0
1537409880,Prod-EcsStagingCluster-EcsCluster-1AAGQRFIOE9AE,Service_beiakklem1vi3j5fejr0,500,1,0.0418263643,0
1537375860,Prod-EcsStagingCluster-EcsCluster-1AAGQRFIOE9AE,Service_beiakklem1vi3j5fejr0,500,1,0.0410022590,0
1537363140,Prod-EcsStagingCluster-EcsCluster-1AAGQRFIOE9AE,Service_beiakklem1vi3j5fejr0,500,1,0.0453105803,0
1537414020,Prod-EcsStagingCluster-EcsCluster-1AAGQRFIOE9AE,Service_beiakklem1vi3j5fejr0,500,1,0.0545738972,0
1537426740,Prod-EcsStagingCluster-EcsCluster-1AAGQRFIOE9AE,Service_beiakklem1vi3j5fejr0,500,1,0.0570725825,0
1537376760,Prod-EcsStagingCluster-EcsCluster-1AAGQRFIOE9AE,Service_beiakklem1vi3j5fejr0,500,1,0.0457065833,0
1537383120,Prod-EcsStagingCluster-EcsCluster-1AAGQRFIOE9AE,Service_beiakklem1vi3j5fejr0,500,1,0.0520505019,0
1537389480,Prod-EcsStagingCluster-EcsCluster-1AAGQRFIOE9AE,Service_beiakklem1vi3j5fejr0,500,1,0.0524223793,0
1537395840,Prod-EcsStagingCluster-EcsCluster-1AAGQRFIOE9AE,Service_beiakklem1vi3j5fejr0,500,1,0.0594287550,0
1537356540,Prod-EcsStagingCluster-EcsCluster-1AAGQRFIOE9AE,Service_beiakklem1vi3j5fejr0,500,1,0.0329583233,0
1537427640,Prod-EcsStagingCluster-EcsCluster-1AAGQRFIOE9AE,Service_beiakklem1vi3j5fejr0,500,1,0.0577525483,0
1537394700,Prod-EcsStagingCluster-EcsCluster-1AAGQRFIOE9AE,Service_beiakklem1vi3j5fejr0,500,1,0.0521817403,0
1537355400,Prod-EcsStagingCluster-EcsCluster-1AAGQRFIOE9AE,Service_beiakklem1vi3j5fejr0,500,1,0.0316315064,0
1537349040,Prod-EcsStagingCluster-EcsCluster-1AAGQRFIOE9AE,Service_beiakklem1vi3j5fejr0,500,1,0.0395416198,0
1537361760,Prod-EcsStagingCluster-EcsCluster-1AAGQRFIOE9AE,Service_beiakklem1vi3j5fejr0,500,1,0.0427247876,0
1537407420,Prod-EcsStagingCluster-EcsCluster-1AAGQRFIOE9AE,Service_beiakklem1vi3j5fejr0,500,1,0.0545343674,0
1537412640,Prod-EcsStagingCluster-EcsCluster-1AAGQRFIOE9AE,Service_beiakklem1vi3j5fejr0,500,1,0.0483345624,0
1537393560,Prod-EcsStagingCluster-EcsCluster-1AAGQRFIOE9AE,Service_beiakklem1vi3j5fejr0,500,1,0.0509162087,0
1537399920,Prod-EcsStagingCluster-EcsCluster-1AAGQRFIOE9AE,Service_beiakklem1vi3j5fejr0,500,1,0.0534750801,0
1537406280,Prod-EcsStagingCluster-EcsCluster-1AAGQRFIOE9AE,Service_beiakklem1vi3j5fejr0,500,1,0.0574574799,0
1537373340,Prod-EcsStagingCluster-EcsCluster-1AAGQRFIOE9AE,Service_beiakklem1vi3j5fejr0,500,1,0.0483173457,0
1537360620,Prod-EcsStagingCluster-EcsCluster-1AAGQRFIOE9AE,Service_beiakklem1vi3j5fejr0,500,1,0.0426477975,0
1537362660,Prod-EcsStagingCluster-EcsCluster-1AAGQRFIOE9AE,Service_beiakklem1vi3j5fejr0,500,1,0.0429143177,0
1537411500,Prod-EcsStagingCluster-EcsCluster-1AAGQRFIOE9AE,Service_beiakklem1vi3j5fejr0,500,1,0.0489967564,0
1537424220,Prod-EcsStagingCluster-EcsCluster-1AAGQRFIOE9AE,Service_beiakklem1vi3j5fejr0,500,1,0.0566288494,0
1537375380,Prod-EcsStagingCluster-EcsCluster-1AAGQRFIOE9AE,Service_beiakklem1vi3j5fejr0,500,1,0.0407086437,0
1537413540,Prod-EcsStagingCluster-EcsCluster-1AAGQRFIOE9AE,Service_beiakklem1vi3j5fejr0,500,1,0.0516806850,0
1537360440,Prod-EcsStagingCluster-EcsCluster-1AAGQRFIOE9AE,Service_beiakklem1vi3j5fejr0,500,1,0.0412462429,0
1537426260,Prod-EcsStagingCluster-EcsCluster-1AAGQRFIOE9AE,Service_beiakklem1vi3j5fejr0,500,1,0.0574187744,0
1537379520,Prod-EcsStagingCluster-EcsCluster-1AAGQRFIOE9AE,Service_beiakklem1vi3j5fejr0,500,1,0.0469854058,0
1537373160,Prod-EcsStagingCluster-EcsCluster-1AAGQRFIOE9AE,Service_beiakklem1vi3j5fejr0,500,1,0.0456312502,0
1537366800,Prod-EcsStagingCluster-EcsCluster-1AAGQRFIOE9AE,Service_beiakklem1vi3j5fejr0,500,1,0.0425374280,0
1537411320,Prod-EcsStagingCluster-EcsCluster-1AAGQRFIOE9AE,Service_beiakklem1vi3j5fejr0,500,1,0.0518710890,0
1537417680,Prod-EcsStagingCluster-EcsCluster-1AAGQRFIOE9AE,Service_beiakklem1vi3j5fejr0,500,1,0.0523618579,0
1537392180,Prod-EcsStagingCluster-EcsCluster-1AAGQRFIOE9AE,Service_beiakklem1vi3j5fejr0,500,1,0.0535600460,0
1537379460,Prod-EcsStagingCluster-EcsCluster-1AAGQRFIOE9AE,Service_beiakklem1vi3j5fejr0,500,1,0.0482182542,0
1537424040,Prod-EcsStagingCluster-EcsCluster-1AAGQRFIOE9AE,Service_beiakklem1vi3j5fejr0,500,1,0.0564351532,0
1537430400,Prod-EcsStagingCluster-EcsCluster-1AAGQRFIOE9AE,Service_beiakklem1vi3j5fejr0,500,1,0.0494212514,0
1537430340,Prod-EcsStagingCluster-EcsCluster-1AAGQRFIOE9AE,Service_beiakklem1vi3j5fejr0,500,1,0.0495934302,0
1537345440,Prod-EcsStagingCluster-EcsCluster-1AAGQRFIOE9AE,Service_beiakklem1vi3j5fejr0,500,1,0.0407386348,0
1537389960,Prod-EcsStagingCluster-EcsCluster-1AAGQRFIOE9AE,Service_beiakklem1vi3j5fejr0,500,1,0.0506158318,0
1537396320,Prod-EcsStagingCluster-EcsCluster-1AAGQRFIOE9AE,Service_beiakklem1vi3j5fejr0,500,1,0.0394416711,0
1537377240,Prod-EcsStagingCluster-EcsCluster-1AAGQRFIOE9AE,Service_beiakklem1vi3j5fejr0,500,1,0.0499528418,0
1537383600,Prod-EcsStagingCluster-EcsCluster-1AAGQRFIOE9AE,Service_beiakklem1vi3j5fejr0,500,1,0.0519968882,0
1537428120,Prod-EcsStagingCluster-EcsCluster-1AAGQRFIOE9AE,Service_beiakklem1vi3j5fejr0,500,1,0.0490831128,0
1537360140,Prod-EcsStagingCluster-EcsCluster-1AAGQRFIOE9AE,Service_beiakklem1vi3j5fejr0,500,1,0.0441625646,0
1537372860,Prod-EcsStagingCluster-EcsCluster-1AAGQRFIOE9AE,Service_beiakklem1vi3j5fejr0,500,1,0.0463784033,0
1537411020,Prod-EcsStagingCluster-EcsCluster-1AAGQRFIOE9AE,Service_beiakklem1vi3j5fejr0,500,1,0.0456676315,0
1537423740,Prod-EcsStagingCluster-EcsCluster-1AAGQRFIOE9AE,Service_beiakklem1vi3j5fejr0,500,1,0.0555545888,0
1537389660,Prod-EcsStagingCluster-EcsCluster-1AAGQRFIOE9AE,Service_beiakklem1vi3j5fejr0,500,1,0.0668039487,0
1537376940,Prod-EcsStagingCluster-EcsCluster-1AAGQRFIOE9AE,Service_beiakklem1vi3j5fejr0,500,1,0.0510927638,0
1537407720,Prod-EcsStagingCluster-EcsCluster-1AAGQRFIOE9AE,Service_beiakklem1vi3j5fejr0,500,1,0.0497170904,0
1537427820,Prod-EcsStagingCluster-EcsCluster-1AAGQRFIOE9AE,Service_beiakklem1vi3j5fejr0,500,1,0.0560395307,0
1537373640,Prod-EcsStagingCluster-EcsCluster-1AAGQRFIOE9AE,Service_beiakklem1vi3j5fejr0,500,1,0.0482462505,0
1537360920,Prod-EcsStagingCluster-EcsCluster-1AAGQRFIOE9AE,Service_beiakklem1vi3j5fejr0,500,1,0.0219110669,0
1537411800,Prod-EcsStagingCluster-EcsCluster-1AAGQRFIOE9AE,Service_beiakklem1vi3j5fejr0,500,1,0.0522698388,0
1537424520,Prod-EcsStagingCluster-EcsCluster-1AAGQRFIOE9AE,Service_beiakklem1vi3j5fejr0,500,1,0.0570798785,0
1537380900,Prod-EcsStagingCluster-EcsCluster-1AAGQRFIOE9AE,Service_beiakklem1vi3j5fejr0,500,1,0.0481314924,0
1537393620,Prod-EcsStagingCluster-EcsCluster-1AAGQRFIOE9AE,Service_beiakklem1vi3j5fejr0,500,1,0.0508248954,0
1537346820,Prod-EcsStagingCluster-EcsCluster-1AAGQRFIOE9AE,Service_beiakklem1vi3j5fejr0,500,1,0.0401112095,0
1537359540,Prod-EcsStagingCluster-EcsCluster-1AAGQRFIOE9AE,Service_beiakklem1vi3j5fejr0,500,1,0.0429443495,0
1537364880,Prod-EcsStagingCluster-EcsCluster-1AAGQRFIOE9AE,Service_beiakklem1vi3j5fejr0,500,1,0.0447781279,0
1537377600,Prod-EcsStagingCluster-EcsCluster-1AAGQRFIOE9AE,Service_beiakklem1vi3j5fejr0,500,1,0.0485681968,0
1537415760,Prod-EcsStagingCluster-EcsCluster-1AAGQRFIOE9AE,Service_beiakklem1vi3j5fejr0,500,1,0.0555041097,0
1537376460,Prod-EcsStagingCluster-EcsCluster-1AAGQRFIOE9AE,Service_beiakklem1vi3j5fejr0,500,1,0.0462111215,0
1537410420,Prod-EcsStagingCluster-EcsCluster-1AAGQRFIOE9AE,Service_beiakklem1vi3j5fejr0,500,1,0.0405174190,0
1537397700,Prod-EcsStagingCluster-EcsCluster-1AAGQRFIOE9AE,Service_beiakklem1vi3j5fejr0,500,1,0.0244134346,0
1537428480,Prod-EcsStagingCluster-EcsCluster-1AAGQRFIOE9AE,Service_beiakklem1vi3j5fejr0,500,1,0.0502489971,0
1537389180,Prod-EcsStagingCluster-EcsCluster-1AAGQRFIOE9AE,Service_beiakklem1vi3j5fejr0,500,1,0.0523234677,0
1537427340,Prod-EcsStagingCluster-EcsCluster-1AAGQRFIOE9AE,Service_beiakklem1vi3j5fejr0,500,1,0.0573074153,0
1537408200,Prod-EcsStagingCluster-EcsCluster-1AAGQRFIOE9AE,Service_beiakklem1vi3j5fejr0,500,1,0.0515035273,0
1537395480,Prod-EcsStagingCluster-EcsCluster-1AAGQRFIOE9AE,Service_beiakklem1vi3j5fejr0,500,1,0.0558543703,0
1537355100,Prod-EcsStagingCluster-EcsCluster-1AAGQRFIOE9AE,Service_beiakklem1vi3j5fejr0,500,1,0.0390577502,0
1537393260,Prod-EcsStagingCluster-EcsCluster-1AAGQRFIOE9AE,Service_beiakklem1vi3j5fejr0,500,1,0.0542392019,0
1537405980,Prod-EcsStagingCluster-EcsCluster-1AAGQRFIOE9AE,Service_beiakklem1vi3j5fejr0,500,1,0.0585999272,0
1537361280,Prod-EcsStagingCluster-EcsCluster-1AAGQRFIOE9AE,Service_beiakklem1vi3j5fejr0,500,1,0.0431328393,0
1537348560,Prod-EcsStagingCluster-EcsCluster-1AAGQRFIOE9AE,Service_beiakklem1vi3j5fejr0,500,1,0.0425658867,0
1537399440,Prod-EcsStagingCluster-EcsCluster-1AAGQRFIOE9AE,Service_beiakklem1vi3j5fejr0,500,1,0.0543240339,0
1537412160,Prod-EcsStagingCluster-EcsCluster-1AAGQRFIOE9AE,Service_beiakklem1vi3j5fejr0,500,1,0.0464934589,0
1537359060,Prod-EcsStagingCluster-EcsCluster-1AAGQRFIOE9AE,Service_beiakklem1vi3j5fejr0,500,1,0.0430563545,0
1537346340,Prod-EcsStagingCluster-EcsCluster-1AAGQRFIOE9AE,Service_beiakklem1vi3j5fejr0,500,1,0.0514740170,0
1537397220,Prod-EcsStagingCluster-EcsCluster-1AAGQRFIOE9AE,Service_beiakklem1vi3j5fejr0,500,1,0.0384701412,0
1537378080,Prod-EcsStagingCluster-EcsCluster-1AAGQRFIOE9AE,Service_beiakklem1vi3j5fejr0,500,1,0.0485839381,0
1537365360,Prod-EcsStagingCluster-EcsCluster-1AAGQRFIOE9AE,Service_beiakklem1vi3j5fejr0,500,1,0.0247810693,0
1537409940,Prod-EcsStagingCluster-EcsCluster-1AAGQRFIOE9AE,Service_beiakklem1vi3j5fejr0,500,1,0.0399812046,0
1537356840,Prod-EcsStagingCluster-EcsCluster-1AAGQRFIOE9AE,Service_beiakklem1vi3j5fejr0,500,1,0.0421369229,0
1537395000,Prod-EcsStagingCluster-EcsCluster-1AAGQRFIOE9AE,Service_beiakklem1vi3j5fejr0,500,1,0.0496229015,0
1537428960,Prod-EcsStagingCluster-EcsCluster-1AAGQRFIOE9AE,Service_beiakklem1vi3j5fejr0,500,1,0.0498494611,0
1537416240,Prod-EcsStagingCluster-EcsCluster-1AAGQRFIOE9AE,Service_beiakklem1vi3j5fejr0,500,1,0.0518810938,0
1537410720,Prod-EcsStagingCluster-EcsCluster-1AAGQRFIOE9AE,Service_beiakklem1vi3j5fejr0,500,1,0.0417755429,0
1537401180,Prod-EcsStagingCluster-EcsCluster-1AAGQRFIOE9AE,Service_beiakklem1vi3j5fejr0,500,1,0.0538339104,0
1537404360,Prod-EcsStagingCluster-EcsCluster-1AAGQRFIOE9AE,Service_beiakklem1vi3j5fejr0,500,1,0.0564519378,0
1537407540,Prod-EcsStagingCluster-EcsCluster-1AAGQRFIOE9AE,Service_beiakklem1vi3j5fejr0,500,1,0.0553539741,0
1537368240,Prod-EcsStagingCluster-EcsCluster-1AAGQRFIOE9AE,Service_beiakklem1vi3j5fejr0,500,1,0.0500551523,0
1537358700,Prod-EcsStagingCluster-EcsCluster-1AAGQRFIOE9AE,Service_beiakklem1vi3j5fejr0,500,1,0.0417405788,0
1537361880,Prod-EcsStagingCluster-EcsCluster-1AAGQRFIOE9AE,Service_beiakklem1vi3j5fejr0,500,1,0.0419135743,0
1537365060,Prod-EcsStagingCluster-EcsCluster-1AAGQRFIOE9AE,Service_beiakklem1vi3j5fejr0,500,1,0.0446285885,0
1537426620,Prod-EcsStagingCluster-EcsCluster-1AAGQRFIOE9AE,Service_beiakklem1vi3j5fejr0,500,1,0.0594586905,0
1537429800,Prod-EcsStagingCluster-EcsCluster-1AAGQRFIOE9AE,Service_beiakklem1vi3j5fejr0,500,1,0.0520086671,0
1537393680,Prod-EcsStagingCluster-EcsCluster-1AAGQRFIOE9AE,Service_beiakklem1vi3j5fejr0,500,1,0.0539386381,0
1537384140,Prod-EcsStagingCluster-EcsCluster-1AAGQRFIOE9AE,Service_beiakklem1vi3j5fejr0,500,1,0.0508134952,0
1537387320,Prod-EcsStagingCluster-EcsCluster-1AAGQRFIOE9AE,Service_beiakklem1vi3j5fejr0,500,1,0.0660180820,0
1537390500,Prod-EcsStagingCluster-EcsCluster-1AAGQRFIOE9AE,Service_beiakklem1vi3j5fejr0,500,1,0.0558164640,0
1537358460,Prod-EcsStagingCluster-EcsCluster-1AAGQRFIOE9AE,Service_beiakklem1vi3j5fejr0,500,1,0.0433091962,0
1537361640,Prod-EcsStagingCluster-EcsCluster-1AAGQRFIOE9AE,Service_beiakklem1vi3j5fejr0,500,1,0.0430893193,0
1537364820,Prod-EcsStagingCluster-EcsCluster-1AAGQRFIOE9AE,Service_beiakklem1vi3j5fejr0,500,1,0.0463533219,0
1537368000,Prod-EcsStagingCluster-EcsCluster-1AAGQRFIOE9AE,Service_beiakklem1vi3j5fejr0,500,1,0.0455534791,0
1537368960,Prod-EcsStagingCluster-EcsCluster-1AAGQRFIOE9AE,Service_beiakklem1vi3j5fejr0,500,1,0.0445131431,0
1537362600,Prod-EcsStagingCluster-EcsCluster-1AAGQRFIOE9AE,Service_beiakklem1vi3j5fejr0,500,1,0.0457925074,0
1537417740,Prod-EcsStagingCluster-EcsCluster-1AAGQRFIOE9AE,Service_beiakklem1vi3j5fejr0,500,1,0.0505923393,0
1537392300,Prod-EcsStagingCluster-EcsCluster-1AAGQRFIOE9AE,Service_beiakklem1vi3j5fejr0,500,1,0.0530734025,0
1537398660,Prod-EcsStagingCluster-EcsCluster-1AAGQRFIOE9AE,Service_beiakklem1vi3j5fejr0,500,1,0.0520013157,0
1537424100,Prod-EcsStagingCluster-EcsCluster-1AAGQRFIOE9AE,Service_beiakklem1vi3j5fejr0,500,1,0.0578146146,0
1537396440,Prod-EcsStagingCluster-EcsCluster-1AAGQRFIOE9AE,Service_beiakklem1vi3j5fejr0,500,1,0.0393767012,0
1537402800,Prod-EcsStagingCluster-EcsCluster-1AAGQRFIOE9AE,Service_beiakklem1vi3j5fejr0,500,1,0.0573123564,0
1537421880,Prod-EcsStagingCluster-EcsCluster-1AAGQRFIOE9AE,Service_beiakklem1vi3j5fejr0,500,1,0.0544961522,0
1537428240,Prod-EcsStagingCluster-EcsCluster-1AAGQRFIOE9AE,Service_beiakklem1vi3j5fejr0,500,1,0.0496443430,0
1537372980,Prod-EcsStagingCluster-EcsCluster-1AAGQRFIOE9AE,Service_beiakklem1vi3j5fejr0,500,1,0.0471136766,0
1537366620,Prod-EcsStagingCluster-EcsCluster-1AAGQRFIOE9AE,Service_beiakklem1vi3j5fejr0,500,1,0.0461561202,0
1537398420,Prod-EcsStagingCluster-EcsCluster-1AAGQRFIOE9AE,Service_beiakklem1vi3j5fejr0,500,1,0.0226961961,0
1537392060,Prod-EcsStagingCluster-EcsCluster-1AAGQRFIOE9AE,Service_beiakklem1vi3j5fejr0,500,1,0.0514736627,0
1537355940,Prod-EcsStagingCluster-EcsCluster-1AAGQRFIOE9AE,Service_beiakklem1vi3j5fejr0,500,1,0.0357879594,0
1537349580,Prod-EcsStagingCluster-EcsCluster-1AAGQRFIOE9AE,Service_beiakklem1vi3j5fejr0,500,1,0.0405417260,0
1537370760,Prod-EcsStagingCluster-EcsCluster-1AAGQRFIOE9AE,Service_beiakklem1vi3j5fejr0,500,1,0.0444755357,0
1537377120,Prod-EcsStagingCluster-EcsCluster-1AAGQRFIOE9AE,Service_beiakklem1vi3j5fejr0,500,1,0.0457737999,0
1537396200,Prod-EcsStagingCluster-EcsCluster-1AAGQRFIOE9AE,Service_beiakklem1vi3j5fejr0,500,1,0.0375385142,0
1537402560,Prod-EcsStagingCluster-EcsCluster-1AAGQRFIOE9AE,Service_beiakklem1vi3j5fejr0,500,1,0.0529962437,0
1537425900,Prod-EcsStagingCluster-EcsCluster-1AAGQRFIOE9AE,Service_beiakklem1vi3j5fejr0,500,1,0.0554841724,0
1537353720,Prod-EcsStagingCluster-EcsCluster-1AAGQRFIOE9AE,Service_beiakklem1vi3j5fejr0,500,1,0.0349294636,0
1537360080,Prod-EcsStagingCluster-EcsCluster-1AAGQRFIOE9AE,Service_beiakklem1vi3j5fejr0,500,1,0.0435522940,0
1537430040,Prod-EcsStagingCluster-EcsCluster-1AAGQRFIOE9AE,Service_beiakklem1vi3j5fejr0,500,1,0.0508631818,0
1537409760,Prod-EcsStagingCluster-EcsCluster-1AAGQRFIOE9AE,Service_beiakklem1vi3j5fejr0,500,1,0.0433254509,0
1537400220,Prod-EcsStagingCluster-EcsCluster-1AAGQRFIOE9AE,Service_beiakklem1vi3j5fejr0,500,1,0.0558179484,0
1537431000,Prod-EcsStagingCluster-EcsCluster-1AAGQRFIOE9AE,Service_beiakklem1vi3j5fejr0,500,1,0.0523967267,0
1537367280,Prod-EcsStagingCluster-EcsCluster-1AAGQRFIOE9AE,Service_beiakklem1vi3j5fejr0,500,1,0.0453323643,0
1537357740,Prod-EcsStagingCluster-EcsCluster-1AAGQRFIOE9AE,Service_beiakklem1vi3j5fejr0,500,1,0.0417920555,0
1537425660,Prod-EcsStagingCluster-EcsCluster-1AAGQRFIOE9AE,Service_beiakklem1vi3j5fejr0,500,1,0.0571387662,0
1537392720,Prod-EcsStagingCluster-EcsCluster-1AAGQRFIOE9AE,Service_beiakklem1vi3j5fejr0,500,1,0.0533619703,0
1537383180,Prod-EcsStagingCluster-EcsCluster-1AAGQRFIOE9AE,Service_beiakklem1vi3j5fejr0,500,1,0.0508886838,0
1537408500,Prod-EcsStagingCluster-EcsCluster-1AAGQRFIOE9AE,Service_beiakklem1vi3j5fejr0,500,1,0.0537322715,0
1537405320,Prod-EcsStagingCluster-EcsCluster-1AAGQRFIOE9AE,Service_beiakklem1vi3j5fejr0,500,1,0.0556863716,0
1537366020,Prod-EcsStagingCluster-EcsCluster-1AAGQRFIOE9AE,Service_beiakklem1vi3j5fejr0,500,1,0.0441780079,0
1537362840,Prod-EcsStagingCluster-EcsCluster-1AAGQRFIOE9AE,Service_beiakklem1vi3j5fejr0,500,1,0.0459013590,0
1537430760,Prod-EcsStagingCluster-EcsCluster-1AAGQRFIOE9AE,Service_beiakklem1vi3j5fejr0,500,1,0.0514607385,0
1537357500,Prod-EcsStagingCluster-EcsCluster-1AAGQRFIOE9AE,Service_beiakklem1vi3j5fejr0,500,1,0.0428447282,0
1537367040,Prod-EcsStagingCluster-EcsCluster-1AAGQRFIOE9AE,Service_beiakklem1vi3j5fejr0,500,1,0.0462716488,0
1537388280,Prod-EcsStagingCluster-EcsCluster-1AAGQRFIOE9AE,Service_beiakklem1vi3j5fejr0,500,1,0.0507251726,0
1537391460,Prod-EcsStagingCluster-EcsCluster-1AAGQRFIOE9AE,Service_beiakklem1vi3j5fejr0,500,1,0.0537538758,0
1537391340,Prod-EcsStagingCluster-EcsCluster-1AAGQRFIOE9AE,Service_beiakklem1vi3j5fejr0,500,1,0.0545483088,0
1537416780,Prod-EcsStagingCluster-EcsCluster-1AAGQRFIOE9AE,Service_beiakklem1vi3j5fejr0,500,1,0.0492813087,0
1537400880,Prod-EcsStagingCluster-EcsCluster-1AAGQRFIOE9AE,Service_beiakklem1vi3j5fejr0,500,1,0.0551791072,0
1537426320,Prod-EcsStagingCluster-EcsCluster-1AAGQRFIOE9AE,Service_beiakklem1vi3j5fejr0,500,1,0.0587898151,0
1537365780,Prod-EcsStagingCluster-EcsCluster-1AAGQRFIOE9AE,Service_beiakklem1vi3j5fejr0,500,1,0.0462076558,0
1537401840,Prod-EcsStagingCluster-EcsCluster-1AAGQRFIOE9AE,Service_beiakklem1vi3j5fejr0,500,1,0.0564081681,0
1537427280,Prod-EcsStagingCluster-EcsCluster-1AAGQRFIOE9AE,Service_beiakklem1vi3j5fejr0,500,1,0.0586328942,0
1537363560,Prod-EcsStagingCluster-EcsCluster-1AAGQRFIOE9AE,Service_beiakklem1vi3j5fejr0,500,1,0.0448443845,0
1537365660,Prod-EcsStagingCluster-EcsCluster-1AAGQRFIOE9AE,Service_beiakklem1vi3j5fejr0,500,1,0.0450017858,0
1537399620,Prod-EcsStagingCluster-EcsCluster-1AAGQRFIOE9AE,Service_beiakklem1vi3j5fejr0,500,1,0.0538258975,0
1537391100,Prod-EcsStagingCluster-EcsCluster-1AAGQRFIOE9AE,Service_beiakklem1vi3j5fejr0,500,1,0.0514892623,0
1537425060,Prod-EcsStagingCluster-EcsCluster-1AAGQRFIOE9AE,Service_beiakklem1vi3j5fejr0,500,1,0.0590965658,0
1537348620,Prod-EcsStagingCluster-EcsCluster-1AAGQRFIOE9AE,Service_beiakklem1vi3j5fejr0,500,1,0.0392517480,0
1537376160,Prod-EcsStagingCluster-EcsCluster-1AAGQRFIOE9AE,Service_beiakklem1vi3j5fejr0,500,1,0.0490504965,0
1537397400,Prod-EcsStagingCluster-EcsCluster-1AAGQRFIOE9AE,Service_beiakklem1vi3j5fejr0,500,1,0.0399919088,0
1537401600,Prod-EcsStagingCluster-EcsCluster-1AAGQRFIOE9AE,Service_beiakklem1vi3j5fejr0,500,1,0.0569160724,0
1537424940,Prod-EcsStagingCluster-EcsCluster-1AAGQRFIOE9AE,Service_beiakklem1vi3j5fejr0,500,1,0.0538880432,0
1537422840,Prod-EcsStagingCluster-EcsCluster-1AAGQRFIOE9AE,Service_beiakklem1vi3j5fejr0,500,1,0.0558196314,0
1537359120,Prod-EcsStagingCluster-EcsCluster-1AAGQRFIOE9AE,Service_beiakklem1vi3j5fejr0,500,1,0.0412890811,0
1537373940,Prod-EcsStagingCluster-EcsCluster-1AAGQRFIOE9AE,Service_beiakklem1vi3j5fejr0,500,1,0.0638827829,0
1537399380,Prod-EcsStagingCluster-EcsCluster-1AAGQRFIOE9AE,Service_beiakklem1vi3j5fejr0,500,1,0.0542342255,0
1537356900,Prod-EcsStagingCluster-EcsCluster-1AAGQRFIOE9AE,Service_beiakklem1vi3j5fejr0,500,1,0.0439151531,0
1537371720,Prod-EcsStagingCluster-EcsCluster-1AAGQRFIOE9AE,Service_beiakklem1vi3j5fejr0,500,1,0.0458729037,0
1537397160,Prod-EcsStagingCluster-EcsCluster-1AAGQRFIOE9AE,Service_beiakklem1vi3j5fejr0,500,1,0.0416469990,0
1537354680,Prod-EcsStagingCluster-EcsCluster-1AAGQRFIOE9AE,Service_beiakklem1vi3j5fejr0,500,1,0.0409480338,0
1537399260,Prod-EcsStagingCluster-EcsCluster-1AAGQRFIOE9AE,Service_beiakklem1vi3j5fejr0,500,1,0.0526723030,0
1537369500,Prod-EcsStagingCluster-EcsCluster-1AAGQRFIOE9AE,Service_beiakklem1vi3j5fejr0,500,1,0.0471164365,0
1537356780,Prod-EcsStagingCluster-EcsCluster-1AAGQRFIOE9AE,Service_beiakklem1vi3j5fejr0,500,1,0.0336100528,0
1537427880,Prod-EcsStagingCluster-EcsCluster-1AAGQRFIOE9AE,Service_beiakklem1vi3j5fejr0,500,1,0.0505437712,0
1537431060,Prod-EcsStagingCluster-EcsCluster-1AAGQRFIOE9AE,Service_beiakklem1vi3j5fejr0,500,1,0.0510202889,0
1537394940,Prod-EcsStagingCluster-EcsCluster-1AAGQRFIOE9AE,Service_beiakklem1vi3j5fejr0,500,1,0.0511266564,0
1537382220,Prod-EcsStagingCluster-EcsCluster-1AAGQRFIOE9AE,Service_beiakklem1vi3j5fejr0,500,1,0.0465360885,0
1537355640,Prod-EcsStagingCluster-EcsCluster-1AAGQRFIOE9AE,Service_beiakklem1vi3j5fejr0,500,1,0.0383086291,0
1537358820,Prod-EcsStagingCluster-EcsCluster-1AAGQRFIOE9AE,Service_beiakklem1vi3j5fejr0,500,1,0.0427740839,0
1537362000,Prod-EcsStagingCluster-EcsCluster-1AAGQRFIOE9AE,Service_beiakklem1vi3j5fejr0,500,1,0.0444386449,0
1537359720,Prod-EcsStagingCluster-EcsCluster-1AAGQRFIOE9AE,Service_beiakklem1vi3j5fejr0,500,1,0.0452848072,0
1537362900,Prod-EcsStagingCluster-EcsCluster-1AAGQRFIOE9AE,Service_beiakklem1vi3j5fejr0,500,1,0.0440344665,0
1537366080,Prod-EcsStagingCluster-EcsCluster-1AAGQRFIOE9AE,Service_beiakklem1vi3j5fejr0,500,1,0.0250850018,0
1537390380,Prod-EcsStagingCluster-EcsCluster-1AAGQRFIOE9AE,Service_beiakklem1vi3j5fejr0,500,1,0.0543616954,0
1537415820,Prod-EcsStagingCluster-EcsCluster-1AAGQRFIOE9AE,Service_beiakklem1vi3j5fejr0,500,1,0.0533747775,0
1537403100,Prod-EcsStagingCluster-EcsCluster-1AAGQRFIOE9AE,Service_beiakklem1vi3j5fejr0,500,1,0.0570710035,0
1537366980,Prod-EcsStagingCluster-EcsCluster-1AAGQRFIOE9AE,Service_beiakklem1vi3j5fejr0,500,1,0.0439232822,0
1537370160,Prod-EcsStagingCluster-EcsCluster-1AAGQRFIOE9AE,Service_beiakklem1vi3j5fejr0,500,1,0.0434460961,0
1537363800,Prod-EcsStagingCluster-EcsCluster-1AAGQRFIOE9AE,Service_beiakklem1vi3j5fejr0,500,1,0.0480349351,0
1537428540,Prod-EcsStagingCluster-EcsCluster-1AAGQRFIOE9AE,Service_beiakklem1vi3j5fejr0,500,1,0.0504493572,0
1537392420,Prod-EcsStagingCluster-EcsCluster-1AAGQRFIOE9AE,Service_beiakklem1vi3j5fejr0,500,1,0.0544634416,0
1537395600,Prod-EcsStagingCluster-EcsCluster-1AAGQRFIOE9AE,Service_beiakklem1vi3j5fejr0,500,1,0.0522943360,0
1537389240,Prod-EcsStagingCluster-EcsCluster-1AAGQRFIOE9AE,Service_beiakklem1vi3j5fejr0,500,1,0.0528274093,0
1537396560,Prod-EcsStagingCluster-EcsCluster-1AAGQRFIOE9AE,Service_beiakklem1vi3j5fejr0,500,1,0.0384359773,0
1537390200,Prod-EcsStagingCluster-EcsCluster-1AAGQRFIOE9AE,Service_beiakklem1vi3j5fejr0,500,1,0.0538816351,0
1537371060,Prod-EcsStagingCluster-EcsCluster-1AAGQRFIOE9AE,Service_beiakklem1vi3j5fejr0,500,1,0.0463783874,0
1537396500,Prod-EcsStagingCluster-EcsCluster-1AAGQRFIOE9AE,Service_beiakklem1vi3j5fejr0,500,1,0.0222582831,0
1537360380,Prod-EcsStagingCluster-EcsCluster-1AAGQRFIOE9AE,Service_beiakklem1vi3j5fejr0,500,1,0.0423754792,0
1537347660,Prod-EcsStagingCluster-EcsCluster-1AAGQRFIOE9AE,Service_beiakklem1vi3j5fejr0,500,1,0.0488606772,0
1537375200,Prod-EcsStagingCluster-EcsCluster-1AAGQRFIOE9AE,Service_beiakklem1vi3j5fejr0,500,1,0.0401108252,0
1537368840,Prod-EcsStagingCluster-EcsCluster-1AAGQRFIOE9AE,Service_beiakklem1vi3j5fejr0,500,1,0.0457328130,0
1537400640,Prod-EcsStagingCluster-EcsCluster-1AAGQRFIOE9AE,Service_beiakklem1vi3j5fejr0,500,1,0.0270599468,0
1537423980,Prod-EcsStagingCluster-EcsCluster-1AAGQRFIOE9AE,Service_beiakklem1vi3j5fejr0,500,1,0.0554657965,0
1537394280,Prod-EcsStagingCluster-EcsCluster-1AAGQRFIOE9AE,Service_beiakklem1vi3j5fejr0,500,1,0.0549310025,0
1537400580,Prod-EcsStagingCluster-EcsCluster-1AAGQRFIOE9AE,Service_beiakklem1vi3j5fejr0,500,1,0.0550312099,0
1537426020,Prod-EcsStagingCluster-EcsCluster-1AAGQRFIOE9AE,Service_beiakklem1vi3j5fejr0,500,1,0.0579590989,0
1537404720,Prod-EcsStagingCluster-EcsCluster-1AAGQRFIOE9AE,Service_beiakklem1vi3j5fejr0,500,1,0.0591011134,0
1537398360,Prod-EcsStagingCluster-EcsCluster-1AAGQRFIOE9AE,Service_beiakklem1vi3j5fejr0,500,1,0.0516937961,0
1537423800,Prod-EcsStagingCluster-EcsCluster-1AAGQRFIOE9AE,Service_beiakklem1vi3j5fejr0,500,1,0.0518298641,0
1537430160,Prod-EcsStagingCluster-EcsCluster-1AAGQRFIOE9AE,Service_beiakklem1vi3j5fejr0,500,1,0.0489584097,0
1537404660,Prod-EcsStagingCluster-EcsCluster-1AAGQRFIOE9AE,Service_beiakklem1vi3j5fejr0,500,1,0.0568373590,0
1537355820,Prod-EcsStagingCluster-EcsCluster-1AAGQRFIOE9AE,Service_beiakklem1vi3j5fejr0,500,1,0.0349701059,0
1537368540,Prod-EcsStagingCluster-EcsCluster-1AAGQRFIOE9AE,Service_beiakklem1vi3j5fejr0,500,1,0.0480788897,0
1537430100,Prod-EcsStagingCluster-EcsCluster-1AAGQRFIOE9AE,Service_beiakklem1vi3j5fejr0,500,1,0.0497617268,0
1537381260,Prod-EcsStagingCluster-EcsCluster-1AAGQRFIOE9AE,Service_beiakklem1vi3j5fejr0,500,1,0.0476017536,0
1537393980,Prod-EcsStagingCluster-EcsCluster-1AAGQRFIOE9AE,Service_beiakklem1vi3j5fejr0,500,1,0.0564235089,0
1537357860,Prod-EcsStagingCluster-EcsCluster-1AAGQRFIOE9AE,Service_beiakklem1vi3j5fejr0,500,1,0.0411555261,0
1537402440,Prod-EcsStagingCluster-EcsCluster-1AAGQRFIOE9AE,Service_beiakklem1vi3j5fejr0,500,1,0.0559814127,0
1537408800,Prod-EcsStagingCluster-EcsCluster-1AAGQRFIOE9AE,Service_beiakklem1vi3j5fejr0,500,1,0.0486163058,0
1537403400,Prod-EcsStagingCluster-EcsCluster-1AAGQRFIOE9AE,Service_beiakklem1vi3j5fejr0,500,1,0.0605074660,0
1537406580,Prod-EcsStagingCluster-EcsCluster-1AAGQRFIOE9AE,Service_beiakklem1vi3j5fejr0,500,1,0.0607981740,0
1537428840,Prod-EcsStagingCluster-EcsCluster-1AAGQRFIOE9AE,Service_beiakklem1vi3j5fejr0,500,1,0.0480771882,0
1537365120,Prod-EcsStagingCluster-EcsCluster-1AAGQRFIOE9AE,Service_beiakklem1vi3j5fejr0,500,1,0.0478275399,0
1537359780,Prod-EcsStagingCluster-EcsCluster-1AAGQRFIOE9AE,Service_beiakklem1vi3j5fejr0,500,1,0.0418741025,0
1537356600,Prod-EcsStagingCluster-EcsCluster-1AAGQRFIOE9AE,Service_beiakklem1vi3j5fejr0,500,1,0.0197511189,0
1537389420,Prod-EcsStagingCluster-EcsCluster-1AAGQRFIOE9AE,Service_beiakklem1vi3j5fejr0,500,1,0.0513295135,0
1537414860,Prod-EcsStagingCluster-EcsCluster-1AAGQRFIOE9AE,Service_beiakklem1vi3j5fejr0,500,1,0.0518512246,0
1537402140,Prod-EcsStagingCluster-EcsCluster-1AAGQRFIOE9AE,Service_beiakklem1vi3j5fejr0,500,1,0.0579920332,0
1537369200,Prod-EcsStagingCluster-EcsCluster-1AAGQRFIOE9AE,Service_beiakklem1vi3j5fejr0,500,1,0.0460685055,0
1537427580,Prod-EcsStagingCluster-EcsCluster-1AAGQRFIOE9AE,Service_beiakklem1vi3j5fejr0,500,1,0.0559345810,0
1537360680,Prod-EcsStagingCluster-EcsCluster-1AAGQRFIOE9AE,Service_beiakklem1vi3j5fejr0,500,1,0.0433674260,0
1537363860,Prod-EcsStagingCluster-EcsCluster-1AAGQRFIOE9AE,Service_beiakklem1vi3j5fejr0,500,1,0.0458426759,0
1537394640,Prod-EcsStagingCluster-EcsCluster-1AAGQRFIOE9AE,Service_beiakklem1vi3j5fejr0,500,1,0.0518309608,0
1537373280,Prod-EcsStagingCluster-EcsCluster-1AAGQRFIOE9AE,Service_beiakklem1vi3j5fejr0,500,1,0.0485835135,0
1537367940,Prod-EcsStagingCluster-EcsCluster-1AAGQRFIOE9AE,Service_beiakklem1vi3j5fejr0,500,1,0.0468527167,0
1537398720,Prod-EcsStagingCluster-EcsCluster-1AAGQRFIOE9AE,Service_beiakklem1vi3j5fejr0,500,1,0.0557445937,0
1537364760,Prod-EcsStagingCluster-EcsCluster-1AAGQRFIOE9AE,Service_beiakklem1vi3j5fejr0,500,1,0.0240094078,0
1537359420,Prod-EcsStagingCluster-EcsCluster-1AAGQRFIOE9AE,Service_beiakklem1vi3j5fejr0,500,1,0.0413237149,0
1537393380,Prod-EcsStagingCluster-EcsCluster-1AAGQRFIOE9AE,Service_beiakklem1vi3j5fejr0,500,1,0.0514957432,0
1537346700,Prod-EcsStagingCluster-EcsCluster-1AAGQRFIOE9AE,Service_beiakklem1vi3j5fejr0,500,1,0.0408935808,0
1537374240,Prod-EcsStagingCluster-EcsCluster-1AAGQRFIOE9AE,Service_beiakklem1vi3j5fejr0,500,1,0.0480927094,0
1537365720,Prod-EcsStagingCluster-EcsCluster-1AAGQRFIOE9AE,Service_beiakklem1vi3j5fejr0,500,1,0.0444698405,0
1537399680,Prod-EcsStagingCluster-EcsCluster-1AAGQRFIOE9AE,Service_beiakklem1vi3j5fejr0,500,1,0.0523365662,0
1537423020,Prod-EcsStagingCluster-EcsCluster-1AAGQRFIOE9AE,Service_beiakklem1vi3j5fejr0,500,1,0.0562450673,0
1537391160,Prod-EcsStagingCluster-EcsCluster-1AAGQRFIOE9AE,Service_beiakklem1vi3j5fejr0,500,1,0.0520983479,0
1537372020,Prod-EcsStagingCluster-EcsCluster-1AAGQRFIOE9AE,Service_beiakklem1vi3j5fejr0,500,1,0.0287387925,0
1537397460,Prod-EcsStagingCluster-EcsCluster-1AAGQRFIOE9AE,Service_beiakklem1vi3j5fejr0,500,1,0.0388384203,0
1537369800,Prod-EcsStagingCluster-EcsCluster-1AAGQRFIOE9AE,Service_beiakklem1vi3j5fejr0,500,1,0.0268174248,0
1537403760,Prod-EcsStagingCluster-EcsCluster-1AAGQRFIOE9AE,Service_beiakklem1vi3j5fejr0,500,1,0.0551109177,0
1537395240,Prod-EcsStagingCluster-EcsCluster-1AAGQRFIOE9AE,Service_beiakklem1vi3j5fejr0,500,1,0.0534587627,0
1537429200,Prod-EcsStagingCluster-EcsCluster-1AAGQRFIOE9AE,Service_beiakklem1vi3j5fejr0,500,1,0.0492823589,0
1537380300,Prod-EcsStagingCluster-EcsCluster-1AAGQRFIOE9AE,Service_beiakklem1vi3j5fejr0,500,1,0.0477979125,0
1537354860,Prod-EcsStagingCluster-EcsCluster-1AAGQRFIOE9AE,Service_beiakklem1vi3j5fejr0,500,1,0.0422878847,0
1537367580,Prod-EcsStagingCluster-EcsCluster-1AAGQRFIOE9AE,Service_beiakklem1vi3j5fejr0,500,1,0.0445673653,0
1537401540,Prod-EcsStagingCluster-EcsCluster-1AAGQRFIOE9AE,Service_beiakklem1vi3j5fejr0,500,1,0.0538926415,0
1537393020,Prod-EcsStagingCluster-EcsCluster-1AAGQRFIOE9AE,Service_beiakklem1vi3j5fejr0,500,1,0.0498008700,0
1537426980,Prod-EcsStagingCluster-EcsCluster-1AAGQRFIOE9AE,Service_beiakklem1vi3j5fejr0,500,1,0.0551472809,0
1537407840,Prod-EcsStagingCluster-EcsCluster-1AAGQRFIOE9AE,Service_beiakklem1vi3j5fejr0,500,1,0.0576019029,0
1537399320,Prod-EcsStagingCluster-EcsCluster-1AAGQRFIOE9AE,Service_beiakklem1vi3j5fejr0,500,1,0.0544743713,0
1537424760,Prod-EcsStagingCluster-EcsCluster-1AAGQRFIOE9AE,Service_beiakklem1vi3j5fejr0,500,1,0.0581340204,0
1537361040,Prod-EcsStagingCluster-EcsCluster-1AAGQRFIOE9AE,Service_beiakklem1vi3j5fejr0,500,1,0.0415527341,0
1537405620,Prod-EcsStagingCluster-EcsCluster-1AAGQRFIOE9AE,Service_beiakklem1vi3j5fejr0,500,1,0.0568081939,0
1537406640,Prod-EcsStagingCluster-EcsCluster-1AAGQRFIOE9AE,Service_beiakklem1vi3j5fejr0,500,1,0.0598616160,0
1537400280,Prod-EcsStagingCluster-EcsCluster-1AAGQRFIOE9AE,Service_beiakklem1vi3j5fejr0,500,1,0.0549236584,0
1537403460,Prod-EcsStagingCluster-EcsCluster-1AAGQRFIOE9AE,Service_beiakklem1vi3j5fejr0,500,1,0.0546083044,0
1537422540,Prod-EcsStagingCluster-EcsCluster-1AAGQRFIOE9AE,Service_beiakklem1vi3j5fejr0,500,1,0.0558167243,0
1537430940,Prod-EcsStagingCluster-EcsCluster-1AAGQRFIOE9AE,Service_beiakklem1vi3j5fejr0,500,1,0.0526832853,0
1537388460,Prod-EcsStagingCluster-EcsCluster-1AAGQRFIOE9AE,Service_beiakklem1vi3j5fejr0,500,1,0.0492208214,0
1537417080,Prod-EcsStagingCluster-EcsCluster-1AAGQRFIOE9AE,Service_beiakklem1vi3j5fejr0,500,1,0.0534771731,0
1537420260,Prod-EcsStagingCluster-EcsCluster-1AAGQRFIOE9AE,Service_beiakklem1vi3j5fejr0,500,1,0.0524727661,0
1537423440,Prod-EcsStagingCluster-EcsCluster-1AAGQRFIOE9AE,Service_beiakklem1vi3j5fejr0,500,1,0.0575706719,0
1537396860,Prod-EcsStagingCluster-EcsCluster-1AAGQRFIOE9AE,Service_beiakklem1vi3j5fejr0,500,1,0.0390870661,0
1537400040,Prod-EcsStagingCluster-EcsCluster-1AAGQRFIOE9AE,Service_beiakklem1vi3j5fejr0,500,1,0.0533460948,0
1537403220,Prod-EcsStagingCluster-EcsCluster-1AAGQRFIOE9AE,Service_beiakklem1vi3j5fejr0,500,1,0.0557864333,0
1537406400,Prod-EcsStagingCluster-EcsCluster-1AAGQRFIOE9AE,Service_beiakklem1vi3j5fejr0,500,1,0.0295273706,0
1537354380,Prod-EcsStagingCluster-EcsCluster-1AAGQRFIOE9AE,Service_beiakklem1vi3j5fejr0,500,1,0.0382168218,0
1537372320,Prod-EcsStagingCluster-EcsCluster-1AAGQRFIOE9AE,Service_beiakklem1vi3j5fejr0,500,1,0.0445254866,0
1537362780,Prod-EcsStagingCluster-EcsCluster-1AAGQRFIOE9AE,Service_beiakklem1vi3j5fejr0,500,1,0.0444034728,0
1537365960,Prod-EcsStagingCluster-EcsCluster-1AAGQRFIOE9AE,Service_beiakklem1vi3j5fejr0,500,1,0.0448689647,0
1537369140,Prod-EcsStagingCluster-EcsCluster-1AAGQRFIOE9AE,Service_beiakklem1vi3j5fejr0,500,1,0.0458380235,0
1537355280,Prod-EcsStagingCluster-EcsCluster-1AAGQRFIOE9AE,Service_beiakklem1vi3j5fejr0,500,1,0.0447406952,0
1537348920,Prod-EcsStagingCluster-EcsCluster-1AAGQRFIOE9AE,Service_beiakklem1vi3j5fejr0,500,1,0.0406205020,0
1537352100,Prod-EcsStagingCluster-EcsCluster-1AAGQRFIOE9AE,Service_beiakklem1vi3j5fejr0,500,1,0.0439232562,0
1537422060,Prod-EcsStagingCluster-EcsCluster-1AAGQRFIOE9AE,Service_beiakklem1vi3j5fejr0,500,1,0.0597354773,0
1537356240,Prod-EcsStagingCluster-EcsCluster-1AAGQRFIOE9AE,Service_beiakklem1vi3j5fejr0,500,1,0.0342332156,0
1537349880,Prod-EcsStagingCluster-EcsCluster-1AAGQRFIOE9AE,Service_beiakklem1vi3j5fejr0,500,1,0.0419151556,0
1537368900,Prod-EcsStagingCluster-EcsCluster-1AAGQRFIOE9AE,Service_beiakklem1vi3j5fejr0,500,1,0.0456647874,0
1537430460,Prod-EcsStagingCluster-EcsCluster-1AAGQRFIOE9AE,Service_beiakklem1vi3j5fejr0,500,1,0.0486102184,0
1537387980,Prod-EcsStagingCluster-EcsCluster-1AAGQRFIOE9AE,Service_beiakklem1vi3j5fejr0,500,1,0.0486933619,0
1537366680,Prod-EcsStagingCluster-EcsCluster-1AAGQRFIOE9AE,Service_beiakklem1vi3j5fejr0,500,1,0.0437231582,0
1537373040,Prod-EcsStagingCluster-EcsCluster-1AAGQRFIOE9AE,Service_beiakklem1vi3j5fejr0,500,1,0.0488520815,0
1537396380,Prod-EcsStagingCluster-EcsCluster-1AAGQRFIOE9AE,Service_beiakklem1vi3j5fejr0,500,1,0.0386950618,0
1537353900,Prod-EcsStagingCluster-EcsCluster-1AAGQRFIOE9AE,Service_beiakklem1vi3j5fejr0,500,1,0.0333916256,0
1537402740,Prod-EcsStagingCluster-EcsCluster-1AAGQRFIOE9AE,Service_beiakklem1vi3j5fejr0,500,1,0.0555847528,0
1537385700,Prod-EcsStagingCluster-EcsCluster-1AAGQRFIOE9AE,Service_beiakklem1vi3j5fejr0,500,1,0.0506544345,0
1537362300,Prod-EcsStagingCluster-EcsCluster-1AAGQRFIOE9AE,Service_beiakklem1vi3j5fejr0,500,1,0.0201473818,0
1537400520,Prod-EcsStagingCluster-EcsCluster-1AAGQRFIOE9AE,Service_beiakklem1vi3j5fejr0,500,1,0.0544487348,0
1537406880,Prod-EcsStagingCluster-EcsCluster-1AAGQRFIOE9AE,Service_beiakklem1vi3j5fejr0,500,1,0.0625675295,0
1537368660,Prod-EcsStagingCluster-EcsCluster-1AAGQRFIOE9AE,Service_beiakklem1vi3j5fejr0,500,1,0.0441195964,0
1537383480,Prod-EcsStagingCluster-EcsCluster-1AAGQRFIOE9AE,Service_beiakklem1vi3j5fejr0,500,1,0.0497047601,0
1537389840,Prod-EcsStagingCluster-EcsCluster-1AAGQRFIOE9AE,Service_beiakklem1vi3j5fejr0,500,1,0.0507868197,0
1537366440,Prod-EcsStagingCluster-EcsCluster-1AAGQRFIOE9AE,Service_beiakklem1vi3j5fejr0,500,1,0.0436605330,0
1537372800,Prod-EcsStagingCluster-EcsCluster-1AAGQRFIOE9AE,Service_beiakklem1vi3j5fejr0,500,1,0.0457702364,0
1537402500,Prod-EcsStagingCluster-EcsCluster-1AAGQRFIOE9AE,Service_beiakklem1vi3j5fejr0,500,1,0.0594891233,0
1537421580,Prod-EcsStagingCluster-EcsCluster-1AAGQRFIOE9AE,Service_beiakklem1vi3j5fejr0,500,1,0.0559727757,0
1537429980,Prod-EcsStagingCluster-EcsCluster-1AAGQRFIOE9AE,Service_beiakklem1vi3j5fejr0,500,1,0.0501285849,0
1537367400,Prod-EcsStagingCluster-EcsCluster-1AAGQRFIOE9AE,Service_beiakklem1vi3j5fejr0,500,1,0.0452798899,0
1537370580,Prod-EcsStagingCluster-EcsCluster-1AAGQRFIOE9AE,Service_beiakklem1vi3j5fejr0,500,1,0.0452301074,0
1537387500,Prod-EcsStagingCluster-EcsCluster-1AAGQRFIOE9AE,Service_beiakklem1vi3j5fejr0,500,1,0.0486200143,0
1537404420,Prod-EcsStagingCluster-EcsCluster-1AAGQRFIOE9AE,Service_beiakklem1vi3j5fejr0,500,1,0.0587820097,0
1537401240,Prod-EcsStagingCluster-EcsCluster-1AAGQRFIOE9AE,Service_beiakklem1vi3j5fejr0,500,1,0.0277824713,0
1537422480,Prod-EcsStagingCluster-EcsCluster-1AAGQRFIOE9AE,Service_beiakklem1vi3j5fejr0,500,1,0.0551922199,0
1537395900,Prod-EcsStagingCluster-EcsCluster-1AAGQRFIOE9AE,Service_beiakklem1vi3j5fejr0,500,1,0.0433399893,0
1537405440,Prod-EcsStagingCluster-EcsCluster-1AAGQRFIOE9AE,Service_beiakklem1vi3j5fejr0,500,1,0.0602610556,0
1537353420,Prod-EcsStagingCluster-EcsCluster-1AAGQRFIOE9AE,Service_beiakklem1vi3j5fejr0,500,1,0.0415999164,0
1537371360,Prod-EcsStagingCluster-EcsCluster-1AAGQRFIOE9AE,Service_beiakklem1vi3j5fejr0,500,1,0.0474844786,0
1537418040,Prod-EcsStagingCluster-EcsCluster-1AAGQRFIOE9AE,Service_beiakklem1vi3j5fejr0,500,1,0.0501691016,0
1537361820,Prod-EcsStagingCluster-EcsCluster-1AAGQRFIOE9AE,Service_beiakklem1vi3j5fejr0,500,1,0.0420354310,0
1537421220,Prod-EcsStagingCluster-EcsCluster-1AAGQRFIOE9AE,Service_beiakklem1vi3j5fejr0,500,1,0.0563521767,0
1537401000,Prod-EcsStagingCluster-EcsCluster-1AAGQRFIOE9AE,Service_beiakklem1vi3j5fejr0,500,1,0.0525328530,0
1537404180,Prod-EcsStagingCluster-EcsCluster-1AAGQRFIOE9AE,Service_beiakklem1vi3j5fejr0,500,1,0.0571441752,0
1537354320,Prod-EcsStagingCluster-EcsCluster-1AAGQRFIOE9AE,Service_beiakklem1vi3j5fejr0,500,1,0.0409627053,0
1537421100,Prod-EcsStagingCluster-EcsCluster-1AAGQRFIOE9AE,Service_beiakklem1vi3j5fejr0,500,1,0.0540019257,0
1537370100,Prod-EcsStagingCluster-EcsCluster-1AAGQRFIOE9AE,Service_beiakklem1vi3j5fejr0,500,1,0.0466783257,0
1537366920,Prod-EcsStagingCluster-EcsCluster-1AAGQRFIOE9AE,Service_beiakklem1vi3j5fejr0,500,1,0.0438664042,0
1537371120,Prod-EcsStagingCluster-EcsCluster-1AAGQRFIOE9AE,Service_beiakklem1vi3j5fejr0,500,1,0.0477178528,0
1537429500,Prod-EcsStagingCluster-EcsCluster-1AAGQRFIOE9AE,Service_beiakklem1vi3j5fejr0,500,1,0.0499203082,0
1537353060,Prod-EcsStagingCluster-EcsCluster-1AAGQRFIOE9AE,Service_beiakklem1vi3j5fejr0,500,1,0.0417307899,0
1537387020,Prod-EcsStagingCluster-EcsCluster-1AAGQRFIOE9AE,Service_beiakklem1vi3j5fejr0,500,1,0.0501767182,0
1537367880,Prod-EcsStagingCluster-EcsCluster-1AAGQRFIOE9AE,Service_beiakklem1vi3j5fejr0,500,1,0.0452470180,0
1537372080,Prod-EcsStagingCluster-EcsCluster-1AAGQRFIOE9AE,Service_beiakklem1vi3j5fejr0,500,1,0.0480268453,0
1537395420,Prod-EcsStagingCluster-EcsCluster-1AAGQRFIOE9AE,Service_beiakklem1vi3j5fejr0,500,1,0.0534519403,0
1537352940,Prod-EcsStagingCluster-EcsCluster-1AAGQRFIOE9AE,Service_beiakklem1vi3j5fejr0,500,1,0.0421133281,0
1537350840,Prod-EcsStagingCluster-EcsCluster-1AAGQRFIOE9AE,Service_beiakklem1vi3j5fejr0,500,1,0.0417432417,0
1537369860,Prod-EcsStagingCluster-EcsCluster-1AAGQRFIOE9AE,Service_beiakklem1vi3j5fejr0,500,1,0.0465685498,0
1537361340,Prod-EcsStagingCluster-EcsCluster-1AAGQRFIOE9AE,Service_beiakklem1vi3j5fejr0,500,1,0.0430687933,0
1537405920,Prod-EcsStagingCluster-EcsCluster-1AAGQRFIOE9AE,Service_beiakklem1vi3j5fejr0,500,1,0.0569189090,0
1537367640,Prod-EcsStagingCluster-EcsCluster-1AAGQRFIOE9AE,Service_beiakklem1vi3j5fejr0,500,1,0.0474629168,0
1537388880,Prod-EcsStagingCluster-EcsCluster-1AAGQRFIOE9AE,Service_beiakklem1vi3j5fejr0,500,1,0.0602252011,0
1537403700,Prod-EcsStagingCluster-EcsCluster-1AAGQRFIOE9AE,Service_beiakklem1vi3j5fejr0,500,1,0.0558919282,0
1537371840,Prod-EcsStagingCluster-EcsCluster-1AAGQRFIOE9AE,Service_beiakklem1vi3j5fejr0,500,1,0.0486377604,0
1537386660,Prod-EcsStagingCluster-EcsCluster-1AAGQRFIOE9AE,Service_beiakklem1vi3j5fejr0,500,1,0.0497739419,0
1537420620,Prod-EcsStagingCluster-EcsCluster-1AAGQRFIOE9AE,Service_beiakklem1vi3j5fejr0,500,1,0.0583108026,0
1537401480,Prod-EcsStagingCluster-EcsCluster-1AAGQRFIOE9AE,Service_beiakklem1vi3j5fejr0,500,1,0.0572434345,0
1537405680,Prod-EcsStagingCluster-EcsCluster-1AAGQRFIOE9AE,Service_beiakklem1vi3j5fejr0,500,1,0.0610800927,0
1537429020,Prod-EcsStagingCluster-EcsCluster-1AAGQRFIOE9AE,Service_beiakklem1vi3j5fejr0,500,1,0.0506905474,0
1537369620,Prod-EcsStagingCluster-EcsCluster-1AAGQRFIOE9AE,Service_beiakklem1vi3j5fejr0,500,1,0.0472721475,0
1537386540,Prod-EcsStagingCluster-EcsCluster-1AAGQRFIOE9AE,Service_beiakklem1vi3j5fejr0,500,1,0.0524136187,0
1537384440,Prod-EcsStagingCluster-EcsCluster-1AAGQRFIOE9AE,Service_beiakklem1vi3j5fejr0,500,1,0.0523029721,0
1537398120,Prod-EcsStagingCluster-EcsCluster-1AAGQRFIOE9AE,Service_beiakklem1vi3j5fejr0,500,1,0.0532637433,0
1537401300,Prod-EcsStagingCluster-EcsCluster-1AAGQRFIOE9AE,Service_beiakklem1vi3j5fejr0,500,1,0.0583578993,0
1537404480,Prod-EcsStagingCluster-EcsCluster-1AAGQRFIOE9AE,Service_beiakklem1vi3j5fejr0,500,1,0.0562235557,0
1537385400,Prod-EcsStagingCluster-EcsCluster-1AAGQRFIOE9AE,Service_beiakklem1vi3j5fejr0,500,1,0.0494755926,0
1537388580,Prod-EcsStagingCluster-EcsCluster-1AAGQRFIOE9AE,Service_beiakklem1vi3j5fejr0,500,1,0.0492225917,0
1537391760,Prod-EcsStagingCluster-EcsCluster-1AAGQRFIOE9AE,Service_beiakklem1vi3j5fejr0,500,1,0.0542697691,0
1537352460,Prod-EcsStagingCluster-EcsCluster-1AAGQRFIOE9AE,Service_beiakklem1vi3j5fejr0,500,1,0.0420165425,0
1537365180,Prod-EcsStagingCluster-EcsCluster-1AAGQRFIOE9AE,Service_beiakklem1vi3j5fejr0,500,1,0.0441444989,0
1537364040,Prod-EcsStagingCluster-EcsCluster-1AAGQRFIOE9AE,Service_beiakklem1vi3j5fejr0,500,1,0.0438944230,0
1537367220,Prod-EcsStagingCluster-EcsCluster-1AAGQRFIOE9AE,Service_beiakklem1vi3j5fejr0,500,1,0.0448045546,0
1537370400,Prod-EcsStagingCluster-EcsCluster-1AAGQRFIOE9AE,Service_beiakklem1vi3j5fejr0,500,1,0.0461872193,0
1537405380,Prod-EcsStagingCluster-EcsCluster-1AAGQRFIOE9AE,Service_beiakklem1vi3j5fejr0,500,1,0.0597045070,0
1537408560,Prod-EcsStagingCluster-EcsCluster-1AAGQRFIOE9AE,Service_beiakklem1vi3j5fejr0,500,1,0.0516866222,0
1537402200,Prod-EcsStagingCluster-EcsCluster-1AAGQRFIOE9AE,Service_beiakklem1vi3j5fejr0,500,1,0.0568734956,0
1537420140,Prod-EcsStagingCluster-EcsCluster-1AAGQRFIOE9AE,Service_beiakklem1vi3j5fejr0,500,1,0.0540824502,0
1537419000,Prod-EcsStagingCluster-EcsCluster-1AAGQRFIOE9AE,Service_beiakklem1vi3j5fejr0,500,1,0.0517400949,0
1537422180,Prod-EcsStagingCluster-EcsCluster-1AAGQRFIOE9AE,Service_beiakklem1vi3j5fejr0,500,1,0.0555138300,0
1537425360,Prod-EcsStagingCluster-EcsCluster-1AAGQRFIOE9AE,Service_beiakklem1vi3j5fejr0,500,1,0.0558477298,0
1537398780,Prod-EcsStagingCluster-EcsCluster-1AAGQRFIOE9AE,Service_beiakklem1vi3j5fejr0,500,1,0.0561840012,0
1537386060,Prod-EcsStagingCluster-EcsCluster-1AAGQRFIOE9AE,Service_beiakklem1vi3j5fejr0,500,1,0.0613736850,0
1537397640,Prod-EcsStagingCluster-EcsCluster-1AAGQRFIOE9AE,Service_beiakklem1vi3j5fejr0,500,1,0.0404341083,0
1537351980,Prod-EcsStagingCluster-EcsCluster-1AAGQRFIOE9AE,Service_beiakklem1vi3j5fejr0,500,1,0.0403494835,0
1537400820,Prod-EcsStagingCluster-EcsCluster-1AAGQRFIOE9AE,Service_beiakklem1vi3j5fejr0,500,1,0.0556011080,0
1537364700,Prod-EcsStagingCluster-EcsCluster-1AAGQRFIOE9AE,Service_beiakklem1vi3j5fejr0,500,1,0.0446581617,0
1537354020,Prod-EcsStagingCluster-EcsCluster-1AAGQRFIOE9AE,Service_beiakklem1vi3j5fejr0,500,1,0.0339973368,0
1537366740,Prod-EcsStagingCluster-EcsCluster-1AAGQRFIOE9AE,Service_beiakklem1vi3j5fejr0,500,1,0.0455975082,0
1537398600,Prod-EcsStagingCluster-EcsCluster-1AAGQRFIOE9AE,Service_beiakklem1vi3j5fejr0,500,1,0.0526983215,0
1537404960,Prod-EcsStagingCluster-EcsCluster-1AAGQRFIOE9AE,Service_beiakklem1vi3j5fejr0,500,1,0.0560077283,0
1537364520,Prod-EcsStagingCluster-EcsCluster-1AAGQRFIOE9AE,Service_beiakklem1vi3j5fejr0,500,1,0.0448392897,0
1537358160,Prod-EcsStagingCluster-EcsCluster-1AAGQRFIOE9AE,Service_beiakklem1vi3j5fejr0,500,1,0.0434445357,0
1537351800,Prod-EcsStagingCluster-EcsCluster-1AAGQRFIOE9AE,Service_beiakklem1vi3j5fejr0,500,1,0.0422467674,0
1537370880,Prod-EcsStagingCluster-EcsCluster-1AAGQRFIOE9AE,Service_beiakklem1vi3j5fejr0,500,1,0.0458789038,0
1537370820,Prod-EcsStagingCluster-EcsCluster-1AAGQRFIOE9AE,Service_beiakklem1vi3j5fejr0,500,1,0.0438987616,0
1537419660,Prod-EcsStagingCluster-EcsCluster-1AAGQRFIOE9AE,Service_beiakklem1vi3j5fejr0,500,1,0.0513706309,0
1537368600,Prod-EcsStagingCluster-EcsCluster-1AAGQRFIOE9AE,Service_beiakklem1vi3j5fejr0,500,1,0.0453630955,0
1537374960,Prod-EcsStagingCluster-EcsCluster-1AAGQRFIOE9AE,Service_beiakklem1vi3j5fejr0,500,1,0.0390299684,0
1537385580,Prod-EcsStagingCluster-EcsCluster-1AAGQRFIOE9AE,Service_beiakklem1vi3j5fejr0,500,1,0.0473103199,0
1537398300,Prod-EcsStagingCluster-EcsCluster-1AAGQRFIOE9AE,Service_beiakklem1vi3j5fejr0,500,1,0.0524221621,0
1537400340,Prod-EcsStagingCluster-EcsCluster-1AAGQRFIOE9AE,Service_beiakklem1vi3j5fejr0,500,1,0.0535102270,0
1537387620,Prod-EcsStagingCluster-EcsCluster-1AAGQRFIOE9AE,Service_beiakklem1vi3j5fejr0,500,1,0.0487590016,0
1537364220,Prod-EcsStagingCluster-EcsCluster-1AAGQRFIOE9AE,Service_beiakklem1vi3j5fejr0,500,1,0.0468088077,0
1537351500,Prod-EcsStagingCluster-EcsCluster-1AAGQRFIOE9AE,Service_beiakklem1vi3j5fejr0,500,1,0.0409713924,0
1537369440,Prod-EcsStagingCluster-EcsCluster-1AAGQRFIOE9AE,Service_beiakklem1vi3j5fejr0,500,1,0.0486698553,0
1537407600,Prod-EcsStagingCluster-EcsCluster-1AAGQRFIOE9AE,Service_beiakklem1vi3j5fejr0,500,1,0.0527251230,0
1537399080,Prod-EcsStagingCluster-EcsCluster-1AAGQRFIOE9AE,Service_beiakklem1vi3j5fejr0,500,1,0.0565673629,0
1537402260,Prod-EcsStagingCluster-EcsCluster-1AAGQRFIOE9AE,Service_beiakklem1vi3j5fejr0,500,1,0.0589111232,0
1537386360,Prod-EcsStagingCluster-EcsCluster-1AAGQRFIOE9AE,Service_beiakklem1vi3j5fejr0,500,1,0.0519785707,0
1537389540,Prod-EcsStagingCluster-EcsCluster-1AAGQRFIOE9AE,Service_beiakklem1vi3j5fejr0,500,1,0.0547220645,0
1537419180,Prod-EcsStagingCluster-EcsCluster-1AAGQRFIOE9AE,Service_beiakklem1vi3j5fejr0,500,1,0.0588660208,0
1537365000,Prod-EcsStagingCluster-EcsCluster-1AAGQRFIOE9AE,Service_beiakklem1vi3j5fejr0,500,1,0.0447372379,0
1537368180,Prod-EcsStagingCluster-EcsCluster-1AAGQRFIOE9AE,Service_beiakklem1vi3j5fejr0,500,1,0.0475152906,0
1537403160,Prod-EcsStagingCluster-EcsCluster-1AAGQRFIOE9AE,Service_beiakklem1vi3j5fejr0,500,1,0.0580644273,0
1537406340,Prod-EcsStagingCluster-EcsCluster-1AAGQRFIOE9AE,Service_beiakklem1vi3j5fejr0,500,1,0.0595072009,0
1537424400,Prod-EcsStagingCluster-EcsCluster-1AAGQRFIOE9AE,Service_beiakklem1vi3j5fejr0,500,1,0.0564999699,0
1537397820,Prod-EcsStagingCluster-EcsCluster-1AAGQRFIOE9AE,Service_beiakklem1vi3j5fejr0,500,1,0.0406092812,0
1537385100,Prod-EcsStagingCluster-EcsCluster-1AAGQRFIOE9AE,Service_beiakklem1vi3j5fejr0,500,1,0.0485819901,0
1537351020,Prod-EcsStagingCluster-EcsCluster-1AAGQRFIOE9AE,Service_beiakklem1vi3j5fejr0,500,1,0.0407308264,0
1537403040,Prod-EcsStagingCluster-EcsCluster-1AAGQRFIOE9AE,Service_beiakklem1vi3j5fejr0,500,1,0.0545363431,0
1537363740,Prod-EcsStagingCluster-EcsCluster-1AAGQRFIOE9AE,Service_beiakklem1vi3j5fejr0,500,1,0.0466696103,0
1537419960,Prod-EcsStagingCluster-EcsCluster-1AAGQRFIOE9AE,Service_beiakklem1vi3j5fejr0,500,1,0.0509640253,0
1537423140,Prod-EcsStagingCluster-EcsCluster-1AAGQRFIOE9AE,Service_beiakklem1vi3j5fejr0,500,1,0.0561093984,0
1537404000,Prod-EcsStagingCluster-EcsCluster-1AAGQRFIOE9AE,Service_beiakklem1vi3j5fejr0,500,1,0.0594726996,0
1537420920,Prod-EcsStagingCluster-EcsCluster-1AAGQRFIOE9AE,Service_beiakklem1vi3j5fejr0,500,1,0.0548704203,0
1537357200,Prod-EcsStagingCluster-EcsCluster-1AAGQRFIOE9AE,Service_beiakklem1vi3j5fejr0,500,1,0.0435602849,0
1537401780,Prod-EcsStagingCluster-EcsCluster-1AAGQRFIOE9AE,Service_beiakklem1vi3j5fejr0,500,1,0.0529867927,0
1537369920,Prod-EcsStagingCluster-EcsCluster-1AAGQRFIOE9AE,Service_beiakklem1vi3j5fejr0,500,1,0.0466324389,0
1537418700,Prod-EcsStagingCluster-EcsCluster-1AAGQRFIOE9AE,Service_beiakklem1vi3j5fejr0,500,1,0.0552633449,0
1537431420,Prod-EcsStagingCluster-EcsCluster-1AAGQRFIOE9AE,Service_beiakklem1vi3j5fejr0,500,1,0.0453065401,0
1537354980,Prod-EcsStagingCluster-EcsCluster-1AAGQRFIOE9AE,Service_beiakklem1vi3j5fejr0,500,1,0.0398953111,0
1537367700,Prod-EcsStagingCluster-EcsCluster-1AAGQRFIOE9AE,Service_beiakklem1vi3j5fejr0,500,1,0.0428635462,0
1537399560,Prod-EcsStagingCluster-EcsCluster-1AAGQRFIOE9AE,Service_beiakklem1vi3j5fejr0,500,1,0.0527692702,0
1537374000,Prod-EcsStagingCluster-EcsCluster-1AAGQRFIOE9AE,Service_beiakklem1vi3j5fejr0,500,1,0.0476894559,0
1537384620,Prod-EcsStagingCluster-EcsCluster-1AAGQRFIOE9AE,Service_beiakklem1vi3j5fejr0,500,1,0.0618970577,0
1537365480,Prod-EcsStagingCluster-EcsCluster-1AAGQRFIOE9AE,Service_beiakklem1vi3j5fejr0,500,1,0.0456376919,0
1537352760,Prod-EcsStagingCluster-EcsCluster-1AAGQRFIOE9AE,Service_beiakklem1vi3j5fejr0,500,1,0.0398644737,0
1537397340,Prod-EcsStagingCluster-EcsCluster-1AAGQRFIOE9AE,Service_beiakklem1vi3j5fejr0,500,1,0.0381680470,0
1537371780,Prod-EcsStagingCluster-EcsCluster-1AAGQRFIOE9AE,Service_beiakklem1vi3j5fejr0,500,1,0.0442261160,0
1537363260,Prod-EcsStagingCluster-EcsCluster-1AAGQRFIOE9AE,Service_beiakklem1vi3j5fejr0,500,1,0.0444382875,0
1537350540,Prod-EcsStagingCluster-EcsCluster-1AAGQRFIOE9AE,Service_beiakklem1vi3j5fejr0,500,1,0.0424193719,0
1537369560,Prod-EcsStagingCluster-EcsCluster-1AAGQRFIOE9AE,Service_beiakklem1vi3j5fejr0,500,1,0.0457656307,0
1537403520,Prod-EcsStagingCluster-EcsCluster-1AAGQRFIOE9AE,Service_beiakklem1vi3j5fejr0,500,1,0.0547326572,0
1537390800,Prod-EcsStagingCluster-EcsCluster-1AAGQRFIOE9AE,Service_beiakklem1vi3j5fejr0,500,1,0.0485198396,0
1537413000,Prod-EcsStagingCluster-EcsCluster-1AAGQRFIOE9AE,Service_beiakklem1vi3j5fejr0,500,1,0.0475825210,0
1537390740,Prod-EcsStagingCluster-EcsCluster-1AAGQRFIOE9AE,Service_beiakklem1vi3j5fejr0,500,1,0.0558789490,0
1537370520,Prod-EcsStagingCluster-EcsCluster-1AAGQRFIOE9AE,Service_beiakklem1vi3j5fejr0,500,1,0.0280769833,0
1537367340,Prod-EcsStagingCluster-EcsCluster-1AAGQRFIOE9AE,Service_beiakklem1vi3j5fejr0,500,1,0.0448093960,0
1537351440,Prod-EcsStagingCluster-EcsCluster-1AAGQRFIOE9AE,Service_beiakklem1vi3j5fejr0,500,1,0.0391861952,0
1537419360,Prod-EcsStagingCluster-EcsCluster-1AAGQRFIOE9AE,Service_beiakklem1vi3j5fejr0,500,1,0.0539936453,0
1537395960,Prod-EcsStagingCluster-EcsCluster-1AAGQRFIOE9AE,Service_beiakklem1vi3j5fejr0,500,1,0.0436944020,0
1537376880,Prod-EcsStagingCluster-EcsCluster-1AAGQRFIOE9AE,Service_beiakklem1vi3j5fejr0,500,1,0.0590438083,0
1537427760,Prod-EcsStagingCluster-EcsCluster-1AAGQRFIOE9AE,Service_beiakklem1vi3j5fejr0,500,1,0.0562632756,0
1537402320,Prod-EcsStagingCluster-EcsCluster-1AAGQRFIOE9AE,Service_beiakklem1vi3j5fejr0,500,1,0.0574906674,0
1537418220,Prod-EcsStagingCluster-EcsCluster-1AAGQRFIOE9AE,Service_beiakklem1vi3j5fejr0,500,1,0.0531638763,0
1537421400,Prod-EcsStagingCluster-EcsCluster-1AAGQRFIOE9AE,Service_beiakklem1vi3j5fejr0,500,1,0.0569997040,0
1537348020,Prod-EcsStagingCluster-EcsCluster-1AAGQRFIOE9AE,Service_beiakklem1vi3j5fejr0,500,1,0.0409701054,0
1537392540,Prod-EcsStagingCluster-EcsCluster-1AAGQRFIOE9AE,Service_beiakklem1vi3j5fejr0,500,1,0.0610439215,0
1537370280,Prod-EcsStagingCluster-EcsCluster-1AAGQRFIOE9AE,Service_beiakklem1vi3j5fejr0,500,1,0.0460632317,0
1537376640,Prod-EcsStagingCluster-EcsCluster-1AAGQRFIOE9AE,Service_beiakklem1vi3j5fejr0,500,1,0.0500847721,0
1537421160,Prod-EcsStagingCluster-EcsCluster-1AAGQRFIOE9AE,Service_beiakklem1vi3j5fejr0,500,1,0.0559725908,0
1537398900,Prod-EcsStagingCluster-EcsCluster-1AAGQRFIOE9AE,Service_beiakklem1vi3j5fejr0,500,1,0.0556278728,0
1537375500,Prod-EcsStagingCluster-EcsCluster-1AAGQRFIOE9AE,Service_beiakklem1vi3j5fejr0,500,1,0.0435007477,0
1537381860,Prod-EcsStagingCluster-EcsCluster-1AAGQRFIOE9AE,Service_beiakklem1vi3j5fejr0,500,1,0.0468941708,0
1537356420,Prod-EcsStagingCluster-EcsCluster-1AAGQRFIOE9AE,Service_beiakklem1vi3j5fejr0,500,1,0.0344397245,0
1537427520,Prod-EcsStagingCluster-EcsCluster-1AAGQRFIOE9AE,Service_beiakklem1vi3j5fejr0,500,1,0.0545629988,0
1537407300,Prod-EcsStagingCluster-EcsCluster-1AAGQRFIOE9AE,Service_beiakklem1vi3j5fejr0,500,1,0.0509984931,0
1537426380,Prod-EcsStagingCluster-EcsCluster-1AAGQRFIOE9AE,Service_beiakklem1vi3j5fejr0,500,1,0.0586359252,0
1537430520,Prod-EcsStagingCluster-EcsCluster-1AAGQRFIOE9AE,Service_beiakklem1vi3j5fejr0,500,1,0.0495010907,0
1537349820,Prod-EcsStagingCluster-EcsCluster-1AAGQRFIOE9AE,Service_beiakklem1vi3j5fejr0,500,1,0.0423706919,0
1537356180,Prod-EcsStagingCluster-EcsCluster-1AAGQRFIOE9AE,Service_beiakklem1vi3j5fejr0,500,1,0.0331014454,0
1537400700,Prod-EcsStagingCluster-EcsCluster-1AAGQRFIOE9AE,Service_beiakklem1vi3j5fejr0,500,1,0.0560539742,0
1537407060,Prod-EcsStagingCluster-EcsCluster-1AAGQRFIOE9AE,Service_beiakklem1vi3j5fejr0,500,1,0.0680316646,0
1537383660,Prod-EcsStagingCluster-EcsCluster-1AAGQRFIOE9AE,Service_beiakklem1vi3j5fejr0,500,1,0.0497460912,0
1537360320,Prod-EcsStagingCluster-EcsCluster-1AAGQRFIOE9AE,Service_beiakklem1vi3j5fejr0,500,1,0.0446829800,0
1537353960,Prod-EcsStagingCluster-EcsCluster-1AAGQRFIOE9AE,Service_beiakklem1vi3j5fejr0,500,1,0.0325969874,0
1537404840,Prod-EcsStagingCluster-EcsCluster-1AAGQRFIOE9AE,Service_beiakklem1vi3j5fejr0,500,1,0.0574905007,0
1537411200,Prod-EcsStagingCluster-EcsCluster-1AAGQRFIOE9AE,Service_beiakklem1vi3j5fejr0,500,1,0.0513492378,0
1537357980,Prod-EcsStagingCluster-EcsCluster-1AAGQRFIOE9AE,Service_beiakklem1vi3j5fejr0,500,1,0.0422021015,0
1537364340,Prod-EcsStagingCluster-EcsCluster-1AAGQRFIOE9AE,Service_beiakklem1vi3j5fejr0,500,1,0.0448764112,0
1537408860,Prod-EcsStagingCluster-EcsCluster-1AAGQRFIOE9AE,Service_beiakklem1vi3j5fejr0,500,1,0.0469070685,0
1537415220,Prod-EcsStagingCluster-EcsCluster-1AAGQRFIOE9AE,Service_beiakklem1vi3j5fejr0,500,1,0.0500247539,0
1537372740,Prod-EcsStagingCluster-EcsCluster-1AAGQRFIOE9AE,Service_beiakklem1vi3j5fejr0,500,1,0.0281660807,0
1537347300,Prod-EcsStagingCluster-EcsCluster-1AAGQRFIOE9AE,Service_beiakklem1vi3j5fejr0,500,1,0.0393658574,0
1537391820,Prod-EcsStagingCluster-EcsCluster-1AAGQRFIOE9AE,Service_beiakklem1vi3j5fejr0,500,1,0.0532762729,0
1537398180,Prod-EcsStagingCluster-EcsCluster-1AAGQRFIOE9AE,Service_beiakklem1vi3j5fejr0,500,1,0.0529816126,0
1537362120,Prod-EcsStagingCluster-EcsCluster-1AAGQRFIOE9AE,Service_beiakklem1vi3j5fejr0,500,1,0.0419040555,0
1537368480,Prod-EcsStagingCluster-EcsCluster-1AAGQRFIOE9AE,Service_beiakklem1vi3j5fejr0,500,1,0.0447908801,0
1537366260,Prod-EcsStagingCluster-EcsCluster-1AAGQRFIOE9AE,Service_beiakklem1vi3j5fejr0,500,1,0.0438934234,0
1537417140,Prod-EcsStagingCluster-EcsCluster-1AAGQRFIOE9AE,Service_beiakklem1vi3j5fejr0,500,1,0.0524160105,0
1537388520,Prod-EcsStagingCluster-EcsCluster-1AAGQRFIOE9AE,Service_beiakklem1vi3j5fejr0,500,1,0.0502219896,0
1537374660,Prod-EcsStagingCluster-EcsCluster-1AAGQRFIOE9AE,Service_beiakklem1vi3j5fejr0,500,1,0.0408381283,0
1537349220,Prod-EcsStagingCluster-EcsCluster-1AAGQRFIOE9AE,Service_beiakklem1vi3j5fejr0,500,1,0.0484604044,0
1537366140,Prod-EcsStagingCluster-EcsCluster-1AAGQRFIOE9AE,Service_beiakklem1vi3j5fejr0,500,1,0.0469956105,0
1537400100,Prod-EcsStagingCluster-EcsCluster-1AAGQRFIOE9AE,Service_beiakklem1vi3j5fejr0,500,1,0.0558972244,0
1537350240,Prod-EcsStagingCluster-EcsCluster-1AAGQRFIOE9AE,Service_beiakklem1vi3j5fejr0,500,1,0.0417647318,0
1537425540,Prod-EcsStagingCluster-EcsCluster-1AAGQRFIOE9AE,Service_beiakklem1vi3j5fejr0,500,1,0.0569064795,0
1537349100,Prod-EcsStagingCluster-EcsCluster-1AAGQRFIOE9AE,Service_beiakklem1vi3j5fejr0,500,1,0.0424379632,0
1537417020,Prod-EcsStagingCluster-EcsCluster-1AAGQRFIOE9AE,Service_beiakklem1vi3j5fejr0,500,1,0.0528073513,0
1537401120,Prod-EcsStagingCluster-EcsCluster-1AAGQRFIOE9AE,Service_beiakklem1vi3j5fejr0,500,1,0.0534636188,0
1537358640,Prod-EcsStagingCluster-EcsCluster-1AAGQRFIOE9AE,Service_beiakklem1vi3j5fejr0,500,1,0.0425242637,0
1537409520,Prod-EcsStagingCluster-EcsCluster-1AAGQRFIOE9AE,Service_beiakklem1vi3j5fejr0,500,1,0.0420594728,0
1537384080,Prod-EcsStagingCluster-EcsCluster-1AAGQRFIOE9AE,Service_beiakklem1vi3j5fejr0,500,1,0.0485168466,0
1537399980,Prod-EcsStagingCluster-EcsCluster-1AAGQRFIOE9AE,Service_beiakklem1vi3j5fejr0,500,1,0.0545326977,0
1537345800,Prod-EcsStagingCluster-EcsCluster-1AAGQRFIOE9AE,Service_beiakklem1vi3j5fejr0,500,1,0.0408630662,0
1537396680,Prod-EcsStagingCluster-EcsCluster-1AAGQRFIOE9AE,Service_beiakklem1vi3j5fejr0,500,1,0.0397875943,0
1537374420,Prod-EcsStagingCluster-EcsCluster-1AAGQRFIOE9AE,Service_beiakklem1vi3j5fejr0,500,1,0.0379108700,0
1537354200,Prod-EcsStagingCluster-EcsCluster-1AAGQRFIOE9AE,Service_beiakklem1vi3j5fejr0,500,1,0.0409612860,0
1537379640,Prod-EcsStagingCluster-EcsCluster-1AAGQRFIOE9AE,Service_beiakklem1vi3j5fejr0,500,1,0.0487867052,0
1537425300,Prod-EcsStagingCluster-EcsCluster-1AAGQRFIOE9AE,Service_beiakklem1vi3j5fejr0,500,1,0.0589739995,0
1537374300,Prod-EcsStagingCluster-EcsCluster-1AAGQRFIOE9AE,Service_beiakklem1vi3j5fejr0,500,1,0.0449183599,0
1537405080,Prod-EcsStagingCluster-EcsCluster-1AAGQRFIOE9AE,Service_beiakklem1vi3j5fejr0,500,1,0.0578413551,0
1537358400,Prod-EcsStagingCluster-EcsCluster-1AAGQRFIOE9AE,Service_beiakklem1vi3j5fejr0,500,1,0.0421700253,0
1537423080,Prod-EcsStagingCluster-EcsCluster-1AAGQRFIOE9AE,Service_beiakklem1vi3j5fejr0,500,1,0.0497259155,0
1537357260,Prod-EcsStagingCluster-EcsCluster-1AAGQRFIOE9AE,Service_beiakklem1vi3j5fejr0,500,1,0.0416710412,0
1537425180,Prod-EcsStagingCluster-EcsCluster-1AAGQRFIOE9AE,Service_beiakklem1vi3j5fejr0,500,1,0.0591744715,0
1537384800,Prod-EcsStagingCluster-EcsCluster-1AAGQRFIOE9AE,Service_beiakklem1vi3j5fejr0,500,1,0.0481204844,0
1537408140,Prod-EcsStagingCluster-EcsCluster-1AAGQRFIOE9AE,Service_beiakklem1vi3j5fejr0,500,1,0.0542716426,0
1537393200,Prod-EcsStagingCluster-EcsCluster-1AAGQRFIOE9AE,Service_beiakklem1vi3j5fejr0,500,1,0.0532893163,0
1537367760,Prod-EcsStagingCluster-EcsCluster-1AAGQRFIOE9AE,Service_beiakklem1vi3j5fejr0,500,1,0.0440260190,0
1537418640,Prod-EcsStagingCluster-EcsCluster-1AAGQRFIOE9AE,Service_beiakklem1vi3j5fejr0,500,1,0.0535585056,0
1537382580,Prod-EcsStagingCluster-EcsCluster-1AAGQRFIOE9AE,Service_beiakklem1vi3j5fejr0,500,1,0.0495836825,0
1537390980,Prod-EcsStagingCluster-EcsCluster-1AAGQRFIOE9AE,Service_beiakklem1vi3j5fejr0,500,1,0.0497774782,0
1537365540,Prod-EcsStagingCluster-EcsCluster-1AAGQRFIOE9AE,Service_beiakklem1vi3j5fejr0,500,1,0.0450687422,0
1537382460,Prod-EcsStagingCluster-EcsCluster-1AAGQRFIOE9AE,Service_beiakklem1vi3j5fejr0,500,1,0.0484751311,0
1537416420,Prod-EcsStagingCluster-EcsCluster-1AAGQRFIOE9AE,Service_beiakklem1vi3j5fejr0,500,1,0.0528901380,0
1537380360,Prod-EcsStagingCluster-EcsCluster-1AAGQRFIOE9AE,Service_beiakklem1vi3j5fejr0,500,1,0.0482251304,0
1537431240,Prod-EcsStagingCluster-EcsCluster-1AAGQRFIOE9AE,Service_beiakklem1vi3j5fejr0,500,1,0.0494583024,0
1537365420,Prod-EcsStagingCluster-EcsCluster-1AAGQRFIOE9AE,Service_beiakklem1vi3j5fejr0,500,1,0.0438129381,0
1537388760,Prod-EcsStagingCluster-EcsCluster-1AAGQRFIOE9AE,Service_beiakklem1vi3j5fejr0,500,1,0.0482188540,0
1537363320,Prod-EcsStagingCluster-EcsCluster-1AAGQRFIOE9AE,Service_beiakklem1vi3j5fejr0,500,1,0.0434209792,0
1537414200,Prod-EcsStagingCluster-EcsCluster-1AAGQRFIOE9AE,Service_beiakklem1vi3j5fejr0,500,1,0.0501957066,0
1537392960,Prod-EcsStagingCluster-EcsCluster-1AAGQRFIOE9AE,Service_beiakklem1vi3j5fejr0,500,1,0.0641325819,0
1537416300,Prod-EcsStagingCluster-EcsCluster-1AAGQRFIOE9AE,Service_beiakklem1vi3j5fejr0,500,1,0.0540955346,0
1537346100,Prod-EcsStagingCluster-EcsCluster-1AAGQRFIOE9AE,Service_beiakklem1vi3j5fejr0,500,1,0.0417281430,0
1537396980,Prod-EcsStagingCluster-EcsCluster-1AAGQRFIOE9AE,Service_beiakklem1vi3j5fejr0,500,1,0.0401983956,0
1537368360,Prod-EcsStagingCluster-EcsCluster-1AAGQRFIOE9AE,Service_beiakklem1vi3j5fejr0,500,1,0.0450480830,0
1537374720,Prod-EcsStagingCluster-EcsCluster-1AAGQRFIOE9AE,Service_beiakklem1vi3j5fejr0,500,1,0.0501603386,0
1537419240,Prod-EcsStagingCluster-EcsCluster-1AAGQRFIOE9AE,Service_beiakklem1vi3j5fejr0,500,1,0.0539498497,0
1537425600,Prod-EcsStagingCluster-EcsCluster-1AAGQRFIOE9AE,Service_beiakklem1vi3j5fejr0,500,1,0.0561183453,0
1537373580,Prod-EcsStagingCluster-EcsCluster-1AAGQRFIOE9AE,Service_beiakklem1vi3j5fejr0,500,1,0.0310570071,0
1537386300,Prod-EcsStagingCluster-EcsCluster-1AAGQRFIOE9AE,Service_beiakklem1vi3j5fejr0,500,1,0.0507018915,0
1537372440,Prod-EcsStagingCluster-EcsCluster-1AAGQRFIOE9AE,Service_beiakklem1vi3j5fejr0,500,1,0.0503444384,0
1537353360,Prod-EcsStagingCluster-EcsCluster-1AAGQRFIOE9AE,Service_beiakklem1vi3j5fejr0,500,1,0.0305677987,0
1537347000,Prod-EcsStagingCluster-EcsCluster-1AAGQRFIOE9AE,Service_beiakklem1vi3j5fejr0,500,1,0.0397125422,0
1537424460,Prod-EcsStagingCluster-EcsCluster-1AAGQRFIOE9AE,Service_beiakklem1vi3j5fejr0,500,1,0.0568592458,0
1537397880,Prod-EcsStagingCluster-EcsCluster-1AAGQRFIOE9AE,Service_beiakklem1vi3j5fejr0,500,1,0.0529130616,0
1537378800,Prod-EcsStagingCluster-EcsCluster-1AAGQRFIOE9AE,Service_beiakklem1vi3j5fejr0,500,1,0.0470446786,0
1537423320,Prod-EcsStagingCluster-EcsCluster-1AAGQRFIOE9AE,Service_beiakklem1vi3j5fejr0,500,1,0.0555649198,0
1537429680,Prod-EcsStagingCluster-EcsCluster-1AAGQRFIOE9AE,Service_beiakklem1vi3j5fejr0,500,1,0.0499750298,0
1537404240,Prod-EcsStagingCluster-EcsCluster-1AAGQRFIOE9AE,Service_beiakklem1vi3j5fejr0,500,1,0.0566035406,0
1537376520,Prod-EcsStagingCluster-EcsCluster-1AAGQRFIOE9AE,Service_beiakklem1vi3j5fejr0,500,1,0.0491620983,0
1537354260,Prod-EcsStagingCluster-EcsCluster-1AAGQRFIOE9AE,Service_beiakklem1vi3j5fejr0,500,1,0.0404257842,0
1537405140,Prod-EcsStagingCluster-EcsCluster-1AAGQRFIOE9AE,Service_beiakklem1vi3j5fejr0,500,1,0.0578321134,0
1537382880,Prod-EcsStagingCluster-EcsCluster-1AAGQRFIOE9AE,Service_beiakklem1vi3j5fejr0,500,1,0.0483318393,0
1537427400,Prod-EcsStagingCluster-EcsCluster-1AAGQRFIOE9AE,Service_beiakklem1vi3j5fejr0,500,1,0.0535002521,0
1537394460,Prod-EcsStagingCluster-EcsCluster-1AAGQRFIOE9AE,Service_beiakklem1vi3j5fejr0,500,1,0.0488755952,0
1537381740,Prod-EcsStagingCluster-EcsCluster-1AAGQRFIOE9AE,Service_beiakklem1vi3j5fejr0,500,1,0.0500241362,0
1537402920,Prod-EcsStagingCluster-EcsCluster-1AAGQRFIOE9AE,Service_beiakklem1vi3j5fejr0,500,1,0.0549490643,0
1537358340,Prod-EcsStagingCluster-EcsCluster-1AAGQRFIOE9AE,Service_beiakklem1vi3j5fejr0,500,1,0.0419064895,0
1537409280,Prod-EcsStagingCluster-EcsCluster-1AAGQRFIOE9AE,Service_beiakklem1vi3j5fejr0,500,1,0.0435963329,0
1537409220,Prod-EcsStagingCluster-EcsCluster-1AAGQRFIOE9AE,Service_beiakklem1vi3j5fejr0,500,1,0.0456222450,0
1537383780,Prod-EcsStagingCluster-EcsCluster-1AAGQRFIOE9AE,Service_beiakklem1vi3j5fejr0,500,1,0.0482518749,0
1537356120,Prod-EcsStagingCluster-EcsCluster-1AAGQRFIOE9AE,Service_beiakklem1vi3j5fejr0,500,1,0.0336730836,0
1537362480,Prod-EcsStagingCluster-EcsCluster-1AAGQRFIOE9AE,Service_beiakklem1vi3j5fejr0,500,1,0.0438655515,0
1537407000,Prod-EcsStagingCluster-EcsCluster-1AAGQRFIOE9AE,Service_beiakklem1vi3j5fejr0,500,1,0.0681384685,0
1537413360,Prod-EcsStagingCluster-EcsCluster-1AAGQRFIOE9AE,Service_beiakklem1vi3j5fejr0,500,1,0.0430968368,0
1537381560,Prod-EcsStagingCluster-EcsCluster-1AAGQRFIOE9AE,Service_beiakklem1vi3j5fejr0,500,1,0.0492113393,0
1537387920,Prod-EcsStagingCluster-EcsCluster-1AAGQRFIOE9AE,Service_beiakklem1vi3j5fejr0,500,1,0.0488607583,0
1537362420,Prod-EcsStagingCluster-EcsCluster-1AAGQRFIOE9AE,Service_beiakklem1vi3j5fejr0,500,1,0.0423348337,0
1537413300,Prod-EcsStagingCluster-EcsCluster-1AAGQRFIOE9AE,Service_beiakklem1vi3j5fejr0,500,1,0.0446358163,0
1537351740,Prod-EcsStagingCluster-EcsCluster-1AAGQRFIOE9AE,Service_beiakklem1vi3j5fejr0,500,1,0.0409367360,0
1537402620,Prod-EcsStagingCluster-EcsCluster-1AAGQRFIOE9AE,Service_beiakklem1vi3j5fejr0,500,1,0.0534062785,0
1537360200,Prod-EcsStagingCluster-EcsCluster-1AAGQRFIOE9AE,Service_beiakklem1vi3j5fejr0,500,1,0.0429740906,0
1537366560,Prod-EcsStagingCluster-EcsCluster-1AAGQRFIOE9AE,Service_beiakklem1vi3j5fejr0,500,1,0.0446144923,0
1537389900,Prod-EcsStagingCluster-EcsCluster-1AAGQRFIOE9AE,Service_beiakklem1vi3j5fejr0,500,1,0.0494706888,0
1537411080,Prod-EcsStagingCluster-EcsCluster-1AAGQRFIOE9AE,Service_beiakklem1vi3j5fejr0,500,1,0.0506145601,0
1537417440,Prod-EcsStagingCluster-EcsCluster-1AAGQRFIOE9AE,Service_beiakklem1vi3j5fejr0,500,1,0.0474084331,0
1537399200,Prod-EcsStagingCluster-EcsCluster-1AAGQRFIOE9AE,Service_beiakklem1vi3j5fejr0,500,1,0.0544652461,0
1537347180,Prod-EcsStagingCluster-EcsCluster-1AAGQRFIOE9AE,Service_beiakklem1vi3j5fejr0,500,1,0.0383204044,0
1537390680,Prod-EcsStagingCluster-EcsCluster-1AAGQRFIOE9AE,Service_beiakklem1vi3j5fejr0,500,1,0.0538807662,0
1537365240,Prod-EcsStagingCluster-EcsCluster-1AAGQRFIOE9AE,Service_beiakklem1vi3j5fejr0,500,1,0.0462951883,0
1537416120,Prod-EcsStagingCluster-EcsCluster-1AAGQRFIOE9AE,Service_beiakklem1vi3j5fejr0,500,1,0.0524262465,0
1537359900,Prod-EcsStagingCluster-EcsCluster-1AAGQRFIOE9AE,Service_beiakklem1vi3j5fejr0,500,1,0.0419428276,0
1537410780,Prod-EcsStagingCluster-EcsCluster-1AAGQRFIOE9AE,Service_beiakklem1vi3j5fejr0,500,1,0.0430586604,0
1537398060,Prod-EcsStagingCluster-EcsCluster-1AAGQRFIOE9AE,Service_beiakklem1vi3j5fejr0,500,1,0.0550795477,0
1537394760,Prod-EcsStagingCluster-EcsCluster-1AAGQRFIOE9AE,Service_beiakklem1vi3j5fejr0,500,1,0.0519317270,0
1537372500,Prod-EcsStagingCluster-EcsCluster-1AAGQRFIOE9AE,Service_beiakklem1vi3j5fejr0,500,1,0.0476659970,0
1537423380,Prod-EcsStagingCluster-EcsCluster-1AAGQRFIOE9AE,Service_beiakklem1vi3j5fejr0,500,1,0.0562993185,0
1537356480,Prod-EcsStagingCluster-EcsCluster-1AAGQRFIOE9AE,Service_beiakklem1vi3j5fejr0,500,1,0.0343439040,0
1537351140,Prod-EcsStagingCluster-EcsCluster-1AAGQRFIOE9AE,Service_beiakklem1vi3j5fejr0,500,1,0.0414410492,0
1537355340,Prod-EcsStagingCluster-EcsCluster-1AAGQRFIOE9AE,Service_beiakklem1vi3j5fejr0,500,1,0.0351575119,0
1537376580,Prod-EcsStagingCluster-EcsCluster-1AAGQRFIOE9AE,Service_beiakklem1vi3j5fejr0,500,1,0.0475832885,0
1537407360,Prod-EcsStagingCluster-EcsCluster-1AAGQRFIOE9AE,Service_beiakklem1vi3j5fejr0,500,1,0.0524990347,0
1537427460,Prod-EcsStagingCluster-EcsCluster-1AAGQRFIOE9AE,Service_beiakklem1vi3j5fejr0,500,1,0.0564102431,0
1537368060,Prod-EcsStagingCluster-EcsCluster-1AAGQRFIOE9AE,Service_beiakklem1vi3j5fejr0,500,1,0.0464506735,0
1537402020,Prod-EcsStagingCluster-EcsCluster-1AAGQRFIOE9AE,Service_beiakklem1vi3j5fejr0,500,1,0.0541740506,0
1537418940,Prod-EcsStagingCluster-EcsCluster-1AAGQRFIOE9AE,Service_beiakklem1vi3j5fejr0,500,1,0.0490738890,0
1537406220,Prod-EcsStagingCluster-EcsCluster-1AAGQRFIOE9AE,Service_beiakklem1vi3j5fejr0,500,1,0.0615969586,0
1537360560,Prod-EcsStagingCluster-EcsCluster-1AAGQRFIOE9AE,Service_beiakklem1vi3j5fejr0,500,1,0.0451019078,0
1537411440,Prod-EcsStagingCluster-EcsCluster-1AAGQRFIOE9AE,Service_beiakklem1vi3j5fejr0,500,1,0.0514501519,0
1537352040,Prod-EcsStagingCluster-EcsCluster-1AAGQRFIOE9AE,Service_beiakklem1vi3j5fejr0,500,1,0.0420464637,0
1537386000,Prod-EcsStagingCluster-EcsCluster-1AAGQRFIOE9AE,Service_beiakklem1vi3j5fejr0,500,1,0.0514612983,0
1537380660,Prod-EcsStagingCluster-EcsCluster-1AAGQRFIOE9AE,Service_beiakklem1vi3j5fejr0,500,1,0.0469816791,0
1537431540,Prod-EcsStagingCluster-EcsCluster-1AAGQRFIOE9AE,Service_beiakklem1vi3j5fejr0,500,1,0.0508019804,0
1537378440,Prod-EcsStagingCluster-EcsCluster-1AAGQRFIOE9AE,Service_beiakklem1vi3j5fejr0,500,1,0.0516301784,0
1537429320,Prod-EcsStagingCluster-EcsCluster-1AAGQRFIOE9AE,Service_beiakklem1vi3j5fejr0,500,1,0.0508337303,0
1537376220,Prod-EcsStagingCluster-EcsCluster-1AAGQRFIOE9AE,Service_beiakklem1vi3j5fejr0,500,1,0.0462247626,0
1537363500,Prod-EcsStagingCluster-EcsCluster-1AAGQRFIOE9AE,Service_beiakklem1vi3j5fejr0,500,1,0.0438966381,0
1537427100,Prod-EcsStagingCluster-EcsCluster-1AAGQRFIOE9AE,Service_beiakklem1vi3j5fejr0,500,1,0.0571216734,0
1537391040,Prod-EcsStagingCluster-EcsCluster-1AAGQRFIOE9AE,Service_beiakklem1vi3j5fejr0,500,1,0.0746127748,0
1537414380,Prod-EcsStagingCluster-EcsCluster-1AAGQRFIOE9AE,Service_beiakklem1vi3j5fejr0,500,1,0.0505675832,0
1537388820,Prod-EcsStagingCluster-EcsCluster-1AAGQRFIOE9AE,Service_beiakklem1vi3j5fejr0,500,1,0.0477901177,0
1537369680,Prod-EcsStagingCluster-EcsCluster-1AAGQRFIOE9AE,Service_beiakklem1vi3j5fejr0,500,1,0.0483465016,0
1537420560,Prod-EcsStagingCluster-EcsCluster-1AAGQRFIOE9AE,Service_beiakklem1vi3j5fejr0,500,1,0.0518877819,0
1537395120,Prod-EcsStagingCluster-EcsCluster-1AAGQRFIOE9AE,Service_beiakklem1vi3j5fejr0,500,1,0.0435950118,0
1537386600,Prod-EcsStagingCluster-EcsCluster-1AAGQRFIOE9AE,Service_beiakklem1vi3j5fejr0,500,1,0.0505022651,0
1537392900,Prod-EcsStagingCluster-EcsCluster-1AAGQRFIOE9AE,Service_beiakklem1vi3j5fejr0,500,1,0.0498096203,0
1537367460,Prod-EcsStagingCluster-EcsCluster-1AAGQRFIOE9AE,Service_beiakklem1vi3j5fejr0,500,1,0.0442654343,0
1537371660,Prod-EcsStagingCluster-EcsCluster-1AAGQRFIOE9AE,Service_beiakklem1vi3j5fejr0,500,1,0.0464355058,0
1537384380,Prod-EcsStagingCluster-EcsCluster-1AAGQRFIOE9AE,Service_beiakklem1vi3j5fejr0,500,1,0.0475466269,0
1537418340,Prod-EcsStagingCluster-EcsCluster-1AAGQRFIOE9AE,Service_beiakklem1vi3j5fejr0,500,1,0.0577717792,0
1537348320,Prod-EcsStagingCluster-EcsCluster-1AAGQRFIOE9AE,Service_beiakklem1vi3j5fejr0,500,1,0.0397067958,0
1537357800,Prod-EcsStagingCluster-EcsCluster-1AAGQRFIOE9AE,Service_beiakklem1vi3j5fejr0,500,1,0.0406912691,0
1537364160,Prod-EcsStagingCluster-EcsCluster-1AAGQRFIOE9AE,Service_beiakklem1vi3j5fejr0,500,1,0.0433095495,0
1537428900,Prod-EcsStagingCluster-EcsCluster-1AAGQRFIOE9AE,Service_beiakklem1vi3j5fejr0,500,1,0.0500379551,0
1537408680,Prod-EcsStagingCluster-EcsCluster-1AAGQRFIOE9AE,Service_beiakklem1vi3j5fejr0,500,1,0.0397999454,0
1537415040,Prod-EcsStagingCluster-EcsCluster-1AAGQRFIOE9AE,Service_beiakklem1vi3j5fejr0,500,1,0.0552716406,0
1537363020,Prod-EcsStagingCluster-EcsCluster-1AAGQRFIOE9AE,Service_beiakklem1vi3j5fejr0,500,1,0.0443351828,0
1537413900,Prod-EcsStagingCluster-EcsCluster-1AAGQRFIOE9AE,Service_beiakklem1vi3j5fejr0,500,1,0.0528169811,0
1537394820,Prod-EcsStagingCluster-EcsCluster-1AAGQRFIOE9AE,Service_beiakklem1vi3j5fejr0,500,1,0.0499929679,0
1537374600,Prod-EcsStagingCluster-EcsCluster-1AAGQRFIOE9AE,Service_beiakklem1vi3j5fejr0,500,1,0.0424061595,0
1537380960,Prod-EcsStagingCluster-EcsCluster-1AAGQRFIOE9AE,Service_beiakklem1vi3j5fejr0,500,1,0.0481543550,0
1537357560,Prod-EcsStagingCluster-EcsCluster-1AAGQRFIOE9AE,Service_beiakklem1vi3j5fejr0,500,1,0.0412589297,0
1537363920,Prod-EcsStagingCluster-EcsCluster-1AAGQRFIOE9AE,Service_beiakklem1vi3j5fejr0,500,1,0.0240831039,0
1537425480,Prod-EcsStagingCluster-EcsCluster-1AAGQRFIOE9AE,Service_beiakklem1vi3j5fejr0,500,1,0.0577924949,0
1537379820,Prod-EcsStagingCluster-EcsCluster-1AAGQRFIOE9AE,Service_beiakklem1vi3j5fejr0,500,1,0.0500520291,0
1537414800,Prod-EcsStagingCluster-EcsCluster-1AAGQRFIOE9AE,Service_beiakklem1vi3j5fejr0,500,1,0.0548123596,0
1537408440,Prod-EcsStagingCluster-EcsCluster-1AAGQRFIOE9AE,Service_beiakklem1vi3j5fejr0,500,1,0.0510408633,0
1537430700,Prod-EcsStagingCluster-EcsCluster-1AAGQRFIOE9AE,Service_beiakklem1vi3j5fejr0,500,1,0.0528905439,0
1537388220,Prod-EcsStagingCluster-EcsCluster-1AAGQRFIOE9AE,Service_beiakklem1vi3j5fejr0,500,1,0.0487678806,0
1537394580,Prod-EcsStagingCluster-EcsCluster-1AAGQRFIOE9AE,Service_beiakklem1vi3j5fejr0,500,1,0.0512374973,0
1537374360,Prod-EcsStagingCluster-EcsCluster-1AAGQRFIOE9AE,Service_beiakklem1vi3j5fejr0,500,1,0.0482119526,0
1537380720,Prod-EcsStagingCluster-EcsCluster-1AAGQRFIOE9AE,Service_beiakklem1vi3j5fejr0,500,1,0.0480705000,0
1537354140,Prod-EcsStagingCluster-EcsCluster-1AAGQRFIOE9AE,Service_beiakklem1vi3j5fejr0,500,1,0.0203130648,0
1537360500,Prod-EcsStagingCluster-EcsCluster-1AAGQRFIOE9AE,Service_beiakklem1vi3j5fejr0,500,1,0.0448557485,0
1537425240,Prod-EcsStagingCluster-EcsCluster-1AAGQRFIOE9AE,Service_beiakklem1vi3j5fejr0,500,1,0.0515006564,0
1537431600,Prod-EcsStagingCluster-EcsCluster-1AAGQRFIOE9AE,Service_beiakklem1vi3j5fejr0,500,1,0.0505214875,0
1537411380,Prod-EcsStagingCluster-EcsCluster-1AAGQRFIOE9AE,Service_beiakklem1vi3j5fejr0,500,1,0.0536373424,0
1537405020,Prod-EcsStagingCluster-EcsCluster-1AAGQRFIOE9AE,Service_beiakklem1vi3j5fejr0,500,1,0.0560460711,0
1537358280,Prod-EcsStagingCluster-EcsCluster-1AAGQRFIOE9AE,Service_beiakklem1vi3j5fejr0,500,1,0.0414895040,0
1537394340,Prod-EcsStagingCluster-EcsCluster-1AAGQRFIOE9AE,Service_beiakklem1vi3j5fejr0,500,1,0.0436341823,0
1537364640,Prod-EcsStagingCluster-EcsCluster-1AAGQRFIOE9AE,Service_beiakklem1vi3j5fejr0,500,1,0.0485537164,0
1537409160,Prod-EcsStagingCluster-EcsCluster-1AAGQRFIOE9AE,Service_beiakklem1vi3j5fejr0,500,1,0.0462408861,0
1537415520,Prod-EcsStagingCluster-EcsCluster-1AAGQRFIOE9AE,Service_beiakklem1vi3j5fejr0,500,1,0.0546206580,0
1537347600,Prod-EcsStagingCluster-EcsCluster-1AAGQRFIOE9AE,Service_beiakklem1vi3j5fejr0,500,1,0.0394610329,0
1537392120,Prod-EcsStagingCluster-EcsCluster-1AAGQRFIOE9AE,Service_beiakklem1vi3j5fejr0,500,1,0.0529311773,0
1537398480,Prod-EcsStagingCluster-EcsCluster-1AAGQRFIOE9AE,Service_beiakklem1vi3j5fejr0,500,1,0.0546480758,0
1537379340,Prod-EcsStagingCluster-EcsCluster-1AAGQRFIOE9AE,Service_beiakklem1vi3j5fejr0,500,1,0.0511741307,0
1537360260,Prod-EcsStagingCluster-EcsCluster-1AAGQRFIOE9AE,Service_beiakklem1vi3j5fejr0,500,1,0.0213354412,0
1537411140,Prod-EcsStagingCluster-EcsCluster-1AAGQRFIOE9AE,Service_beiakklem1vi3j5fejr0,500,1,0.0536550636,0
1537430220,Prod-EcsStagingCluster-EcsCluster-1AAGQRFIOE9AE,Service_beiakklem1vi3j5fejr0,500,1,0.0511287317,0
1537358040,Prod-EcsStagingCluster-EcsCluster-1AAGQRFIOE9AE,Service_beiakklem1vi3j5fejr0,500,1,0.0442435256,0
1537364400,Prod-EcsStagingCluster-EcsCluster-1AAGQRFIOE9AE,Service_beiakklem1vi3j5fejr0,500,1,0.0458986458,0
1537408920,Prod-EcsStagingCluster-EcsCluster-1AAGQRFIOE9AE,Service_beiakklem1vi3j5fejr0,500,1,0.0448073621,0
1537415280,Prod-EcsStagingCluster-EcsCluster-1AAGQRFIOE9AE,Service_beiakklem1vi3j5fejr0,500,1,0.0517531238,0
1537396140,Prod-EcsStagingCluster-EcsCluster-1AAGQRFIOE9AE,Service_beiakklem1vi3j5fejr0,500,1,0.0398696408,0
1537360020,Prod-EcsStagingCluster-EcsCluster-1AAGQRFIOE9AE,Service_beiakklem1vi3j5fejr0,500,1,0.0417619493,0
1537353660,Prod-EcsStagingCluster-EcsCluster-1AAGQRFIOE9AE,Service_beiakklem1vi3j5fejr0,500,1,0.0411237759,0
1537392840,Prod-EcsStagingCluster-EcsCluster-1AAGQRFIOE9AE,Service_beiakklem1vi3j5fejr0,500,1,0.0527684361,0
1537346160,Prod-EcsStagingCluster-EcsCluster-1AAGQRFIOE9AE,Service_beiakklem1vi3j5fejr0,500,1,0.0408696150,0
1537404540,Prod-EcsStagingCluster-EcsCluster-1AAGQRFIOE9AE,Service_beiakklem1vi3j5fejr0,500,1,0.0621332420,0
1537375800,Prod-EcsStagingCluster-EcsCluster-1AAGQRFIOE9AE,Service_beiakklem1vi3j5fejr0,500,1,0.0405924802,0
1537397040,Prod-EcsStagingCluster-EcsCluster-1AAGQRFIOE9AE,Service_beiakklem1vi3j5fejr0,500,1,0.0408205211,0
1537370460,Prod-EcsStagingCluster-EcsCluster-1AAGQRFIOE9AE,Service_beiakklem1vi3j5fejr0,500,1,0.0453361036,0
1537361940,Prod-EcsStagingCluster-EcsCluster-1AAGQRFIOE9AE,Service_beiakklem1vi3j5fejr0,500,1,0.0429687618,0
1537426680,Prod-EcsStagingCluster-EcsCluster-1AAGQRFIOE9AE,Service_beiakklem1vi3j5fejr0,500,1,0.0500480198,0
1537421340,Prod-EcsStagingCluster-EcsCluster-1AAGQRFIOE9AE,Service_beiakklem1vi3j5fejr0,500,1,0.0572320987,0
1537412820,Prod-EcsStagingCluster-EcsCluster-1AAGQRFIOE9AE,Service_beiakklem1vi3j5fejr0,500,1,0.0469797064,0
1537345920,Prod-EcsStagingCluster-EcsCluster-1AAGQRFIOE9AE,Service_beiakklem1vi3j5fejr0,500,1,0.0401478886,0
1537392600,Prod-EcsStagingCluster-EcsCluster-1AAGQRFIOE9AE,Service_beiakklem1vi3j5fejr0,500,1,0.0547490410,0
1537378740,Prod-EcsStagingCluster-EcsCluster-1AAGQRFIOE9AE,Service_beiakklem1vi3j5fejr0,500,1,0.0490339713,0
1537396800,Prod-EcsStagingCluster-EcsCluster-1AAGQRFIOE9AE,Service_beiakklem1vi3j5fejr0,500,1,0.0396552549,0
1537361700,Prod-EcsStagingCluster-EcsCluster-1AAGQRFIOE9AE,Service_beiakklem1vi3j5fejr0,500,1,0.0435806176,0
1537395660,Prod-EcsStagingCluster-EcsCluster-1AAGQRFIOE9AE,Service_beiakklem1vi3j5fejr0,500,1,0.0569871436,0
1537429620,Prod-EcsStagingCluster-EcsCluster-1AAGQRFIOE9AE,Service_beiakklem1vi3j5fejr0,500,1,0.0491366824,0
1537412580,Prod-EcsStagingCluster-EcsCluster-1AAGQRFIOE9AE,Service_beiakklem1vi3j5fejr0,500,1,0.0467201447,0
1537362720,Prod-EcsStagingCluster-EcsCluster-1AAGQRFIOE9AE,Service_beiakklem1vi3j5fejr0,500,1,0.0449516385,0
1537413600,Prod-EcsStagingCluster-EcsCluster-1AAGQRFIOE9AE,Service_beiakklem1vi3j5fejr0,500,1,0.0558646160,0
1537345680,Prod-EcsStagingCluster-EcsCluster-1AAGQRFIOE9AE,Service_beiakklem1vi3j5fejr0,500,1,0.0399539420,0
1537361580,Prod-EcsStagingCluster-EcsCluster-1AAGQRFIOE9AE,Service_beiakklem1vi3j5fejr0,500,1,0.0415659485,0
1537392360,Prod-EcsStagingCluster-EcsCluster-1AAGQRFIOE9AE,Service_beiakklem1vi3j5fejr0,500,1,0.0748980192,0
1537410360,Prod-EcsStagingCluster-EcsCluster-1AAGQRFIOE9AE,Service_beiakklem1vi3j5fejr0,500,1,0.0429356657,0
1537378500,Prod-EcsStagingCluster-EcsCluster-1AAGQRFIOE9AE,Service_beiakklem1vi3j5fejr0,500,1,0.0471727170,0
1537412460,Prod-EcsStagingCluster-EcsCluster-1AAGQRFIOE9AE,Service_beiakklem1vi3j5fejr0,500,1,0.0455919197,0
1537429380,Prod-EcsStagingCluster-EcsCluster-1AAGQRFIOE9AE,Service_beiakklem1vi3j5fejr0,500,1,0.0484314512,0
1537369980,Prod-EcsStagingCluster-EcsCluster-1AAGQRFIOE9AE,Service_beiakklem1vi3j5fejr0,500,1,0.0459812930,0
1537420860,Prod-EcsStagingCluster-EcsCluster-1AAGQRFIOE9AE,Service_beiakklem1vi3j5fejr0,500,1,0.0537669219,0
1537376280,Prod-EcsStagingCluster-EcsCluster-1AAGQRFIOE9AE,Service_beiakklem1vi3j5fejr0,500,1,0.0587326420,0
1537380480,Prod-EcsStagingCluster-EcsCluster-1AAGQRFIOE9AE,Service_beiakklem1vi3j5fejr0,500,1,0.0480272108,0
1537427160,Prod-EcsStagingCluster-EcsCluster-1AAGQRFIOE9AE,Service_beiakklem1vi3j5fejr0,500,1,0.0578959342,0
1537386780,Prod-EcsStagingCluster-EcsCluster-1AAGQRFIOE9AE,Service_beiakklem1vi3j5fejr0,500,1,0.0492343670,0
1537431360,Prod-EcsStagingCluster-EcsCluster-1AAGQRFIOE9AE,Service_beiakklem1vi3j5fejr0,500,1,0.0514294377,0
1537378260,Prod-EcsStagingCluster-EcsCluster-1AAGQRFIOE9AE,Service_beiakklem1vi3j5fejr0,500,1,0.0452536790,0
1537346400,Prod-EcsStagingCluster-EcsCluster-1AAGQRFIOE9AE,Service_beiakklem1vi3j5fejr0,500,1,0.0434365162,0
1537397280,Prod-EcsStagingCluster-EcsCluster-1AAGQRFIOE9AE,Service_beiakklem1vi3j5fejr0,500,1,0.0380636682,0
1537429140,Prod-EcsStagingCluster-EcsCluster-1AAGQRFIOE9AE,Service_beiakklem1vi3j5fejr0,500,1,0.0508788287,0
1537376040,Prod-EcsStagingCluster-EcsCluster-1AAGQRFIOE9AE,Service_beiakklem1vi3j5fejr0,500,1,0.0450662502,0
1537380240,Prod-EcsStagingCluster-EcsCluster-1AAGQRFIOE9AE,Service_beiakklem1vi3j5fejr0,500,1,0.0506498610,0
1537361100,Prod-EcsStagingCluster-EcsCluster-1AAGQRFIOE9AE,Service_beiakklem1vi3j5fejr0,500,1,0.0420464366,0
1537395060,Prod-EcsStagingCluster-EcsCluster-1AAGQRFIOE9AE,Service_beiakklem1vi3j5fejr0,500,1,0.0526127494,0
1537426920,Prod-EcsStagingCluster-EcsCluster-1AAGQRFIOE9AE,Service_beiakklem1vi3j5fejr0,500,1,0.0546066431,0
1537431120,Prod-EcsStagingCluster-EcsCluster-1AAGQRFIOE9AE,Service_beiakklem1vi3j5fejr0,500,1,0.0499834102,0
1537378020,Prod-EcsStagingCluster-EcsCluster-1AAGQRFIOE9AE,Service_beiakklem1vi3j5fejr0,500,1,0.0473864872,0
1537411980,Prod-EcsStagingCluster-EcsCluster-1AAGQRFIOE9AE,Service_beiakklem1vi3j5fejr0,500,1,0.0470618132,0
1537372680,Prod-EcsStagingCluster-EcsCluster-1AAGQRFIOE9AE,Service_beiakklem1vi3j5fejr0,500,1,0.0452714443,0
1537379040,Prod-EcsStagingCluster-EcsCluster-1AAGQRFIOE9AE,Service_beiakklem1vi3j5fejr0,500,1,0.0499465036,0
1537359960,Prod-EcsStagingCluster-EcsCluster-1AAGQRFIOE9AE,Service_beiakklem1vi3j5fejr0,500,1,0.0435254911,0
1537366320,Prod-EcsStagingCluster-EcsCluster-1AAGQRFIOE9AE,Service_beiakklem1vi3j5fejr0,500,1,0.0444546138,0
1537424700,Prod-EcsStagingCluster-EcsCluster-1AAGQRFIOE9AE,Service_beiakklem1vi3j5fejr0,500,1,0.0572276846,0
1537410840,Prod-EcsStagingCluster-EcsCluster-1AAGQRFIOE9AE,Service_beiakklem1vi3j5fejr0,500,1,0.0394325499,0
1537429920,Prod-EcsStagingCluster-EcsCluster-1AAGQRFIOE9AE,Service_beiakklem1vi3j5fejr0,500,1,0.0531145716,0
1537417200,Prod-EcsStagingCluster-EcsCluster-1AAGQRFIOE9AE,Service_beiakklem1vi3j5fejr0,500,1,0.0532032769,0
1537423560,Prod-EcsStagingCluster-EcsCluster-1AAGQRFIOE9AE,Service_beiakklem1vi3j5fejr0,500,1,0.0546948428,0
1537390620,Prod-EcsStagingCluster-EcsCluster-1AAGQRFIOE9AE,Service_beiakklem1vi3j5fejr0,500,1,0.0546856285,0
1537377900,Prod-EcsStagingCluster-EcsCluster-1AAGQRFIOE9AE,Service_beiakklem1vi3j5fejr0,500,1,0.0487889073,0
1537428780,Prod-EcsStagingCluster-EcsCluster-1AAGQRFIOE9AE,Service_beiakklem1vi3j5fejr0,500,1,0.0518226733,0
1537379940,Prod-EcsStagingCluster-EcsCluster-1AAGQRFIOE9AE,Service_beiakklem1vi3j5fejr0,500,1,0.0509179385,0
1537392660,Prod-EcsStagingCluster-EcsCluster-1AAGQRFIOE9AE,Service_beiakklem1vi3j5fejr0,500,1,0.0545840631,0
1537430820,Prod-EcsStagingCluster-EcsCluster-1AAGQRFIOE9AE,Service_beiakklem1vi3j5fejr0,500,1,0.0476495213,0
1537358580,Prod-EcsStagingCluster-EcsCluster-1AAGQRFIOE9AE,Service_beiakklem1vi3j5fejr0,500,1,0.0427207393,0
1537345860,Prod-EcsStagingCluster-EcsCluster-1AAGQRFIOE9AE,Service_beiakklem1vi3j5fejr0,500,1,0.0403248153,0
1537409460,Prod-EcsStagingCluster-EcsCluster-1AAGQRFIOE9AE,Service_beiakklem1vi3j5fejr0,500,1,0.0308548520,0
1537396740,Prod-EcsStagingCluster-EcsCluster-1AAGQRFIOE9AE,Service_beiakklem1vi3j5fejr0,500,1,0.0386487448,0
1537359480,Prod-EcsStagingCluster-EcsCluster-1AAGQRFIOE9AE,Service_beiakklem1vi3j5fejr0,500,1,0.0217936467,0
1537378560,Prod-EcsStagingCluster-EcsCluster-1AAGQRFIOE9AE,Service_beiakklem1vi3j5fejr0,500,1,0.0470850789,0
1537372200,Prod-EcsStagingCluster-EcsCluster-1AAGQRFIOE9AE,Service_beiakklem1vi3j5fejr0,500,1,0.0454930190,0
1537365840,Prod-EcsStagingCluster-EcsCluster-1AAGQRFIOE9AE,Service_beiakklem1vi3j5fejr0,500,1,0.0451191171,0
1537377420,Prod-EcsStagingCluster-EcsCluster-1AAGQRFIOE9AE,Service_beiakklem1vi3j5fejr0,500,1,0.0459622899,0
1537390140,Prod-EcsStagingCluster-EcsCluster-1AAGQRFIOE9AE,Service_beiakklem1vi3j5fejr0,500,1,0.0532748927,0
1537428300,Prod-EcsStagingCluster-EcsCluster-1AAGQRFIOE9AE,Service_beiakklem1vi3j5fejr0,500,1,0.0501862790,0
1537356060,Prod-EcsStagingCluster-EcsCluster-1AAGQRFIOE9AE,Service_beiakklem1vi3j5fejr0,500,1,0.0344859397,0
1537406940,Prod-EcsStagingCluster-EcsCluster-1AAGQRFIOE9AE,Service_beiakklem1vi3j5fejr0,500,1,0.0701810564,0
1537394220,Prod-EcsStagingCluster-EcsCluster-1AAGQRFIOE9AE,Service_beiakklem1vi3j5fejr0,500,1,0.0514801513,0
1537345380,Prod-EcsStagingCluster-EcsCluster-1AAGQRFIOE9AE,Service_beiakklem1vi3j5fejr0,500,1,0.0397555987,0
1537358100,Prod-EcsStagingCluster-EcsCluster-1AAGQRFIOE9AE,Service_beiakklem1vi3j5fejr0,500,1,0.0430341187,0
1537396260,Prod-EcsStagingCluster-EcsCluster-1AAGQRFIOE9AE,Service_beiakklem1vi3j5fejr0,500,1,0.0380098321,0
1537408980,Prod-EcsStagingCluster-EcsCluster-1AAGQRFIOE9AE,Service_beiakklem1vi3j5fejr0,500,1,0.0448155821,0
1537362240,Prod-EcsStagingCluster-EcsCluster-1AAGQRFIOE9AE,Service_beiakklem1vi3j5fejr0,500,1,0.0426084674,0
1537355880,Prod-EcsStagingCluster-EcsCluster-1AAGQRFIOE9AE,Service_beiakklem1vi3j5fejr0,500,1,0.0340801789,0
1537349520,Prod-EcsStagingCluster-EcsCluster-1AAGQRFIOE9AE,Service_beiakklem1vi3j5fejr0,500,1,0.0429997345,0
1537394040,Prod-EcsStagingCluster-EcsCluster-1AAGQRFIOE9AE,Service_beiakklem1vi3j5fejr0,500,1,0.0558598007,0
1537400400,Prod-EcsStagingCluster-EcsCluster-1AAGQRFIOE9AE,Service_beiakklem1vi3j5fejr0,500,1,0.0566827007,0
1537374900,Prod-EcsStagingCluster-EcsCluster-1AAGQRFIOE9AE,Service_beiakklem1vi3j5fejr0,500,1,0.0409162112,0
1537362180,Prod-EcsStagingCluster-EcsCluster-1AAGQRFIOE9AE,Service_beiakklem1vi3j5fejr0,500,1,0.0410481844,0
1537406760,Prod-EcsStagingCluster-EcsCluster-1AAGQRFIOE9AE,Service_beiakklem1vi3j5fejr0,500,1,0.0665631402,0
1537413120,Prod-EcsStagingCluster-EcsCluster-1AAGQRFIOE9AE,Service_beiakklem1vi3j5fejr0,500,1,0.0389450056,0
1537413060,Prod-EcsStagingCluster-EcsCluster-1AAGQRFIOE9AE,Service_beiakklem1vi3j5fejr0,500,1,0.0493741889,0
1537425780,Prod-EcsStagingCluster-EcsCluster-1AAGQRFIOE9AE,Service_beiakklem1vi3j5fejr0,500,1,0.0560263622,0
1537410900,Prod-EcsStagingCluster-EcsCluster-1AAGQRFIOE9AE,Service_beiakklem1vi3j5fejr0,500,1,0.0438022283,0
1537382160,Prod-EcsStagingCluster-EcsCluster-1AAGQRFIOE9AE,Service_beiakklem1vi3j5fejr0,500,1,0.0485902039,0
1537376820,Prod-EcsStagingCluster-EcsCluster-1AAGQRFIOE9AE,Service_beiakklem1vi3j5fejr0,500,1,0.0482186290,0
1537364100,Prod-EcsStagingCluster-EcsCluster-1AAGQRFIOE9AE,Service_beiakklem1vi3j5fejr0,500,1,0.0425838580,0
1537394880,Prod-EcsStagingCluster-EcsCluster-1AAGQRFIOE9AE,Service_beiakklem1vi3j5fejr0,500,1,0.0518520092,0
1537355580,Prod-EcsStagingCluster-EcsCluster-1AAGQRFIOE9AE,Service_beiakklem1vi3j5fejr0,500,1,0.0342210316,0
1537393740,Prod-EcsStagingCluster-EcsCluster-1AAGQRFIOE9AE,Service_beiakklem1vi3j5fejr0,500,1,0.0523805544,0
1537427700,Prod-EcsStagingCluster-EcsCluster-1AAGQRFIOE9AE,Service_beiakklem1vi3j5fejr0,500,1,0.0572656744,0
1537414980,Prod-EcsStagingCluster-EcsCluster-1AAGQRFIOE9AE,Service_beiakklem1vi3j5fejr0,500,1,0.0543641150,0
1537348080,Prod-EcsStagingCluster-EcsCluster-1AAGQRFIOE9AE,Service_beiakklem1vi3j5fejr0,500,1,0.0385005176,0
1537360800,Prod-EcsStagingCluster-EcsCluster-1AAGQRFIOE9AE,Service_beiakklem1vi3j5fejr0,500,1,0.0466886237,0
1537406460,Prod-EcsStagingCluster-EcsCluster-1AAGQRFIOE9AE,Service_beiakklem1vi3j5fejr0,500,1,0.0585609919,0
1537377720,Prod-EcsStagingCluster-EcsCluster-1AAGQRFIOE9AE,Service_beiakklem1vi3j5fejr0,500,1,0.0484651292,0
1537411680,Prod-EcsStagingCluster-EcsCluster-1AAGQRFIOE9AE,Service_beiakklem1vi3j5fejr0,500,1,0.0462693310,0
1537398960,Prod-EcsStagingCluster-EcsCluster-1AAGQRFIOE9AE,Service_beiakklem1vi3j5fejr0,500,1,0.0556900953,0
1537372380,Prod-EcsStagingCluster-EcsCluster-1AAGQRFIOE9AE,Service_beiakklem1vi3j5fejr0,500,1,0.0476761913,0
1537359660,Prod-EcsStagingCluster-EcsCluster-1AAGQRFIOE9AE,Service_beiakklem1vi3j5fejr0,500,1,0.0430780243,0
1537390440,Prod-EcsStagingCluster-EcsCluster-1AAGQRFIOE9AE,Service_beiakklem1vi3j5fejr0,500,1,0.0723672638,0
1537410540,Prod-EcsStagingCluster-EcsCluster-1AAGQRFIOE9AE,Service_beiakklem1vi3j5fejr0,500,1,0.0414140048,0
1537428600,Prod-EcsStagingCluster-EcsCluster-1AAGQRFIOE9AE,Service_beiakklem1vi3j5fejr0,500,1,0.0506443700,0
1537423260,Prod-EcsStagingCluster-EcsCluster-1AAGQRFIOE9AE,Service_beiakklem1vi3j5fejr0,500,1,0.0561248599,0
1537356360,Prod-EcsStagingCluster-EcsCluster-1AAGQRFIOE9AE,Service_beiakklem1vi3j5fejr0,500,1,0.0342091678,0
1537394520,Prod-EcsStagingCluster-EcsCluster-1AAGQRFIOE9AE,Service_beiakklem1vi3j5fejr0,500,1,0.0522056782,0
1537407240,Prod-EcsStagingCluster-EcsCluster-1AAGQRFIOE9AE,Service_beiakklem1vi3j5fejr0,500,1,0.0581536372,0
1537416720,Prod-EcsStagingCluster-EcsCluster-1AAGQRFIOE9AE,Service_beiakklem1vi3j5fejr0,500,1,0.0432117410,0
1537429440,Prod-EcsStagingCluster-EcsCluster-1AAGQRFIOE9AE,Service_beiakklem1vi3j5fejr0,500,1,0.0490207944,0
1537363620,Prod-EcsStagingCluster-EcsCluster-1AAGQRFIOE9AE,Service_beiakklem1vi3j5fejr0,500,1,0.0441422799,0
1537376340,Prod-EcsStagingCluster-EcsCluster-1AAGQRFIOE9AE,Service_beiakklem1vi3j5fejr0,500,1,0.0485202588,0
1537414500,Prod-EcsStagingCluster-EcsCluster-1AAGQRFIOE9AE,Service_beiakklem1vi3j5fejr0,500,1,0.0497314352,0
1537361400,Prod-EcsStagingCluster-EcsCluster-1AAGQRFIOE9AE,Service_beiakklem1vi3j5fejr0,500,1,0.0434200799,0
1537395360,Prod-EcsStagingCluster-EcsCluster-1AAGQRFIOE9AE,Service_beiakklem1vi3j5fejr0,500,1,0.0530816294,0
1537382640,Prod-EcsStagingCluster-EcsCluster-1AAGQRFIOE9AE,Service_beiakklem1vi3j5fejr0,500,1,0.0509210790,0
1537427220,Prod-EcsStagingCluster-EcsCluster-1AAGQRFIOE9AE,Service_beiakklem1vi3j5fejr0,500,1,0.0579887938,0
1537374120,Prod-EcsStagingCluster-EcsCluster-1AAGQRFIOE9AE,Service_beiakklem1vi3j5fejr0,500,1,0.0446131059,0
1537412280,Prod-EcsStagingCluster-EcsCluster-1AAGQRFIOE9AE,Service_beiakklem1vi3j5fejr0,500,1,0.0478990191,0
1537359180,Prod-EcsStagingCluster-EcsCluster-1AAGQRFIOE9AE,Service_beiakklem1vi3j5fejr0,500,1,0.0392936507,0
1537393140,Prod-EcsStagingCluster-EcsCluster-1AAGQRFIOE9AE,Service_beiakklem1vi3j5fejr0,500,1,0.0524965683,0
1537380420,Prod-EcsStagingCluster-EcsCluster-1AAGQRFIOE9AE,Service_beiakklem1vi3j5fejr0,500,1,0.0641997047,0
1537425000,Prod-EcsStagingCluster-EcsCluster-1AAGQRFIOE9AE,Service_beiakklem1vi3j5fejr0,500,1,0.0566270833,0
1537431300,Prod-EcsStagingCluster-EcsCluster-1AAGQRFIOE9AE,Service_beiakklem1vi3j5fejr0,500,1,0.0500665666,0
1537371900,Prod-EcsStagingCluster-EcsCluster-1AAGQRFIOE9AE,Service_beiakklem1vi3j5fejr0,500,1,0.0450695695,0
1537410060,Prod-EcsStagingCluster-EcsCluster-1AAGQRFIOE9AE,Service_beiakklem1vi3j5fejr0,500,1,0.0403067208,0
1537422780,Prod-EcsStagingCluster-EcsCluster-1AAGQRFIOE9AE,Service_beiakklem1vi3j5fejr0,500,1,0.0563602551,0
1537390920,Prod-EcsStagingCluster-EcsCluster-1AAGQRFIOE9AE,Service_beiakklem1vi3j5fejr0,500,1,0.0497440839,0
1537378200,Prod-EcsStagingCluster-EcsCluster-1AAGQRFIOE9AE,Service_beiakklem1vi3j5fejr0,500,1,0.0465786355,0
1537429080,Prod-EcsStagingCluster-EcsCluster-1AAGQRFIOE9AE,Service_beiakklem1vi3j5fejr0,500,1,0.0490477846,0
1537388700,Prod-EcsStagingCluster-EcsCluster-1AAGQRFIOE9AE,Service_beiakklem1vi3j5fejr0,500,1,0.0476626577,0
1537375980,Prod-EcsStagingCluster-EcsCluster-1AAGQRFIOE9AE,Service_beiakklem1vi3j5fejr0,500,1,0.0436803126,0
1537350300,Prod-EcsStagingCluster-EcsCluster-1AAGQRFIOE9AE,Service_beiakklem1vi3j5fejrg,1000,2,0.0692240076,0
1537353480,Prod-EcsStagingCluster-EcsCluster-1AAGQRFIOE9AE,Service_beiakklem1vi3j5fejrg,1000,2,0.0701045720,0
1537356660,Prod-EcsStagingCluster-EcsCluster-1AAGQRFIOE9AE,Service_beiakklem1vi3j5fejrg,1000,2,0.0683086466,0
1537359840,Prod-EcsStagingCluster-EcsCluster-1AAGQRFIOE9AE,Service_beiakklem1vi3j5fejrg,1000,2,0.0693919203,0
1537378920,Prod-EcsStagingCluster-EcsCluster-1AAGQRFIOE9AE,Service_beiakklem1vi3j5fejrg,1000,2,0.0701065568,0
1537382100,Prod-EcsStagingCluster-EcsCluster-1AAGQRFIOE9AE,Service_beiakklem1vi3j5fejrg,1000,2,0.0688278690,0
1537385280,Prod-EcsStagingCluster-EcsCluster-1AAGQRFIOE9AE,Service_beiakklem1vi3j5fejrg,1000,2,0.0695815355,0
1537375740,Prod-EcsStagingCluster-EcsCluster-1AAGQRFIOE9AE,Service_beiakklem1vi3j5fejrg,1000,2,0.0706775554,0
1537409580,Prod-EcsStagingCluster-EcsCluster-1AAGQRFIOE9AE,Service_beiakklem1vi3j5fejrg,1000,2,0.0719147779,0
1537412760,Prod-EcsStagingCluster-EcsCluster-1AAGQRFIOE9AE,Service_beiakklem1vi3j5fejrg,1000,2,0.0601015777,0
1537415940,Prod-EcsStagingCluster-EcsCluster-1AAGQRFIOE9AE,Service_beiakklem1vi3j5fejrg,1000,2,0.0728379693,0
1537419120,Prod-EcsStagingCluster-EcsCluster-1AAGQRFIOE9AE,Service_beiakklem1vi3j5fejrg,1000,2,0.0724159306,0
1537390260,Prod-EcsStagingCluster-EcsCluster-1AAGQRFIOE9AE,Service_beiakklem1vi3j5fejrg,1000,2,0.0606004397,0
1537393440,Prod-EcsStagingCluster-EcsCluster-1AAGQRFIOE9AE,Service_beiakklem1vi3j5fejrg,1000,2,0.0695519794,0
1537383900,Prod-EcsStagingCluster-EcsCluster-1AAGQRFIOE9AE,Service_beiakklem1vi3j5fejrg,1000,2,0.0595169849,0
1537387080,Prod-EcsStagingCluster-EcsCluster-1AAGQRFIOE9AE,Service_beiakklem1vi3j5fejrg,1000,2,0.0696088546,0
1537350960,Prod-EcsStagingCluster-EcsCluster-1AAGQRFIOE9AE,Service_beiakklem1vi3j5fejrg,1000,2,0.0701533374,0
1537347780,Prod-EcsStagingCluster-EcsCluster-1AAGQRFIOE9AE,Service_beiakklem1vi3j5fejrg,1000,2,0.0695133850,0
1537415700,Prod-EcsStagingCluster-EcsCluster-1AAGQRFIOE9AE,Service_beiakklem1vi3j5fejrg,1000,2,0.0713393973,0
1537418880,Prod-EcsStagingCluster-EcsCluster-1AAGQRFIOE9AE,Service_beiakklem1vi3j5fejrg,1000,2,0.0660249638,0
1537409340,Prod-EcsStagingCluster-EcsCluster-1AAGQRFIOE9AE,Service_beiakklem1vi3j5fejrg,1000,2,0.0712948967,0
1537412520,Prod-EcsStagingCluster-EcsCluster-1AAGQRFIOE9AE,Service_beiakklem1vi3j5fejrg,1000,2,0.0710227749,0
1537373220,Prod-EcsStagingCluster-EcsCluster-1AAGQRFIOE9AE,Service_beiakklem1vi3j5fejrg,1000,2,0.0528152980,0
1537366860,Prod-EcsStagingCluster-EcsCluster-1AAGQRFIOE9AE,Service_beiakklem1vi3j5fejrg,1000,2,0.0658677279,1
1537394400,Prod-EcsStagingCluster-EcsCluster-1AAGQRFIOE9AE,Service_beiakklem1vi3j5fejrg,1000,2,0.0694656139,0
1537388040,Prod-EcsStagingCluster-EcsCluster-1AAGQRFIOE9AE,Service_beiakklem1vi3j5fejrg,1000,2,0.0644457907,0
1537351920,Prod-EcsStagingCluster-EcsCluster-1AAGQRFIOE9AE,Service_beiakklem1vi3j5fejrg,1000,2,0.0699752999,0
1537419840,Prod-EcsStagingCluster-EcsCluster-1AAGQRFIOE9AE,Service_beiakklem1vi3j5fejrg,1000,2,0.0731441305,0
1537345560,Prod-EcsStagingCluster-EcsCluster-1AAGQRFIOE9AE,Service_beiakklem1vi3j5fejrg,1000,2,0.0662522480,0
1537413480,Prod-EcsStagingCluster-EcsCluster-1AAGQRFIOE9AE,Service_beiakklem1vi3j5fejrg,1000,2,0.0629693369,0
1537377360,Prod-EcsStagingCluster-EcsCluster-1AAGQRFIOE9AE,Service_beiakklem1vi3j5fejrg,1000,2,0.0609511151,0
1537371000,Prod-EcsStagingCluster-EcsCluster-1AAGQRFIOE9AE,Service_beiakklem1vi3j5fejrg,1000,2,0.0697553156,0
1537347540,Prod-EcsStagingCluster-EcsCluster-1AAGQRFIOE9AE,Service_beiakklem1vi3j5fejrg,1000,2,0.0755285855,0
1537345320,Prod-EcsStagingCluster-EcsCluster-1AAGQRFIOE9AE,Service_beiakklem1vi3j5fejrg,1000,2,0.0736639543,0
1537417500,Prod-EcsStagingCluster-EcsCluster-1AAGQRFIOE9AE,Service_beiakklem1vi3j5fejrg,1000,2,0.0728162495,0
1537423860,Prod-EcsStagingCluster-EcsCluster-1AAGQRFIOE9AE,Service_beiakklem1vi3j5fejrg,1000,2,0.0734574934,0
1537351680,Prod-EcsStagingCluster-EcsCluster-1AAGQRFIOE9AE,Service_beiakklem1vi3j5fejrg,1000,2,0.0692390532,0
1537375020,Prod-EcsStagingCluster-EcsCluster-1AAGQRFIOE9AE,Service_beiakklem1vi3j5fejrg,1000,2,0.0686102282,0
1537381380,Prod-EcsStagingCluster-EcsCluster-1AAGQRFIOE9AE,Service_beiakklem1vi3j5fejrg,1000,2,0.0682738962,0
1537400460,Prod-EcsStagingCluster-EcsCluster-1AAGQRFIOE9AE,Service_beiakklem1vi3j5fejrg,1000,2,0.0673338414,0
1537406820,Prod-EcsStagingCluster-EcsCluster-1AAGQRFIOE9AE,Service_beiakklem1vi3j5fejrg,1000,2,0.0612279442,0
1537428000,Prod-EcsStagingCluster-EcsCluster-1AAGQRFIOE9AE,Service_beiakklem1vi3j5fejrg,1000,2,0.1635827669,0
1537421640,Prod-EcsStagingCluster-EcsCluster-1AAGQRFIOE9AE,Service_beiakklem1vi3j5fejrg,1000,2,0.0782189626,0
1537385520,Prod-EcsStagingCluster-EcsCluster-1AAGQRFIOE9AE,Service_beiakklem1vi3j5fejrg,1000,2,0.0699316609,0
1537379160,Prod-EcsStagingCluster-EcsCluster-1AAGQRFIOE9AE,Service_beiakklem1vi3j5fejrg,1000,2,0.0716909407,1
1537404600,Prod-EcsStagingCluster-EcsCluster-1AAGQRFIOE9AE,Service_beiakklem1vi3j5fejrg,1000,2,0.0664106497,0
1537410960,Prod-EcsStagingCluster-EcsCluster-1AAGQRFIOE9AE,Service_beiakklem1vi3j5fejrg,1000,2,0.0708303327,0
1537358880,Prod-EcsStagingCluster-EcsCluster-1AAGQRFIOE9AE,Service_beiakklem1vi3j5fejrg,1000,2,0.0800898536,0
1537349340,Prod-EcsStagingCluster-EcsCluster-1AAGQRFIOE9AE,Service_beiakklem1vi3j5fejrg,1000,2,0.0728207287,0
1537380120,Prod-EcsStagingCluster-EcsCluster-1AAGQRFIOE9AE,Service_beiakklem1vi3j5fejrg,1000,2,0.0608147351,0
1537383300,Prod-EcsStagingCluster-EcsCluster-1AAGQRFIOE9AE,Service_beiakklem1vi3j5fejrg,1000,2,0.0703320321,0
1537384320,Prod-EcsStagingCluster-EcsCluster-1AAGQRFIOE9AE,Service_beiakklem1vi3j5fejrg,1000,2,0.0707780919,0
1537374780,Prod-EcsStagingCluster-EcsCluster-1AAGQRFIOE9AE,Service_beiakklem1vi3j5fejrg,1000,2,0.0673019165,0
1537405560,Prod-EcsStagingCluster-EcsCluster-1AAGQRFIOE9AE,Service_beiakklem1vi3j5fejrg,1000,2,0.0570483075,0
1537408740,Prod-EcsStagingCluster-EcsCluster-1AAGQRFIOE9AE,Service_beiakklem1vi3j5fejrg,1000,2,0.0717469799,0
1537408620,Prod-EcsStagingCluster-EcsCluster-1AAGQRFIOE9AE,Service_beiakklem1vi3j5fejrg,1000,2,0.0750608887,0
1537418160,Prod-EcsStagingCluster-EcsCluster-1AAGQRFIOE9AE,Service_beiakklem1vi3j5fejrg,1000,2,0.0565335154,0
1537354440,Prod-EcsStagingCluster-EcsCluster-1AAGQRFIOE9AE,Service_beiakklem1vi3j5fejrg,1000,2,0.0679454341,0
1537357620,Prod-EcsStagingCluster-EcsCluster-1AAGQRFIOE9AE,Service_beiakklem1vi3j5fejrg,1000,2,0.0882972084,0
1537379880,Prod-EcsStagingCluster-EcsCluster-1AAGQRFIOE9AE,Service_beiakklem1vi3j5fejrg,1000,2,0.0588122119,0
1537383060,Prod-EcsStagingCluster-EcsCluster-1AAGQRFIOE9AE,Service_beiakklem1vi3j5fejrg,1000,2,0.0706990461,0
1537392480,Prod-EcsStagingCluster-EcsCluster-1AAGQRFIOE9AE,Service_beiakklem1vi3j5fejrg,1000,2,0.0751027536,0
1537382940,Prod-EcsStagingCluster-EcsCluster-1AAGQRFIOE9AE,Service_beiakklem1vi3j5fejrg,1000,2,0.0704637645,0
1537413720,Prod-EcsStagingCluster-EcsCluster-1AAGQRFIOE9AE,Service_beiakklem1vi3j5fejrg,1000,2,0.0729964823,0
1537416900,Prod-EcsStagingCluster-EcsCluster-1AAGQRFIOE9AE,Service_beiakklem1vi3j5fejrg,1000,2,0.0717477034,0
1537350000,Prod-EcsStagingCluster-EcsCluster-1AAGQRFIOE9AE,Service_beiakklem1vi3j5fejrg,1000,2,0.0634993846,0
1537417920,Prod-EcsStagingCluster-EcsCluster-1AAGQRFIOE9AE,Service_beiakklem1vi3j5fejrg,1000,2,0.0710891842,0
1537408380,Prod-EcsStagingCluster-EcsCluster-1AAGQRFIOE9AE,Service_beiakklem1vi3j5fejrg,1000,2,0.0712676236,0
1537375440,Prod-EcsStagingCluster-EcsCluster-1AAGQRFIOE9AE,Service_beiakklem1vi3j5fejrg,1000,2,0.0677468179,0
1537365900,Prod-EcsStagingCluster-EcsCluster-1AAGQRFIOE9AE,Service_beiakklem1vi3j5fejrg,1000,2,0.0651938993,0
1537376400,Prod-EcsStagingCluster-EcsCluster-1AAGQRFIOE9AE,Service_beiakklem1vi3j5fejrg,1000,2,0.0696272456,0
1537391220,Prod-EcsStagingCluster-EcsCluster-1AAGQRFIOE9AE,Service_beiakklem1vi3j5fejrg,1000,2,0.0710544451,0
1537348740,Prod-EcsStagingCluster-EcsCluster-1AAGQRFIOE9AE,Service_beiakklem1vi3j5fejrg,1000,2,0.0819248228,0
1537416660,Prod-EcsStagingCluster-EcsCluster-1AAGQRFIOE9AE,Service_beiakklem1vi3j5fejrg,1000,2,0.0798984991,0
1537374180,Prod-EcsStagingCluster-EcsCluster-1AAGQRFIOE9AE,Service_beiakklem1vi3j5fejrg,1000,2,0.0678664276,0
1537389000,Prod-EcsStagingCluster-EcsCluster-1AAGQRFIOE9AE,Service_beiakklem1vi3j5fejrg,1000,2,0.0588842524,0
1537346520,Prod-EcsStagingCluster-EcsCluster-1AAGQRFIOE9AE,Service_beiakklem1vi3j5fejrg,1000,2,0.0699450809,0
1537414440,Prod-EcsStagingCluster-EcsCluster-1AAGQRFIOE9AE,Service_beiakklem1vi3j5fejrg,1000,2,0.0695300817,0
1537371960,Prod-EcsStagingCluster-EcsCluster-1AAGQRFIOE9AE,Service_beiakklem1vi3j5fejrg,1000,2,0.0597132093,0
1537416540,Prod-EcsStagingCluster-EcsCluster-1AAGQRFIOE9AE,Service_beiakklem1vi3j5fejrg,1000,2,0.0717835894,0
1537350720,Prod-EcsStagingCluster-EcsCluster-1AAGQRFIOE9AE,Service_beiakklem1vi3j5fejrg,1000,2,0.0696229519,0
1537374060,Prod-EcsStagingCluster-EcsCluster-1AAGQRFIOE9AE,Service_beiakklem1vi3j5fejrg,1000,2,0.0681641665,0
1537399500,Prod-EcsStagingCluster-EcsCluster-1AAGQRFIOE9AE,Service_beiakklem1vi3j5fejrg,1000,2,0.0696820698,0
1537348500,Prod-EcsStagingCluster-EcsCluster-1AAGQRFIOE9AE,Service_beiakklem1vi3j5fejrg,1000,2,0.0682953844,0
1537427040,Prod-EcsStagingCluster-EcsCluster-1AAGQRFIOE9AE,Service_beiakklem1vi3j5fejrg,1000,2,0.1718201927,0
1537384560,Prod-EcsStagingCluster-EcsCluster-1AAGQRFIOE9AE,Service_beiakklem1vi3j5fejrg,1000,2,0.0709175777,0
1537410000,Prod-EcsStagingCluster-EcsCluster-1AAGQRFIOE9AE,Service_beiakklem1vi3j5fejrg,1000,2,0.0707594759,0
1537346280,Prod-EcsStagingCluster-EcsCluster-1AAGQRFIOE9AE,Service_beiakklem1vi3j5fejrg,1000,2,0.0700432049,0
1537424820,Prod-EcsStagingCluster-EcsCluster-1AAGQRFIOE9AE,Service_beiakklem1vi3j5fejrg,1000,2,0.0713732188,0
1537348380,Prod-EcsStagingCluster-EcsCluster-1AAGQRFIOE9AE,Service_beiakklem1vi3j5fejrg,1000,2,0.0713007750,0
1537382340,Prod-EcsStagingCluster-EcsCluster-1AAGQRFIOE9AE,Service_beiakklem1vi3j5fejrg,1000,2,0.0799682292,0
1537373820,Prod-EcsStagingCluster-EcsCluster-1AAGQRFIOE9AE,Service_beiakklem1vi3j5fejrg,1000,2,0.0519125044,0
1537407780,Prod-EcsStagingCluster-EcsCluster-1AAGQRFIOE9AE,Service_beiakklem1vi3j5fejrg,1000,2,0.0712182552,0
1537422600,Prod-EcsStagingCluster-EcsCluster-1AAGQRFIOE9AE,Service_beiakklem1vi3j5fejrg,1000,2,0.0739916380,0
1537407660,Prod-EcsStagingCluster-EcsCluster-1AAGQRFIOE9AE,Service_beiakklem1vi3j5fejrg,1000,2,0.0668795807,0
1537420380,Prod-EcsStagingCluster-EcsCluster-1AAGQRFIOE9AE,Service_beiakklem1vi3j5fejrg,1000,2,0.0723443457,0
1537387440,Prod-EcsStagingCluster-EcsCluster-1AAGQRFIOE9AE,Service_beiakklem1vi3j5fejrg,1000,2,0.0675624686,0
1537381080,Prod-EcsStagingCluster-EcsCluster-1AAGQRFIOE9AE,Service_beiakklem1vi3j5fejrg,1000,2,0.0622763780,0
1537384260,Prod-EcsStagingCluster-EcsCluster-1AAGQRFIOE9AE,Service_beiakklem1vi3j5fejrg,1000,2,0.0747751982,0
1537412880,Prod-EcsStagingCluster-EcsCluster-1AAGQRFIOE9AE,Service_beiakklem1vi3j5fejrg,1000,2,0.0619028811,1
1537406520,Prod-EcsStagingCluster-EcsCluster-1AAGQRFIOE9AE,Service_beiakklem1vi3j5fejrg,1000,2,0.0675173348,0
1537409700,Prod-EcsStagingCluster-EcsCluster-1AAGQRFIOE9AE,Service_beiakklem1vi3j5fejrg,1000,2,0.0711833043,0
1537391520,Prod-EcsStagingCluster-EcsCluster-1AAGQRFIOE9AE,Service_beiakklem1vi3j5fejrg,1000,2,0.0713424051,0
1537385160,Prod-EcsStagingCluster-EcsCluster-1AAGQRFIOE9AE,Service_beiakklem1vi3j5fejrg,1000,2,0.0708651772,0
1537388340,Prod-EcsStagingCluster-EcsCluster-1AAGQRFIOE9AE,Service_beiakklem1vi3j5fejrg,1000,2,0.0693870591,0
1537352220,Prod-EcsStagingCluster-EcsCluster-1AAGQRFIOE9AE,Service_beiakklem1vi3j5fejrg,1000,2,0.0689633710,0
1537416960,Prod-EcsStagingCluster-EcsCluster-1AAGQRFIOE9AE,Service_beiakklem1vi3j5fejrg,1000,2,0.0654308973,0
1537410600,Prod-EcsStagingCluster-EcsCluster-1AAGQRFIOE9AE,Service_beiakklem1vi3j5fejrg,1000,2,0.0691344068,0
1537413780,Prod-EcsStagingCluster-EcsCluster-1AAGQRFIOE9AE,Service_beiakklem1vi3j5fejrg,1000,2,0.0721108028,0
1537377660,Prod-EcsStagingCluster-EcsCluster-1AAGQRFIOE9AE,Service_beiakklem1vi3j5fejrg,1000,2,0.0581953072,0
1537364940,Prod-EcsStagingCluster-EcsCluster-1AAGQRFIOE9AE,Service_beiakklem1vi3j5fejrg,1000,2,0.0714218842,0
1537414680,Prod-EcsStagingCluster-EcsCluster-1AAGQRFIOE9AE,Service_beiakklem1vi3j5fejrg,1000,2,0.0717993961,0
1537417860,Prod-EcsStagingCluster-EcsCluster-1AAGQRFIOE9AE,Service_beiakklem1vi3j5fejrg,1000,2,0.0725800931,1
1537421040,Prod-EcsStagingCluster-EcsCluster-1AAGQRFIOE9AE,Service_beiakklem1vi3j5fejrg,1000,2,0.0721028650,0
1537345620,Prod-EcsStagingCluster-EcsCluster-1AAGQRFIOE9AE,Service_beiakklem1vi3j5fejrg,1000,2,0.0749795849,0
1537415640,Prod-EcsStagingCluster-EcsCluster-1AAGQRFIOE9AE,Service_beiakklem1vi3j5fejrg,1000,2,0.0732810174,0
1537422000,Prod-EcsStagingCluster-EcsCluster-1AAGQRFIOE9AE,Service_beiakklem1vi3j5fejrg,1000,2,0.0736507175,0
1537349760,Prod-EcsStagingCluster-EcsCluster-1AAGQRFIOE9AE,Service_beiakklem1vi3j5fejrg,1000,2,0.0778904361,1
1537373100,Prod-EcsStagingCluster-EcsCluster-1AAGQRFIOE9AE,Service_beiakklem1vi3j5fejrg,1000,2,0.0676581441,0
1537421940,Prod-EcsStagingCluster-EcsCluster-1AAGQRFIOE9AE,Service_beiakklem1vi3j5fejrg,1000,2,0.0733449329,0
1537398540,Prod-EcsStagingCluster-EcsCluster-1AAGQRFIOE9AE,Service_beiakklem1vi3j5fejrg,1000,2,0.0682249921,0
1537385820,Prod-EcsStagingCluster-EcsCluster-1AAGQRFIOE9AE,Service_beiakklem1vi3j5fejrg,1000,2,0.0727472038,0
1537349700,Prod-EcsStagingCluster-EcsCluster-1AAGQRFIOE9AE,Service_beiakklem1vi3j5fejrg,1000,2,0.0726853503,0
1537411260,Prod-EcsStagingCluster-EcsCluster-1AAGQRFIOE9AE,Service_beiakklem1vi3j5fejrg,1000,2,0.0837698716,0
1537375140,Prod-EcsStagingCluster-EcsCluster-1AAGQRFIOE9AE,Service_beiakklem1vi3j5fejrg,1000,2,0.0681580607,0
1537419720,Prod-EcsStagingCluster-EcsCluster-1AAGQRFIOE9AE,Service_beiakklem1vi3j5fejrg,1000,2,0.0716822436,0
1537426080,Prod-EcsStagingCluster-EcsCluster-1AAGQRFIOE9AE,Service_beiakklem1vi3j5fejrg,1000,2,0.0738492292,0
1537353840,Prod-EcsStagingCluster-EcsCluster-1AAGQRFIOE9AE,Service_beiakklem1vi3j5fejrg,1000,2,0.0691399256,0
1537347480,Prod-EcsStagingCluster-EcsCluster-1AAGQRFIOE9AE,Service_beiakklem1vi3j5fejrg,1000,2,0.0707740032,0
1537372920,Prod-EcsStagingCluster-EcsCluster-1AAGQRFIOE9AE,Service_beiakklem1vi3j5fejrg,1000,2,0.0697940324,0
1537379280,Prod-EcsStagingCluster-EcsCluster-1AAGQRFIOE9AE,Service_beiakklem1vi3j5fejrg,1000,2,0.0708967273,0
1537353780,Prod-EcsStagingCluster-EcsCluster-1AAGQRFIOE9AE,Service_beiakklem1vi3j5fejrg,1000,2,0.0693738069,0
1537379220,Prod-EcsStagingCluster-EcsCluster-1AAGQRFIOE9AE,Service_beiakklem1vi3j5fejrg,1000,2,0.0715120620,0
1537351560,Prod-EcsStagingCluster-EcsCluster-1AAGQRFIOE9AE,Service_beiakklem1vi3j5fejrg,1000,2,0.0703061402,0
1537357920,Prod-EcsStagingCluster-EcsCluster-1AAGQRFIOE9AE,Service_beiakklem1vi3j5fejrg,1000,2,0.0704899018,0
1537377000,Prod-EcsStagingCluster-EcsCluster-1AAGQRFIOE9AE,Service_beiakklem1vi3j5fejrg,1000,2,0.0657778615,0
1537383360,Prod-EcsStagingCluster-EcsCluster-1AAGQRFIOE9AE,Service_beiakklem1vi3j5fejrg,1000,2,0.0697507130,0
1537406700,Prod-EcsStagingCluster-EcsCluster-1AAGQRFIOE9AE,Service_beiakklem1vi3j5fejrg,1000,2,0.0640318467,0
1537419420,Prod-EcsStagingCluster-EcsCluster-1AAGQRFIOE9AE,Service_beiakklem1vi3j5fejrg,1000,2,0.1093486319,0
1537352520,Prod-EcsStagingCluster-EcsCluster-1AAGQRFIOE9AE,Service_beiakklem1vi3j5fejrg,1000,2,0.0700892306,0
1537355700,Prod-EcsStagingCluster-EcsCluster-1AAGQRFIOE9AE,Service_beiakklem1vi3j5fejrg,1000,2,0.0699124731,0
1537386480,Prod-EcsStagingCluster-EcsCluster-1AAGQRFIOE9AE,Service_beiakklem1vi3j5fejrg,1000,2,0.0690855873,0
1537377960,Prod-EcsStagingCluster-EcsCluster-1AAGQRFIOE9AE,Service_beiakklem1vi3j5fejrg,1000,2,0.0688443148,0
1537381140,Prod-EcsStagingCluster-EcsCluster-1AAGQRFIOE9AE,Service_beiakklem1vi3j5fejrg,1000,2,0.0685650987,0
1537411920,Prod-EcsStagingCluster-EcsCluster-1AAGQRFIOE9AE,Service_beiakklem1vi3j5fejrg,1000,2,0.0713860784,0
1537390560,Prod-EcsStagingCluster-EcsCluster-1AAGQRFIOE9AE,Service_beiakklem1vi3j5fejrg,1000,2,0.0668135704,0
1537351260,Prod-EcsStagingCluster-EcsCluster-1AAGQRFIOE9AE,Service_beiakklem1vi3j5fejrg,1000,2,0.0698373338,0
1537385220,Prod-EcsStagingCluster-EcsCluster-1AAGQRFIOE9AE,Service_beiakklem1vi3j5fejrg,1000,2,0.0697381100,0
1537382040,Prod-EcsStagingCluster-EcsCluster-1AAGQRFIOE9AE,Service_beiakklem1vi3j5fejrg,1000,2,0.0682597337,0
1537416000,Prod-EcsStagingCluster-EcsCluster-1AAGQRFIOE9AE,Service_beiakklem1vi3j5fejrg,1000,2,0.0695700949,0
1537376700,Prod-EcsStagingCluster-EcsCluster-1AAGQRFIOE9AE,Service_beiakklem1vi3j5fejrg,1000,2,0.0934714032,0
1537410660,Prod-EcsStagingCluster-EcsCluster-1AAGQRFIOE9AE,Service_beiakklem1vi3j5fejrg,1000,2,0.0704255889,0
1537363980,Prod-EcsStagingCluster-EcsCluster-1AAGQRFIOE9AE,Service_beiakklem1vi3j5fejrg,1000,2,0.0674517146,0
1537407480,Prod-EcsStagingCluster-EcsCluster-1AAGQRFIOE9AE,Service_beiakklem1vi3j5fejrg,1000,2,0.0728036245,0
1537389300,Prod-EcsStagingCluster-EcsCluster-1AAGQRFIOE9AE,Service_beiakklem1vi3j5fejrg,1000,2,0.0598612163,0
1537386120,Prod-EcsStagingCluster-EcsCluster-1AAGQRFIOE9AE,Service_beiakklem1vi3j5fejrg,1000,2,0.0680479380,0
1537420080,Prod-EcsStagingCluster-EcsCluster-1AAGQRFIOE9AE,Service_beiakklem1vi3j5fejrg,1000,2,0.0719999788,0
1537411560,Prod-EcsStagingCluster-EcsCluster-1AAGQRFIOE9AE,Service_beiakklem1vi3j5fejrg,1000,2,0.0738468937,0
1537414740,Prod-EcsStagingCluster-EcsCluster-1AAGQRFIOE9AE,Service_beiakklem1vi3j5fejrg,1000,2,0.0717022555,0
1537347840,Prod-EcsStagingCluster-EcsCluster-1AAGQRFIOE9AE,Service_beiakklem1vi3j5fejrg,1000,2,0.0698813442,0
1537348800,Prod-EcsStagingCluster-EcsCluster-1AAGQRFIOE9AE,Service_beiakklem1vi3j5fejrg,1000,2,0.0692535736,0
1537372140,Prod-EcsStagingCluster-EcsCluster-1AAGQRFIOE9AE,Service_beiakklem1vi3j5fejrg,1000,2,0.0611910610,0
1537397580,Prod-EcsStagingCluster-EcsCluster-1AAGQRFIOE9AE,Service_beiakklem1vi3j5fejrg,1000,2,0.0707424459,0
1537384860,Prod-EcsStagingCluster-EcsCluster-1AAGQRFIOE9AE,Service_beiakklem1vi3j5fejrg,1000,2,0.0586742904,0
1537418820,Prod-EcsStagingCluster-EcsCluster-1AAGQRFIOE9AE,Service_beiakklem1vi3j5fejrg,1000,2,0.0723270974,0
1537410300,Prod-EcsStagingCluster-EcsCluster-1AAGQRFIOE9AE,Service_beiakklem1vi3j5fejrg,1000,2,0.0704520514,0
1537346580,Prod-EcsStagingCluster-EcsCluster-1AAGQRFIOE9AE,Service_beiakklem1vi3j5fejrg,1000,2,0.0817087752,0
1537425120,Prod-EcsStagingCluster-EcsCluster-1AAGQRFIOE9AE,Service_beiakklem1vi3j5fejrg,1000,2,0.0711858891,0
1537416600,Prod-EcsStagingCluster-EcsCluster-1AAGQRFIOE9AE,Service_beiakklem1vi3j5fejrg,1000,2,0.0690626919,0
1537352880,Prod-EcsStagingCluster-EcsCluster-1AAGQRFIOE9AE,Service_beiakklem1vi3j5fejrg,1000,2,0.0705830324,0
1537378320,Prod-EcsStagingCluster-EcsCluster-1AAGQRFIOE9AE,Service_beiakklem1vi3j5fejrg,1000,2,0.0688827209,0
1537422900,Prod-EcsStagingCluster-EcsCluster-1AAGQRFIOE9AE,Service_beiakklem1vi3j5fejrg,1000,2,0.0736942734,0
1537350660,Prod-EcsStagingCluster-EcsCluster-1AAGQRFIOE9AE,Service_beiakklem1vi3j5fejrg,1000,2,0.0809337386,0
1537376100,Prod-EcsStagingCluster-EcsCluster-1AAGQRFIOE9AE,Service_beiakklem1vi3j5fejrg,1000,2,0.0683803138,0
1537420680,Prod-EcsStagingCluster-EcsCluster-1AAGQRFIOE9AE,Service_beiakklem1vi3j5fejrg,1000,2,0.0667412543,0
1537356960,Prod-EcsStagingCluster-EcsCluster-1AAGQRFIOE9AE,Service_beiakklem1vi3j5fejrg,1000,2,0.0679574025,0
1537348440,Prod-EcsStagingCluster-EcsCluster-1AAGQRFIOE9AE,Service_beiakklem1vi3j5fejrg,1000,2,0.0723086184,0
1537382400,Prod-EcsStagingCluster-EcsCluster-1AAGQRFIOE9AE,Service_beiakklem1vi3j5fejrg,1000,2,0.0774993658,0
1537405740,Prod-EcsStagingCluster-EcsCluster-1AAGQRFIOE9AE,Service_beiakklem1vi3j5fejrg,1000,2,0.0683718790,0
1537373880,Prod-EcsStagingCluster-EcsCluster-1AAGQRFIOE9AE,Service_beiakklem1vi3j5fejrg,1000,2,0.0689731540,0
1537431180,Prod-EcsStagingCluster-EcsCluster-1AAGQRFIOE9AE,Service_beiakklem1vi3j5fejrg,1000,2,0.0553413434,0
1537418460,Prod-EcsStagingCluster-EcsCluster-1AAGQRFIOE9AE,Service_beiakklem1vi3j5fejrg,1000,2,0.0628949828,0
1537354740,Prod-EcsStagingCluster-EcsCluster-1AAGQRFIOE9AE,Service_beiakklem1vi3j5fejrg,1000,2,0.0676035301,0
1537380180,Prod-EcsStagingCluster-EcsCluster-1AAGQRFIOE9AE,Service_beiakklem1vi3j5fejrg,1000,2,0.0582271387,0
1537380060,Prod-EcsStagingCluster-EcsCluster-1AAGQRFIOE9AE,Service_beiakklem1vi3j5fejrg,1000,2,0.0601333931,0
1537383240,Prod-EcsStagingCluster-EcsCluster-1AAGQRFIOE9AE,Service_beiakklem1vi3j5fejrg,1000,2,0.0700284683,0
1537386420,Prod-EcsStagingCluster-EcsCluster-1AAGQRFIOE9AE,Service_beiakklem1vi3j5fejrg,1000,2,0.0682975046,0
1537389600,Prod-EcsStagingCluster-EcsCluster-1AAGQRFIOE9AE,Service_beiakklem1vi3j5fejrg,1000,2,0.0683495752,0
1537366200,Prod-EcsStagingCluster-EcsCluster-1AAGQRFIOE9AE,Service_beiakklem1vi3j5fejrg,1000,2,0.0599444763,0
1537369380,Prod-EcsStagingCluster-EcsCluster-1AAGQRFIOE9AE,Service_beiakklem1vi3j5fejrg,1000,2,0.0715307049,0
1537372560,Prod-EcsStagingCluster-EcsCluster-1AAGQRFIOE9AE,Service_beiakklem1vi3j5fejrg,1000,2,0.0665662879,0
1537345980,Prod-EcsStagingCluster-EcsCluster-1AAGQRFIOE9AE,Service_beiakklem1vi3j5fejrg,1000,2,0.0755517356,0
1537349160,Prod-EcsStagingCluster-EcsCluster-1AAGQRFIOE9AE,Service_beiakklem1vi3j5fejrg,1000,2,0.0708688086,0
1537352340,Prod-EcsStagingCluster-EcsCluster-1AAGQRFIOE9AE,Service_beiakklem1vi3j5fejrg,1000,2,0.0689663856,0
1537355520,Prod-EcsStagingCluster-EcsCluster-1AAGQRFIOE9AE,Service_beiakklem1vi3j5fejrg,1000,2,0.0688514277,0
1537386180,Prod-EcsStagingCluster-EcsCluster-1AAGQRFIOE9AE,Service_beiakklem1vi3j5fejrg,1000,2,0.0677125211,0
1537389360,Prod-EcsStagingCluster-EcsCluster-1AAGQRFIOE9AE,Service_beiakklem1vi3j5fejrg,1000,2,0.0602040424,0
1537383000,Prod-EcsStagingCluster-EcsCluster-1AAGQRFIOE9AE,Service_beiakklem1vi3j5fejrg,1000,2,0.0709908717,0
1537405260,Prod-EcsStagingCluster-EcsCluster-1AAGQRFIOE9AE,Service_beiakklem1vi3j5fejrg,1000,2,0.0686471062,0
1537413660,Prod-EcsStagingCluster-EcsCluster-1AAGQRFIOE9AE,Service_beiakklem1vi3j5fejrg,1000,2,0.0709978023,0
1537371180,Prod-EcsStagingCluster-EcsCluster-1AAGQRFIOE9AE,Service_beiakklem1vi3j5fejrg,1000,2,0.0769202033,0
1537416840,Prod-EcsStagingCluster-EcsCluster-1AAGQRFIOE9AE,Service_beiakklem1vi3j5fejrg,1000,2,0.0708401649,0
1537420020,Prod-EcsStagingCluster-EcsCluster-1AAGQRFIOE9AE,Service_beiakklem1vi3j5fejrg,1000,2,0.0715896749,0
1537423200,Prod-EcsStagingCluster-EcsCluster-1AAGQRFIOE9AE,Service_beiakklem1vi3j5fejrg,1000,2,0.0741364125,0
1537399800,Prod-EcsStagingCluster-EcsCluster-1AAGQRFIOE9AE,Service_beiakklem1vi3j5fejrg,1000,2,0.0607049925,0
1537402980,Prod-EcsStagingCluster-EcsCluster-1AAGQRFIOE9AE,Service_beiakklem1vi3j5fejrg,1000,2,0.0680144471,0
1537406160,Prod-EcsStagingCluster-EcsCluster-1AAGQRFIOE9AE,Service_beiakklem1vi3j5fejrg,1000,2,0.0679485959,0
1537379580,Prod-EcsStagingCluster-EcsCluster-1AAGQRFIOE9AE,Service_beiakklem1vi3j5fejrg,1000,2,0.0680358272,0
1537385940,Prod-EcsStagingCluster-EcsCluster-1AAGQRFIOE9AE,Service_beiakklem1vi3j5fejrg,1000,2,0.0715579814,0
1537417800,Prod-EcsStagingCluster-EcsCluster-1AAGQRFIOE9AE,Service_beiakklem1vi3j5fejrg,1000,2,0.0725959833,0
1537424160,Prod-EcsStagingCluster-EcsCluster-1AAGQRFIOE9AE,Service_beiakklem1vi3j5fejrg,1000,2,0.0649865161,0
1537400760,Prod-EcsStagingCluster-EcsCluster-1AAGQRFIOE9AE,Service_beiakklem1vi3j5fejrg,1000,2,0.0692026887,0
1537407120,Prod-EcsStagingCluster-EcsCluster-1AAGQRFIOE9AE,Service_beiakklem1vi3j5fejrg,1000,2,0.0756341834,0
1537383720,Prod-EcsStagingCluster-EcsCluster-1AAGQRFIOE9AE,Service_beiakklem1vi3j5fejrg,1000,2,0.0608841481,0
1537351860,Prod-EcsStagingCluster-EcsCluster-1AAGQRFIOE9AE,Service_beiakklem1vi3j5fejrg,1000,2,0.0810333226,0
1537345500,Prod-EcsStagingCluster-EcsCluster-1AAGQRFIOE9AE,Service_beiakklem1vi3j5fejrg,1000,2,0.0765922916,0
1537390080,Prod-EcsStagingCluster-EcsCluster-1AAGQRFIOE9AE,Service_beiakklem1vi3j5fejrg,1000,2,0.0607364901,0
1537419780,Prod-EcsStagingCluster-EcsCluster-1AAGQRFIOE9AE,Service_beiakklem1vi3j5fejrg,1000,2,0.0728087150,0
1537356000,Prod-EcsStagingCluster-EcsCluster-1AAGQRFIOE9AE,Service_beiakklem1vi3j5fejrg,1000,2,0.0680947781,0
1537423920,Prod-EcsStagingCluster-EcsCluster-1AAGQRFIOE9AE,Service_beiakklem1vi3j5fejrg,1000,2,0.1989502256,0
1537349640,Prod-EcsStagingCluster-EcsCluster-1AAGQRFIOE9AE,Service_beiakklem1vi3j5fejrg,1000,2,0.0697064771,0
1537417560,Prod-EcsStagingCluster-EcsCluster-1AAGQRFIOE9AE,Service_beiakklem1vi3j5fejrg,1000,2,0.0717459664,0
1537404780,Prod-EcsStagingCluster-EcsCluster-1AAGQRFIOE9AE,Service_beiakklem1vi3j5fejrg,1000,2,0.0601324112,1
1537351620,Prod-EcsStagingCluster-EcsCluster-1AAGQRFIOE9AE,Service_beiakklem1vi3j5fejrg,1000,2,0.0701801601,0
1537419540,Prod-EcsStagingCluster-EcsCluster-1AAGQRFIOE9AE,Service_beiakklem1vi3j5fejrg,1000,2,0.0729195652,0
1537413180,Prod-EcsStagingCluster-EcsCluster-1AAGQRFIOE9AE,Service_beiakklem1vi3j5fejrg,1000,2,0.0614913180,0
1537370700,Prod-EcsStagingCluster-EcsCluster-1AAGQRFIOE9AE,Service_beiakklem1vi3j5fejrg,1000,2,0.0698474443,0
1537355760,Prod-EcsStagingCluster-EcsCluster-1AAGQRFIOE9AE,Service_beiakklem1vi3j5fejrg,1000,2,0.0821729704,0
1537349400,Prod-EcsStagingCluster-EcsCluster-1AAGQRFIOE9AE,Service_beiakklem1vi3j5fejrg,1000,2,0.0720532045,0
1537417320,Prod-EcsStagingCluster-EcsCluster-1AAGQRFIOE9AE,Service_beiakklem1vi3j5fejrg,1000,2,0.0729520245,0
1537423680,Prod-EcsStagingCluster-EcsCluster-1AAGQRFIOE9AE,Service_beiakklem1vi3j5fejrg,1000,2,0.0734197343,0
1537379100,Prod-EcsStagingCluster-EcsCluster-1AAGQRFIOE9AE,Service_beiakklem1vi3j5fejrg,1000,2,0.0685029650,0
1537385460,Prod-EcsStagingCluster-EcsCluster-1AAGQRFIOE9AE,Service_beiakklem1vi3j5fejrg,1000,2,0.0711895610,0
1537353540,Prod-EcsStagingCluster-EcsCluster-1AAGQRFIOE9AE,Service_beiakklem1vi3j5fejrg,1000,2,0.0681487515,0
1537350360,Prod-EcsStagingCluster-EcsCluster-1AAGQRFIOE9AE,Service_beiakklem1vi3j5fejrg,1000,2,0.0675036783,0
1537418280,Prod-EcsStagingCluster-EcsCluster-1AAGQRFIOE9AE,Service_beiakklem1vi3j5fejrg,1000,2,0.0621004280,0
1537421460,Prod-EcsStagingCluster-EcsCluster-1AAGQRFIOE9AE,Service_beiakklem1vi3j5fejrg,1000,2,0.0673381800,0
1537371600,Prod-EcsStagingCluster-EcsCluster-1AAGQRFIOE9AE,Service_beiakklem1vi3j5fejrg,1000,2,0.0695542030,0
1537354560,Prod-EcsStagingCluster-EcsCluster-1AAGQRFIOE9AE,Service_beiakklem1vi3j5fejrg,1000,2,0.0677929035,0
1537384200,Prod-EcsStagingCluster-EcsCluster-1AAGQRFIOE9AE,Service_beiakklem1vi3j5fejrg,1000,2,0.0702083703,0
1537387380,Prod-EcsStagingCluster-EcsCluster-1AAGQRFIOE9AE,Service_beiakklem1vi3j5fejrg,1000,2,0.0699980085,0
1537388400,Prod-EcsStagingCluster-EcsCluster-1AAGQRFIOE9AE,Service_beiakklem1vi3j5fejrg,1000,2,0.0687344333,0
1537367160,Prod-EcsStagingCluster-EcsCluster-1AAGQRFIOE9AE,Service_beiakklem1vi3j5fejrg,1000,2,0.0683310280,0
1537370340,Prod-EcsStagingCluster-EcsCluster-1AAGQRFIOE9AE,Service_beiakklem1vi3j5fejrg,1000,2,0.0674379164,0
1537404300,Prod-EcsStagingCluster-EcsCluster-1AAGQRFIOE9AE,Service_beiakklem1vi3j5fejrg,1000,2,0.0661143254,0
1537412700,Prod-EcsStagingCluster-EcsCluster-1AAGQRFIOE9AE,Service_beiakklem1vi3j5fejrg,1000,2,0.1146013005,1
1537350120,Prod-EcsStagingCluster-EcsCluster-1AAGQRFIOE9AE,Service_beiakklem1vi3j5fejrg,1000,2,0.0659824075,0
1537353300,Prod-EcsStagingCluster-EcsCluster-1AAGQRFIOE9AE,Service_beiakklem1vi3j5fejrg,1000,2,0.0701048771,0
1537370220,Prod-EcsStagingCluster-EcsCluster-1AAGQRFIOE9AE,Service_beiakklem1vi3j5fejrg,1000,2,0.0696734051,0
1537422240,Prod-EcsStagingCluster-EcsCluster-1AAGQRFIOE9AE,Service_beiakklem1vi3j5fejrg,1000,2,0.0666495612,0
1537383960,Prod-EcsStagingCluster-EcsCluster-1AAGQRFIOE9AE,Service_beiakklem1vi3j5fejrg,1000,2,0.0602539297,0
1537387140,Prod-EcsStagingCluster-EcsCluster-1AAGQRFIOE9AE,Service_beiakklem1vi3j5fejrg,1000,2,0.0698966359,0
1537405200,Prod-EcsStagingCluster-EcsCluster-1AAGQRFIOE9AE,Service_beiakklem1vi3j5fejrg,1000,2,0.0681311192,0
1537378620,Prod-EcsStagingCluster-EcsCluster-1AAGQRFIOE9AE,Service_beiakklem1vi3j5fejrg,1000,2,0.0716650037,0
1537388160,Prod-EcsStagingCluster-EcsCluster-1AAGQRFIOE9AE,Service_beiakklem1vi3j5fejrg,1000,2,0.0676890509,0
1537420980,Prod-EcsStagingCluster-EcsCluster-1AAGQRFIOE9AE,Service_beiakklem1vi3j5fejrg,1000,2,0.0728288822,0
1537389120,Prod-EcsStagingCluster-EcsCluster-1AAGQRFIOE9AE,Service_beiakklem1vi3j5fejrg,1000,2,0.0642122342,0
1537403940,Prod-EcsStagingCluster-EcsCluster-1AAGQRFIOE9AE,Service_beiakklem1vi3j5fejrg,1000,2,0.0611103826,0
1537386900,Prod-EcsStagingCluster-EcsCluster-1AAGQRFIOE9AE,Service_beiakklem1vi3j5fejrg,1000,2,0.1143998142,0
1537418760,Prod-EcsStagingCluster-EcsCluster-1AAGQRFIOE9AE,Service_beiakklem1vi3j5fejrg,1000,2,0.0742668090,0
1537355040,Prod-EcsStagingCluster-EcsCluster-1AAGQRFIOE9AE,Service_beiakklem1vi3j5fejrg,1000,2,0.0666369764,0
1537422960,Prod-EcsStagingCluster-EcsCluster-1AAGQRFIOE9AE,Service_beiakklem1vi3j5fejrg,1000,2,0.0717287495,0
1537403820,Prod-EcsStagingCluster-EcsCluster-1AAGQRFIOE9AE,Service_beiakklem1vi3j5fejrg,1000,2,0.0684045013,0
1537401720,Prod-EcsStagingCluster-EcsCluster-1AAGQRFIOE9AE,Service_beiakklem1vi3j5fejrg,1000,2,0.0664416144,0
1537384680,Prod-EcsStagingCluster-EcsCluster-1AAGQRFIOE9AE,Service_beiakklem1vi3j5fejrg,1000,2,0.0610497353,1
1537352820,Prod-EcsStagingCluster-EcsCluster-1AAGQRFIOE9AE,Service_beiakklem1vi3j5fejrg,1000,2,0.0703204584,0
1537420740,Prod-EcsStagingCluster-EcsCluster-1AAGQRFIOE9AE,Service_beiakklem1vi3j5fejrg,1000,2,0.0720483471,0
1537412220,Prod-EcsStagingCluster-EcsCluster-1AAGQRFIOE9AE,Service_beiakklem1vi3j5fejrg,1000,2,0.0660637796,0
1537369740,Prod-EcsStagingCluster-EcsCluster-1AAGQRFIOE9AE,Service_beiakklem1vi3j5fejrg,1000,2,0.0702349540,0
1537350600,Prod-EcsStagingCluster-EcsCluster-1AAGQRFIOE9AE,Service_beiakklem1vi3j5fejrg,1000,2,0.0691609576,0
1537418520,Prod-EcsStagingCluster-EcsCluster-1AAGQRFIOE9AE,Service_beiakklem1vi3j5fejrg,1000,2,0.0633255908,0
1537354800,Prod-EcsStagingCluster-EcsCluster-1AAGQRFIOE9AE,Service_beiakklem1vi3j5fejrg,1000,2,0.0685105376,0
1537422720,Prod-EcsStagingCluster-EcsCluster-1AAGQRFIOE9AE,Service_beiakklem1vi3j5fejrg,1000,2,0.0736721546,0
1537378140,Prod-EcsStagingCluster-EcsCluster-1AAGQRFIOE9AE,Service_beiakklem1vi3j5fejrg,1000,2,0.0782334525,0
1537352580,Prod-EcsStagingCluster-EcsCluster-1AAGQRFIOE9AE,Service_beiakklem1vi3j5fejrg,1000,2,0.0792443896,0
1537420500,Prod-EcsStagingCluster-EcsCluster-1AAGQRFIOE9AE,Service_beiakklem1vi3j5fejrg,1000,2,0.0717275884,0
1537388640,Prod-EcsStagingCluster-EcsCluster-1AAGQRFIOE9AE,Service_beiakklem1vi3j5fejrg,1000,2,0.0690093491,0
1537350420,Prod-EcsStagingCluster-EcsCluster-1AAGQRFIOE9AE,Service_beiakklem1vi3j5fejrg,1000,2,0.0693574578,0
1537353600,Prod-EcsStagingCluster-EcsCluster-1AAGQRFIOE9AE,Service_beiakklem1vi3j5fejrg,1000,2,0.0701484683,0
1537351320,Prod-EcsStagingCluster-EcsCluster-1AAGQRFIOE9AE,Service_beiakklem1vi3j5fejrg,1000,2,0.0689616061,0
1537354500,Prod-EcsStagingCluster-EcsCluster-1AAGQRFIOE9AE,Service_beiakklem1vi3j5fejrg,1000,2,0.0689256018,0
1537416060,Prod-EcsStagingCluster-EcsCluster-1AAGQRFIOE9AE,Service_beiakklem1vi3j5fejrg,1000,2,0.0708285172,0
1537403340,Prod-EcsStagingCluster-EcsCluster-1AAGQRFIOE9AE,Service_beiakklem1vi3j5fejrg,1000,2,0.0637355867,0
1537357680,Prod-EcsStagingCluster-EcsCluster-1AAGQRFIOE9AE,Service_beiakklem1vi3j5fejrg,1000,2,0.0697665800,0
1537414920,Prod-EcsStagingCluster-EcsCluster-1AAGQRFIOE9AE,Service_beiakklem1vi3j5fejrg,1000,2,0.0762546087,0
1537369260,Prod-EcsStagingCluster-EcsCluster-1AAGQRFIOE9AE,Service_beiakklem1vi3j5fejrg,1000,2,0.0710077478,0
1537418100,Prod-EcsStagingCluster-EcsCluster-1AAGQRFIOE9AE,Service_beiakklem1vi3j5fejrg,1000,2,0.0636376651,0
1537421280,Prod-EcsStagingCluster-EcsCluster-1AAGQRFIOE9AE,Service_beiakklem1vi3j5fejrg,1000,2,0.0728276855,0
1537381980,Prod-EcsStagingCluster-EcsCluster-1AAGQRFIOE9AE,Service_beiakklem1vi3j5fejrg,1000,2,0.0692785127,0
1537374480,Prod-EcsStagingCluster-EcsCluster-1AAGQRFIOE9AE,Service_beiakklem1vi3j5fejrg,1000,2,0.0738992245,0
1537380840,Prod-EcsStagingCluster-EcsCluster-1AAGQRFIOE9AE,Service_beiakklem1vi3j5fejrg,1000,2,0.0674785652,0
1537384020,Prod-EcsStagingCluster-EcsCluster-1AAGQRFIOE9AE,Service_beiakklem1vi3j5fejrg,1000,2,0.0762822339,0
1537387200,Prod-EcsStagingCluster-EcsCluster-1AAGQRFIOE9AE,Service_beiakklem1vi3j5fejrg,1000,2,0.0681762896,0
1537368120,Prod-EcsStagingCluster-EcsCluster-1AAGQRFIOE9AE,Service_beiakklem1vi3j5fejrg,1000,2,0.0684933367,0
1537371300,Prod-EcsStagingCluster-EcsCluster-1AAGQRFIOE9AE,Service_beiakklem1vi3j5fejrg,1000,2,0.0694311545,0
1537347900,Prod-EcsStagingCluster-EcsCluster-1AAGQRFIOE9AE,Service_beiakklem1vi3j5fejrg,1000,2,0.0714964065,0
1537353120,Prod-EcsStagingCluster-EcsCluster-1AAGQRFIOE9AE,Service_beiakklem1vi3j5fejrg,1000,2,0.0684375203,0
1537346760,Prod-EcsStagingCluster-EcsCluster-1AAGQRFIOE9AE,Service_beiakklem1vi3j5fejrg,1000,2,0.0709958377,0
1537349940,Prod-EcsStagingCluster-EcsCluster-1AAGQRFIOE9AE,Service_beiakklem1vi3j5fejrg,1000,2,0.0703351139,0
1537384920,Prod-EcsStagingCluster-EcsCluster-1AAGQRFIOE9AE,Service_beiakklem1vi3j5fejrg,1000,2,0.0606177007,0
1537388100,Prod-EcsStagingCluster-EcsCluster-1AAGQRFIOE9AE,Service_beiakklem1vi3j5fejrg,1000,2,0.0702028580,0
1537391280,Prod-EcsStagingCluster-EcsCluster-1AAGQRFIOE9AE,Service_beiakklem1vi3j5fejrg,1000,2,0.0700043819,0
1537354080,Prod-EcsStagingCluster-EcsCluster-1AAGQRFIOE9AE,Service_beiakklem1vi3j5fejrg,1000,2,0.0706626783,0
1537347720,Prod-EcsStagingCluster-EcsCluster-1AAGQRFIOE9AE,Service_beiakklem1vi3j5fejrg,1000,2,0.0699647908,0
1537385880,Prod-EcsStagingCluster-EcsCluster-1AAGQRFIOE9AE,Service_beiakklem1vi3j5fejrg,1000,2,0.0712404045,0
1537392240,Prod-EcsStagingCluster-EcsCluster-1AAGQRFIOE9AE,Service_beiakklem1vi3j5fejrg,1000,2,0.0715154679,0
1537402860,Prod-EcsStagingCluster-EcsCluster-1AAGQRFIOE9AE,Service_beiakklem1vi3j5fejrg,1000,2,0.0692803122,0
1537415580,Prod-EcsStagingCluster-EcsCluster-1AAGQRFIOE9AE,Service_beiakklem1vi3j5fejrg,1000,2,0.0729665032,0
1537417620,Prod-EcsStagingCluster-EcsCluster-1AAGQRFIOE9AE,Service_beiakklem1vi3j5fejrg,1000,2,0.0729400725,0
1537404900,Prod-EcsStagingCluster-EcsCluster-1AAGQRFIOE9AE,Service_beiakklem1vi3j5fejrg,1000,2,0.0708649781,0
1537381500,Prod-EcsStagingCluster-EcsCluster-1AAGQRFIOE9AE,Service_beiakklem1vi3j5fejrg,1000,2,0.0693050175,0
1537368780,Prod-EcsStagingCluster-EcsCluster-1AAGQRFIOE9AE,Service_beiakklem1vi3j5fejrg,1000,2,0.0695554392,0
1537415400,Prod-EcsStagingCluster-EcsCluster-1AAGQRFIOE9AE,Service_beiakklem1vi3j5fejrg,1000,2,0.0745634225,0
1537421760,Prod-EcsStagingCluster-EcsCluster-1AAGQRFIOE9AE,Service_beiakklem1vi3j5fejrg,1000,2,0.0707178795,0
1537402680,Prod-EcsStagingCluster-EcsCluster-1AAGQRFIOE9AE,Service_beiakklem1vi3j5fejrg,1000,2,0.0600203635,1
1537409040,Prod-EcsStagingCluster-EcsCluster-1AAGQRFIOE9AE,Service_beiakklem1vi3j5fejrg,1000,2,0.0721628697,0
1537383540,Prod-EcsStagingCluster-EcsCluster-1AAGQRFIOE9AE,Service_beiakklem1vi3j5fejrg,1000,2,0.0714004695,0
1537347420,Prod-EcsStagingCluster-EcsCluster-1AAGQRFIOE9AE,Service_beiakklem1vi3j5fejrg,1000,2,0.0695185063,0
1537421700,Prod-EcsStagingCluster-EcsCluster-1AAGQRFIOE9AE,Service_beiakklem1vi3j5fejrg,1000,2,0.0713815598,0
1537381320,Prod-EcsStagingCluster-EcsCluster-1AAGQRFIOE9AE,Service_beiakklem1vi3j5fejrg,1000,2,0.0689150214,0
1537387680,Prod-EcsStagingCluster-EcsCluster-1AAGQRFIOE9AE,Service_beiakklem1vi3j5fejrg,1000,2,0.0686829901,0
1537425840,Prod-EcsStagingCluster-EcsCluster-1AAGQRFIOE9AE,Service_beiakklem1vi3j5fejrg,1000,2,0.1743766694,1
1537349460,Prod-EcsStagingCluster-EcsCluster-1AAGQRFIOE9AE,Service_beiakklem1vi3j5fejrg,1000,2,0.0729333282,0
1537419480,Prod-EcsStagingCluster-EcsCluster-1AAGQRFIOE9AE,Service_beiakklem1vi3j5fejrg,1000,2,0.0673559995,0
1537347240,Prod-EcsStagingCluster-EcsCluster-1AAGQRFIOE9AE,Service_beiakklem1vi3j5fejrg,1000,2,0.0691211185,0
1537423620,Prod-EcsStagingCluster-EcsCluster-1AAGQRFIOE9AE,Service_beiakklem1vi3j5fejrg,1000,2,0.0744348329,0
1537420440,Prod-EcsStagingCluster-EcsCluster-1AAGQRFIOE9AE,Service_beiakklem1vi3j5fejrg,1000,2,0.0721212164,0
1537356720,Prod-EcsStagingCluster-EcsCluster-1AAGQRFIOE9AE,Service_beiakklem1vi3j5fejrg,1000,2,0.0700421115,0
1537415100,Prod-EcsStagingCluster-EcsCluster-1AAGQRFIOE9AE,Service_beiakklem1vi3j5fejrg,1000,2,0.0712906571,0
1537402380,Prod-EcsStagingCluster-EcsCluster-1AAGQRFIOE9AE,Service_beiakklem1vi3j5fejrg,1000,2,0.0697370761,0
1537348200,Prod-EcsStagingCluster-EcsCluster-1AAGQRFIOE9AE,Service_beiakklem1vi3j5fejrg,1000,2,0.0721060490,0
1537351380,Prod-EcsStagingCluster-EcsCluster-1AAGQRFIOE9AE,Service_beiakklem1vi3j5fejrg,1000,2,0.0688691480,0
1537368300,Prod-EcsStagingCluster-EcsCluster-1AAGQRFIOE9AE,Service_beiakklem1vi3j5fejrg,1000,2,0.0689622070,0
1537420320,Prod-EcsStagingCluster-EcsCluster-1AAGQRFIOE9AE,Service_beiakklem1vi3j5fejrg,1000,2,0.0710540116,0
1537381020,Prod-EcsStagingCluster-EcsCluster-1AAGQRFIOE9AE,Service_beiakklem1vi3j5fejrg,1000,2,0.0677688419,0
1537352280,Prod-EcsStagingCluster-EcsCluster-1AAGQRFIOE9AE,Service_beiakklem1vi3j5fejrg,1000,2,0.0795565902,0
1537355460,Prod-EcsStagingCluster-EcsCluster-1AAGQRFIOE9AE,Service_beiakklem1vi3j5fejrg,1000,2,0.0691070874,0
1537386240,Prod-EcsStagingCluster-EcsCluster-1AAGQRFIOE9AE,Service_beiakklem1vi3j5fejrg,1000,2,0.0681231631,0
1537373520,Prod-EcsStagingCluster-EcsCluster-1AAGQRFIOE9AE,Service_beiakklem1vi3j5fejrg,1000,2,0.0504167730,0
1537346940,Prod-EcsStagingCluster-EcsCluster-1AAGQRFIOE9AE,Service_beiakklem1vi3j5fejrg,1000,2,0.0700753760,0
1537415880,Prod-EcsStagingCluster-EcsCluster-1AAGQRFIOE9AE,Service_beiakklem1vi3j5fejrg,1000,2,0.0734617973,1
1537419060,Prod-EcsStagingCluster-EcsCluster-1AAGQRFIOE9AE,Service_beiakklem1vi3j5fejrg,1000,2,0.0727078111,0
1537352160,Prod-EcsStagingCluster-EcsCluster-1AAGQRFIOE9AE,Service_beiakklem1vi3j5fejrg,1000,2,0.0699062655,0
1537390320,Prod-EcsStagingCluster-EcsCluster-1AAGQRFIOE9AE,Service_beiakklem1vi3j5fejrg,1000,2,0.0600981245,0
1537381800,Prod-EcsStagingCluster-EcsCluster-1AAGQRFIOE9AE,Service_beiakklem1vi3j5fejrg,1000,2,0.0641600311,0
1537384980,Prod-EcsStagingCluster-EcsCluster-1AAGQRFIOE9AE,Service_beiakklem1vi3j5fejrg,1000,2,0.0619400177,0
1537369080,Prod-EcsStagingCluster-EcsCluster-1AAGQRFIOE9AE,Service_beiakklem1vi3j5fejrg,1000,2,0.0793679008,0
1537372260,Prod-EcsStagingCluster-EcsCluster-1AAGQRFIOE9AE,Service_beiakklem1vi3j5fejrg,1000,2,0.0614562083,0
1537401900,Prod-EcsStagingCluster-EcsCluster-1AAGQRFIOE9AE,Service_beiakklem1vi3j5fejrg,1000,2,0.0669490520,0
1537414620,Prod-EcsStagingCluster-EcsCluster-1AAGQRFIOE9AE,Service_beiakklem1vi3j5fejrg,1000,2,0.0713352252,0
1537382760,Prod-EcsStagingCluster-EcsCluster-1AAGQRFIOE9AE,Service_beiakklem1vi3j5fejrg,1000,2,0.0696045290,0
1537370040,Prod-EcsStagingCluster-EcsCluster-1AAGQRFIOE9AE,Service_beiakklem1vi3j5fejrg,1000,2,0.0693323623,0
1537350900,Prod-EcsStagingCluster-EcsCluster-1AAGQRFIOE9AE,Service_beiakklem1vi3j5fejrg,1000,2,0.0733953842,0
1537389060,Prod-EcsStagingCluster-EcsCluster-1AAGQRFIOE9AE,Service_beiakklem1vi3j5fejrg,1000,2,0.0593603566,0
1537380540,Prod-EcsStagingCluster-EcsCluster-1AAGQRFIOE9AE,Service_beiakklem1vi3j5fejrg,1000,2,0.0684374960,0
1537367820,Prod-EcsStagingCluster-EcsCluster-1AAGQRFIOE9AE,Service_beiakklem1vi3j5fejrg,1000,2,0.0607408787,0
1537348680,Prod-EcsStagingCluster-EcsCluster-1AAGQRFIOE9AE,Service_beiakklem1vi3j5fejrg,1000,2,0.2015265693,0
1537386840,Prod-EcsStagingCluster-EcsCluster-1AAGQRFIOE9AE,Service_beiakklem1vi3j5fejrg,1000,2,0.0694929712,0
1537420800,Prod-EcsStagingCluster-EcsCluster-1AAGQRFIOE9AE,Service_beiakklem1vi3j5fejrg,1000,2,0.0719403927,0
1537408080,Prod-EcsStagingCluster-EcsCluster-1AAGQRFIOE9AE,Service_beiakklem1vi3j5fejrg,1000,2,0.0730464590,0
1537346460,Prod-EcsStagingCluster-EcsCluster-1AAGQRFIOE9AE,Service_beiakklem1vi3j5fejrg,1000,2,0.0699538790,0
1537418580,Prod-EcsStagingCluster-EcsCluster-1AAGQRFIOE9AE,Service_beiakklem1vi3j5fejrg,1000,2,0.0725005464,0
1537405860,Prod-EcsStagingCluster-EcsCluster-1AAGQRFIOE9AE,Service_beiakklem1vi3j5fejrg,1000,2,0.0679464781,0
1537386720,Prod-EcsStagingCluster-EcsCluster-1AAGQRFIOE9AE,Service_beiakklem1vi3j5fejrg,1000,2,0.0808316585,0
1537424880,Prod-EcsStagingCluster-EcsCluster-1AAGQRFIOE9AE,Service_beiakklem1vi3j5fejrg,1000,2,0.0741185462,0
1537416360,Prod-EcsStagingCluster-EcsCluster-1AAGQRFIOE9AE,Service_beiakklem1vi3j5fejrg,1000,2,0.0699528604,0
1537403640,Prod-EcsStagingCluster-EcsCluster-1AAGQRFIOE9AE,Service_beiakklem1vi3j5fejrg,1000,2,0.0703186780,0
1537384500,Prod-EcsStagingCluster-EcsCluster-1AAGQRFIOE9AE,Service_beiakklem1vi3j5fejrg,1000,2,0.0708429091,0
1537422660,Prod-EcsStagingCluster-EcsCluster-1AAGQRFIOE9AE,Service_beiakklem1vi3j5fejrg,1000,2,0.0743726779,0
1537352640,Prod-EcsStagingCluster-EcsCluster-1AAGQRFIOE9AE,Service_beiakklem1vi3j5fejrg,1000,2,0.0702144978,0
1537414140,Prod-EcsStagingCluster-EcsCluster-1AAGQRFIOE9AE,Service_beiakklem1vi3j5fejrg,1000,2,0.0712319983,0
1537401420,Prod-EcsStagingCluster-EcsCluster-1AAGQRFIOE9AE,Service_beiakklem1vi3j5fejrg,1000,2,0.0653530452,0
1537382280,Prod-EcsStagingCluster-EcsCluster-1AAGQRFIOE9AE,Service_beiakklem1vi3j5fejrg,1000,2,0.0692636208,1
1537409820,Prod-EcsStagingCluster-EcsCluster-1AAGQRFIOE9AE,Service_beiakklem1vi3j5fejrg,1000,2,0.0714416085,0
1537416180,Prod-EcsStagingCluster-EcsCluster-1AAGQRFIOE9AE,Service_beiakklem1vi3j5fejrg,1000,2,0.0692093630,0
1537387560,Prod-EcsStagingCluster-EcsCluster-1AAGQRFIOE9AE,Service_beiakklem1vi3j5fejrg,1000,2,0.0698434572,0
1537393920,Prod-EcsStagingCluster-EcsCluster-1AAGQRFIOE9AE,Service_beiakklem1vi3j5fejrg,1000,2,0.0678506209,0
1537373700,Prod-EcsStagingCluster-EcsCluster-1AAGQRFIOE9AE,Service_beiakklem1vi3j5fejrg,1000,2,0.0508651706,0
1537348260,Prod-EcsStagingCluster-EcsCluster-1AAGQRFIOE9AE,Service_beiakklem1vi3j5fejrg,1000,2,0.0708949039,0
1537392780,Prod-EcsStagingCluster-EcsCluster-1AAGQRFIOE9AE,Service_beiakklem1vi3j5fejrg,1000,2,0.0690655226,0
1537399140,Prod-EcsStagingCluster-EcsCluster-1AAGQRFIOE9AE,Service_beiakklem1vi3j5fejrg,1000,2,0.0834496605,0
1537424580,Prod-EcsStagingCluster-EcsCluster-1AAGQRFIOE9AE,Service_beiakklem1vi3j5fejrg,1000,2,0.2142631743,0
1537351200,Prod-EcsStagingCluster-EcsCluster-1AAGQRFIOE9AE,Service_beiakklem1vi3j5fejrg,1000,2,0.0699218093,0
1537395720,Prod-EcsStagingCluster-EcsCluster-1AAGQRFIOE9AE,Service_beiakklem1vi3j5fejrg,1000,2,0.0655478543,0
1537373460,Prod-EcsStagingCluster-EcsCluster-1AAGQRFIOE9AE,Service_beiakklem1vi3j5fejrg,1000,2,0.0515725269,0
1537367100,Prod-EcsStagingCluster-EcsCluster-1AAGQRFIOE9AE,Service_beiakklem1vi3j5fejrg,1000,2,0.0684137325,0
1537350060,Prod-EcsStagingCluster-EcsCluster-1AAGQRFIOE9AE,Service_beiakklem1vi3j5fejrg,1000,2,0.0660988782,0
1537353240,Prod-EcsStagingCluster-EcsCluster-1AAGQRFIOE9AE,Service_beiakklem1vi3j5fejrg,1000,2,0.0674657411,0
1537417980,Prod-EcsStagingCluster-EcsCluster-1AAGQRFIOE9AE,Service_beiakklem1vi3j5fejrg,1000,2,0.0636287591,0
1537424340,Prod-EcsStagingCluster-EcsCluster-1AAGQRFIOE9AE,Service_beiakklem1vi3j5fejrg,1000,2,0.0644293708,0
1537402080,Prod-EcsStagingCluster-EcsCluster-1AAGQRFIOE9AE,Service_beiakklem1vi3j5fejrg,1000,2,0.0694187456,0
1537378680,Prod-EcsStagingCluster-EcsCluster-1AAGQRFIOE9AE,Service_beiakklem1vi3j5fejrg,1000,2,0.0703014385,0
1537359600,Prod-EcsStagingCluster-EcsCluster-1AAGQRFIOE9AE,Service_beiakklem1vi3j5fejrg,1000,2,0.0701734945,0
1537404120,Prod-EcsStagingCluster-EcsCluster-1AAGQRFIOE9AE,Service_beiakklem1vi3j5fejrg,1000,2,0.0677538609,0
1537410480,Prod-EcsStagingCluster-EcsCluster-1AAGQRFIOE9AE,Service_beiakklem1vi3j5fejrg,1000,2,0.0707277729,0
1537385040,Prod-EcsStagingCluster-EcsCluster-1AAGQRFIOE9AE,Service_beiakklem1vi3j5fejrg,1000,2,0.0716243084,0
1537400940,Prod-EcsStagingCluster-EcsCluster-1AAGQRFIOE9AE,Service_beiakklem1vi3j5fejrg,1000,2,0.0734505272,0
1537429560,Prod-EcsStagingCluster-EcsCluster-1AAGQRFIOE9AE,Service_beiakklem1vi3j5fejrg,1000,2,0.0542863970,0
1537375260,Prod-EcsStagingCluster-EcsCluster-1AAGQRFIOE9AE,Service_beiakklem1vi3j5fejrg,1000,2,0.0682053430,0
1537381620,Prod-EcsStagingCluster-EcsCluster-1AAGQRFIOE9AE,Service_beiakklem1vi3j5fejrg,1000,2,0.0687878146,0
1537358220,Prod-EcsStagingCluster-EcsCluster-1AAGQRFIOE9AE,Service_beiakklem1vi3j5fejrg,1000,2,0.0810265903,0
1537426140,Prod-EcsStagingCluster-EcsCluster-1AAGQRFIOE9AE,Service_beiakklem1vi3j5fejrg,1000,2,0.1718989532,0
1537390020,Prod-EcsStagingCluster-EcsCluster-1AAGQRFIOE9AE,Service_beiakklem1vi3j5fejrg,1000,2,0.0617816819,0
1537364580,Prod-EcsStagingCluster-EcsCluster-1AAGQRFIOE9AE,Service_beiakklem1vi3j5fejrg,1000,2,0.0688285389,0
1537409100,Prod-EcsStagingCluster-EcsCluster-1AAGQRFIOE9AE,Service_beiakklem1vi3j5fejrg,1000,2,0.0698563761,0
1537415460,Prod-EcsStagingCluster-EcsCluster-1AAGQRFIOE9AE,Service_beiakklem1vi3j5fejrg,1000,2,0.0721106833,0
1537379400,Prod-EcsStagingCluster-EcsCluster-1AAGQRFIOE9AE,Service_beiakklem1vi3j5fejrg,1000,2,0.0690302108,0
1537385760,Prod-EcsStagingCluster-EcsCluster-1AAGQRFIOE9AE,Service_beiakklem1vi3j5fejrg,1000,2,0.0721775708,0
1537362360,Prod-EcsStagingCluster-EcsCluster-1AAGQRFIOE9AE,Service_beiakklem1vi3j5fejrg,1000,2,0.0594051915,0
1537430280,Prod-EcsStagingCluster-EcsCluster-1AAGQRFIOE9AE,Service_beiakklem1vi3j5fejrg,1000,2,0.0550273330,0
1537387800,Prod-EcsStagingCluster-EcsCluster-1AAGQRFIOE9AE,Service_beiakklem1vi3j5fejrg,1000,2,0.0744101288,0
1537394160,Prod-EcsStagingCluster-EcsCluster-1AAGQRFIOE9AE,Service_beiakklem1vi3j5fejrg,1000,2,0.0689201591,0
1537368720,Prod-EcsStagingCluster-EcsCluster-1AAGQRFIOE9AE,Service_beiakklem1vi3j5fejrg,1000,2,0.0676513712,0
1537413240,Prod-EcsStagingCluster-EcsCluster-1AAGQRFIOE9AE,Service_beiakklem1vi3j5fejrg,1000,2,0.0606096431,0
1537419600,Prod-EcsStagingCluster-EcsCluster-1AAGQRFIOE9AE,Service_beiakklem1vi3j5fejrg,1000,2,0.0728482356,0
1537383420,Prod-EcsStagingCluster-EcsCluster-1AAGQRFIOE9AE,Service_beiakklem1vi3j5fejrg,1000,2,0.0634546893,0
1537389780,Prod-EcsStagingCluster-EcsCluster-1AAGQRFIOE9AE,Service_beiakklem1vi3j5fejrg,1000,2,0.0706431796,0
1537366380,Prod-EcsStagingCluster-EcsCluster-1AAGQRFIOE9AE,Service_beiakklem1vi3j5fejrg,1000,2,0.0598717804,0
1537426800,Prod-EcsStagingCluster-EcsCluster-1AAGQRFIOE9AE,Service_beiakklem1vi3j5fejrg,1000,2,0.0709093125,0
1537417260,Prod-EcsStagingCluster-EcsCluster-1AAGQRFIOE9AE,Service_beiakklem1vi3j5fejrg,1000,2,0.0712091802,0
1537363080,Prod-EcsStagingCluster-EcsCluster-1AAGQRFIOE9AE,Service_beiakklem1vi3j5fejrg,1000,2,0.0808672089,0
1537413960,Prod-EcsStagingCluster-EcsCluster-1AAGQRFIOE9AE,Service_beiakklem1vi3j5fejrg,1000,2,0.0658190550,0
1537391700,Prod-EcsStagingCluster-EcsCluster-1AAGQRFIOE9AE,Service_beiakklem1vi3j5fejrg,1000,2,0.0781017643,0
1537371480,Prod-EcsStagingCluster-EcsCluster-1AAGQRFIOE9AE,Service_beiakklem1vi3j5fejrg,1000,2,0.0694020438,0
1537346040,Prod-EcsStagingCluster-EcsCluster-1AAGQRFIOE9AE,Service_beiakklem1vi3j5fejrg,1000,2,0.0766586594,0
1537396920,Prod-EcsStagingCluster-EcsCluster-1AAGQRFIOE9AE,Service_beiakklem1vi3j5fejrg,1000,2,0.1477663255,0
1537391580,Prod-EcsStagingCluster-EcsCluster-1AAGQRFIOE9AE,Service_beiakklem1vi3j5fejrg,1000,2,0.0730786526,0
1537422360,Prod-EcsStagingCluster-EcsCluster-1AAGQRFIOE9AE,Service_beiakklem1vi3j5fejrg,1000,2,0.0749779032,0
1537375680,Prod-EcsStagingCluster-EcsCluster-1AAGQRFIOE9AE,Service_beiakklem1vi3j5fejrg,1000,2,0.0704634872,2
1537374540,Prod-EcsStagingCluster-EcsCluster-1AAGQRFIOE9AE,Service_beiakklem1vi3j5fejrg,1000,2,0.0666174188,0
1537426560,Prod-EcsStagingCluster-EcsCluster-1AAGQRFIOE9AE,Service_beiakklem1vi3j5fejrg,1000,2,0.0731229057,0
1537425420,Prod-EcsStagingCluster-EcsCluster-1AAGQRFIOE9AE,Service_beiakklem1vi3j5fejrg,1000,2,0.0711146972,0
1537348980,Prod-EcsStagingCluster-EcsCluster-1AAGQRFIOE9AE,Service_beiakklem1vi3j5fejrg,1000,2,0.0714458951,0
1537371240,Prod-EcsStagingCluster-EcsCluster-1AAGQRFIOE9AE,Service_beiakklem1vi3j5fejrg,1000,2,0.0803692257,0
1537422120,Prod-EcsStagingCluster-EcsCluster-1AAGQRFIOE9AE,Service_beiakklem1vi3j5fejrg,1000,2,0.0723269434,0
1537399860,Prod-EcsStagingCluster-EcsCluster-1AAGQRFIOE9AE,Service_beiakklem1vi3j5fejrg,1000,2,0.0499059171,0
1537357380,Prod-EcsStagingCluster-EcsCluster-1AAGQRFIOE9AE,Service_beiakklem1vi3j5fejrg,1000,2,0.0692663145,0
1537408260,Prod-EcsStagingCluster-EcsCluster-1AAGQRFIOE9AE,Service_beiakklem1vi3j5fejrg,1000,2,0.0741219506,0
1537348860,Prod-EcsStagingCluster-EcsCluster-1AAGQRFIOE9AE,Service_beiakklem1vi3j5fejrg,1000,2,0.0723659731,0
1537382820,Prod-EcsStagingCluster-EcsCluster-1AAGQRFIOE9AE,Service_beiakklem1vi3j5fejrg,1000,2,0.0683858305,0
1537355160,Prod-EcsStagingCluster-EcsCluster-1AAGQRFIOE9AE,Service_beiakklem1vi3j5fejrg,1000,2,0.0679142750,0
1537399740,Prod-EcsStagingCluster-EcsCluster-1AAGQRFIOE9AE,Service_beiakklem1vi3j5fejrg,1000,2,0.0617015013,0
1537380600,Prod-EcsStagingCluster-EcsCluster-1AAGQRFIOE9AE,Service_beiakklem1vi3j5fejrg,1000,2,0.0676511467,0
1537406040,Prod-EcsStagingCluster-EcsCluster-1AAGQRFIOE9AE,Service_beiakklem1vi3j5fejrg,1000,2,0.0678044302,0
1537359360,Prod-EcsStagingCluster-EcsCluster-1AAGQRFIOE9AE,Service_beiakklem1vi3j5fejrg,1000,2,0.0696432709,0
1537382700,Prod-EcsStagingCluster-EcsCluster-1AAGQRFIOE9AE,Service_beiakklem1vi3j5fejrg,1000,2,0.0700193218,0
1537431480,Prod-EcsStagingCluster-EcsCluster-1AAGQRFIOE9AE,Service_beiakklem1vi3j5fejrg,1000,2,0.0555163103,0
1537410240,Prod-EcsStagingCluster-EcsCluster-1AAGQRFIOE9AE,Service_beiakklem1vi3j5fejrg,1000,2,0.0700477934,0
1537357140,Prod-EcsStagingCluster-EcsCluster-1AAGQRFIOE9AE,Service_beiakklem1vi3j5fejrg,1000,2,0.0683155256,0
1537408020,Prod-EcsStagingCluster-EcsCluster-1AAGQRFIOE9AE,Service_beiakklem1vi3j5fejrg,1000,2,0.0668944019,0
1537357020,Prod-EcsStagingCluster-EcsCluster-1AAGQRFIOE9AE,Service_beiakklem1vi3j5fejrg,1000,2,0.0685269558,0
1537354920,Prod-EcsStagingCluster-EcsCluster-1AAGQRFIOE9AE,Service_beiakklem1vi3j5fejrg,1000,2,0.0797272492,0
1537407900,Prod-EcsStagingCluster-EcsCluster-1AAGQRFIOE9AE,Service_beiakklem1vi3j5fejrg,1000,2,0.0732541617,0
1537405800,Prod-EcsStagingCluster-EcsCluster-1AAGQRFIOE9AE,Service_beiakklem1vi3j5fejrg,1000,2,0.0669439387,0
1537390860,Prod-EcsStagingCluster-EcsCluster-1AAGQRFIOE9AE,Service_beiakklem1vi3j5fejrg,1000,2,0.0709474667,0
1537367520,Prod-EcsStagingCluster-EcsCluster-1AAGQRFIOE9AE,Service_beiakklem1vi3j5fejrg,1000,2,0.0599165638,0
1537418400,Prod-EcsStagingCluster-EcsCluster-1AAGQRFIOE9AE,Service_beiakklem1vi3j5fejrg,1000,2,0.0633454294,0
1537375920,Prod-EcsStagingCluster-EcsCluster-1AAGQRFIOE9AE,Service_beiakklem1vi3j5fejrg,1000,2,0.0686029089,0
1537350480,Prod-EcsStagingCluster-EcsCluster-1AAGQRFIOE9AE,Service_beiakklem1vi3j5fejrg,1000,2,0.0670817803,0
1537401360,Prod-EcsStagingCluster-EcsCluster-1AAGQRFIOE9AE,Service_beiakklem1vi3j5fejrg,1000,2,0.0605403036,0
1537365300,Prod-EcsStagingCluster-EcsCluster-1AAGQRFIOE9AE,Service_beiakklem1vi3j5fejrg,1000,2,0.0706392699,0
1537421520,Prod-EcsStagingCluster-EcsCluster-1AAGQRFIOE9AE,Service_beiakklem1vi3j5fejrg,1000,2,0.0737408481,0
1537349280,Prod-EcsStagingCluster-EcsCluster-1AAGQRFIOE9AE,Service_beiakklem1vi3j5fejrg,1000,2,0.0719857765,0
1537393800,Prod-EcsStagingCluster-EcsCluster-1AAGQRFIOE9AE,Service_beiakklem1vi3j5fejrg,1000,2,0.0768395579,0
1537371540,Prod-EcsStagingCluster-EcsCluster-1AAGQRFIOE9AE,Service_beiakklem1vi3j5fejrg,1000,2,0.0708164795,0
1537348140,Prod-EcsStagingCluster-EcsCluster-1AAGQRFIOE9AE,Service_beiakklem1vi3j5fejrg,1000,2,0.0693032990,0
1537422420,Prod-EcsStagingCluster-EcsCluster-1AAGQRFIOE9AE,Service_beiakklem1vi3j5fejrg,1000,2,0.0732633603,0
1537400160,Prod-EcsStagingCluster-EcsCluster-1AAGQRFIOE9AE,Service_beiakklem1vi3j5fejrg,1000,2,0.0605970893,0
1537360860,Prod-EcsStagingCluster-EcsCluster-1AAGQRFIOE9AE,Service_beiakklem1vi3j5fejrg,1000,2,0.0608980200,0
1537411740,Prod-EcsStagingCluster-EcsCluster-1AAGQRFIOE9AE,Service_beiakklem1vi3j5fejrg,1000,2,0.0728677220,0
1537399020,Prod-EcsStagingCluster-EcsCluster-1AAGQRFIOE9AE,Service_beiakklem1vi3j5fejrg,1000,2,0.0631707595,0
1537350180,Prod-EcsStagingCluster-EcsCluster-1AAGQRFIOE9AE,Service_beiakklem1vi3j5fejrg,1000,2,0.0659225000,0
1537401060,Prod-EcsStagingCluster-EcsCluster-1AAGQRFIOE9AE,Service_beiakklem1vi3j5fejrg,1000,2,0.0574016851,0
1537375620,Prod-EcsStagingCluster-EcsCluster-1AAGQRFIOE9AE,Service_beiakklem1vi3j5fejrg,1000,2,0.0739338683,0
1537426500,Prod-EcsStagingCluster-EcsCluster-1AAGQRFIOE9AE,Service_beiakklem1vi3j5fejrg,1000,2,0.0717759659,0
1537379700,Prod-EcsStagingCluster-EcsCluster-1AAGQRFIOE9AE,Service_beiakklem1vi3j5fejrg,1000,2,0.0623967394,0
1537357440,Prod-EcsStagingCluster-EcsCluster-1AAGQRFIOE9AE,Service_beiakklem1vi3j5fejrg,1000,2,0.0783422008,0
1537351080,Prod-EcsStagingCluster-EcsCluster-1AAGQRFIOE9AE,Service_beiakklem1vi3j5fejrg,1000,2,0.0676263153,0
1537401960,Prod-EcsStagingCluster-EcsCluster-1AAGQRFIOE9AE,Service_beiakklem1vi3j5fejrg,1000,2,0.0591774381,0
1537356300,Prod-EcsStagingCluster-EcsCluster-1AAGQRFIOE9AE,Service_beiakklem1vi3j5fejrg,1000,2,0.0707403221,0
1537430580,Prod-EcsStagingCluster-EcsCluster-1AAGQRFIOE9AE,Service_beiakklem1vi3j5fejrg,1000,2,0.0405892938,0
1537408320,Prod-EcsStagingCluster-EcsCluster-1AAGQRFIOE9AE,Service_beiakklem1vi3j5fejrg,1000,2,0.0716007020,0
1537369020,Prod-EcsStagingCluster-EcsCluster-1AAGQRFIOE9AE,Service_beiakklem1vi3j5fejrg,1000,2,0.0693335438,0
1537419900,Prod-EcsStagingCluster-EcsCluster-1AAGQRFIOE9AE,Service_beiakklem1vi3j5fejrg,1000,2,0.0737207663,0
1537383840,Prod-EcsStagingCluster-EcsCluster-1AAGQRFIOE9AE,Service_beiakklem1vi3j5fejrg,1000,2,0.0598128975,0
1537407180,Prod-EcsStagingCluster-EcsCluster-1AAGQRFIOE9AE,Service_beiakklem1vi3j5fejrg,1000,2,0.0544533790,0
1537428360,Prod-EcsStagingCluster-EcsCluster-1AAGQRFIOE9AE,Service_beiakklem1vi3j5fejrg,1000,2,0.0706462894,0
1537387860,Prod-EcsStagingCluster-EcsCluster-1AAGQRFIOE9AE,Service_beiakklem1vi3j5fejrg,1000,2,0.0705723791,0
1537364460,Prod-EcsStagingCluster-EcsCluster-1AAGQRFIOE9AE,Service_beiakklem1vi3j5fejrg,1000,2,0.0682588546,0
1537377180,Prod-EcsStagingCluster-EcsCluster-1AAGQRFIOE9AE,Service_beiakklem1vi3j5fejrg,1000,2,0.0684936360,0
1537385640,Prod-EcsStagingCluster-EcsCluster-1AAGQRFIOE9AE,Service_beiakklem1vi3j5fejrg,1000,2,0.0721657734,0
1537428060,Prod-EcsStagingCluster-EcsCluster-1AAGQRFIOE9AE,Service_beiakklem1vi3j5fejrg,1000,2,0.0762938584,0
1537392000,Prod-EcsStagingCluster-EcsCluster-1AAGQRFIOE9AE,Service_beiakklem1vi3j5fejrg,1000,2,0.0710193314,0
1537415340,Prod-EcsStagingCluster-EcsCluster-1AAGQRFIOE9AE,Service_beiakklem1vi3j5fejrg,1000,2,0.0738615569,0
1537391940,Prod-EcsStagingCluster-EcsCluster-1AAGQRFIOE9AE,Service_beiakklem1vi3j5fejrg,1000,2,0.0708587383,0
1537366500,Prod-EcsStagingCluster-EcsCluster-1AAGQRFIOE9AE,Service_beiakklem1vi3j5fejrg,1000,2,0.0609059012,0
1537417380,Prod-EcsStagingCluster-EcsCluster-1AAGQRFIOE9AE,Service_beiakklem1vi3j5fejrg,1000,2,0.0728773969,0
1537389720,Prod-EcsStagingCluster-EcsCluster-1AAGQRFIOE9AE,Service_beiakklem1vi3j5fejrg,1000,2,0.0695217514,0
1537364280,Prod-EcsStagingCluster-EcsCluster-1AAGQRFIOE9AE,Service_beiakklem1vi3j5fejrg,1000,2,0.0681159992,0
1537370640,Prod-EcsStagingCluster-EcsCluster-1AAGQRFIOE9AE,Service_beiakklem1vi3j5fejrg,1000,2,0.0694851279,0
1537415160,Prod-EcsStagingCluster-EcsCluster-1AAGQRFIOE9AE,Service_beiakklem1vi3j5fejrg,1000,2,0.0657361468,0
1537396080,Prod-EcsStagingCluster-EcsCluster-1AAGQRFIOE9AE,Service_beiakklem1vi3j5fejrg,1000,2,0.0660211591,0
1537373760,Prod-EcsStagingCluster-EcsCluster-1AAGQRFIOE9AE,Service_beiakklem1vi3j5fejrg,1000,2,0.0506512803,0
1537393860,Prod-EcsStagingCluster-EcsCluster-1AAGQRFIOE9AE,Service_beiakklem1vi3j5fejrg,1000,2,0.0681355220,0
1537424640,Prod-EcsStagingCluster-EcsCluster-1AAGQRFIOE9AE,Service_beiakklem1vi3j5fejrg,1000,2,0.0560521397,0
1537368420,Prod-EcsStagingCluster-EcsCluster-1AAGQRFIOE9AE,Service_beiakklem1vi3j5fejrg,1000,2,0.0804802894,0
1537372620,Prod-EcsStagingCluster-EcsCluster-1AAGQRFIOE9AE,Service_beiakklem1vi3j5fejrg,1000,2,0.0675348739,0
1537419300,Prod-EcsStagingCluster-EcsCluster-1AAGQRFIOE9AE,Service_beiakklem1vi3j5fejrg,1000,2,0.0745944408,0
1537385340,Prod-EcsStagingCluster-EcsCluster-1AAGQRFIOE9AE,Service_beiakklem1vi3j5fejrg,1000,2,0.0792192067,0
1537352400,Prod-EcsStagingCluster-EcsCluster-1AAGQRFIOE9AE,Service_beiakklem1vi3j5fejrg,1000,2,0.0713967100,0
1537423500,Prod-EcsStagingCluster-EcsCluster-1AAGQRFIOE9AE,Service_beiakklem1vi3j5fejrg,1000,2,0.0735550284,0
1537347060,Prod-EcsStagingCluster-EcsCluster-1AAGQRFIOE9AE,Service_beiakklem1vi3j5fejrg,1000,2,0.0699004257,0
1537377840,Prod-EcsStagingCluster-EcsCluster-1AAGQRFIOE9AE,Service_beiakklem1vi3j5fejrg,1000,2,0.0575410072,0
1537397940,Prod-EcsStagingCluster-EcsCluster-1AAGQRFIOE9AE,Service_beiakklem1vi3j5fejrg,1000,2,0.0710283388,0
1537428720,Prod-EcsStagingCluster-EcsCluster-1AAGQRFIOE9AE,Service_beiakklem1vi3j5fejrg,1000,2,0.0727495834,0
1537369320,Prod-EcsStagingCluster-EcsCluster-1AAGQRFIOE9AE,Service_beiakklem1vi3j5fejrg,1000,2,0.0696850643,0
1537403280,Prod-EcsStagingCluster-EcsCluster-1AAGQRFIOE9AE,Service_beiakklem1vi3j5fejrg,1000,2,0.0680683276,0
1537420200,Prod-EcsStagingCluster-EcsCluster-1AAGQRFIOE9AE,Service_beiakklem1vi3j5fejrg,1000,2,0.0706607180,0
1537373400,Prod-EcsStagingCluster-EcsCluster-1AAGQRFIOE9AE,Service_beiakklem1vi3j5fejrg,1000,2,0.0510982613,0
1537347960,Prod-EcsStagingCluster-EcsCluster-1AAGQRFIOE9AE,Service_beiakklem1vi3j5fejrg,1000,2,0.0702886702,0
1537381920,Prod-EcsStagingCluster-EcsCluster-1AAGQRFIOE9AE,Service_beiakklem1vi3j5fejrg,1000,2,0.0651308056,0
1537398840,Prod-EcsStagingCluster-EcsCluster-1AAGQRFIOE9AE,Service_beiakklem1vi3j5fejrg,1000,2,0.0686537875,0
1537393500,Prod-EcsStagingCluster-EcsCluster-1AAGQRFIOE9AE,Service_beiakklem1vi3j5fejrg,1000,2,0.0673701964,0
1537424280,Prod-EcsStagingCluster-EcsCluster-1AAGQRFIOE9AE,Service_beiakklem1vi3j5fejrg,1000,2,0.0634852098,0
1537380780,Prod-EcsStagingCluster-EcsCluster-1AAGQRFIOE9AE,Service_beiakklem1vi3j5fejrg,1000,2,0.0693233422,0
1537431660,Prod-EcsStagingCluster-EcsCluster-1AAGQRFIOE9AE,Service_beiakklem1vi3j5fejrg,1000,2,0.0562349975,0
1537377480,Prod-EcsStagingCluster-EcsCluster-1AAGQRFIOE9AE,Service_beiakklem1vi3j5fejrg,1000,2,0.0542334804,0
1537355220,Prod-EcsStagingCluster-EcsCluster-1AAGQRFIOE9AE,Service_beiakklem1vi3j5fejrg,1000,2,0.0677290657,0
1537361520,Prod-EcsStagingCluster-EcsCluster-1AAGQRFIOE9AE,Service_beiakklem1vi3j5fejrg,1000,2,0.0709806332,0
1537406100,Prod-EcsStagingCluster-EcsCluster-1AAGQRFIOE9AE,Service_beiakklem1vi3j5fejrg,1000,2,0.0692644223,0
1537412400,Prod-EcsStagingCluster-EcsCluster-1AAGQRFIOE9AE,Service_beiakklem1vi3j5fejrg,1000,2,0.0723158150,0
1537353000,Prod-EcsStagingCluster-EcsCluster-1AAGQRFIOE9AE,Service_beiakklem1vi3j5fejrg,1000,2,0.0834864189,0
1537386960,Prod-EcsStagingCluster-EcsCluster-1AAGQRFIOE9AE,Service_beiakklem1vi3j5fejrg,1000,2,0.0673670654,0
1537403880,Prod-EcsStagingCluster-EcsCluster-1AAGQRFIOE9AE,Service_beiakklem1vi3j5fejrg,1000,2,0.0667505747,0
1537359300,Prod-EcsStagingCluster-EcsCluster-1AAGQRFIOE9AE,Service_beiakklem1vi3j5fejrg,1000,2,0.0691820012,0
1537410180,Prod-EcsStagingCluster-EcsCluster-1AAGQRFIOE9AE,Service_beiakklem1vi3j5fejrg,1000,2,0.0653878057,0
1537350780,Prod-EcsStagingCluster-EcsCluster-1AAGQRFIOE9AE,Service_beiakklem1vi3j5fejrg,1000,2,0.0639028165,0
1537384740,Prod-EcsStagingCluster-EcsCluster-1AAGQRFIOE9AE,Service_beiakklem1vi3j5fejrg,1000,2,0.0604411151,0
1537401660,Prod-EcsStagingCluster-EcsCluster-1AAGQRFIOE9AE,Service_beiakklem1vi3j5fejrg,1000,2,0.0586323678,0
1537365600,Prod-EcsStagingCluster-EcsCluster-1AAGQRFIOE9AE,Service_beiakklem1vi3j5fejrg,1000,2,0.0716170076,0
1537388940,Prod-EcsStagingCluster-EcsCluster-1AAGQRFIOE9AE,Service_beiakklem1vi3j5fejrg,1000,2,0.0589052279,0
1537416480,Prod-EcsStagingCluster-EcsCluster-1AAGQRFIOE9AE,Service_beiakklem1vi3j5fejrg,1000,2,0.0700747201,0
1537357080,Prod-EcsStagingCluster-EcsCluster-1AAGQRFIOE9AE,Service_beiakklem1vi3j5fejrg,1000,2,0.0700550702,0
1537407960,Prod-EcsStagingCluster-EcsCluster-1AAGQRFIOE9AE,Service_beiakklem1vi3j5fejrg,1000,2,0.0738864510,0
1537382520,Prod-EcsStagingCluster-EcsCluster-1AAGQRFIOE9AE,Service_beiakklem1vi3j5fejrg,1000,2,0.0670469985,0
1537363380,Prod-EcsStagingCluster-EcsCluster-1AAGQRFIOE9AE,Service_beiakklem1vi3j5fejrg,1000,2,0.0695626250,0
1537414260,Prod-EcsStagingCluster-EcsCluster-1AAGQRFIOE9AE,Service_beiakklem1vi3j5fejrg,1000,2,0.0724680107,0
1537361160,Prod-EcsStagingCluster-EcsCluster-1AAGQRFIOE9AE,Service_beiakklem1vi3j5fejrg,1000,2,0.0628719638,0
1537412040,Prod-EcsStagingCluster-EcsCluster-1AAGQRFIOE9AE,Service_beiakklem1vi3j5fejrg,1000,2,0.0712329918,0
1537346220,Prod-EcsStagingCluster-EcsCluster-1AAGQRFIOE9AE,Service_beiakklem1vi3j5fejrg,1000,2,0.0717356178,0
1537358940,Prod-EcsStagingCluster-EcsCluster-1AAGQRFIOE9AE,Service_beiakklem1vi3j5fejrg,1000,2,0.0697052665,0
1537397100,Prod-EcsStagingCluster-EcsCluster-1AAGQRFIOE9AE,Service_beiakklem1vi3j5fejrg,1000,2,0.0641354739,0
1537360980,Prod-EcsStagingCluster-EcsCluster-1AAGQRFIOE9AE,Service_beiakklem1vi3j5fejrg,1000,2,0.0677695855,1
1537354620,Prod-EcsStagingCluster-EcsCluster-1AAGQRFIOE9AE,Service_beiakklem1vi3j5fejrg,1000,2,0.0666863688,0
1537425720,Prod-EcsStagingCluster-EcsCluster-1AAGQRFIOE9AE,Service_beiakklem1vi3j5fejrg,1000,2,0.0718774892,0
1537347120,Prod-EcsStagingCluster-EcsCluster-1AAGQRFIOE9AE,Service_beiakklem1vi3j5fejrg,1000,2,0.0691284792,0
1537405500,Prod-EcsStagingCluster-EcsCluster-1AAGQRFIOE9AE,Service_beiakklem1vi3j5fejrg,1000,2,0.0584845250,0
1537411860,Prod-EcsStagingCluster-EcsCluster-1AAGQRFIOE9AE,Service_beiakklem1vi3j5fejrg,1000,2,0.0710923116,0
1537391640,Prod-EcsStagingCluster-EcsCluster-1AAGQRFIOE9AE,Service_beiakklem1vi3j5fejrg,1000,2,0.0708485918,0
1537398000,Prod-EcsStagingCluster-EcsCluster-1AAGQRFIOE9AE,Service_beiakklem1vi3j5fejrg,1000,2,0.0720556804,0
1537371420,Prod-EcsStagingCluster-EcsCluster-1AAGQRFIOE9AE,Service_beiakklem1vi3j5fejrg,1000,2,0.0701211402,0
1537377780,Prod-EcsStagingCluster-EcsCluster-1AAGQRFIOE9AE,Service_beiakklem1vi3j5fejrg,1000,2,0.0609238036,0
1537360740,Prod-EcsStagingCluster-EcsCluster-1AAGQRFIOE9AE,Service_beiakklem1vi3j5fejrg,1000,2,0.0619623248,0
1537428660,Prod-EcsStagingCluster-EcsCluster-1AAGQRFIOE9AE,Service_beiakklem1vi3j5fejrg,1000,2,0.0716898729,0
1537422300,Prod-EcsStagingCluster-EcsCluster-1AAGQRFIOE9AE,Service_beiakklem1vi3j5fejrg,1000,2,0.0817985277,0
1537346880,Prod-EcsStagingCluster-EcsCluster-1AAGQRFIOE9AE,Service_beiakklem1vi3j5fejrg,1000,2,0.0703689593,0
1537411620,Prod-EcsStagingCluster-EcsCluster-1AAGQRFIOE9AE,Service_beiakklem1vi3j5fejrg,1000,2,0.0771737371,0
1537397760,Prod-EcsStagingCluster-EcsCluster-1AAGQRFIOE9AE,Service_beiakklem1vi3j5fejrg,1000,2,0.0706146732,0
1537391400,Prod-EcsStagingCluster-EcsCluster-1AAGQRFIOE9AE,Service_beiakklem1vi3j5fejrg,1000,2,0.1071337882,0
1537345740,Prod-EcsStagingCluster-EcsCluster-1AAGQRFIOE9AE,Service_beiakklem1vi3j5fejrg,1000,2,0.0735421955,0
1537396620,Prod-EcsStagingCluster-EcsCluster-1AAGQRFIOE9AE,Service_beiakklem1vi3j5fejrg,1000,2,0.0693469066,0
1537377540,Prod-EcsStagingCluster-EcsCluster-1AAGQRFIOE9AE,Service_beiakklem1vi3j5fejrg,1000,2,0.0614589008,0
1537357320,Prod-EcsStagingCluster-EcsCluster-1AAGQRFIOE9AE,Service_beiakklem1vi3j5fejrg,1000,2,0.0689041140,0
1537428420,Prod-EcsStagingCluster-EcsCluster-1AAGQRFIOE9AE,Service_beiakklem1vi3j5fejrg,1000,2,0.0717680168,0
1537375320,Prod-EcsStagingCluster-EcsCluster-1AAGQRFIOE9AE,Service_beiakklem1vi3j5fejrg,1000,2,0.0689922747,0
1537381680,Prod-EcsStagingCluster-EcsCluster-1AAGQRFIOE9AE,Service_beiakklem1vi3j5fejrg,1000,2,0.0685959938,0
1537426200,Prod-EcsStagingCluster-EcsCluster-1AAGQRFIOE9AE,Service_beiakklem1vi3j5fejrg,1000,2,0.0702160716,0
1537362540,Prod-EcsStagingCluster-EcsCluster-1AAGQRFIOE9AE,Service_beiakklem1vi3j5fejrg,1000,2,0.0679394422,0
1537413420,Prod-EcsStagingCluster-EcsCluster-1AAGQRFIOE9AE,Service_beiakklem1vi3j5fejrg,1000,2,0.0686918098,0
1537370940,Prod-EcsStagingCluster-EcsCluster-1AAGQRFIOE9AE,Service_beiakklem1vi3j5fejrg,1000,2,0.0689756009,0
1537377300,Prod-EcsStagingCluster-EcsCluster-1AAGQRFIOE9AE,Service_beiakklem1vi3j5fejrg,1000,2,0.0681858783,0
1537421820,Prod-EcsStagingCluster-EcsCluster-1AAGQRFIOE9AE,Service_beiakklem1vi3j5fejrg,1000,2,0.0717518526,0
1537428180,Prod-EcsStagingCluster-EcsCluster-1AAGQRFIOE9AE,Service_beiakklem1vi3j5fejrg,1000,2,0.0711545756,0
1537381440,Prod-EcsStagingCluster-EcsCluster-1AAGQRFIOE9AE,Service_beiakklem1vi3j5fejrg,1000,2,0.0679867696,0
1537375080,Prod-EcsStagingCluster-EcsCluster-1AAGQRFIOE9AE,Service_beiakklem1vi3j5fejrg,1000,2,0.0661753833,0
1537387740,Prod-EcsStagingCluster-EcsCluster-1AAGQRFIOE9AE,Service_beiakklem1vi3j5fejrg,1000,2,0.0710769227,0
1537394100,Prod-EcsStagingCluster-EcsCluster-1AAGQRFIOE9AE,Service_beiakklem1vi3j5fejrg,1000,2,0.0691558700,0
1537425960,Prod-EcsStagingCluster-EcsCluster-1AAGQRFIOE9AE,Service_beiakklem1vi3j5fejrg,1000,2,0.1713821189,0
1537377060,Prod-EcsStagingCluster-EcsCluster-1AAGQRFIOE9AE,Service_beiakklem1vi3j5fejrg,1000,2,0.0656504648,0
1537347360,Prod-EcsStagingCluster-EcsCluster-1AAGQRFIOE9AE,Service_beiakklem1vi3j5fejrg,1000,2,0.0721119883,0
1537391880,Prod-EcsStagingCluster-EcsCluster-1AAGQRFIOE9AE,Service_beiakklem1vi3j5fejrg,1000,2,0.0704371217,0
1537398240,Prod-EcsStagingCluster-EcsCluster-1AAGQRFIOE9AE,Service_beiakklem1vi3j5fejrg,1000,2,0.0692171210,0
1537427940,Prod-EcsStagingCluster-EcsCluster-1AAGQRFIOE9AE,Service_beiakklem1vi3j5fejrg,1000,2,0.0696920292,0
1537374840,Prod-EcsStagingCluster-EcsCluster-1AAGQRFIOE9AE,Service_beiakklem1vi3j5fejrg,1000,2,0.0677715378,0
1537381200,Prod-EcsStagingCluster-EcsCluster-1AAGQRFIOE9AE,Service_beiakklem1vi3j5fejrg,1000,2,0.1095703283,0
1537396020,Prod-EcsStagingCluster-EcsCluster-1AAGQRFIOE9AE,Service_beiakklem1vi3j5fejrg,1000,2,0.0682680781,0
1537414080,Prod-EcsStagingCluster-EcsCluster-1AAGQRFIOE9AE,Service_beiakklem1vi3j5fejrg,1000,2,0.0711184024,0
1537362060,Prod-EcsStagingCluster-EcsCluster-1AAGQRFIOE9AE,Service_beiakklem1vi3j5fejrg,1000,2,0.0703097067,0
1537378980,Prod-EcsStagingCluster-EcsCluster-1AAGQRFIOE9AE,Service_beiakklem1vi3j5fejrg,1000,2,0.1080668623,0
1537412940,Prod-EcsStagingCluster-EcsCluster-1AAGQRFIOE9AE,Service_beiakklem1vi3j5fejrg,1000,2,0.0600754079,0
1537380000,Prod-EcsStagingCluster-EcsCluster-1AAGQRFIOE9AE,Service_beiakklem1vi3j5fejrg,1000,2,0.0590169655,0
1537358760,Prod-EcsStagingCluster-EcsCluster-1AAGQRFIOE9AE,Service_beiakklem1vi3j5fejrg,1000,2,0.0750859177,0
1537429860,Prod-EcsStagingCluster-EcsCluster-1AAGQRFIOE9AE,Service_beiakklem1vi3j5fejrg,1000,2,0.0546541135,0
1537362960,Prod-EcsStagingCluster-EcsCluster-1AAGQRFIOE9AE,Service_beiakklem1vi3j5fejrg,1000,2,0.0714046351,0
1537430880,Prod-EcsStagingCluster-EcsCluster-1AAGQRFIOE9AE,Service_beiakklem1vi3j5fejrg,1000,2,0.0542884267,0
1537378860,Prod-EcsStagingCluster-EcsCluster-1AAGQRFIOE9AE,Service_beiakklem1vi3j5fejrg,1000,2,0.0789782316,0
1537409640,Prod-EcsStagingCluster-EcsCluster-1AAGQRFIOE9AE,Service_beiakklem1vi3j5fejrg,1000,2,0.0708830068,0
1537413840,Prod-EcsStagingCluster-EcsCluster-1AAGQRFIOE9AE,Service_beiakklem1vi3j5fejrg,1000,2,0.0743224328,0
1537429740,Prod-EcsStagingCluster-EcsCluster-1AAGQRFIOE9AE,Service_beiakklem1vi3j5fejrg,1000,2,0.0543225041,0
1537395780,Prod-EcsStagingCluster-EcsCluster-1AAGQRFIOE9AE,Service_beiakklem1vi3j5fejrg,1000,2,0.0706677882,0
1537375560,Prod-EcsStagingCluster-EcsCluster-1AAGQRFIOE9AE,Service_beiakklem1vi3j5fejrg,1000,2,0.0690089843,0
1537387260,Prod-EcsStagingCluster-EcsCluster-1AAGQRFIOE9AE,Service_beiakklem1vi3j5fejrg,1000,2,0.0700250207,0
1537358520,Prod-EcsStagingCluster-EcsCluster-1AAGQRFIOE9AE,Service_beiakklem1vi3j5fejrg,1000,2,0.0698284677,0
1537426440,Prod-EcsStagingCluster-EcsCluster-1AAGQRFIOE9AE,Service_beiakklem1vi3j5fejrg,1000,2,0.2228625833,0
1537379760,Prod-EcsStagingCluster-EcsCluster-1AAGQRFIOE9AE,Service_beiakklem1vi3j5fejrg,1000,2,0.0719444338,0
1537353180,Prod-EcsStagingCluster-EcsCluster-1AAGQRFIOE9AE,Service_beiakklem1vi3j5fejrg,1000,2,0.1322085169,0
1537430640,Prod-EcsStagingCluster-EcsCluster-1AAGQRFIOE9AE,Service_beiakklem1vi3j5fejrg,1000,2,0.0542289523,0
1537409400,Prod-EcsStagingCluster-EcsCluster-1AAGQRFIOE9AE,Service_beiakklem1vi3j5fejrg,1000,2,0.0754982831,0
1537404060,Prod-EcsStagingCluster-EcsCluster-1AAGQRFIOE9AE,Service_beiakklem1vi3j5fejrg,1000,2,0.0672243340,0
1537395540,Prod-EcsStagingCluster-EcsCluster-1AAGQRFIOE9AE,Service_beiakklem1vi3j5fejrg,1000,2,0.0589962624,0
1537363680,Prod-EcsStagingCluster-EcsCluster-1AAGQRFIOE9AE,Service_beiakklem1vi3j5fejrg,1000,2,0.0680416122,0
1537414560,Prod-EcsStagingCluster-EcsCluster-1AAGQRFIOE9AE,Service_beiakklem1vi3j5fejrg,1000,2,0.0673164419,0
1537346640,Prod-EcsStagingCluster-EcsCluster-1AAGQRFIOE9AE,Service_beiakklem1vi3j5fejrg,1000,2,0.0681566528,0
1537393320,Prod-EcsStagingCluster-EcsCluster-1AAGQRFIOE9AE,Service_beiakklem1vi3j5fejrg,1000,2,0.0693740598,0
1537397520,Prod-EcsStagingCluster-EcsCluster-1AAGQRFIOE9AE,Service_beiakklem1vi3j5fejrg,1000,2,0.0692774360,0
1537361460,Prod-EcsStagingCluster-EcsCluster-1AAGQRFIOE9AE,Service_beiakklem1vi3j5fejrg,1000,2,0.0615620879,0
1537378380,Prod-EcsStagingCluster-EcsCluster-1AAGQRFIOE9AE,Service_beiakklem1vi3j5fejrg,1000,2,0.0706659192,0
1537412340,Prod-EcsStagingCluster-EcsCluster-1AAGQRFIOE9AE,Service_beiakklem1vi3j5fejrg,1000,2,0.0753434209,0
1537359240,Prod-EcsStagingCluster-EcsCluster-1AAGQRFIOE9AE,Service_beiakklem1vi3j5fejrg,1000,2,0.0676906078,0
1537395300,Prod-EcsStagingCluster-EcsCluster-1AAGQRFIOE9AE,Service_beiakklem1vi3j5fejrg,1000,2,0.0595570559,0
1537429260,Prod-EcsStagingCluster-EcsCluster-1AAGQRFIOE9AE,Service_beiakklem1vi3j5fejrg,1000,2,0.0403607807,0
1537410120,Prod-EcsStagingCluster-EcsCluster-1AAGQRFIOE9AE,Service_beiakklem1vi3j5fejrg,1000,2,0.0719387465,0
1537363440,Prod-EcsStagingCluster-EcsCluster-1AAGQRFIOE9AE,Service_beiakklem1vi3j5fejrg,1000,2,0.0694959646,0
1537393080,Prod-EcsStagingCluster-EcsCluster-1AAGQRFIOE9AE,Service_beiakklem1vi3j5fejrg,1000,2,0.0690064588,0
1537414320,Prod-EcsStagingCluster-EcsCluster-1AAGQRFIOE9AE,Service_beiakklem1vi3j5fejrg,1000,2,0.0728957557,0
1537361220,Prod-EcsStagingCluster-EcsCluster-1AAGQRFIOE9AE,Service_beiakklem1vi3j5fejrg,1000,2,0.0621834479,0
1537395180,Prod-EcsStagingCluster-EcsCluster-1AAGQRFIOE9AE,Service_beiakklem1vi3j5fejrg,1000,2,0.0522220038,0
1537412100,Prod-EcsStagingCluster-EcsCluster-1AAGQRFIOE9AE,Service_beiakklem1vi3j5fejrg,1000,2,0.0724158023,0
1537352700,Prod-EcsStagingCluster-EcsCluster-1AAGQRFIOE9AE,Service_beiakklem1vi3j5fejrg,1000,2,0.0704758215,0
1537403580,Prod-EcsStagingCluster-EcsCluster-1AAGQRFIOE9AE,Service_beiakklem1vi3j5fejrg,1000,2,0.0704992353,0
1537359000,Prod-EcsStagingCluster-EcsCluster-1AAGQRFIOE9AE,Service_beiakklem1vi3j5fejrg,1000,2,0.0700903763,0
1537363200,Prod-EcsStagingCluster-EcsCluster-1AAGQRFIOE9AE,Service_beiakklem1vi3j5fejrg,1000,2,0.0708080875,0
1537409880,Prod-EcsStagingCluster-EcsCluster-1AAGQRFIOE9AE,Service_beiakklem1vi3j5fejrg,1000,2,0.0718422480,0
1537375860,Prod-EcsStagingCluster-EcsCluster-1AAGQRFIOE9AE,Service_beiakklem1vi3j5fejrg,1000,2,0.0678372601,0
1537363140,Prod-EcsStagingCluster-EcsCluster-1AAGQRFIOE9AE,Service_beiakklem1vi3j5fejrg,1000,2,0.0688884699,0
1537414020,Prod-EcsStagingCluster-EcsCluster-1AAGQRFIOE9AE,Service_beiakklem1vi3j5fejrg,1000,2,0.0701215754,0
1537426740,Prod-EcsStagingCluster-EcsCluster-1AAGQRFIOE9AE,Service_beiakklem1vi3j5fejrg,1000,2,0.1398539187,0
1537376760,Prod-EcsStagingCluster-EcsCluster-1AAGQRFIOE9AE,Service_beiakklem1vi3j5fejrg,1000,2,0.0641307171,0
1537383120,Prod-EcsStagingCluster-EcsCluster-1AAGQRFIOE9AE,Service_beiakklem1vi3j5fejrg,1000,2,0.0692253173,0
1537389480,Prod-EcsStagingCluster-EcsCluster-1AAGQRFIOE9AE,Service_beiakklem1vi3j5fejrg,1000,2,0.0695527002,0
1537395840,Prod-EcsStagingCluster-EcsCluster-1AAGQRFIOE9AE,Service_beiakklem1vi3j5fejrg,1000,2,0.0692778165,0
1537356540,Prod-EcsStagingCluster-EcsCluster-1AAGQRFIOE9AE,Service_beiakklem1vi3j5fejrg,1000,2,0.0676530735,0
1537427640,Prod-EcsStagingCluster-EcsCluster-1AAGQRFIOE9AE,Service_beiakklem1vi3j5fejrg,1000,2,0.0733451879,0
1537394700,Prod-EcsStagingCluster-EcsCluster-1AAGQRFIOE9AE,Service_beiakklem1vi3j5fejrg,1000,2,0.0731249782,0
1537355400,Prod-EcsStagingCluster-EcsCluster-1AAGQRFIOE9AE,Service_beiakklem1vi3j5fejrg,1000,2,0.0737503092,0
1537349040,Prod-EcsStagingCluster-EcsCluster-1AAGQRFIOE9AE,Service_beiakklem1vi3j5fejrg,1000,2,0.0718456105,0
1537361760,Prod-EcsStagingCluster-EcsCluster-1AAGQRFIOE9AE,Service_beiakklem1vi3j5fejrg,1000,2,0.0618934258,0
1537407420,Prod-EcsStagingCluster-EcsCluster-1AAGQRFIOE9AE,Service_beiakklem1vi3j5fejrg,1000,2,0.0787322344,0
1537412640,Prod-EcsStagingCluster-EcsCluster-1AAGQRFIOE9AE,Service_beiakklem1vi3j5fejrg,1000,2,0.0715952689,0
1537393560,Prod-EcsStagingCluster-EcsCluster-1AAGQRFIOE9AE,Service_beiakklem1vi3j5fejrg,1000,2,0.0682078288,0
1537399920,Prod-EcsStagingCluster-EcsCluster-1AAGQRFIOE9AE,Service_beiakklem1vi3j5fejrg,1000,2,0.0592137468,0
1537406280,Prod-EcsStagingCluster-EcsCluster-1AAGQRFIOE9AE,Service_beiakklem1vi3j5fejrg,1000,2,0.0672001167,0
1537373340,Prod-EcsStagingCluster-EcsCluster-1AAGQRFIOE9AE,Service_beiakklem1vi3j5fejrg,1000,2,0.0507260152,0
1537360620,Prod-EcsStagingCluster-EcsCluster-1AAGQRFIOE9AE,Service_beiakklem1vi3j5fejrg,1000,2,0.0618455153,0
1537362660,Prod-EcsStagingCluster-EcsCluster-1AAGQRFIOE9AE,Service_beiakklem1vi3j5fejrg,1000,2,0.0705589054,0
1537411500,Prod-EcsStagingCluster-EcsCluster-1AAGQRFIOE9AE,Service_beiakklem1vi3j5fejrg,1000,2,0.0726226263,0
1537424220,Prod-EcsStagingCluster-EcsCluster-1AAGQRFIOE9AE,Service_beiakklem1vi3j5fejrg,1000,2,0.0640243447,0
1537375380,Prod-EcsStagingCluster-EcsCluster-1AAGQRFIOE9AE,Service_beiakklem1vi3j5fejrg,1000,2,0.0678707375,0
1537413540,Prod-EcsStagingCluster-EcsCluster-1AAGQRFIOE9AE,Service_beiakklem1vi3j5fejrg,1000,2,0.0708227093,0
1537360440,Prod-EcsStagingCluster-EcsCluster-1AAGQRFIOE9AE,Service_beiakklem1vi3j5fejrg,1000,2,0.0690078786,0
1537426260,Prod-EcsStagingCluster-EcsCluster-1AAGQRFIOE9AE,Service_beiakklem1vi3j5fejrg,1000,2,0.0731706083,0
1537379520,Prod-EcsStagingCluster-EcsCluster-1AAGQRFIOE9AE,Service_beiakklem1vi3j5fejrg,1000,2,0.0673312273,0
1537373160,Prod-EcsStagingCluster-EcsCluster-1AAGQRFIOE9AE,Service_beiakklem1vi3j5fejrg,1000,2,0.0674473517,0
1537366800,Prod-EcsStagingCluster-EcsCluster-1AAGQRFIOE9AE,Service_beiakklem1vi3j5fejrg,1000,2,0.0692885505,0
1537411320,Prod-EcsStagingCluster-EcsCluster-1AAGQRFIOE9AE,Service_beiakklem1vi3j5fejrg,1000,2,0.0742348208,0
1537417680,Prod-EcsStagingCluster-EcsCluster-1AAGQRFIOE9AE,Service_beiakklem1vi3j5fejrg,1000,2,0.0754330591,0
1537392180,Prod-EcsStagingCluster-EcsCluster-1AAGQRFIOE9AE,Service_beiakklem1vi3j5fejrg,1000,2,0.0729249427,0
1537379460,Prod-EcsStagingCluster-EcsCluster-1AAGQRFIOE9AE,Service_beiakklem1vi3j5fejrg,1000,2,0.0662049116,0
1537424040,Prod-EcsStagingCluster-EcsCluster-1AAGQRFIOE9AE,Service_beiakklem1vi3j5fejrg,1000,2,0.0723159928,0
1537430400,Prod-EcsStagingCluster-EcsCluster-1AAGQRFIOE9AE,Service_beiakklem1vi3j5fejrg,1000,2,0.0540016181,0
1537430340,Prod-EcsStagingCluster-EcsCluster-1AAGQRFIOE9AE,Service_beiakklem1vi3j5fejrg,1000,2,0.0537700680,0
1537345440,Prod-EcsStagingCluster-EcsCluster-1AAGQRFIOE9AE,Service_beiakklem1vi3j5fejrg,1000,2,0.0735053029,0
1537389960,Prod-EcsStagingCluster-EcsCluster-1AAGQRFIOE9AE,Service_beiakklem1vi3j5fejrg,1000,2,0.0613626855,0
1537396320,Prod-EcsStagingCluster-EcsCluster-1AAGQRFIOE9AE,Service_beiakklem1vi3j5fejrg,1000,2,0.0695020183,0
1537377240,Prod-EcsStagingCluster-EcsCluster-1AAGQRFIOE9AE,Service_beiakklem1vi3j5fejrg,1000,2,0.0670700392,0
1537383600,Prod-EcsStagingCluster-EcsCluster-1AAGQRFIOE9AE,Service_beiakklem1vi3j5fejrg,1000,2,0.0604583456,0
1537428120,Prod-EcsStagingCluster-EcsCluster-1AAGQRFIOE9AE,Service_beiakklem1vi3j5fejrg,1000,2,0.0727911325,0
1537360140,Prod-EcsStagingCluster-EcsCluster-1AAGQRFIOE9AE,Service_beiakklem1vi3j5fejrg,1000,2,0.0680314232,0
1537372860,Prod-EcsStagingCluster-EcsCluster-1AAGQRFIOE9AE,Service_beiakklem1vi3j5fejrg,1000,2,0.0686450662,0
1537411020,Prod-EcsStagingCluster-EcsCluster-1AAGQRFIOE9AE,Service_beiakklem1vi3j5fejrg,1000,2,0.0724219421,0
1537423740,Prod-EcsStagingCluster-EcsCluster-1AAGQRFIOE9AE,Service_beiakklem1vi3j5fejrg,1000,2,0.0741879148,0
1537389660,Prod-EcsStagingCluster-EcsCluster-1AAGQRFIOE9AE,Service_beiakklem1vi3j5fejrg,1000,2,0.0789378033,0
1537376940,Prod-EcsStagingCluster-EcsCluster-1AAGQRFIOE9AE,Service_beiakklem1vi3j5fejrg,1000,2,0.0675762801,0
1537407720,Prod-EcsStagingCluster-EcsCluster-1AAGQRFIOE9AE,Service_beiakklem1vi3j5fejrg,1000,2,0.0705955051,0
1537427820,Prod-EcsStagingCluster-EcsCluster-1AAGQRFIOE9AE,Service_beiakklem1vi3j5fejrg,1000,2,0.1741221017,0
1537373640,Prod-EcsStagingCluster-EcsCluster-1AAGQRFIOE9AE,Service_beiakklem1vi3j5fejrg,1000,2,0.0494281955,0
1537360920,Prod-EcsStagingCluster-EcsCluster-1AAGQRFIOE9AE,Service_beiakklem1vi3j5fejrg,1000,2,0.0675586483,0
1537411800,Prod-EcsStagingCluster-EcsCluster-1AAGQRFIOE9AE,Service_beiakklem1vi3j5fejrg,1000,2,0.0716007319,0
1537424520,Prod-EcsStagingCluster-EcsCluster-1AAGQRFIOE9AE,Service_beiakklem1vi3j5fejrg,1000,2,0.0615031021,0
1537380900,Prod-EcsStagingCluster-EcsCluster-1AAGQRFIOE9AE,Service_beiakklem1vi3j5fejrg,1000,2,0.0673922087,0
1537393620,Prod-EcsStagingCluster-EcsCluster-1AAGQRFIOE9AE,Service_beiakklem1vi3j5fejrg,1000,2,0.0755983378,0
1537346820,Prod-EcsStagingCluster-EcsCluster-1AAGQRFIOE9AE,Service_beiakklem1vi3j5fejrg,1000,2,0.0704891311,0
1537359540,Prod-EcsStagingCluster-EcsCluster-1AAGQRFIOE9AE,Service_beiakklem1vi3j5fejrg,1000,2,0.0693933629,0
1537364880,Prod-EcsStagingCluster-EcsCluster-1AAGQRFIOE9AE,Service_beiakklem1vi3j5fejrg,1000,2,0.0691843193,0
1537377600,Prod-EcsStagingCluster-EcsCluster-1AAGQRFIOE9AE,Service_beiakklem1vi3j5fejrg,1000,2,0.0582469851,0
1537415760,Prod-EcsStagingCluster-EcsCluster-1AAGQRFIOE9AE,Service_beiakklem1vi3j5fejrg,1000,2,0.0714509677,0
1537376460,Prod-EcsStagingCluster-EcsCluster-1AAGQRFIOE9AE,Service_beiakklem1vi3j5fejrg,1000,2,0.0667615042,0
1537410420,Prod-EcsStagingCluster-EcsCluster-1AAGQRFIOE9AE,Service_beiakklem1vi3j5fejrg,1000,2,0.0759533716,0
1537397700,Prod-EcsStagingCluster-EcsCluster-1AAGQRFIOE9AE,Service_beiakklem1vi3j5fejrg,1000,2,0.0645079650,0
1537428480,Prod-EcsStagingCluster-EcsCluster-1AAGQRFIOE9AE,Service_beiakklem1vi3j5fejrg,1000,2,0.0720285333,0
1537389180,Prod-EcsStagingCluster-EcsCluster-1AAGQRFIOE9AE,Service_beiakklem1vi3j5fejrg,1000,2,0.0577901169,0
1537427340,Prod-EcsStagingCluster-EcsCluster-1AAGQRFIOE9AE,Service_beiakklem1vi3j5fejrg,1000,2,0.1659602580,0
1537408200,Prod-EcsStagingCluster-EcsCluster-1AAGQRFIOE9AE,Service_beiakklem1vi3j5fejrg,1000,2,0.2022812396,0
1537395480,Prod-EcsStagingCluster-EcsCluster-1AAGQRFIOE9AE,Service_beiakklem1vi3j5fejrg,1000,2,0.0671816496,0
1537355100,Prod-EcsStagingCluster-EcsCluster-1AAGQRFIOE9AE,Service_beiakklem1vi3j5fejrg,1000,2,0.0706197591,0
1537393260,Prod-EcsStagingCluster-EcsCluster-1AAGQRFIOE9AE,Service_beiakklem1vi3j5fejrg,1000,2,0.0679198639,0
1537405980,Prod-EcsStagingCluster-EcsCluster-1AAGQRFIOE9AE,Service_beiakklem1vi3j5fejrg,1000,2,0.0949473533,0
1537361280,Prod-EcsStagingCluster-EcsCluster-1AAGQRFIOE9AE,Service_beiakklem1vi3j5fejrg,1000,2,0.0610510818,0
1537348560,Prod-EcsStagingCluster-EcsCluster-1AAGQRFIOE9AE,Service_beiakklem1vi3j5fejrg,1000,2,0.0698984486,0
1537399440,Prod-EcsStagingCluster-EcsCluster-1AAGQRFIOE9AE,Service_beiakklem1vi3j5fejrg,1000,2,0.0703708120,0
1537412160,Prod-EcsStagingCluster-EcsCluster-1AAGQRFIOE9AE,Service_beiakklem1vi3j5fejrg,1000,2,0.0717129483,0
1537359060,Prod-EcsStagingCluster-EcsCluster-1AAGQRFIOE9AE,Service_beiakklem1vi3j5fejrg,1000,2,0.0697811269,0
1537346340,Prod-EcsStagingCluster-EcsCluster-1AAGQRFIOE9AE,Service_beiakklem1vi3j5fejrg,1000,2,0.0644956646,0
1537397220,Prod-EcsStagingCluster-EcsCluster-1AAGQRFIOE9AE,Service_beiakklem1vi3j5fejrg,1000,2,0.0712917299,0
1537378080,Prod-EcsStagingCluster-EcsCluster-1AAGQRFIOE9AE,Service_beiakklem1vi3j5fejrg,1000,2,0.0685010161,0
1537365360,Prod-EcsStagingCluster-EcsCluster-1AAGQRFIOE9AE,Service_beiakklem1vi3j5fejrg,1000,2,0.0832738119,0
1537409940,Prod-EcsStagingCluster-EcsCluster-1AAGQRFIOE9AE,Service_beiakklem1vi3j5fejrg,1000,2,0.0640246208,0
1537356840,Prod-EcsStagingCluster-EcsCluster-1AAGQRFIOE9AE,Service_beiakklem1vi3j5fejrg,1000,2,0.0685687970,0
1537395000,Prod-EcsStagingCluster-EcsCluster-1AAGQRFIOE9AE,Service_beiakklem1vi3j5fejrg,1000,2,0.0584489011,0
1537428960,Prod-EcsStagingCluster-EcsCluster-1AAGQRFIOE9AE,Service_beiakklem1vi3j5fejrg,1000,2,20.0573663048,0
1537416240,Prod-EcsStagingCluster-EcsCluster-1AAGQRFIOE9AE,Service_beiakklem1vi3j5fejrg,1000,2,0.0694116284,0
1537410720,Prod-EcsStagingCluster-EcsCluster-1AAGQRFIOE9AE,Service_beiakklem1vi3j5fejrg,1000,2,0.0691070006,0
1537401180,Prod-EcsStagingCluster-EcsCluster-1AAGQRFIOE9AE,Service_beiakklem1vi3j5fejrg,1000,2,0.0585118425,0
1537404360,Prod-EcsStagingCluster-EcsCluster-1AAGQRFIOE9AE,Service_beiakklem1vi3j5fejrg,1000,2,0.0655455688,0
1537407540,Prod-EcsStagingCluster-EcsCluster-1AAGQRFIOE9AE,Service_beiakklem1vi3j5fejrg,1000,2,0.0743455879,0
1537368240,Prod-EcsStagingCluster-EcsCluster-1AAGQRFIOE9AE,Service_beiakklem1vi3j5fejrg,1000,2,0.0683984315,0
1537358700,Prod-EcsStagingCluster-EcsCluster-1AAGQRFIOE9AE,Service_beiakklem1vi3j5fejrg,1000,2,0.0703953557,0
1537361880,Prod-EcsStagingCluster-EcsCluster-1AAGQRFIOE9AE,Service_beiakklem1vi3j5fejrg,1000,2,0.0712884298,0
1537365060,Prod-EcsStagingCluster-EcsCluster-1AAGQRFIOE9AE,Service_beiakklem1vi3j5fejrg,1000,2,0.0691162481,0
1537426620,Prod-EcsStagingCluster-EcsCluster-1AAGQRFIOE9AE,Service_beiakklem1vi3j5fejrg,1000,2,0.1794132851,0
1537429800,Prod-EcsStagingCluster-EcsCluster-1AAGQRFIOE9AE,Service_beiakklem1vi3j5fejrg,1000,2,0.0554495538,0
1537393680,Prod-EcsStagingCluster-EcsCluster-1AAGQRFIOE9AE,Service_beiakklem1vi3j5fejrg,1000,2,0.1076564889,0
1537384140,Prod-EcsStagingCluster-EcsCluster-1AAGQRFIOE9AE,Service_beiakklem1vi3j5fejrg,1000,2,0.0702019684,0
1537387320,Prod-EcsStagingCluster-EcsCluster-1AAGQRFIOE9AE,Service_beiakklem1vi3j5fejrg,1000,2,0.0821194717,0
1537390500,Prod-EcsStagingCluster-EcsCluster-1AAGQRFIOE9AE,Service_beiakklem1vi3j5fejrg,1000,2,0.0697836636,0
1537358460,Prod-EcsStagingCluster-EcsCluster-1AAGQRFIOE9AE,Service_beiakklem1vi3j5fejrg,1000,2,0.0716070163,0
1537361640,Prod-EcsStagingCluster-EcsCluster-1AAGQRFIOE9AE,Service_beiakklem1vi3j5fejrg,1000,2,0.0595007621,0
1537364820,Prod-EcsStagingCluster-EcsCluster-1AAGQRFIOE9AE,Service_beiakklem1vi3j5fejrg,1000,2,0.0687062785,0
1537368000,Prod-EcsStagingCluster-EcsCluster-1AAGQRFIOE9AE,Service_beiakklem1vi3j5fejrg,1000,2,0.0680134280,0
1537368960,Prod-EcsStagingCluster-EcsCluster-1AAGQRFIOE9AE,Service_beiakklem1vi3j5fejrg,1000,2,0.0673419437,0
1537362600,Prod-EcsStagingCluster-EcsCluster-1AAGQRFIOE9AE,Service_beiakklem1vi3j5fejrg,1000,2,0.0689201893,0
1537417740,Prod-EcsStagingCluster-EcsCluster-1AAGQRFIOE9AE,Service_beiakklem1vi3j5fejrg,1000,2,0.0742768496,0
1537392300,Prod-EcsStagingCluster-EcsCluster-1AAGQRFIOE9AE,Service_beiakklem1vi3j5fejrg,1000,2,0.0718255344,0
1537398660,Prod-EcsStagingCluster-EcsCluster-1AAGQRFIOE9AE,Service_beiakklem1vi3j5fejrg,1000,2,0.0682904693,0
1537424100,Prod-EcsStagingCluster-EcsCluster-1AAGQRFIOE9AE,Service_beiakklem1vi3j5fejrg,1000,2,0.0659118597,0
1537396440,Prod-EcsStagingCluster-EcsCluster-1AAGQRFIOE9AE,Service_beiakklem1vi3j5fejrg,1000,2,0.0698399185,0
1537402800,Prod-EcsStagingCluster-EcsCluster-1AAGQRFIOE9AE,Service_beiakklem1vi3j5fejrg,1000,2,0.0694729249,0
1537421880,Prod-EcsStagingCluster-EcsCluster-1AAGQRFIOE9AE,Service_beiakklem1vi3j5fejrg,1000,2,0.0727727847,0
1537428240,Prod-EcsStagingCluster-EcsCluster-1AAGQRFIOE9AE,Service_beiakklem1vi3j5fejrg,1000,2,0.0827268024,0
1537372980,Prod-EcsStagingCluster-EcsCluster-1AAGQRFIOE9AE,Service_beiakklem1vi3j5fejrg,1000,2,0.0679031442,0
1537366620,Prod-EcsStagingCluster-EcsCluster-1AAGQRFIOE9AE,Service_beiakklem1vi3j5fejrg,1000,2,0.0735651912,0
1537398420,Prod-EcsStagingCluster-EcsCluster-1AAGQRFIOE9AE,Service_beiakklem1vi3j5fejrg,1000,2,0.0621483981,0
1537392060,Prod-EcsStagingCluster-EcsCluster-1AAGQRFIOE9AE,Service_beiakklem1vi3j5fejrg,1000,2,0.0728593305,0
1537355940,Prod-EcsStagingCluster-EcsCluster-1AAGQRFIOE9AE,Service_beiakklem1vi3j5fejrg,1000,2,0.0585648130,0
1537349580,Prod-EcsStagingCluster-EcsCluster-1AAGQRFIOE9AE,Service_beiakklem1vi3j5fejrg,1000,2,0.0710028964,0
1537370760,Prod-EcsStagingCluster-EcsCluster-1AAGQRFIOE9AE,Service_beiakklem1vi3j5fejrg,1000,2,0.0688907733,0
1537377120,Prod-EcsStagingCluster-EcsCluster-1AAGQRFIOE9AE,Service_beiakklem1vi3j5fejrg,1000,2,0.0677834791,0
1537396200,Prod-EcsStagingCluster-EcsCluster-1AAGQRFIOE9AE,Service_beiakklem1vi3j5fejrg,1000,2,0.0683543783,0
1537402560,Prod-EcsStagingCluster-EcsCluster-1AAGQRFIOE9AE,Service_beiakklem1vi3j5fejrg,1000,2,0.0696346113,0
1537425900,Prod-EcsStagingCluster-EcsCluster-1AAGQRFIOE9AE,Service_beiakklem1vi3j5fejrg,1000,2,0.0734176007,0
1537353720,Prod-EcsStagingCluster-EcsCluster-1AAGQRFIOE9AE,Service_beiakklem1vi3j5fejrg,1000,2,0.0670523741,0
1537360080,Prod-EcsStagingCluster-EcsCluster-1AAGQRFIOE9AE,Service_beiakklem1vi3j5fejrg,1000,2,0.0687454999,0
1537430040,Prod-EcsStagingCluster-EcsCluster-1AAGQRFIOE9AE,Service_beiakklem1vi3j5fejrg,1000,2,0.0613335233,0
1537409760,Prod-EcsStagingCluster-EcsCluster-1AAGQRFIOE9AE,Service_beiakklem1vi3j5fejrg,1000,2,0.0713153023,0
1537400220,Prod-EcsStagingCluster-EcsCluster-1AAGQRFIOE9AE,Service_beiakklem1vi3j5fejrg,1000,2,0.0614617315,0
1537431000,Prod-EcsStagingCluster-EcsCluster-1AAGQRFIOE9AE,Service_beiakklem1vi3j5fejrg,1000,2,0.0563006728,0
1537367280,Prod-EcsStagingCluster-EcsCluster-1AAGQRFIOE9AE,Service_beiakklem1vi3j5fejrg,1000,2,0.0671593983,0
1537357740,Prod-EcsStagingCluster-EcsCluster-1AAGQRFIOE9AE,Service_beiakklem1vi3j5fejrg,1000,2,0.0693004913,0
1537425660,Prod-EcsStagingCluster-EcsCluster-1AAGQRFIOE9AE,Service_beiakklem1vi3j5fejrg,1000,2,0.1697753603,0
1537392720,Prod-EcsStagingCluster-EcsCluster-1AAGQRFIOE9AE,Service_beiakklem1vi3j5fejrg,1000,2,0.0686731885,0
1537383180,Prod-EcsStagingCluster-EcsCluster-1AAGQRFIOE9AE,Service_beiakklem1vi3j5fejrg,1000,2,0.0700863740,0
1537408500,Prod-EcsStagingCluster-EcsCluster-1AAGQRFIOE9AE,Service_beiakklem1vi3j5fejrg,1000,2,0.0713783300,0
1537405320,Prod-EcsStagingCluster-EcsCluster-1AAGQRFIOE9AE,Service_beiakklem1vi3j5fejrg,1000,2,0.0668203754,0
1537366020,Prod-EcsStagingCluster-EcsCluster-1AAGQRFIOE9AE,Service_beiakklem1vi3j5fejrg,1000,2,0.0587401831,0
1537362840,Prod-EcsStagingCluster-EcsCluster-1AAGQRFIOE9AE,Service_beiakklem1vi3j5fejrg,1000,2,0.0701610422,0
1537430760,Prod-EcsStagingCluster-EcsCluster-1AAGQRFIOE9AE,Service_beiakklem1vi3j5fejrg,1000,2,0.0554628764,0
1537357500,Prod-EcsStagingCluster-EcsCluster-1AAGQRFIOE9AE,Service_beiakklem1vi3j5fejrg,1000,2,0.0702041318,0
1537367040,Prod-EcsStagingCluster-EcsCluster-1AAGQRFIOE9AE,Service_beiakklem1vi3j5fejrg,1000,2,0.0634435179,0
1537388280,Prod-EcsStagingCluster-EcsCluster-1AAGQRFIOE9AE,Service_beiakklem1vi3j5fejrg,1000,2,0.0694439078,0
1537391460,Prod-EcsStagingCluster-EcsCluster-1AAGQRFIOE9AE,Service_beiakklem1vi3j5fejrg,1000,2,0.0715949897,0
1537391340,Prod-EcsStagingCluster-EcsCluster-1AAGQRFIOE9AE,Service_beiakklem1vi3j5fejrg,1000,2,0.0708364918,0
1537416780,Prod-EcsStagingCluster-EcsCluster-1AAGQRFIOE9AE,Service_beiakklem1vi3j5fejrg,1000,2,0.0709076309,0
1537400880,Prod-EcsStagingCluster-EcsCluster-1AAGQRFIOE9AE,Service_beiakklem1vi3j5fejrg,1000,2,0.0753462598,0
1537426320,Prod-EcsStagingCluster-EcsCluster-1AAGQRFIOE9AE,Service_beiakklem1vi3j5fejrg,1000,2,0.0703284324,0
1537365780,Prod-EcsStagingCluster-EcsCluster-1AAGQRFIOE9AE,Service_beiakklem1vi3j5fejrg,1000,2,0.0681742968,0
1537401840,Prod-EcsStagingCluster-EcsCluster-1AAGQRFIOE9AE,Service_beiakklem1vi3j5fejrg,1000,2,0.0664968788,0
1537427280,Prod-EcsStagingCluster-EcsCluster-1AAGQRFIOE9AE,Service_beiakklem1vi3j5fejrg,1000,2,0.0710971267,0
1537363560,Prod-EcsStagingCluster-EcsCluster-1AAGQRFIOE9AE,Service_beiakklem1vi3j5fejrg,1000,2,0.0717452204,0
1537365660,Prod-EcsStagingCluster-EcsCluster-1AAGQRFIOE9AE,Service_beiakklem1vi3j5fejrg,1000,2,0.0717800093,0
1537399620,Prod-EcsStagingCluster-EcsCluster-1AAGQRFIOE9AE,Service_beiakklem1vi3j5fejrg,1000,2,0.0700535867,0
1537391100,Prod-EcsStagingCluster-EcsCluster-1AAGQRFIOE9AE,Service_beiakklem1vi3j5fejrg,1000,2,0.0719449395,0
1537425060,Prod-EcsStagingCluster-EcsCluster-1AAGQRFIOE9AE,Service_beiakklem1vi3j5fejrg,1000,2,0.1813126106,0
1537348620,Prod-EcsStagingCluster-EcsCluster-1AAGQRFIOE9AE,Service_beiakklem1vi3j5fejrg,1000,2,0.0702052632,0
1537376160,Prod-EcsStagingCluster-EcsCluster-1AAGQRFIOE9AE,Service_beiakklem1vi3j5fejrg,1000,2,0.0705610252,0
1537397400,Prod-EcsStagingCluster-EcsCluster-1AAGQRFIOE9AE,Service_beiakklem1vi3j5fejrg,1000,2,0.0701964665,0
1537401600,Prod-EcsStagingCluster-EcsCluster-1AAGQRFIOE9AE,Service_beiakklem1vi3j5fejrg,1000,2,0.0573841053,0
1537424940,Prod-EcsStagingCluster-EcsCluster-1AAGQRFIOE9AE,Service_beiakklem1vi3j5fejrg,1000,2,0.1771469273,0
1537422840,Prod-EcsStagingCluster-EcsCluster-1AAGQRFIOE9AE,Service_beiakklem1vi3j5fejrg,1000,2,0.0779041053,0
1537359120,Prod-EcsStagingCluster-EcsCluster-1AAGQRFIOE9AE,Service_beiakklem1vi3j5fejrg,1000,2,0.0703059411,0
1537373940,Prod-EcsStagingCluster-EcsCluster-1AAGQRFIOE9AE,Service_beiakklem1vi3j5fejrg,1000,2,0.0633862229,0
1537399380,Prod-EcsStagingCluster-EcsCluster-1AAGQRFIOE9AE,Service_beiakklem1vi3j5fejrg,1000,2,0.0686095801,0
1537356900,Prod-EcsStagingCluster-EcsCluster-1AAGQRFIOE9AE,Service_beiakklem1vi3j5fejrg,1000,2,0.0688192113,0
1537371720,Prod-EcsStagingCluster-EcsCluster-1AAGQRFIOE9AE,Service_beiakklem1vi3j5fejrg,1000,2,0.0701270965,0
1537397160,Prod-EcsStagingCluster-EcsCluster-1AAGQRFIOE9AE,Service_beiakklem1vi3j5fejrg,1000,2,0.0703139939,0
1537354680,Prod-EcsStagingCluster-EcsCluster-1AAGQRFIOE9AE,Service_beiakklem1vi3j5fejrg,1000,2,0.0694176158,0
1537399260,Prod-EcsStagingCluster-EcsCluster-1AAGQRFIOE9AE,Service_beiakklem1vi3j5fejrg,1000,2,0.0690637049,0
1537369500,Prod-EcsStagingCluster-EcsCluster-1AAGQRFIOE9AE,Service_beiakklem1vi3j5fejrg,1000,2,0.0700346731,0
1537356780,Prod-EcsStagingCluster-EcsCluster-1AAGQRFIOE9AE,Service_beiakklem1vi3j5fejrg,1000,2,0.0681953367,0
1537427880,Prod-EcsStagingCluster-EcsCluster-1AAGQRFIOE9AE,Service_beiakklem1vi3j5fejrg,1000,2,0.0666504132,0
1537431060,Prod-EcsStagingCluster-EcsCluster-1AAGQRFIOE9AE,Service_beiakklem1vi3j5fejrg,1000,2,0.0543675907,0
1537394940,Prod-EcsStagingCluster-EcsCluster-1AAGQRFIOE9AE,Service_beiakklem1vi3j5fejrg,1000,2,0.0577112989,0
1537382220,Prod-EcsStagingCluster-EcsCluster-1AAGQRFIOE9AE,Service_beiakklem1vi3j5fejrg,1000,2,0.0694867071,0
1537355640,Prod-EcsStagingCluster-EcsCluster-1AAGQRFIOE9AE,Service_beiakklem1vi3j5fejrg,1000,2,0.0707194282,0
1537358820,Prod-EcsStagingCluster-EcsCluster-1AAGQRFIOE9AE,Service_beiakklem1vi3j5fejrg,1000,2,0.0699361676,0
1537362000,Prod-EcsStagingCluster-EcsCluster-1AAGQRFIOE9AE,Service_beiakklem1vi3j5fejrg,1000,2,0.0710797780,0
1537359720,Prod-EcsStagingCluster-EcsCluster-1AAGQRFIOE9AE,Service_beiakklem1vi3j5fejrg,1000,2,0.0699956377,0
1537362900,Prod-EcsStagingCluster-EcsCluster-1AAGQRFIOE9AE,Service_beiakklem1vi3j5fejrg,1000,2,0.0705291318,0
1537366080,Prod-EcsStagingCluster-EcsCluster-1AAGQRFIOE9AE,Service_beiakklem1vi3j5fejrg,1000,2,0.0644972209,0
1537390380,Prod-EcsStagingCluster-EcsCluster-1AAGQRFIOE9AE,Service_beiakklem1vi3j5fejrg,1000,2,0.0614747589,0
1537415820,Prod-EcsStagingCluster-EcsCluster-1AAGQRFIOE9AE,Service_beiakklem1vi3j5fejrg,1000,2,0.0734044491,0
1537403100,Prod-EcsStagingCluster-EcsCluster-1AAGQRFIOE9AE,Service_beiakklem1vi3j5fejrg,1000,2,0.0689435940,0
1537366980,Prod-EcsStagingCluster-EcsCluster-1AAGQRFIOE9AE,Service_beiakklem1vi3j5fejrg,1000,2,0.0687848312,0
1537370160,Prod-EcsStagingCluster-EcsCluster-1AAGQRFIOE9AE,Service_beiakklem1vi3j5fejrg,1000,2,0.0688090850,0
1537363800,Prod-EcsStagingCluster-EcsCluster-1AAGQRFIOE9AE,Service_beiakklem1vi3j5fejrg,1000,2,0.0699844172,0
1537428540,Prod-EcsStagingCluster-EcsCluster-1AAGQRFIOE9AE,Service_beiakklem1vi3j5fejrg,1000,2,0.0732575594,0
1537392420,Prod-EcsStagingCluster-EcsCluster-1AAGQRFIOE9AE,Service_beiakklem1vi3j5fejrg,1000,2,0.0708532712,0
1537395600,Prod-EcsStagingCluster-EcsCluster-1AAGQRFIOE9AE,Service_beiakklem1vi3j5fejrg,1000,2,0.0628164733,0
1537389240,Prod-EcsStagingCluster-EcsCluster-1AAGQRFIOE9AE,Service_beiakklem1vi3j5fejrg,1000,2,0.0603178104,0
1537396560,Prod-EcsStagingCluster-EcsCluster-1AAGQRFIOE9AE,Service_beiakklem1vi3j5fejrg,1000,2,0.0693734346,0
1537390200,Prod-EcsStagingCluster-EcsCluster-1AAGQRFIOE9AE,Service_beiakklem1vi3j5fejrg,1000,2,0.0673651483,0
1537371060,Prod-EcsStagingCluster-EcsCluster-1AAGQRFIOE9AE,Service_beiakklem1vi3j5fejrg,1000,2,0.0698286637,0
1537396500,Prod-EcsStagingCluster-EcsCluster-1AAGQRFIOE9AE,Service_beiakklem1vi3j5fejrg,1000,2,0.0638981440,0
1537360380,Prod-EcsStagingCluster-EcsCluster-1AAGQRFIOE9AE,Service_beiakklem1vi3j5fejrg,1000,2,0.0687093792,0
1537347660,Prod-EcsStagingCluster-EcsCluster-1AAGQRFIOE9AE,Service_beiakklem1vi3j5fejrg,1000,2,0.0652986089,0
1537375200,Prod-EcsStagingCluster-EcsCluster-1AAGQRFIOE9AE,Service_beiakklem1vi3j5fejrg,1000,2,0.0686929647,0
1537368840,Prod-EcsStagingCluster-EcsCluster-1AAGQRFIOE9AE,Service_beiakklem1vi3j5fejrg,1000,2,0.0695945272,0
1537400640,Prod-EcsStagingCluster-EcsCluster-1AAGQRFIOE9AE,Service_beiakklem1vi3j5fejrg,1000,2,0.0619961678,0
1537423980,Prod-EcsStagingCluster-EcsCluster-1AAGQRFIOE9AE,Service_beiakklem1vi3j5fejrg,1000,2,0.0741310986,0
1537394280,Prod-EcsStagingCluster-EcsCluster-1AAGQRFIOE9AE,Service_beiakklem1vi3j5fejrg,1000,2,0.0689662411,0
1537400580,Prod-EcsStagingCluster-EcsCluster-1AAGQRFIOE9AE,Service_beiakklem1vi3j5fejrg,1000,2,0.0669593224,0
1537426020,Prod-EcsStagingCluster-EcsCluster-1AAGQRFIOE9AE,Service_beiakklem1vi3j5fejrg,1000,2,0.0711526562,0
1537404720,Prod-EcsStagingCluster-EcsCluster-1AAGQRFIOE9AE,Service_beiakklem1vi3j5fejrg,1000,2,0.0668836129,0
1537398360,Prod-EcsStagingCluster-EcsCluster-1AAGQRFIOE9AE,Service_beiakklem1vi3j5fejrg,1000,2,0.0667652627,0
1537423800,Prod-EcsStagingCluster-EcsCluster-1AAGQRFIOE9AE,Service_beiakklem1vi3j5fejrg,1000,2,0.0680001096,0
1537430160,Prod-EcsStagingCluster-EcsCluster-1AAGQRFIOE9AE,Service_beiakklem1vi3j5fejrg,1000,2,0.0535089218,0
1537404660,Prod-EcsStagingCluster-EcsCluster-1AAGQRFIOE9AE,Service_beiakklem1vi3j5fejrg,1000,2,0.0669517199,0
1537355820,Prod-EcsStagingCluster-EcsCluster-1AAGQRFIOE9AE,Service_beiakklem1vi3j5fejrg,1000,2,0.0622524105,0
1537368540,Prod-EcsStagingCluster-EcsCluster-1AAGQRFIOE9AE,Service_beiakklem1vi3j5fejrg,1000,2,0.0689428121,0
1537430100,Prod-EcsStagingCluster-EcsCluster-1AAGQRFIOE9AE,Service_beiakklem1vi3j5fejrg,1000,2,0.0551890323,0
1537381260,Prod-EcsStagingCluster-EcsCluster-1AAGQRFIOE9AE,Service_beiakklem1vi3j5fejrg,1000,2,0.0686460342,0
1537393980,Prod-EcsStagingCluster-EcsCluster-1AAGQRFIOE9AE,Service_beiakklem1vi3j5fejrg,1000,2,0.0668852373,0
1537357860,Prod-EcsStagingCluster-EcsCluster-1AAGQRFIOE9AE,Service_beiakklem1vi3j5fejrg,1000,2,0.0704626765,0
1537402440,Prod-EcsStagingCluster-EcsCluster-1AAGQRFIOE9AE,Service_beiakklem1vi3j5fejrg,1000,2,0.0673123529,0
1537408800,Prod-EcsStagingCluster-EcsCluster-1AAGQRFIOE9AE,Service_beiakklem1vi3j5fejrg,1000,2,0.0720043409,0
1537403400,Prod-EcsStagingCluster-EcsCluster-1AAGQRFIOE9AE,Service_beiakklem1vi3j5fejrg,1000,2,0.0688069338,0
1537406580,Prod-EcsStagingCluster-EcsCluster-1AAGQRFIOE9AE,Service_beiakklem1vi3j5fejrg,1000,2,0.0681400824,0
1537428840,Prod-EcsStagingCluster-EcsCluster-1AAGQRFIOE9AE,Service_beiakklem1vi3j5fejrg,1000,2,0.0679693816,0
1537365120,Prod-EcsStagingCluster-EcsCluster-1AAGQRFIOE9AE,Service_beiakklem1vi3j5fejrg,1000,2,0.0706138674,0
1537359780,Prod-EcsStagingCluster-EcsCluster-1AAGQRFIOE9AE,Service_beiakklem1vi3j5fejrg,1000,2,0.0700319761,0
1537356600,Prod-EcsStagingCluster-EcsCluster-1AAGQRFIOE9AE,Service_beiakklem1vi3j5fejrg,1000,2,0.0787881079,0
1537389420,Prod-EcsStagingCluster-EcsCluster-1AAGQRFIOE9AE,Service_beiakklem1vi3j5fejrg,1000,2,0.0606648057,0
1537414860,Prod-EcsStagingCluster-EcsCluster-1AAGQRFIOE9AE,Service_beiakklem1vi3j5fejrg,1000,2,0.0720564131,0
1537402140,Prod-EcsStagingCluster-EcsCluster-1AAGQRFIOE9AE,Service_beiakklem1vi3j5fejrg,1000,2,0.0688783418,0
1537369200,Prod-EcsStagingCluster-EcsCluster-1AAGQRFIOE9AE,Service_beiakklem1vi3j5fejrg,1000,2,0.0694399240,0
1537427580,Prod-EcsStagingCluster-EcsCluster-1AAGQRFIOE9AE,Service_beiakklem1vi3j5fejrg,1000,2,0.0708293755,0
1537360680,Prod-EcsStagingCluster-EcsCluster-1AAGQRFIOE9AE,Service_beiakklem1vi3j5fejrg,1000,2,0.0615549439,0
1537363860,Prod-EcsStagingCluster-EcsCluster-1AAGQRFIOE9AE,Service_beiakklem1vi3j5fejrg,1000,2,0.0685353508,0
1537394640,Prod-EcsStagingCluster-EcsCluster-1AAGQRFIOE9AE,Service_beiakklem1vi3j5fejrg,1000,2,0.0685510043,0
1537373280,Prod-EcsStagingCluster-EcsCluster-1AAGQRFIOE9AE,Service_beiakklem1vi3j5fejrg,1000,2,0.0506591901,0
1537367940,Prod-EcsStagingCluster-EcsCluster-1AAGQRFIOE9AE,Service_beiakklem1vi3j5fejrg,1000,2,0.0587032692,0
1537398720,Prod-EcsStagingCluster-EcsCluster-1AAGQRFIOE9AE,Service_beiakklem1vi3j5fejrg,1000,2,0.0695755653,0
1537364760,Prod-EcsStagingCluster-EcsCluster-1AAGQRFIOE9AE,Service_beiakklem1vi3j5fejrg,1000,2,0.0811828200,0
1537359420,Prod-EcsStagingCluster-EcsCluster-1AAGQRFIOE9AE,Service_beiakklem1vi3j5fejrg,1000,2,0.0806803701,0
1537393380,Prod-EcsStagingCluster-EcsCluster-1AAGQRFIOE9AE,Service_beiakklem1vi3j5fejrg,1000,2,0.0704057821,0
1537346700,Prod-EcsStagingCluster-EcsCluster-1AAGQRFIOE9AE,Service_beiakklem1vi3j5fejrg,1000,2,0.0725927487,0
1537374240,Prod-EcsStagingCluster-EcsCluster-1AAGQRFIOE9AE,Service_beiakklem1vi3j5fejrg,1000,2,0.0676376295,0
1537365720,Prod-EcsStagingCluster-EcsCluster-1AAGQRFIOE9AE,Service_beiakklem1vi3j5fejrg,1000,2,0.0669089023,0
1537399680,Prod-EcsStagingCluster-EcsCluster-1AAGQRFIOE9AE,Service_beiakklem1vi3j5fejrg,1000,2,0.0704679626,0
1537423020,Prod-EcsStagingCluster-EcsCluster-1AAGQRFIOE9AE,Service_beiakklem1vi3j5fejrg,1000,2,0.0734033021,0
1537391160,Prod-EcsStagingCluster-EcsCluster-1AAGQRFIOE9AE,Service_beiakklem1vi3j5fejrg,1000,2,0.0694394488,0
1537372020,Prod-EcsStagingCluster-EcsCluster-1AAGQRFIOE9AE,Service_beiakklem1vi3j5fejrg,1000,2,0.0679882625,0
1537397460,Prod-EcsStagingCluster-EcsCluster-1AAGQRFIOE9AE,Service_beiakklem1vi3j5fejrg,1000,2,0.0695415006,0
1537369800,Prod-EcsStagingCluster-EcsCluster-1AAGQRFIOE9AE,Service_beiakklem1vi3j5fejrg,1000,2,0.0827503052,0
1537403760,Prod-EcsStagingCluster-EcsCluster-1AAGQRFIOE9AE,Service_beiakklem1vi3j5fejrg,1000,2,0.0668081196,0
1537395240,Prod-EcsStagingCluster-EcsCluster-1AAGQRFIOE9AE,Service_beiakklem1vi3j5fejrg,1000,2,0.0585943646,0
1537429200,Prod-EcsStagingCluster-EcsCluster-1AAGQRFIOE9AE,Service_beiakklem1vi3j5fejrg,1000,2,0.0417468086,0
1537380300,Prod-EcsStagingCluster-EcsCluster-1AAGQRFIOE9AE,Service_beiakklem1vi3j5fejrg,1000,2,0.0686331733,0
1537354860,Prod-EcsStagingCluster-EcsCluster-1AAGQRFIOE9AE,Service_beiakklem1vi3j5fejrg,1000,2,0.0691232829,0
1537367580,Prod-EcsStagingCluster-EcsCluster-1AAGQRFIOE9AE,Service_beiakklem1vi3j5fejrg,1000,2,0.0589925027,0
1537401540,Prod-EcsStagingCluster-EcsCluster-1AAGQRFIOE9AE,Service_beiakklem1vi3j5fejrg,1000,2,0.0568355271,0
1537393020,Prod-EcsStagingCluster-EcsCluster-1AAGQRFIOE9AE,Service_beiakklem1vi3j5fejrg,1000,2,0.0696084438,0
1537426980,Prod-EcsStagingCluster-EcsCluster-1AAGQRFIOE9AE,Service_beiakklem1vi3j5fejrg,1000,2,0.0739404495,0
1537407840,Prod-EcsStagingCluster-EcsCluster-1AAGQRFIOE9AE,Service_beiakklem1vi3j5fejrg,1000,2,0.0735650452,0
1537399320,Prod-EcsStagingCluster-EcsCluster-1AAGQRFIOE9AE,Service_beiakklem1vi3j5fejrg,1000,2,0.0699445587,0
1537424760,Prod-EcsStagingCluster-EcsCluster-1AAGQRFIOE9AE,Service_beiakklem1vi3j5fejrg,1000,2,0.1668294644,0
1537361040,Prod-EcsStagingCluster-EcsCluster-1AAGQRFIOE9AE,Service_beiakklem1vi3j5fejrg,1000,2,0.0607120358,0
1537405620,Prod-EcsStagingCluster-EcsCluster-1AAGQRFIOE9AE,Service_beiakklem1vi3j5fejrg,1000,2,0.0575244612,0
1537406640,Prod-EcsStagingCluster-EcsCluster-1AAGQRFIOE9AE,Service_beiakklem1vi3j5fejrg,1000,2,0.0702179240,0
1537400280,Prod-EcsStagingCluster-EcsCluster-1AAGQRFIOE9AE,Service_beiakklem1vi3j5fejrg,1000,2,0.0600292759,0
1537403460,Prod-EcsStagingCluster-EcsCluster-1AAGQRFIOE9AE,Service_beiakklem1vi3j5fejrg,1000,2,0.0697277945,0
1537422540,Prod-EcsStagingCluster-EcsCluster-1AAGQRFIOE9AE,Service_beiakklem1vi3j5fejrg,1000,2,0.0738463168,0
1537430940,Prod-EcsStagingCluster-EcsCluster-1AAGQRFIOE9AE,Service_beiakklem1vi3j5fejrg,1000,2,0.0543456474,0
1537388460,Prod-EcsStagingCluster-EcsCluster-1AAGQRFIOE9AE,Service_beiakklem1vi3j5fejrg,1000,2,0.0698131037,0
1537417080,Prod-EcsStagingCluster-EcsCluster-1AAGQRFIOE9AE,Service_beiakklem1vi3j5fejrg,1000,2,0.0719189202,0
1537420260,Prod-EcsStagingCluster-EcsCluster-1AAGQRFIOE9AE,Service_beiakklem1vi3j5fejrg,1000,2,0.0708724562,0
1537423440,Prod-EcsStagingCluster-EcsCluster-1AAGQRFIOE9AE,Service_beiakklem1vi3j5fejrg,1000,2,0.0738421969,0
1537396860,Prod-EcsStagingCluster-EcsCluster-1AAGQRFIOE9AE,Service_beiakklem1vi3j5fejrg,1000,2,0.0702484882,0
1537400040,Prod-EcsStagingCluster-EcsCluster-1AAGQRFIOE9AE,Service_beiakklem1vi3j5fejrg,1000,2,0.0597735580,0
1537403220,Prod-EcsStagingCluster-EcsCluster-1AAGQRFIOE9AE,Service_beiakklem1vi3j5fejrg,1000,2,0.0681506823,0
1537406400,Prod-EcsStagingCluster-EcsCluster-1AAGQRFIOE9AE,Service_beiakklem1vi3j5fejrg,1000,2,0.0616541820,0
1537354380,Prod-EcsStagingCluster-EcsCluster-1AAGQRFIOE9AE,Service_beiakklem1vi3j5fejrg,1000,2,0.0660544755,0
1537372320,Prod-EcsStagingCluster-EcsCluster-1AAGQRFIOE9AE,Service_beiakklem1vi3j5fejrg,1000,2,0.0611960885,0
1537362780,Prod-EcsStagingCluster-EcsCluster-1AAGQRFIOE9AE,Service_beiakklem1vi3j5fejrg,1000,2,0.0694634354,0
1537365960,Prod-EcsStagingCluster-EcsCluster-1AAGQRFIOE9AE,Service_beiakklem1vi3j5fejrg,1000,2,0.0609677193,0
1537369140,Prod-EcsStagingCluster-EcsCluster-1AAGQRFIOE9AE,Service_beiakklem1vi3j5fejrg,1000,2,0.0707251167,0
1537355280,Prod-EcsStagingCluster-EcsCluster-1AAGQRFIOE9AE,Service_beiakklem1vi3j5fejrg,1000,2,0.0732297816,0
1537348920,Prod-EcsStagingCluster-EcsCluster-1AAGQRFIOE9AE,Service_beiakklem1vi3j5fejrg,1000,2,0.0702728599,0
1537352100,Prod-EcsStagingCluster-EcsCluster-1AAGQRFIOE9AE,Service_beiakklem1vi3j5fejrg,1000,2,0.0699549069,0
1537422060,Prod-EcsStagingCluster-EcsCluster-1AAGQRFIOE9AE,Service_beiakklem1vi3j5fejrg,1000,2,0.0734120596,0
1537356240,Prod-EcsStagingCluster-EcsCluster-1AAGQRFIOE9AE,Service_beiakklem1vi3j5fejrg,1000,2,0.0693176967,0
1537349880,Prod-EcsStagingCluster-EcsCluster-1AAGQRFIOE9AE,Service_beiakklem1vi3j5fejrg,1000,2,0.0702792122,0
1537368900,Prod-EcsStagingCluster-EcsCluster-1AAGQRFIOE9AE,Service_beiakklem1vi3j5fejrg,1000,2,0.0889569583,0
1537430460,Prod-EcsStagingCluster-EcsCluster-1AAGQRFIOE9AE,Service_beiakklem1vi3j5fejrg,1000,2,0.0541454723,0
1537387980,Prod-EcsStagingCluster-EcsCluster-1AAGQRFIOE9AE,Service_beiakklem1vi3j5fejrg,1000,2,0.0757204410,0
1537366680,Prod-EcsStagingCluster-EcsCluster-1AAGQRFIOE9AE,Service_beiakklem1vi3j5fejrg,1000,2,0.0673748889,0
1537373040,Prod-EcsStagingCluster-EcsCluster-1AAGQRFIOE9AE,Service_beiakklem1vi3j5fejrg,1000,2,0.0661917787,0
1537396380,Prod-EcsStagingCluster-EcsCluster-1AAGQRFIOE9AE,Service_beiakklem1vi3j5fejrg,1000,2,0.0681195841,0
1537353900,Prod-EcsStagingCluster-EcsCluster-1AAGQRFIOE9AE,Service_beiakklem1vi3j5fejrg,1000,2,0.0690267241,0
1537402740,Prod-EcsStagingCluster-EcsCluster-1AAGQRFIOE9AE,Service_beiakklem1vi3j5fejrg,1000,2,0.0692096107,0
1537385700,Prod-EcsStagingCluster-EcsCluster-1AAGQRFIOE9AE,Service_beiakklem1vi3j5fejrg,1000,2,0.0774123006,0
1537362300,Prod-EcsStagingCluster-EcsCluster-1AAGQRFIOE9AE,Service_beiakklem1vi3j5fejrg,1000,2,0.0720011625,0
1537400520,Prod-EcsStagingCluster-EcsCluster-1AAGQRFIOE9AE,Service_beiakklem1vi3j5fejrg,1000,2,0.0692875762,0
1537406880,Prod-EcsStagingCluster-EcsCluster-1AAGQRFIOE9AE,Service_beiakklem1vi3j5fejrg,1000,2,0.0612799052,0
1537368660,Prod-EcsStagingCluster-EcsCluster-1AAGQRFIOE9AE,Service_beiakklem1vi3j5fejrg,1000,2,0.0714498470,0
1537383480,Prod-EcsStagingCluster-EcsCluster-1AAGQRFIOE9AE,Service_beiakklem1vi3j5fejrg,1000,2,0.0944986659,0
1537389840,Prod-EcsStagingCluster-EcsCluster-1AAGQRFIOE9AE,Service_beiakklem1vi3j5fejrg,1000,2,0.0698005173,0
1537366440,Prod-EcsStagingCluster-EcsCluster-1AAGQRFIOE9AE,Service_beiakklem1vi3j5fejrg,1000,2,0.0585117867,0
1537372800,Prod-EcsStagingCluster-EcsCluster-1AAGQRFIOE9AE,Service_beiakklem1vi3j5fejrg,1000,2,0.0681270872,0
1537402500,Prod-EcsStagingCluster-EcsCluster-1AAGQRFIOE9AE,Service_beiakklem1vi3j5fejrg,1000,2,0.0668447321,0
1537421580,Prod-EcsStagingCluster-EcsCluster-1AAGQRFIOE9AE,Service_beiakklem1vi3j5fejrg,1000,2,0.0713709522,1
1537429980,Prod-EcsStagingCluster-EcsCluster-1AAGQRFIOE9AE,Service_beiakklem1vi3j5fejrg,1000,2,0.0546272515,0
1537367400,Prod-EcsStagingCluster-EcsCluster-1AAGQRFIOE9AE,Service_beiakklem1vi3j5fejrg,1000,2,0.0597430681,0
1537370580,Prod-EcsStagingCluster-EcsCluster-1AAGQRFIOE9AE,Service_beiakklem1vi3j5fejrg,1000,2,0.0691474524,0
1537387500,Prod-EcsStagingCluster-EcsCluster-1AAGQRFIOE9AE,Service_beiakklem1vi3j5fejrg,1000,2,0.0714557963,0
1537404420,Prod-EcsStagingCluster-EcsCluster-1AAGQRFIOE9AE,Service_beiakklem1vi3j5fejrg,1000,2,0.0661258549,0
1537401240,Prod-EcsStagingCluster-EcsCluster-1AAGQRFIOE9AE,Service_beiakklem1vi3j5fejrg,1000,2,0.0585458123,0
1537422480,Prod-EcsStagingCluster-EcsCluster-1AAGQRFIOE9AE,Service_beiakklem1vi3j5fejrg,1000,2,0.0718579459,0
1537395900,Prod-EcsStagingCluster-EcsCluster-1AAGQRFIOE9AE,Service_beiakklem1vi3j5fejrg,1000,2,0.1954113303,0
1537405440,Prod-EcsStagingCluster-EcsCluster-1AAGQRFIOE9AE,Service_beiakklem1vi3j5fejrg,1000,2,0.0762371393,0
1537353420,Prod-EcsStagingCluster-EcsCluster-1AAGQRFIOE9AE,Service_beiakklem1vi3j5fejrg,1000,2,0.0689413635,0
1537371360,Prod-EcsStagingCluster-EcsCluster-1AAGQRFIOE9AE,Service_beiakklem1vi3j5fejrg,1000,2,0.0692300109,0
1537418040,Prod-EcsStagingCluster-EcsCluster-1AAGQRFIOE9AE,Service_beiakklem1vi3j5fejrg,1000,2,0.0637231586,0
1537361820,Prod-EcsStagingCluster-EcsCluster-1AAGQRFIOE9AE,Service_beiakklem1vi3j5fejrg,1000,2,0.0621706109,0
1537421220,Prod-EcsStagingCluster-EcsCluster-1AAGQRFIOE9AE,Service_beiakklem1vi3j5fejrg,1000,2,0.0717985947,0
1537401000,Prod-EcsStagingCluster-EcsCluster-1AAGQRFIOE9AE,Service_beiakklem1vi3j5fejrg,1000,2,0.0681077061,0
1537404180,Prod-EcsStagingCluster-EcsCluster-1AAGQRFIOE9AE,Service_beiakklem1vi3j5fejrg,1000,2,0.0677485240,0
1537354320,Prod-EcsStagingCluster-EcsCluster-1AAGQRFIOE9AE,Service_beiakklem1vi3j5fejrg,1000,2,0.0665264365,0
1537421100,Prod-EcsStagingCluster-EcsCluster-1AAGQRFIOE9AE,Service_beiakklem1vi3j5fejrg,1000,2,0.0736654162,0
1537370100,Prod-EcsStagingCluster-EcsCluster-1AAGQRFIOE9AE,Service_beiakklem1vi3j5fejrg,1000,2,0.0705699190,0
1537366920,Prod-EcsStagingCluster-EcsCluster-1AAGQRFIOE9AE,Service_beiakklem1vi3j5fejrg,1000,2,0.0587726938,0
1537371120,Prod-EcsStagingCluster-EcsCluster-1AAGQRFIOE9AE,Service_beiakklem1vi3j5fejrg,1000,2,0.0695803898,0
1537429500,Prod-EcsStagingCluster-EcsCluster-1AAGQRFIOE9AE,Service_beiakklem1vi3j5fejrg,1000,2,0.0536321104,0
1537353060,Prod-EcsStagingCluster-EcsCluster-1AAGQRFIOE9AE,Service_beiakklem1vi3j5fejrg,1000,2,0.0704381914,0
1537387020,Prod-EcsStagingCluster-EcsCluster-1AAGQRFIOE9AE,Service_beiakklem1vi3j5fejrg,1000,2,0.0707260786,0
1537367880,Prod-EcsStagingCluster-EcsCluster-1AAGQRFIOE9AE,Service_beiakklem1vi3j5fejrg,1000,2,0.0602868945,0
1537372080,Prod-EcsStagingCluster-EcsCluster-1AAGQRFIOE9AE,Service_beiakklem1vi3j5fejrg,1000,2,0.0612162971,0
1537395420,Prod-EcsStagingCluster-EcsCluster-1AAGQRFIOE9AE,Service_beiakklem1vi3j5fejrg,1000,2,0.0664539825,0
1537352940,Prod-EcsStagingCluster-EcsCluster-1AAGQRFIOE9AE,Service_beiakklem1vi3j5fejrg,1000,2,0.0716066622,0
1537350840,Prod-EcsStagingCluster-EcsCluster-1AAGQRFIOE9AE,Service_beiakklem1vi3j5fejrg,1000,2,0.0682563484,1
1537369860,Prod-EcsStagingCluster-EcsCluster-1AAGQRFIOE9AE,Service_beiakklem1vi3j5fejrg,1000,2,0.0708850242,0
1537361340,Prod-EcsStagingCluster-EcsCluster-1AAGQRFIOE9AE,Service_beiakklem1vi3j5fejrg,1000,2,0.0605796779,0
1537405920,Prod-EcsStagingCluster-EcsCluster-1AAGQRFIOE9AE,Service_beiakklem1vi3j5fejrg,1000,2,0.0744880395,0
1537367640,Prod-EcsStagingCluster-EcsCluster-1AAGQRFIOE9AE,Service_beiakklem1vi3j5fejrg,1000,2,0.0592759008,0
1537388880,Prod-EcsStagingCluster-EcsCluster-1AAGQRFIOE9AE,Service_beiakklem1vi3j5fejrg,1000,2,0.0616387741,1
1537403700,Prod-EcsStagingCluster-EcsCluster-1AAGQRFIOE9AE,Service_beiakklem1vi3j5fejrg,1000,2,0.1278394178,0
1537371840,Prod-EcsStagingCluster-EcsCluster-1AAGQRFIOE9AE,Service_beiakklem1vi3j5fejrg,1000,2,0.0598699792,0
1537386660,Prod-EcsStagingCluster-EcsCluster-1AAGQRFIOE9AE,Service_beiakklem1vi3j5fejrg,1000,2,0.0701797440,0
1537420620,Prod-EcsStagingCluster-EcsCluster-1AAGQRFIOE9AE,Service_beiakklem1vi3j5fejrg,1000,2,0.0792053682,0
1537401480,Prod-EcsStagingCluster-EcsCluster-1AAGQRFIOE9AE,Service_beiakklem1vi3j5fejrg,1000,2,0.0573221514,0
1537405680,Prod-EcsStagingCluster-EcsCluster-1AAGQRFIOE9AE,Service_beiakklem1vi3j5fejrg,1000,2,0.0690162569,0
1537429020,Prod-EcsStagingCluster-EcsCluster-1AAGQRFIOE9AE,Service_beiakklem1vi3j5fejrg,1000,2,0.3185451579,0
1537369620,Prod-EcsStagingCluster-EcsCluster-1AAGQRFIOE9AE,Service_beiakklem1vi3j5fejrg,1000,2,0.0721107130,0
1537386540,Prod-EcsStagingCluster-EcsCluster-1AAGQRFIOE9AE,Service_beiakklem1vi3j5fejrg,1000,2,0.0694612993,0
1537384440,Prod-EcsStagingCluster-EcsCluster-1AAGQRFIOE9AE,Service_beiakklem1vi3j5fejrg,1000,2,0.0707599016,0
1537398120,Prod-EcsStagingCluster-EcsCluster-1AAGQRFIOE9AE,Service_beiakklem1vi3j5fejrg,1000,2,0.1184788879,0
1537401300,Prod-EcsStagingCluster-EcsCluster-1AAGQRFIOE9AE,Service_beiakklem1vi3j5fejrg,1000,2,0.0582495868,0
1537404480,Prod-EcsStagingCluster-EcsCluster-1AAGQRFIOE9AE,Service_beiakklem1vi3j5fejrg,1000,2,0.0657807930,0
1537385400,Prod-EcsStagingCluster-EcsCluster-1AAGQRFIOE9AE,Service_beiakklem1vi3j5fejrg,1000,2,0.0714189578,0
1537388580,Prod-EcsStagingCluster-EcsCluster-1AAGQRFIOE9AE,Service_beiakklem1vi3j5fejrg,1000,2,0.0724592090,0
1537391760,Prod-EcsStagingCluster-EcsCluster-1AAGQRFIOE9AE,Service_beiakklem1vi3j5fejrg,1000,2,0.0702068025,0
1537352460,Prod-EcsStagingCluster-EcsCluster-1AAGQRFIOE9AE,Service_beiakklem1vi3j5fejrg,1000,2,0.0684792685,0
1537365180,Prod-EcsStagingCluster-EcsCluster-1AAGQRFIOE9AE,Service_beiakklem1vi3j5fejrg,1000,2,0.0701724248,0
1537364040,Prod-EcsStagingCluster-EcsCluster-1AAGQRFIOE9AE,Service_beiakklem1vi3j5fejrg,1000,2,0.0702669702,0
1537367220,Prod-EcsStagingCluster-EcsCluster-1AAGQRFIOE9AE,Service_beiakklem1vi3j5fejrg,1000,2,0.0681425347,0
1537370400,Prod-EcsStagingCluster-EcsCluster-1AAGQRFIOE9AE,Service_beiakklem1vi3j5fejrg,1000,2,0.0682000379,0
1537405380,Prod-EcsStagingCluster-EcsCluster-1AAGQRFIOE9AE,Service_beiakklem1vi3j5fejrg,1000,2,0.0668327953,0
1537408560,Prod-EcsStagingCluster-EcsCluster-1AAGQRFIOE9AE,Service_beiakklem1vi3j5fejrg,1000,2,0.0719064848,0
1537402200,Prod-EcsStagingCluster-EcsCluster-1AAGQRFIOE9AE,Service_beiakklem1vi3j5fejrg,1000,2,0.0669934837,0
1537420140,Prod-EcsStagingCluster-EcsCluster-1AAGQRFIOE9AE,Service_beiakklem1vi3j5fejrg,1000,2,0.0697796322,0
1537419000,Prod-EcsStagingCluster-EcsCluster-1AAGQRFIOE9AE,Service_beiakklem1vi3j5fejrg,1000,2,0.0724446407,1
1537422180,Prod-EcsStagingCluster-EcsCluster-1AAGQRFIOE9AE,Service_beiakklem1vi3j5fejrg,1000,2,0.0729516609,0
1537425360,Prod-EcsStagingCluster-EcsCluster-1AAGQRFIOE9AE,Service_beiakklem1vi3j5fejrg,1000,2,0.1128570239,0
1537398780,Prod-EcsStagingCluster-EcsCluster-1AAGQRFIOE9AE,Service_beiakklem1vi3j5fejrg,1000,2,0.0689297954,0
1537386060,Prod-EcsStagingCluster-EcsCluster-1AAGQRFIOE9AE,Service_beiakklem1vi3j5fejrg,1000,2,0.0768928098,0
1537397640,Prod-EcsStagingCluster-EcsCluster-1AAGQRFIOE9AE,Service_beiakklem1vi3j5fejrg,1000,2,0.0694812945,0
1537351980,Prod-EcsStagingCluster-EcsCluster-1AAGQRFIOE9AE,Service_beiakklem1vi3j5fejrg,1000,2,0.0696639790,0
1537400820,Prod-EcsStagingCluster-EcsCluster-1AAGQRFIOE9AE,Service_beiakklem1vi3j5fejrg,1000,2,0.0783386662,0
1537364700,Prod-EcsStagingCluster-EcsCluster-1AAGQRFIOE9AE,Service_beiakklem1vi3j5fejrg,1000,2,0.0683715784,0
1537354020,Prod-EcsStagingCluster-EcsCluster-1AAGQRFIOE9AE,Service_beiakklem1vi3j5fejrg,1000,2,0.0719397793,0
1537366740,Prod-EcsStagingCluster-EcsCluster-1AAGQRFIOE9AE,Service_beiakklem1vi3j5fejrg,1000,2,0.0687750371,0
1537398600,Prod-EcsStagingCluster-EcsCluster-1AAGQRFIOE9AE,Service_beiakklem1vi3j5fejrg,1000,2,0.0683756135,0
1537404960,Prod-EcsStagingCluster-EcsCluster-1AAGQRFIOE9AE,Service_beiakklem1vi3j5fejrg,1000,2,0.0659254411,0
1537364520,Prod-EcsStagingCluster-EcsCluster-1AAGQRFIOE9AE,Service_beiakklem1vi3j5fejrg,1000,2,0.0679675914,0
1537358160,Prod-EcsStagingCluster-EcsCluster-1AAGQRFIOE9AE,Service_beiakklem1vi3j5fejrg,1000,2,0.0695405089,1
1537351800,Prod-EcsStagingCluster-EcsCluster-1AAGQRFIOE9AE,Service_beiakklem1vi3j5fejrg,1000,2,0.0705916376,0
1537370880,Prod-EcsStagingCluster-EcsCluster-1AAGQRFIOE9AE,Service_beiakklem1vi3j5fejrg,1000,2,0.0709653316,0
1537370820,Prod-EcsStagingCluster-EcsCluster-1AAGQRFIOE9AE,Service_beiakklem1vi3j5fejrg,1000,2,0.0702334481,0
1537419660,Prod-EcsStagingCluster-EcsCluster-1AAGQRFIOE9AE,Service_beiakklem1vi3j5fejrg,1000,2,0.0719423652,0
1537368600,Prod-EcsStagingCluster-EcsCluster-1AAGQRFIOE9AE,Service_beiakklem1vi3j5fejrg,1000,2,0.0700925153,0
1537374960,Prod-EcsStagingCluster-EcsCluster-1AAGQRFIOE9AE,Service_beiakklem1vi3j5fejrg,1000,2,0.0712565271,0
1537385580,Prod-EcsStagingCluster-EcsCluster-1AAGQRFIOE9AE,Service_beiakklem1vi3j5fejrg,1000,2,0.0704503121,0
1537398300,Prod-EcsStagingCluster-EcsCluster-1AAGQRFIOE9AE,Service_beiakklem1vi3j5fejrg,1000,2,0.0673612248,0
1537400340,Prod-EcsStagingCluster-EcsCluster-1AAGQRFIOE9AE,Service_beiakklem1vi3j5fejrg,1000,2,0.0720211869,1
1537387620,Prod-EcsStagingCluster-EcsCluster-1AAGQRFIOE9AE,Service_beiakklem1vi3j5fejrg,1000,2,0.0693093256,0
1537364220,Prod-EcsStagingCluster-EcsCluster-1AAGQRFIOE9AE,Service_beiakklem1vi3j5fejrg,1000,2,0.0702077030,0
1537351500,Prod-EcsStagingCluster-EcsCluster-1AAGQRFIOE9AE,Service_beiakklem1vi3j5fejrg,1000,2,0.0691236589,0
1537369440,Prod-EcsStagingCluster-EcsCluster-1AAGQRFIOE9AE,Service_beiakklem1vi3j5fejrg,1000,2,0.0693330583,0
1537407600,Prod-EcsStagingCluster-EcsCluster-1AAGQRFIOE9AE,Service_beiakklem1vi3j5fejrg,1000,2,0.0739064605,0
1537399080,Prod-EcsStagingCluster-EcsCluster-1AAGQRFIOE9AE,Service_beiakklem1vi3j5fejrg,1000,2,0.0688800609,0
1537402260,Prod-EcsStagingCluster-EcsCluster-1AAGQRFIOE9AE,Service_beiakklem1vi3j5fejrg,1000,2,0.0702573464,0
1537386360,Prod-EcsStagingCluster-EcsCluster-1AAGQRFIOE9AE,Service_beiakklem1vi3j5fejrg,1000,2,0.0682713517,0
1537389540,Prod-EcsStagingCluster-EcsCluster-1AAGQRFIOE9AE,Service_beiakklem1vi3j5fejrg,1000,2,0.0704367223,0
1537419180,Prod-EcsStagingCluster-EcsCluster-1AAGQRFIOE9AE,Service_beiakklem1vi3j5fejrg,1000,2,0.0746222516,0
1537365000,Prod-EcsStagingCluster-EcsCluster-1AAGQRFIOE9AE,Service_beiakklem1vi3j5fejrg,1000,2,0.0689421824,0
1537368180,Prod-EcsStagingCluster-EcsCluster-1AAGQRFIOE9AE,Service_beiakklem1vi3j5fejrg,1000,2,0.0668604921,0
1537403160,Prod-EcsStagingCluster-EcsCluster-1AAGQRFIOE9AE,Service_beiakklem1vi3j5fejrg,1000,2,0.0692919272,0
1537406340,Prod-EcsStagingCluster-EcsCluster-1AAGQRFIOE9AE,Service_beiakklem1vi3j5fejrg,1000,2,0.0664017452,0
1537424400,Prod-EcsStagingCluster-EcsCluster-1AAGQRFIOE9AE,Service_beiakklem1vi3j5fejrg,1000,2,0.0636873488,0
1537397820,Prod-EcsStagingCluster-EcsCluster-1AAGQRFIOE9AE,Service_beiakklem1vi3j5fejrg,1000,2,0.0700211800,0
1537385100,Prod-EcsStagingCluster-EcsCluster-1AAGQRFIOE9AE,Service_beiakklem1vi3j5fejrg,1000,2,0.0728544007,0
1537351020,Prod-EcsStagingCluster-EcsCluster-1AAGQRFIOE9AE,Service_beiakklem1vi3j5fejrg,1000,2,0.0680503223,0
1537403040,Prod-EcsStagingCluster-EcsCluster-1AAGQRFIOE9AE,Service_beiakklem1vi3j5fejrg,1000,2,0.0703396661,0
1537363740,Prod-EcsStagingCluster-EcsCluster-1AAGQRFIOE9AE,Service_beiakklem1vi3j5fejrg,1000,2,0.0697011154,0
1537419960,Prod-EcsStagingCluster-EcsCluster-1AAGQRFIOE9AE,Service_beiakklem1vi3j5fejrg,1000,2,0.0727418347,0
1537423140,Prod-EcsStagingCluster-EcsCluster-1AAGQRFIOE9AE,Service_beiakklem1vi3j5fejrg,1000,2,0.0745668447,0
1537404000,Prod-EcsStagingCluster-EcsCluster-1AAGQRFIOE9AE,Service_beiakklem1vi3j5fejrg,1000,2,0.0674548624,0
1537420920,Prod-EcsStagingCluster-EcsCluster-1AAGQRFIOE9AE,Service_beiakklem1vi3j5fejrg,1000,2,0.0714501798,0
1537357200,Prod-EcsStagingCluster-EcsCluster-1AAGQRFIOE9AE,Service_beiakklem1vi3j5fejrg,1000,2,0.0694761430,0
1537401780,Prod-EcsStagingCluster-EcsCluster-1AAGQRFIOE9AE,Service_beiakklem1vi3j5fejrg,1000,2,0.0663799692,0
1537369920,Prod-EcsStagingCluster-EcsCluster-1AAGQRFIOE9AE,Service_beiakklem1vi3j5fejrg,1000,2,0.0695164578,1
1537418700,Prod-EcsStagingCluster-EcsCluster-1AAGQRFIOE9AE,Service_beiakklem1vi3j5fejrg,1000,2,0.0729719705,0
1537431420,Prod-EcsStagingCluster-EcsCluster-1AAGQRFIOE9AE,Service_beiakklem1vi3j5fejrg,1000,2,0.0539209538,0
1537354980,Prod-EcsStagingCluster-EcsCluster-1AAGQRFIOE9AE,Service_beiakklem1vi3j5fejrg,1000,2,0.0670792955,0
1537367700,Prod-EcsStagingCluster-EcsCluster-1AAGQRFIOE9AE,Service_beiakklem1vi3j5fejrg,1000,2,0.0594430778,0
1537399560,Prod-EcsStagingCluster-EcsCluster-1AAGQRFIOE9AE,Service_beiakklem1vi3j5fejrg,1000,4,0.0708253528,0
1537374000,Prod-EcsStagingCluster-EcsCluster-1AAGQRFIOE9AE,Service_beiakklem1vi3j5fejrg,1000,2,0.0671368630,0
1537384620,Prod-EcsStagingCluster-EcsCluster-1AAGQRFIOE9AE,Service_beiakklem1vi3j5fejrg,1000,2,0.0853032627,0
1537365480,Prod-EcsStagingCluster-EcsCluster-1AAGQRFIOE9AE,Service_beiakklem1vi3j5fejrg,1000,2,0.0754605235,0
1537352760,Prod-EcsStagingCluster-EcsCluster-1AAGQRFIOE9AE,Service_beiakklem1vi3j5fejrg,1000,2,0.0712435004,0
1537397340,Prod-EcsStagingCluster-EcsCluster-1AAGQRFIOE9AE,Service_beiakklem1vi3j5fejrg,1000,2,0.0709021005,0
1537371780,Prod-EcsStagingCluster-EcsCluster-1AAGQRFIOE9AE,Service_beiakklem1vi3j5fejrg,1000,2,0.0609292083,0
1537363260,Prod-EcsStagingCluster-EcsCluster-1AAGQRFIOE9AE,Service_beiakklem1vi3j5fejrg,1000,2,0.0758307843,0
1537350540,Prod-EcsStagingCluster-EcsCluster-1AAGQRFIOE9AE,Service_beiakklem1vi3j5fejrg,1000,2,0.0682144336,0
1537369560,Prod-EcsStagingCluster-EcsCluster-1AAGQRFIOE9AE,Service_beiakklem1vi3j5fejrg,1000,2,0.0700307678,0
1537403520,Prod-EcsStagingCluster-EcsCluster-1AAGQRFIOE9AE,Service_beiakklem1vi3j5fejrg,1000,2,0.0687012443,0
1537390800,Prod-EcsStagingCluster-EcsCluster-1AAGQRFIOE9AE,Service_beiakklem1vi3j5fejrg,1000,2,0.0714734774,0
1537413000,Prod-EcsStagingCluster-EcsCluster-1AAGQRFIOE9AE,Service_beiakklem1vi3j5fejrg,1000,2,0.0610270081,0
1537390740,Prod-EcsStagingCluster-EcsCluster-1AAGQRFIOE9AE,Service_beiakklem1vi3j5fejrg,1000,2,0.0699316818,0
1537370520,Prod-EcsStagingCluster-EcsCluster-1AAGQRFIOE9AE,Service_beiakklem1vi3j5fejrg,1000,2,0.0813330315,0
1537367340,Prod-EcsStagingCluster-EcsCluster-1AAGQRFIOE9AE,Service_beiakklem1vi3j5fejrg,1000,2,0.0575709878,0
1537351440,Prod-EcsStagingCluster-EcsCluster-1AAGQRFIOE9AE,Service_beiakklem1vi3j5fejrg,1000,2,0.0788761755,0
1537419360,Prod-EcsStagingCluster-EcsCluster-1AAGQRFIOE9AE,Service_beiakklem1vi3j5fejrg,1000,2,0.0730921162,0
1537395960,Prod-EcsStagingCluster-EcsCluster-1AAGQRFIOE9AE,Service_beiakklem1vi3j5fejrg,1000,2,0.0683057228,0
1537376880,Prod-EcsStagingCluster-EcsCluster-1AAGQRFIOE9AE,Service_beiakklem1vi3j5fejrg,1000,2,0.0626474863,0
1537427760,Prod-EcsStagingCluster-EcsCluster-1AAGQRFIOE9AE,Service_beiakklem1vi3j5fejrg,1000,2,0.0756412804,0
1537402320,Prod-EcsStagingCluster-EcsCluster-1AAGQRFIOE9AE,Service_beiakklem1vi3j5fejrg,1000,2,0.0699766337,0
1537418220,Prod-EcsStagingCluster-EcsCluster-1AAGQRFIOE9AE,Service_beiakklem1vi3j5fejrg,1000,2,0.0625837422,0
1537421400,Prod-EcsStagingCluster-EcsCluster-1AAGQRFIOE9AE,Service_beiakklem1vi3j5fejrg,1000,2,0.0763725083,0
1537348020,Prod-EcsStagingCluster-EcsCluster-1AAGQRFIOE9AE,Service_beiakklem1vi3j5fejrg,1000,2,0.0702070419,0
1537392540,Prod-EcsStagingCluster-EcsCluster-1AAGQRFIOE9AE,Service_beiakklem1vi3j5fejrg,1000,2,0.0712794087,0
1537370280,Prod-EcsStagingCluster-EcsCluster-1AAGQRFIOE9AE,Service_beiakklem1vi3j5fejrg,1000,2,0.0685747901,0
1537376640,Prod-EcsStagingCluster-EcsCluster-1AAGQRFIOE9AE,Service_beiakklem1vi3j5fejrg,1000,2,0.0665978977,0
1537421160,Prod-EcsStagingCluster-EcsCluster-1AAGQRFIOE9AE,Service_beiakklem1vi3j5fejrg,1000,2,0.0735929185,0
1537398900,Prod-EcsStagingCluster-EcsCluster-1AAGQRFIOE9AE,Service_beiakklem1vi3j5fejrg,1000,2,0.0693204940,0
1537375500,Prod-EcsStagingCluster-EcsCluster-1AAGQRFIOE9AE,Service_beiakklem1vi3j5fejrg,1000,2,0.0681315288,0
1537381860,Prod-EcsStagingCluster-EcsCluster-1AAGQRFIOE9AE,Service_beiakklem1vi3j5fejrg,1000,2,0.0700456942,0
1537356420,Prod-EcsStagingCluster-EcsCluster-1AAGQRFIOE9AE,Service_beiakklem1vi3j5fejrg,1000,2,0.0687382434,0
1537427520,Prod-EcsStagingCluster-EcsCluster-1AAGQRFIOE9AE,Service_beiakklem1vi3j5fejrg,1000,2,0.1745431979,0
1537407300,Prod-EcsStagingCluster-EcsCluster-1AAGQRFIOE9AE,Service_beiakklem1vi3j5fejrg,1000,2,0.0732852118,0
1537426380,Prod-EcsStagingCluster-EcsCluster-1AAGQRFIOE9AE,Service_beiakklem1vi3j5fejrg,1000,2,0.0708949267,0
1537430520,Prod-EcsStagingCluster-EcsCluster-1AAGQRFIOE9AE,Service_beiakklem1vi3j5fejrg,1000,2,0.0539472680,0
1537349820,Prod-EcsStagingCluster-EcsCluster-1AAGQRFIOE9AE,Service_beiakklem1vi3j5fejrg,1000,2,0.0719435620,0
1537356180,Prod-EcsStagingCluster-EcsCluster-1AAGQRFIOE9AE,Service_beiakklem1vi3j5fejrg,1000,2,0.0695264627,0
1537400700,Prod-EcsStagingCluster-EcsCluster-1AAGQRFIOE9AE,Service_beiakklem1vi3j5fejrg,1000,2,0.0680699605,0
1537407060,Prod-EcsStagingCluster-EcsCluster-1AAGQRFIOE9AE,Service_beiakklem1vi3j5fejrg,1000,2,0.0631162549,0
1537383660,Prod-EcsStagingCluster-EcsCluster-1AAGQRFIOE9AE,Service_beiakklem1vi3j5fejrg,1000,2,0.0592901331,0
1537360320,Prod-EcsStagingCluster-EcsCluster-1AAGQRFIOE9AE,Service_beiakklem1vi3j5fejrg,1000,2,0.0692643724,0
1537353960,Prod-EcsStagingCluster-EcsCluster-1AAGQRFIOE9AE,Service_beiakklem1vi3j5fejrg,1000,2,0.0706599647,0
1537404840,Prod-EcsStagingCluster-EcsCluster-1AAGQRFIOE9AE,Service_beiakklem1vi3j5fejrg,1000,2,0.0685271911,0
1537411200,Prod-EcsStagingCluster-EcsCluster-1AAGQRFIOE9AE,Service_beiakklem1vi3j5fejrg,1000,2,0.0732204207,0
1537357980,Prod-EcsStagingCluster-EcsCluster-1AAGQRFIOE9AE,Service_beiakklem1vi3j5fejrg,1000,2,0.0681225617,0
1537364340,Prod-EcsStagingCluster-EcsCluster-1AAGQRFIOE9AE,Service_beiakklem1vi3j5fejrg,1000,2,0.0690313712,0
1537408860,Prod-EcsStagingCluster-EcsCluster-1AAGQRFIOE9AE,Service_beiakklem1vi3j5fejrg,1000,2,0.0726290147,0
1537415220,Prod-EcsStagingCluster-EcsCluster-1AAGQRFIOE9AE,Service_beiakklem1vi3j5fejrg,1000,2,0.0721898009,0
1537372740,Prod-EcsStagingCluster-EcsCluster-1AAGQRFIOE9AE,Service_beiakklem1vi3j5fejrg,1000,2,0.0677757224,0
1537347300,Prod-EcsStagingCluster-EcsCluster-1AAGQRFIOE9AE,Service_beiakklem1vi3j5fejrg,1000,2,0.0705649305,0
1537391820,Prod-EcsStagingCluster-EcsCluster-1AAGQRFIOE9AE,Service_beiakklem1vi3j5fejrg,1000,2,0.0721429534,0
1537398180,Prod-EcsStagingCluster-EcsCluster-1AAGQRFIOE9AE,Service_beiakklem1vi3j5fejrg,1000,2,0.0663598827,0
1537362120,Prod-EcsStagingCluster-EcsCluster-1AAGQRFIOE9AE,Service_beiakklem1vi3j5fejrg,1000,2,0.0692829716,0
1537368480,Prod-EcsStagingCluster-EcsCluster-1AAGQRFIOE9AE,Service_beiakklem1vi3j5fejrg,1000,2,0.0687440616,0
1537366260,Prod-EcsStagingCluster-EcsCluster-1AAGQRFIOE9AE,Service_beiakklem1vi3j5fejrg,1000,2,0.0585951895,0
1537417140,Prod-EcsStagingCluster-EcsCluster-1AAGQRFIOE9AE,Service_beiakklem1vi3j5fejrg,1000,2,0.0766734592,0
1537388520,Prod-EcsStagingCluster-EcsCluster-1AAGQRFIOE9AE,Service_beiakklem1vi3j5fejrg,1000,2,0.0705552773,0
1537374660,Prod-EcsStagingCluster-EcsCluster-1AAGQRFIOE9AE,Service_beiakklem1vi3j5fejrg,1000,2,0.0717205095,0
1537349220,Prod-EcsStagingCluster-EcsCluster-1AAGQRFIOE9AE,Service_beiakklem1vi3j5fejrg,1000,2,0.0665589557,0
1537366140,Prod-EcsStagingCluster-EcsCluster-1AAGQRFIOE9AE,Service_beiakklem1vi3j5fejrg,1000,2,0.0588048642,0
1537400100,Prod-EcsStagingCluster-EcsCluster-1AAGQRFIOE9AE,Service_beiakklem1vi3j5fejrg,1000,2,0.0596184653,0
1537350240,Prod-EcsStagingCluster-EcsCluster-1AAGQRFIOE9AE,Service_beiakklem1vi3j5fejrg,1000,2,0.0656574800,0
1537425540,Prod-EcsStagingCluster-EcsCluster-1AAGQRFIOE9AE,Service_beiakklem1vi3j5fejrg,1000,2,0.1760840277,0
1537349100,Prod-EcsStagingCluster-EcsCluster-1AAGQRFIOE9AE,Service_beiakklem1vi3j5fejrg,1000,2,0.0725169226,0
1537417020,Prod-EcsStagingCluster-EcsCluster-1AAGQRFIOE9AE,Service_beiakklem1vi3j5fejrg,1000,2,0.0707409759,0
1537401120,Prod-EcsStagingCluster-EcsCluster-1AAGQRFIOE9AE,Service_beiakklem1vi3j5fejrg,1000,2,0.0573654546,0
1537358640,Prod-EcsStagingCluster-EcsCluster-1AAGQRFIOE9AE,Service_beiakklem1vi3j5fejrg,1000,2,0.0693124161,0
1537409520,Prod-EcsStagingCluster-EcsCluster-1AAGQRFIOE9AE,Service_beiakklem1vi3j5fejrg,1000,2,0.0702842698,0
1537384080,Prod-EcsStagingCluster-EcsCluster-1AAGQRFIOE9AE,Service_beiakklem1vi3j5fejrg,1000,2,0.0685343387,0
1537399980,Prod-EcsStagingCluster-EcsCluster-1AAGQRFIOE9AE,Service_beiakklem1vi3j5fejrg,1000,2,0.0594389759,0
1537345800,Prod-EcsStagingCluster-EcsCluster-1AAGQRFIOE9AE,Service_beiakklem1vi3j5fejrg,1000,2,0.0743149278,0
1537396680,Prod-EcsStagingCluster-EcsCluster-1AAGQRFIOE9AE,Service_beiakklem1vi3j5fejrg,1000,2,0.0694804566,0
1537374420,Prod-EcsStagingCluster-EcsCluster-1AAGQRFIOE9AE,Service_beiakklem1vi3j5fejrg,1000,2,0.0691708581,0
1537354200,Prod-EcsStagingCluster-EcsCluster-1AAGQRFIOE9AE,Service_beiakklem1vi3j5fejrg,1000,2,0.0703555621,0
1537379640,Prod-EcsStagingCluster-EcsCluster-1AAGQRFIOE9AE,Service_beiakklem1vi3j5fejrg,1000,2,0.0675945746,0
1537425300,Prod-EcsStagingCluster-EcsCluster-1AAGQRFIOE9AE,Service_beiakklem1vi3j5fejrg,1000,2,0.0724274910,0
1537374300,Prod-EcsStagingCluster-EcsCluster-1AAGQRFIOE9AE,Service_beiakklem1vi3j5fejrg,1000,2,0.0674287337,0
1537405080,Prod-EcsStagingCluster-EcsCluster-1AAGQRFIOE9AE,Service_beiakklem1vi3j5fejrg,1000,2,0.0667805565,0
1537358400,Prod-EcsStagingCluster-EcsCluster-1AAGQRFIOE9AE,Service_beiakklem1vi3j5fejrg,1000,2,0.0716764081,0
1537423080,Prod-EcsStagingCluster-EcsCluster-1AAGQRFIOE9AE,Service_beiakklem1vi3j5fejrg,1000,2,0.0678170109,0
1537357260,Prod-EcsStagingCluster-EcsCluster-1AAGQRFIOE9AE,Service_beiakklem1vi3j5fejrg,1000,2,0.0692077835,0
1537425180,Prod-EcsStagingCluster-EcsCluster-1AAGQRFIOE9AE,Service_beiakklem1vi3j5fejrg,1000,2,0.0753553776,0
1537384800,Prod-EcsStagingCluster-EcsCluster-1AAGQRFIOE9AE,Service_beiakklem1vi3j5fejrg,1000,2,0.0610854463,0
1537408140,Prod-EcsStagingCluster-EcsCluster-1AAGQRFIOE9AE,Service_beiakklem1vi3j5fejrg,1000,2,0.0734879835,0
1537393200,Prod-EcsStagingCluster-EcsCluster-1AAGQRFIOE9AE,Service_beiakklem1vi3j5fejrg,1000,2,0.0704426279,0
1537367760,Prod-EcsStagingCluster-EcsCluster-1AAGQRFIOE9AE,Service_beiakklem1vi3j5fejrg,1000,2,0.0655586075,0
1537418640,Prod-EcsStagingCluster-EcsCluster-1AAGQRFIOE9AE,Service_beiakklem1vi3j5fejrg,1000,2,0.0722222553,0
1537382580,Prod-EcsStagingCluster-EcsCluster-1AAGQRFIOE9AE,Service_beiakklem1vi3j5fejrg,1000,2,0.0671385360,0
1537390980,Prod-EcsStagingCluster-EcsCluster-1AAGQRFIOE9AE,Service_beiakklem1vi3j5fejrg,1000,2,0.0705250988,0
1537365540,Prod-EcsStagingCluster-EcsCluster-1AAGQRFIOE9AE,Service_beiakklem1vi3j5fejrg,1000,2,0.0696900983,0
1537382460,Prod-EcsStagingCluster-EcsCluster-1AAGQRFIOE9AE,Service_beiakklem1vi3j5fejrg,1000,2,0.0678632694,0
1537416420,Prod-EcsStagingCluster-EcsCluster-1AAGQRFIOE9AE,Service_beiakklem1vi3j5fejrg,1000,2,0.0697926853,0
1537380360,Prod-EcsStagingCluster-EcsCluster-1AAGQRFIOE9AE,Service_beiakklem1vi3j5fejrg,1000,2,0.0673945009,0
1537431240,Prod-EcsStagingCluster-EcsCluster-1AAGQRFIOE9AE,Service_beiakklem1vi3j5fejrg,1000,2,0.0547860325,0
1537365420,Prod-EcsStagingCluster-EcsCluster-1AAGQRFIOE9AE,Service_beiakklem1vi3j5fejrg,1000,2,0.0705194097,0
1537388760,Prod-EcsStagingCluster-EcsCluster-1AAGQRFIOE9AE,Service_beiakklem1vi3j5fejrg,1000,2,0.0692676155,0
1537363320,Prod-EcsStagingCluster-EcsCluster-1AAGQRFIOE9AE,Service_beiakklem1vi3j5fejrg,1000,2,0.0707759186,0
1537414200,Prod-EcsStagingCluster-EcsCluster-1AAGQRFIOE9AE,Service_beiakklem1vi3j5fejrg,1000,2,0.0722124601,0
1537392960,Prod-EcsStagingCluster-EcsCluster-1AAGQRFIOE9AE,Service_beiakklem1vi3j5fejrg,1000,2,0.0779096982,0
1537416300,Prod-EcsStagingCluster-EcsCluster-1AAGQRFIOE9AE,Service_beiakklem1vi3j5fejrg,1000,2,0.0695165553,0
1537346100,Prod-EcsStagingCluster-EcsCluster-1AAGQRFIOE9AE,Service_beiakklem1vi3j5fejrg,1000,2,0.0773728915,0
1537396980,Prod-EcsStagingCluster-EcsCluster-1AAGQRFIOE9AE,Service_beiakklem1vi3j5fejrg,1000,2,0.0687945515,0
1537368360,Prod-EcsStagingCluster-EcsCluster-1AAGQRFIOE9AE,Service_beiakklem1vi3j5fejrg,1000,2,0.0695001550,0
1537374720,Prod-EcsStagingCluster-EcsCluster-1AAGQRFIOE9AE,Service_beiakklem1vi3j5fejrg,1000,2,0.0605426697,0
1537419240,Prod-EcsStagingCluster-EcsCluster-1AAGQRFIOE9AE,Service_beiakklem1vi3j5fejrg,1000,2,0.0749253786,0
1537425600,Prod-EcsStagingCluster-EcsCluster-1AAGQRFIOE9AE,Service_beiakklem1vi3j5fejrg,1000,2,0.0692771431,0
1537373580,Prod-EcsStagingCluster-EcsCluster-1AAGQRFIOE9AE,Service_beiakklem1vi3j5fejrg,1000,2,0.0482839041,0
1537386300,Prod-EcsStagingCluster-EcsCluster-1AAGQRFIOE9AE,Service_beiakklem1vi3j5fejrg,1000,2,0.0695732830,0
1537372440,Prod-EcsStagingCluster-EcsCluster-1AAGQRFIOE9AE,Service_beiakklem1vi3j5fejrg,1000,2,0.0667760980,0
1537353360,Prod-EcsStagingCluster-EcsCluster-1AAGQRFIOE9AE,Service_beiakklem1vi3j5fejrg,1000,2,0.0803739789,0
1537347000,Prod-EcsStagingCluster-EcsCluster-1AAGQRFIOE9AE,Service_beiakklem1vi3j5fejrg,1000,2,0.0709365843,0
1537424460,Prod-EcsStagingCluster-EcsCluster-1AAGQRFIOE9AE,Service_beiakklem1vi3j5fejrg,1000,2,0.1709115664,1
1537397880,Prod-EcsStagingCluster-EcsCluster-1AAGQRFIOE9AE,Service_beiakklem1vi3j5fejrg,1000,2,0.0703182760,0
1537378800,Prod-EcsStagingCluster-EcsCluster-1AAGQRFIOE9AE,Service_beiakklem1vi3j5fejrg,1000,2,0.0703503778,0
1537423320,Prod-EcsStagingCluster-EcsCluster-1AAGQRFIOE9AE,Service_beiakklem1vi3j5fejrg,1000,2,0.0740137879,0
1537429680,Prod-EcsStagingCluster-EcsCluster-1AAGQRFIOE9AE,Service_beiakklem1vi3j5fejrg,1000,2,0.0583152479,0
1537404240,Prod-EcsStagingCluster-EcsCluster-1AAGQRFIOE9AE,Service_beiakklem1vi3j5fejrg,1000,2,0.0667473066,0
1537376520,Prod-EcsStagingCluster-EcsCluster-1AAGQRFIOE9AE,Service_beiakklem1vi3j5fejrg,1000,2,0.0666884706,0
1537354260,Prod-EcsStagingCluster-EcsCluster-1AAGQRFIOE9AE,Service_beiakklem1vi3j5fejrg,1000,2,0.0739506039,0
1537405140,Prod-EcsStagingCluster-EcsCluster-1AAGQRFIOE9AE,Service_beiakklem1vi3j5fejrg,1000,2,0.0663844402,0
1537382880,Prod-EcsStagingCluster-EcsCluster-1AAGQRFIOE9AE,Service_beiakklem1vi3j5fejrg,1000,2,0.0699921526,0
1537427400,Prod-EcsStagingCluster-EcsCluster-1AAGQRFIOE9AE,Service_beiakklem1vi3j5fejrg,1000,2,0.0693132156,0
1537394460,Prod-EcsStagingCluster-EcsCluster-1AAGQRFIOE9AE,Service_beiakklem1vi3j5fejrg,1000,2,0.0712017477,0
1537381740,Prod-EcsStagingCluster-EcsCluster-1AAGQRFIOE9AE,Service_beiakklem1vi3j5fejrg,1000,2,0.0688275286,0
1537402920,Prod-EcsStagingCluster-EcsCluster-1AAGQRFIOE9AE,Service_beiakklem1vi3j5fejrg,1000,2,0.0639068465,0
1537358340,Prod-EcsStagingCluster-EcsCluster-1AAGQRFIOE9AE,Service_beiakklem1vi3j5fejrg,1000,2,0.0715416303,0
1537409280,Prod-EcsStagingCluster-EcsCluster-1AAGQRFIOE9AE,Service_beiakklem1vi3j5fejrg,1000,2,0.0711552786,0
1537409220,Prod-EcsStagingCluster-EcsCluster-1AAGQRFIOE9AE,Service_beiakklem1vi3j5fejrg,1000,2,0.0729003176,0
1537383780,Prod-EcsStagingCluster-EcsCluster-1AAGQRFIOE9AE,Service_beiakklem1vi3j5fejrg,1000,2,0.0609076265,0
1537356120,Prod-EcsStagingCluster-EcsCluster-1AAGQRFIOE9AE,Service_beiakklem1vi3j5fejrg,1000,2,0.0688047733,0
1537362480,Prod-EcsStagingCluster-EcsCluster-1AAGQRFIOE9AE,Service_beiakklem1vi3j5fejrg,1000,2,0.0676740657,0
1537407000,Prod-EcsStagingCluster-EcsCluster-1AAGQRFIOE9AE,Service_beiakklem1vi3j5fejrg,1000,2,0.0619949308,0
1537413360,Prod-EcsStagingCluster-EcsCluster-1AAGQRFIOE9AE,Service_beiakklem1vi3j5fejrg,1000,2,0.0693291891,0
1537381560,Prod-EcsStagingCluster-EcsCluster-1AAGQRFIOE9AE,Service_beiakklem1vi3j5fejrg,1000,2,0.0694004442,0
1537387920,Prod-EcsStagingCluster-EcsCluster-1AAGQRFIOE9AE,Service_beiakklem1vi3j5fejrg,1000,2,0.0694735927,0
1537362420,Prod-EcsStagingCluster-EcsCluster-1AAGQRFIOE9AE,Service_beiakklem1vi3j5fejrg,1000,2,0.0689606356,0
1537413300,Prod-EcsStagingCluster-EcsCluster-1AAGQRFIOE9AE,Service_beiakklem1vi3j5fejrg,1000,2,0.0689935734,0
1537351740,Prod-EcsStagingCluster-EcsCluster-1AAGQRFIOE9AE,Service_beiakklem1vi3j5fejrg,1000,2,0.0719691330,0
1537402620,Prod-EcsStagingCluster-EcsCluster-1AAGQRFIOE9AE,Service_beiakklem1vi3j5fejrg,1000,2,0.0755078441,0
1537360200,Prod-EcsStagingCluster-EcsCluster-1AAGQRFIOE9AE,Service_beiakklem1vi3j5fejrg,1000,2,0.0690967090,0
1537366560,Prod-EcsStagingCluster-EcsCluster-1AAGQRFIOE9AE,Service_beiakklem1vi3j5fejrg,1000,2,0.0686000905,0
1537389900,Prod-EcsStagingCluster-EcsCluster-1AAGQRFIOE9AE,Service_beiakklem1vi3j5fejrg,1000,2,0.0601059507,0
1537411080,Prod-EcsStagingCluster-EcsCluster-1AAGQRFIOE9AE,Service_beiakklem1vi3j5fejrg,1000,2,0.0711018484,0
1537417440,Prod-EcsStagingCluster-EcsCluster-1AAGQRFIOE9AE,Service_beiakklem1vi3j5fejrg,1000,2,0.0664939383,0
1537399200,Prod-EcsStagingCluster-EcsCluster-1AAGQRFIOE9AE,Service_beiakklem1vi3j5fejrg,1000,2,0.0770348170,0
1537347180,Prod-EcsStagingCluster-EcsCluster-1AAGQRFIOE9AE,Service_beiakklem1vi3j5fejrg,1000,2,0.0703408164,0
1537390680,Prod-EcsStagingCluster-EcsCluster-1AAGQRFIOE9AE,Service_beiakklem1vi3j5fejrg,1000,2,0.0701218374,0
1537365240,Prod-EcsStagingCluster-EcsCluster-1AAGQRFIOE9AE,Service_beiakklem1vi3j5fejrg,1000,2,0.0692758232,0
1537416120,Prod-EcsStagingCluster-EcsCluster-1AAGQRFIOE9AE,Service_beiakklem1vi3j5fejrg,1000,2,0.0896999575,0
1537359900,Prod-EcsStagingCluster-EcsCluster-1AAGQRFIOE9AE,Service_beiakklem1vi3j5fejrg,1000,2,0.0747518884,0
1537410780,Prod-EcsStagingCluster-EcsCluster-1AAGQRFIOE9AE,Service_beiakklem1vi3j5fejrg,1000,2,0.0703664968,0
1537398060,Prod-EcsStagingCluster-EcsCluster-1AAGQRFIOE9AE,Service_beiakklem1vi3j5fejrg,1000,2,0.0711095994,0
1537394760,Prod-EcsStagingCluster-EcsCluster-1AAGQRFIOE9AE,Service_beiakklem1vi3j5fejrg,1000,2,0.0591680471,0
1537372500,Prod-EcsStagingCluster-EcsCluster-1AAGQRFIOE9AE,Service_beiakklem1vi3j5fejrg,1000,2,0.0783652523,0
1537423380,Prod-EcsStagingCluster-EcsCluster-1AAGQRFIOE9AE,Service_beiakklem1vi3j5fejrg,1000,2,0.0730493189,0
1537356480,Prod-EcsStagingCluster-EcsCluster-1AAGQRFIOE9AE,Service_beiakklem1vi3j5fejrg,1000,2,0.0728230204,0
1537351140,Prod-EcsStagingCluster-EcsCluster-1AAGQRFIOE9AE,Service_beiakklem1vi3j5fejrg,1000,2,0.0685460990,0
1537355340,Prod-EcsStagingCluster-EcsCluster-1AAGQRFIOE9AE,Service_beiakklem1vi3j5fejrg,1000,2,0.0692625367,0
1537376580,Prod-EcsStagingCluster-EcsCluster-1AAGQRFIOE9AE,Service_beiakklem1vi3j5fejrg,1000,2,0.0668559962,0
1537407360,Prod-EcsStagingCluster-EcsCluster-1AAGQRFIOE9AE,Service_beiakklem1vi3j5fejrg,1000,2,0.0728041476,0
1537427460,Prod-EcsStagingCluster-EcsCluster-1AAGQRFIOE9AE,Service_beiakklem1vi3j5fejrg,1000,2,0.0731526433,0
1537368060,Prod-EcsStagingCluster-EcsCluster-1AAGQRFIOE9AE,Service_beiakklem1vi3j5fejrg,1000,2,0.0693098859,0
1537402020,Prod-EcsStagingCluster-EcsCluster-1AAGQRFIOE9AE,Service_beiakklem1vi3j5fejrg,1000,2,0.0671732973,0
1537418940,Prod-EcsStagingCluster-EcsCluster-1AAGQRFIOE9AE,Service_beiakklem1vi3j5fejrg,1000,2,0.0727590531,0
1537406220,Prod-EcsStagingCluster-EcsCluster-1AAGQRFIOE9AE,Service_beiakklem1vi3j5fejrg,1000,2,0.0694953334,0
1537360560,Prod-EcsStagingCluster-EcsCluster-1AAGQRFIOE9AE,Service_beiakklem1vi3j5fejrg,1000,2,0.0710446540,0
1537411440,Prod-EcsStagingCluster-EcsCluster-1AAGQRFIOE9AE,Service_beiakklem1vi3j5fejrg,1000,2,0.0721233265,0
1537352040,Prod-EcsStagingCluster-EcsCluster-1AAGQRFIOE9AE,Service_beiakklem1vi3j5fejrg,1000,2,0.0758069323,0
1537386000,Prod-EcsStagingCluster-EcsCluster-1AAGQRFIOE9AE,Service_beiakklem1vi3j5fejrg,1000,2,0.0689269305,0
1537380660,Prod-EcsStagingCluster-EcsCluster-1AAGQRFIOE9AE,Service_beiakklem1vi3j5fejrg,1000,2,0.0692882497,0
1537431540,Prod-EcsStagingCluster-EcsCluster-1AAGQRFIOE9AE,Service_beiakklem1vi3j5fejrg,1000,2,0.0548679679,0
1537378440,Prod-EcsStagingCluster-EcsCluster-1AAGQRFIOE9AE,Service_beiakklem1vi3j5fejrg,1000,2,0.0712292359,0
1537429320,Prod-EcsStagingCluster-EcsCluster-1AAGQRFIOE9AE,Service_beiakklem1vi3j5fejrg,1000,2,0.0409974028,0
1537376220,Prod-EcsStagingCluster-EcsCluster-1AAGQRFIOE9AE,Service_beiakklem1vi3j5fejrg,1000,2,0.0671615494,0
1537363500,Prod-EcsStagingCluster-EcsCluster-1AAGQRFIOE9AE,Service_beiakklem1vi3j5fejrg,1000,2,0.0719014295,0
1537427100,Prod-EcsStagingCluster-EcsCluster-1AAGQRFIOE9AE,Service_beiakklem1vi3j5fejrg,1000,2,0.0678132951,0
1537391040,Prod-EcsStagingCluster-EcsCluster-1AAGQRFIOE9AE,Service_beiakklem1vi3j5fejrg,1000,2,0.0781721009,0
1537414380,Prod-EcsStagingCluster-EcsCluster-1AAGQRFIOE9AE,Service_beiakklem1vi3j5fejrg,1000,2,0.0692638579,0
1537388820,Prod-EcsStagingCluster-EcsCluster-1AAGQRFIOE9AE,Service_beiakklem1vi3j5fejrg,1000,2,0.0697238777,0
1537369680,Prod-EcsStagingCluster-EcsCluster-1AAGQRFIOE9AE,Service_beiakklem1vi3j5fejrg,1000,2,0.0734380181,0
1537420560,Prod-EcsStagingCluster-EcsCluster-1AAGQRFIOE9AE,Service_beiakklem1vi3j5fejrg,1000,2,0.0721247434,0
1537395120,Prod-EcsStagingCluster-EcsCluster-1AAGQRFIOE9AE,Service_beiakklem1vi3j5fejrg,1000,2,0.0407198984,0
1537386600,Prod-EcsStagingCluster-EcsCluster-1AAGQRFIOE9AE,Service_beiakklem1vi3j5fejrg,1000,2,0.0665265356,0
1537392900,Prod-EcsStagingCluster-EcsCluster-1AAGQRFIOE9AE,Service_beiakklem1vi3j5fejrg,1000,2,0.0688621854,0
1537367460,Prod-EcsStagingCluster-EcsCluster-1AAGQRFIOE9AE,Service_beiakklem1vi3j5fejrg,1000,2,0.0593834931,0
1537371660,Prod-EcsStagingCluster-EcsCluster-1AAGQRFIOE9AE,Service_beiakklem1vi3j5fejrg,1000,2,0.0706143790,0
1537384380,Prod-EcsStagingCluster-EcsCluster-1AAGQRFIOE9AE,Service_beiakklem1vi3j5fejrg,1000,2,0.0705269036,0
1537418340,Prod-EcsStagingCluster-EcsCluster-1AAGQRFIOE9AE,Service_beiakklem1vi3j5fejrg,1000,2,0.0679181369,0
1537348320,Prod-EcsStagingCluster-EcsCluster-1AAGQRFIOE9AE,Service_beiakklem1vi3j5fejrg,1000,2,0.0756929161,0
1537357800,Prod-EcsStagingCluster-EcsCluster-1AAGQRFIOE9AE,Service_beiakklem1vi3j5fejrg,1000,2,0.0692978947,0
1537364160,Prod-EcsStagingCluster-EcsCluster-1AAGQRFIOE9AE,Service_beiakklem1vi3j5fejrg,1000,2,0.0688724005,0
1537428900,Prod-EcsStagingCluster-EcsCluster-1AAGQRFIOE9AE,Service_beiakklem1vi3j5fejrg,1000,2,0.1680773034,0
1537408680,Prod-EcsStagingCluster-EcsCluster-1AAGQRFIOE9AE,Service_beiakklem1vi3j5fejrg,1000,2,0.0667681844,0
1537415040,Prod-EcsStagingCluster-EcsCluster-1AAGQRFIOE9AE,Service_beiakklem1vi3j5fejrg,1000,2,0.0700501433,0
1537363020,Prod-EcsStagingCluster-EcsCluster-1AAGQRFIOE9AE,Service_beiakklem1vi3j5fejrg,1000,2,0.0707265339,0
1537413900,Prod-EcsStagingCluster-EcsCluster-1AAGQRFIOE9AE,Service_beiakklem1vi3j5fejrg,1000,2,0.0758185328,0
1537394820,Prod-EcsStagingCluster-EcsCluster-1AAGQRFIOE9AE,Service_beiakklem1vi3j5fejrg,1000,2,0.0690728497,0
1537374600,Prod-EcsStagingCluster-EcsCluster-1AAGQRFIOE9AE,Service_beiakklem1vi3j5fejrg,1000,2,0.0657590095,0
1537380960,Prod-EcsStagingCluster-EcsCluster-1AAGQRFIOE9AE,Service_beiakklem1vi3j5fejrg,1000,2,0.0675227200,0
1537357560,Prod-EcsStagingCluster-EcsCluster-1AAGQRFIOE9AE,Service_beiakklem1vi3j5fejrg,1000,2,0.0685913846,0
1537363920,Prod-EcsStagingCluster-EcsCluster-1AAGQRFIOE9AE,Service_beiakklem1vi3j5fejrg,1000,2,0.0784645114,0
1537425480,Prod-EcsStagingCluster-EcsCluster-1AAGQRFIOE9AE,Service_beiakklem1vi3j5fejrg,1000,2,0.0757090083,0
1537379820,Prod-EcsStagingCluster-EcsCluster-1AAGQRFIOE9AE,Service_beiakklem1vi3j5fejrg,1000,2,0.0670813064,0
1537414800,Prod-EcsStagingCluster-EcsCluster-1AAGQRFIOE9AE,Service_beiakklem1vi3j5fejrg,1000,2,0.0714209834,0
1537408440,Prod-EcsStagingCluster-EcsCluster-1AAGQRFIOE9AE,Service_beiakklem1vi3j5fejrg,1000,2,0.0714626802,0
1537430700,Prod-EcsStagingCluster-EcsCluster-1AAGQRFIOE9AE,Service_beiakklem1vi3j5fejrg,1000,2,0.0550672944,0
1537388220,Prod-EcsStagingCluster-EcsCluster-1AAGQRFIOE9AE,Service_beiakklem1vi3j5fejrg,1000,2,0.0706082099,0
1537394580,Prod-EcsStagingCluster-EcsCluster-1AAGQRFIOE9AE,Service_beiakklem1vi3j5fejrg,1000,2,0.0692674744,0
1537374360,Prod-EcsStagingCluster-EcsCluster-1AAGQRFIOE9AE,Service_beiakklem1vi3j5fejrg,1000,2,0.0677541236,0
1537380720,Prod-EcsStagingCluster-EcsCluster-1AAGQRFIOE9AE,Service_beiakklem1vi3j5fejrg,1000,2,0.0699969611,0
1537354140,Prod-EcsStagingCluster-EcsCluster-1AAGQRFIOE9AE,Service_beiakklem1vi3j5fejrg,1000,2,0.0799553874,0
1537360500,Prod-EcsStagingCluster-EcsCluster-1AAGQRFIOE9AE,Service_beiakklem1vi3j5fejrg,1000,2,0.0725005943,0
1537425240,Prod-EcsStagingCluster-EcsCluster-1AAGQRFIOE9AE,Service_beiakklem1vi3j5fejrg,1000,2,0.1705460140,0
1537431600,Prod-EcsStagingCluster-EcsCluster-1AAGQRFIOE9AE,Service_beiakklem1vi3j5fejrg,1000,2,0.0624992385,0
1537411380,Prod-EcsStagingCluster-EcsCluster-1AAGQRFIOE9AE,Service_beiakklem1vi3j5fejrg,1000,2,0.0741701412,0
1537405020,Prod-EcsStagingCluster-EcsCluster-1AAGQRFIOE9AE,Service_beiakklem1vi3j5fejrg,1000,2,0.0662081283,0
1537358280,Prod-EcsStagingCluster-EcsCluster-1AAGQRFIOE9AE,Service_beiakklem1vi3j5fejrg,1000,2,0.0695231877,0
1537394340,Prod-EcsStagingCluster-EcsCluster-1AAGQRFIOE9AE,Service_beiakklem1vi3j5fejrg,1000,2,0.0622913227,0
1537364640,Prod-EcsStagingCluster-EcsCluster-1AAGQRFIOE9AE,Service_beiakklem1vi3j5fejrg,1000,2,0.0681476069,0
1537409160,Prod-EcsStagingCluster-EcsCluster-1AAGQRFIOE9AE,Service_beiakklem1vi3j5fejrg,1000,2,0.0717501353,0
1537415520,Prod-EcsStagingCluster-EcsCluster-1AAGQRFIOE9AE,Service_beiakklem1vi3j5fejrg,1000,2,0.0721477801,0
1537347600,Prod-EcsStagingCluster-EcsCluster-1AAGQRFIOE9AE,Service_beiakklem1vi3j5fejrg,1000,2,0.0706525150,0
1537392120,Prod-EcsStagingCluster-EcsCluster-1AAGQRFIOE9AE,Service_beiakklem1vi3j5fejrg,1000,2,0.0717003247,0
1537398480,Prod-EcsStagingCluster-EcsCluster-1AAGQRFIOE9AE,Service_beiakklem1vi3j5fejrg,1000,2,0.0687832757,0
1537379340,Prod-EcsStagingCluster-EcsCluster-1AAGQRFIOE9AE,Service_beiakklem1vi3j5fejrg,1000,2,0.0700132171,0
1537360260,Prod-EcsStagingCluster-EcsCluster-1AAGQRFIOE9AE,Service_beiakklem1vi3j5fejrg,1000,2,0.0813771002,0
1537411140,Prod-EcsStagingCluster-EcsCluster-1AAGQRFIOE9AE,Service_beiakklem1vi3j5fejrg,1000,2,0.0730012029,0
1537430220,Prod-EcsStagingCluster-EcsCluster-1AAGQRFIOE9AE,Service_beiakklem1vi3j5fejrg,1000,2,0.0530024771,1
1537358040,Prod-EcsStagingCluster-EcsCluster-1AAGQRFIOE9AE,Service_beiakklem1vi3j5fejrg,1000,2,0.0702801416,0
1537364400,Prod-EcsStagingCluster-EcsCluster-1AAGQRFIOE9AE,Service_beiakklem1vi3j5fejrg,1000,2,0.0742052048,0
1537408920,Prod-EcsStagingCluster-EcsCluster-1AAGQRFIOE9AE,Service_beiakklem1vi3j5fejrg,1000,2,0.0707643755,0
1537415280,Prod-EcsStagingCluster-EcsCluster-1AAGQRFIOE9AE,Service_beiakklem1vi3j5fejrg,1000,2,0.0715305997,0
1537396140,Prod-EcsStagingCluster-EcsCluster-1AAGQRFIOE9AE,Service_beiakklem1vi3j5fejrg,1000,2,0.0677394371,0
1537360020,Prod-EcsStagingCluster-EcsCluster-1AAGQRFIOE9AE,Service_beiakklem1vi3j5fejrg,1000,2,0.0695639346,0
1537353660,Prod-EcsStagingCluster-EcsCluster-1AAGQRFIOE9AE,Service_beiakklem1vi3j5fejrg,1000,2,0.0678817530,0
1537392840,Prod-EcsStagingCluster-EcsCluster-1AAGQRFIOE9AE,Service_beiakklem1vi3j5fejrg,1000,2,0.0686241886,0
1537346160,Prod-EcsStagingCluster-EcsCluster-1AAGQRFIOE9AE,Service_beiakklem1vi3j5fejrg,1000,2,0.0752915447,0
1537404540,Prod-EcsStagingCluster-EcsCluster-1AAGQRFIOE9AE,Service_beiakklem1vi3j5fejrg,1000,2,0.0684505850,0
1537375800,Prod-EcsStagingCluster-EcsCluster-1AAGQRFIOE9AE,Service_beiakklem1vi3j5fejrg,1000,2,0.0689593086,0
1537397040,Prod-EcsStagingCluster-EcsCluster-1AAGQRFIOE9AE,Service_beiakklem1vi3j5fejrg,1000,2,0.0693946910,0
1537370460,Prod-EcsStagingCluster-EcsCluster-1AAGQRFIOE9AE,Service_beiakklem1vi3j5fejrg,1000,2,0.0691995130,0
1537361940,Prod-EcsStagingCluster-EcsCluster-1AAGQRFIOE9AE,Service_beiakklem1vi3j5fejrg,1000,2,0.0722251698,0
1537426680,Prod-EcsStagingCluster-EcsCluster-1AAGQRFIOE9AE,Service_beiakklem1vi3j5fejrg,1000,2,0.0679426856,0
1537421340,Prod-EcsStagingCluster-EcsCluster-1AAGQRFIOE9AE,Service_beiakklem1vi3j5fejrg,1000,2,0.0729384503,0
1537412820,Prod-EcsStagingCluster-EcsCluster-1AAGQRFIOE9AE,Service_beiakklem1vi3j5fejrg,1000,2,0.0609678479,0
1537345920,Prod-EcsStagingCluster-EcsCluster-1AAGQRFIOE9AE,Service_beiakklem1vi3j5fejrg,1000,2,0.0744634539,0
1537392600,Prod-EcsStagingCluster-EcsCluster-1AAGQRFIOE9AE,Service_beiakklem1vi3j5fejrg,1000,2,0.0694579467,0
1537378740,Prod-EcsStagingCluster-EcsCluster-1AAGQRFIOE9AE,Service_beiakklem1vi3j5fejrg,1000,2,0.0700618858,0
1537396800,Prod-EcsStagingCluster-EcsCluster-1AAGQRFIOE9AE,Service_beiakklem1vi3j5fejrg,1000,2,0.0688884889,0
1537361700,Prod-EcsStagingCluster-EcsCluster-1AAGQRFIOE9AE,Service_beiakklem1vi3j5fejrg,1000,2,0.0617284915,0
1537395660,Prod-EcsStagingCluster-EcsCluster-1AAGQRFIOE9AE,Service_beiakklem1vi3j5fejrg,1000,2,0.0614354266,1
1537429620,Prod-EcsStagingCluster-EcsCluster-1AAGQRFIOE9AE,Service_beiakklem1vi3j5fejrg,1000,2,0.0548551110,0
1537412580,Prod-EcsStagingCluster-EcsCluster-1AAGQRFIOE9AE,Service_beiakklem1vi3j5fejrg,1000,2,0.0728672287,0
1537362720,Prod-EcsStagingCluster-EcsCluster-1AAGQRFIOE9AE,Service_beiakklem1vi3j5fejrg,1000,2,0.0691059959,0
1537413600,Prod-EcsStagingCluster-EcsCluster-1AAGQRFIOE9AE,Service_beiakklem1vi3j5fejrg,1000,2,0.0705865162,0
1537345680,Prod-EcsStagingCluster-EcsCluster-1AAGQRFIOE9AE,Service_beiakklem1vi3j5fejrg,1000,2,0.0740185977,0
1537361580,Prod-EcsStagingCluster-EcsCluster-1AAGQRFIOE9AE,Service_beiakklem1vi3j5fejrg,1000,2,0.0600535704,0
1537392360,Prod-EcsStagingCluster-EcsCluster-1AAGQRFIOE9AE,Service_beiakklem1vi3j5fejrg,1000,2,0.0807295568,0
1537410360,Prod-EcsStagingCluster-EcsCluster-1AAGQRFIOE9AE,Service_beiakklem1vi3j5fejrg,1000,2,0.0726306253,0
1537378500,Prod-EcsStagingCluster-EcsCluster-1AAGQRFIOE9AE,Service_beiakklem1vi3j5fejrg,1000,2,0.0721708102,0
1537412460,Prod-EcsStagingCluster-EcsCluster-1AAGQRFIOE9AE,Service_beiakklem1vi3j5fejrg,1000,2,0.0680944457,0
1537429380,Prod-EcsStagingCluster-EcsCluster-1AAGQRFIOE9AE,Service_beiakklem1vi3j5fejrg,1000,2,0.0537526714,0
1537369980,Prod-EcsStagingCluster-EcsCluster-1AAGQRFIOE9AE,Service_beiakklem1vi3j5fejrg,1000,2,0.0744039000,0
1537420860,Prod-EcsStagingCluster-EcsCluster-1AAGQRFIOE9AE,Service_beiakklem1vi3j5fejrg,1000,2,0.0733895009,0
1537376280,Prod-EcsStagingCluster-EcsCluster-1AAGQRFIOE9AE,Service_beiakklem1vi3j5fejrg,1000,2,0.0631181660,0
1537380480,Prod-EcsStagingCluster-EcsCluster-1AAGQRFIOE9AE,Service_beiakklem1vi3j5fejrg,1000,2,0.0665861283,0
1537427160,Prod-EcsStagingCluster-EcsCluster-1AAGQRFIOE9AE,Service_beiakklem1vi3j5fejrg,1000,2,0.0708047425,0
1537386780,Prod-EcsStagingCluster-EcsCluster-1AAGQRFIOE9AE,Service_beiakklem1vi3j5fejrg,1000,2,0.0687463803,0
1537431360,Prod-EcsStagingCluster-EcsCluster-1AAGQRFIOE9AE,Service_beiakklem1vi3j5fejrg,1000,2,0.0410369327,0
1537378260,Prod-EcsStagingCluster-EcsCluster-1AAGQRFIOE9AE,Service_beiakklem1vi3j5fejrg,1000,2,0.0686725708,0
1537346400,Prod-EcsStagingCluster-EcsCluster-1AAGQRFIOE9AE,Service_beiakklem1vi3j5fejrg,1000,2,0.0759444073,0
1537397280,Prod-EcsStagingCluster-EcsCluster-1AAGQRFIOE9AE,Service_beiakklem1vi3j5fejrg,1000,2,0.0688803468,0
1537429140,Prod-EcsStagingCluster-EcsCluster-1AAGQRFIOE9AE,Service_beiakklem1vi3j5fejrg,1000,2,0.0401503901,0
1537376040,Prod-EcsStagingCluster-EcsCluster-1AAGQRFIOE9AE,Service_beiakklem1vi3j5fejrg,1000,2,0.0669341978,0
1537380240,Prod-EcsStagingCluster-EcsCluster-1AAGQRFIOE9AE,Service_beiakklem1vi3j5fejrg,1000,2,0.0586028089,0
1537361100,Prod-EcsStagingCluster-EcsCluster-1AAGQRFIOE9AE,Service_beiakklem1vi3j5fejrg,1000,2,0.0612337027,0
1537395060,Prod-EcsStagingCluster-EcsCluster-1AAGQRFIOE9AE,Service_beiakklem1vi3j5fejrg,1000,2,0.0593772034,0
1537426920,Prod-EcsStagingCluster-EcsCluster-1AAGQRFIOE9AE,Service_beiakklem1vi3j5fejrg,1000,2,0.1795892269,0
1537431120,Prod-EcsStagingCluster-EcsCluster-1AAGQRFIOE9AE,Service_beiakklem1vi3j5fejrg,1000,2,0.0548012936,0
1537378020,Prod-EcsStagingCluster-EcsCluster-1AAGQRFIOE9AE,Service_beiakklem1vi3j5fejrg,1000,2,0.0685338336,0
1537411980,Prod-EcsStagingCluster-EcsCluster-1AAGQRFIOE9AE,Service_beiakklem1vi3j5fejrg,1000,2,0.0716514646,0
1537372680,Prod-EcsStagingCluster-EcsCluster-1AAGQRFIOE9AE,Service_beiakklem1vi3j5fejrg,1000,2,0.0688002825,0
1537379040,Prod-EcsStagingCluster-EcsCluster-1AAGQRFIOE9AE,Service_beiakklem1vi3j5fejrg,1000,2,0.0708586835,0
1537359960,Prod-EcsStagingCluster-EcsCluster-1AAGQRFIOE9AE,Service_beiakklem1vi3j5fejrg,1000,2,0.0707967788,0
1537366320,Prod-EcsStagingCluster-EcsCluster-1AAGQRFIOE9AE,Service_beiakklem1vi3j5fejrg,1000,2,0.0586704681,0
1537424700,Prod-EcsStagingCluster-EcsCluster-1AAGQRFIOE9AE,Service_beiakklem1vi3j5fejrg,1000,2,0.0643894299,0
1537410840,Prod-EcsStagingCluster-EcsCluster-1AAGQRFIOE9AE,Service_beiakklem1vi3j5fejrg,1000,2,0.0629276443,0
1537429920,Prod-EcsStagingCluster-EcsCluster-1AAGQRFIOE9AE,Service_beiakklem1vi3j5fejrg,1000,2,0.0545836110,0
1537417200,Prod-EcsStagingCluster-EcsCluster-1AAGQRFIOE9AE,Service_beiakklem1vi3j5fejrg,1000,2,0.0697879028,0
1537423560,Prod-EcsStagingCluster-EcsCluster-1AAGQRFIOE9AE,Service_beiakklem1vi3j5fejrg,1000,2,0.0839929735,0
1537390620,Prod-EcsStagingCluster-EcsCluster-1AAGQRFIOE9AE,Service_beiakklem1vi3j5fejrg,1000,2,0.0720568997,0
1537377900,Prod-EcsStagingCluster-EcsCluster-1AAGQRFIOE9AE,Service_beiakklem1vi3j5fejrg,1000,2,0.0712351180,0
1537428780,Prod-EcsStagingCluster-EcsCluster-1AAGQRFIOE9AE,Service_beiakklem1vi3j5fejrg,1000,2,0.0732672031,0
1537379940,Prod-EcsStagingCluster-EcsCluster-1AAGQRFIOE9AE,Service_beiakklem1vi3j5fejrg,1000,2,0.0584628050,0
1537392660,Prod-EcsStagingCluster-EcsCluster-1AAGQRFIOE9AE,Service_beiakklem1vi3j5fejrg,1000,2,0.0701170886,0
1537430820,Prod-EcsStagingCluster-EcsCluster-1AAGQRFIOE9AE,Service_beiakklem1vi3j5fejrg,1000,2,0.0550250730,0
1537358580,Prod-EcsStagingCluster-EcsCluster-1AAGQRFIOE9AE,Service_beiakklem1vi3j5fejrg,1000,2,0.0706089403,0
1537345860,Prod-EcsStagingCluster-EcsCluster-1AAGQRFIOE9AE,Service_beiakklem1vi3j5fejrg,1000,2,0.0758541008,0
1537409460,Prod-EcsStagingCluster-EcsCluster-1AAGQRFIOE9AE,Service_beiakklem1vi3j5fejrg,1000,2,0.0658840234,0
1537396740,Prod-EcsStagingCluster-EcsCluster-1AAGQRFIOE9AE,Service_beiakklem1vi3j5fejrg,1000,2,0.0711806035,0
1537359480,Prod-EcsStagingCluster-EcsCluster-1AAGQRFIOE9AE,Service_beiakklem1vi3j5fejrg,1000,2,0.0791292005,0
1537378560,Prod-EcsStagingCluster-EcsCluster-1AAGQRFIOE9AE,Service_beiakklem1vi3j5fejrg,1000,2,0.0696035058,0
1537372200,Prod-EcsStagingCluster-EcsCluster-1AAGQRFIOE9AE,Service_beiakklem1vi3j5fejrg,1000,2,0.0713302605,0
1537365840,Prod-EcsStagingCluster-EcsCluster-1AAGQRFIOE9AE,Service_beiakklem1vi3j5fejrg,1000,2,0.0678694734,0
1537377420,Prod-EcsStagingCluster-EcsCluster-1AAGQRFIOE9AE,Service_beiakklem1vi3j5fejrg,1000,2,0.0583485074,0
1537390140,Prod-EcsStagingCluster-EcsCluster-1AAGQRFIOE9AE,Service_beiakklem1vi3j5fejrg,1000,2,0.0625878017,0
1537428300,Prod-EcsStagingCluster-EcsCluster-1AAGQRFIOE9AE,Service_beiakklem1vi3j5fejrg,1000,2,0.0710687039,0
1537356060,Prod-EcsStagingCluster-EcsCluster-1AAGQRFIOE9AE,Service_beiakklem1vi3j5fejrg,1000,2,0.0694114178,0
1537406940,Prod-EcsStagingCluster-EcsCluster-1AAGQRFIOE9AE,Service_beiakklem1vi3j5fejrg,1000,2,0.0611593110,0
1537394220,Prod-EcsStagingCluster-EcsCluster-1AAGQRFIOE9AE,Service_beiakklem1vi3j5fejrg,1000,2,0.0684608397,0
1537345380,Prod-EcsStagingCluster-EcsCluster-1AAGQRFIOE9AE,Service_beiakklem1vi3j5fejrg,1000,2,0.0733533152,0
1537358100,Prod-EcsStagingCluster-EcsCluster-1AAGQRFIOE9AE,Service_beiakklem1vi3j5fejrg,1000,2,0.0701012260,0
1537396260,Prod-EcsStagingCluster-EcsCluster-1AAGQRFIOE9AE,Service_beiakklem1vi3j5fejrg,1000,2,0.0695547515,0
1537408980,Prod-EcsStagingCluster-EcsCluster-1AAGQRFIOE9AE,Service_beiakklem1vi3j5fejrg,1000,2,0.0716444564,0
1537362240,Prod-EcsStagingCluster-EcsCluster-1AAGQRFIOE9AE,Service_beiakklem1vi3j5fejrg,1000,2,0.0597730694,0
1537355880,Prod-EcsStagingCluster-EcsCluster-1AAGQRFIOE9AE,Service_beiakklem1vi3j5fejrg,1000,2,0.0595852307,0
1537349520,Prod-EcsStagingCluster-EcsCluster-1AAGQRFIOE9AE,Service_beiakklem1vi3j5fejrg,1000,2,0.0714157775,0
1537394040,Prod-EcsStagingCluster-EcsCluster-1AAGQRFIOE9AE,Service_beiakklem1vi3j5fejrg,1000,2,0.0693585916,0
1537400400,Prod-EcsStagingCluster-EcsCluster-1AAGQRFIOE9AE,Service_beiakklem1vi3j5fejrg,1000,2,0.0797404476,0
1537374900,Prod-EcsStagingCluster-EcsCluster-1AAGQRFIOE9AE,Service_beiakklem1vi3j5fejrg,1000,2,0.0668204264,0
1537362180,Prod-EcsStagingCluster-EcsCluster-1AAGQRFIOE9AE,Service_beiakklem1vi3j5fejrg,1000,2,0.1038703238,0
1537406760,Prod-EcsStagingCluster-EcsCluster-1AAGQRFIOE9AE,Service_beiakklem1vi3j5fejrg,1000,2,0.0647983126,0
1537413120,Prod-EcsStagingCluster-EcsCluster-1AAGQRFIOE9AE,Service_beiakklem1vi3j5fejrg,1000,2,0.0561727853,0
1537413060,Prod-EcsStagingCluster-EcsCluster-1AAGQRFIOE9AE,Service_beiakklem1vi3j5fejrg,1000,2,0.0645183402,0
1537425780,Prod-EcsStagingCluster-EcsCluster-1AAGQRFIOE9AE,Service_beiakklem1vi3j5fejrg,1000,2,0.0764610354,0
1537410900,Prod-EcsStagingCluster-EcsCluster-1AAGQRFIOE9AE,Service_beiakklem1vi3j5fejrg,1000,2,0.0702995721,0
1537382160,Prod-EcsStagingCluster-EcsCluster-1AAGQRFIOE9AE,Service_beiakklem1vi3j5fejrg,1000,2,0.0691377608,0
1537376820,Prod-EcsStagingCluster-EcsCluster-1AAGQRFIOE9AE,Service_beiakklem1vi3j5fejrg,1000,2,0.0691159893,0
1537364100,Prod-EcsStagingCluster-EcsCluster-1AAGQRFIOE9AE,Service_beiakklem1vi3j5fejrg,1000,2,0.0701513078,0
1537394880,Prod-EcsStagingCluster-EcsCluster-1AAGQRFIOE9AE,Service_beiakklem1vi3j5fejrg,1000,2,0.0581845703,0
1537355580,Prod-EcsStagingCluster-EcsCluster-1AAGQRFIOE9AE,Service_beiakklem1vi3j5fejrg,1000,2,0.0682552020,0
1537393740,Prod-EcsStagingCluster-EcsCluster-1AAGQRFIOE9AE,Service_beiakklem1vi3j5fejrg,1000,2,0.0682178120,0
1537427700,Prod-EcsStagingCluster-EcsCluster-1AAGQRFIOE9AE,Service_beiakklem1vi3j5fejrg,1000,2,0.1686480409,0
1537414980,Prod-EcsStagingCluster-EcsCluster-1AAGQRFIOE9AE,Service_beiakklem1vi3j5fejrg,1000,2,0.0696294761,0
1537348080,Prod-EcsStagingCluster-EcsCluster-1AAGQRFIOE9AE,Service_beiakklem1vi3j5fejrg,1000,2,0.0706978893,0
1537360800,Prod-EcsStagingCluster-EcsCluster-1AAGQRFIOE9AE,Service_beiakklem1vi3j5fejrg,1000,2,0.0620641151,0
1537406460,Prod-EcsStagingCluster-EcsCluster-1AAGQRFIOE9AE,Service_beiakklem1vi3j5fejrg,1000,2,0.0672850809,0
1537377720,Prod-EcsStagingCluster-EcsCluster-1AAGQRFIOE9AE,Service_beiakklem1vi3j5fejrg,1000,2,0.0579756456,0
1537411680,Prod-EcsStagingCluster-EcsCluster-1AAGQRFIOE9AE,Service_beiakklem1vi3j5fejrg,1000,2,0.0730382229,0
1537398960,Prod-EcsStagingCluster-EcsCluster-1AAGQRFIOE9AE,Service_beiakklem1vi3j5fejrg,1000,2,0.0670100125,0
1537372380,Prod-EcsStagingCluster-EcsCluster-1AAGQRFIOE9AE,Service_beiakklem1vi3j5fejrg,1000,2,0.0667598511,0
1537359660,Prod-EcsStagingCluster-EcsCluster-1AAGQRFIOE9AE,Service_beiakklem1vi3j5fejrg,1000,2,0.0690843509,0
1537390440,Prod-EcsStagingCluster-EcsCluster-1AAGQRFIOE9AE,Service_beiakklem1vi3j5fejrg,1000,2,0.0694826293,0
1537410540,Prod-EcsStagingCluster-EcsCluster-1AAGQRFIOE9AE,Service_beiakklem1vi3j5fejrg,1000,2,0.0696496148,0
1537428600,Prod-EcsStagingCluster-EcsCluster-1AAGQRFIOE9AE,Service_beiakklem1vi3j5fejrg,1000,2,0.0711067431,0
1537423260,Prod-EcsStagingCluster-EcsCluster-1AAGQRFIOE9AE,Service_beiakklem1vi3j5fejrg,1000,2,0.0737191259,0
1537356360,Prod-EcsStagingCluster-EcsCluster-1AAGQRFIOE9AE,Service_beiakklem1vi3j5fejrg,1000,2,0.0688729649,0
1537394520,Prod-EcsStagingCluster-EcsCluster-1AAGQRFIOE9AE,Service_beiakklem1vi3j5fejrg,1000,2,0.0681724806,0
1537407240,Prod-EcsStagingCluster-EcsCluster-1AAGQRFIOE9AE,Service_beiakklem1vi3j5fejrg,1000,2,0.0648007622,0
1537416720,Prod-EcsStagingCluster-EcsCluster-1AAGQRFIOE9AE,Service_beiakklem1vi3j5fejrg,1000,2,0.0659963917,0
1537429440,Prod-EcsStagingCluster-EcsCluster-1AAGQRFIOE9AE,Service_beiakklem1vi3j5fejrg,1000,2,0.0610564980,0
1537363620,Prod-EcsStagingCluster-EcsCluster-1AAGQRFIOE9AE,Service_beiakklem1vi3j5fejrg,1000,2,0.0784597815,0
1537376340,Prod-EcsStagingCluster-EcsCluster-1AAGQRFIOE9AE,Service_beiakklem1vi3j5fejrg,1000,2,0.0708090730,0
1537414500,Prod-EcsStagingCluster-EcsCluster-1AAGQRFIOE9AE,Service_beiakklem1vi3j5fejrg,1000,2,0.0701254397,0
1537361400,Prod-EcsStagingCluster-EcsCluster-1AAGQRFIOE9AE,Service_beiakklem1vi3j5fejrg,1000,2,0.0615165256,0
1537395360,Prod-EcsStagingCluster-EcsCluster-1AAGQRFIOE9AE,Service_beiakklem1vi3j5fejrg,1000,2,0.0583408236,0
1537382640,Prod-EcsStagingCluster-EcsCluster-1AAGQRFIOE9AE,Service_beiakklem1vi3j5fejrg,1000,2,0.0690903489,0
1537427220,Prod-EcsStagingCluster-EcsCluster-1AAGQRFIOE9AE,Service_beiakklem1vi3j5fejrg,1000,2,0.0691453798,0
1537374120,Prod-EcsStagingCluster-EcsCluster-1AAGQRFIOE9AE,Service_beiakklem1vi3j5fejrg,1000,2,0.0670494060,0
1537412280,Prod-EcsStagingCluster-EcsCluster-1AAGQRFIOE9AE,Service_beiakklem1vi3j5fejrg,1000,2,0.0731183071,0
1537359180,Prod-EcsStagingCluster-EcsCluster-1AAGQRFIOE9AE,Service_beiakklem1vi3j5fejrg,1000,2,0.0677292488,0
1537393140,Prod-EcsStagingCluster-EcsCluster-1AAGQRFIOE9AE,Service_beiakklem1vi3j5fejrg,1000,2,0.0747775884,0
1537380420,Prod-EcsStagingCluster-EcsCluster-1AAGQRFIOE9AE,Service_beiakklem1vi3j5fejrg,1000,2,0.0624879982,0
1537425000,Prod-EcsStagingCluster-EcsCluster-1AAGQRFIOE9AE,Service_beiakklem1vi3j5fejrg,1000,2,0.0709785317,0
1537431300,Prod-EcsStagingCluster-EcsCluster-1AAGQRFIOE9AE,Service_beiakklem1vi3j5fejrg,1000,2,0.0550824181,0
1537371900,Prod-EcsStagingCluster-EcsCluster-1AAGQRFIOE9AE,Service_beiakklem1vi3j5fejrg,1000,2,0.0601707662,0
1537410060,Prod-EcsStagingCluster-EcsCluster-1AAGQRFIOE9AE,Service_beiakklem1vi3j5fejrg,1000,2,0.0708760689,0
1537422780,Prod-EcsStagingCluster-EcsCluster-1AAGQRFIOE9AE,Service_beiakklem1vi3j5fejrg,1000,2,0.0740669298,0
1537390920,Prod-EcsStagingCluster-EcsCluster-1AAGQRFIOE9AE,Service_beiakklem1vi3j5fejrg,1000,2,0.0701272572,0
1537378200,Prod-EcsStagingCluster-EcsCluster-1AAGQRFIOE9AE,Service_beiakklem1vi3j5fejrg,1000,2,0.0696757943,0
1537429080,Prod-EcsStagingCluster-EcsCluster-1AAGQRFIOE9AE,Service_beiakklem1vi3j5fejrg,1000,2,0.0410573591,0
1537388700,Prod-EcsStagingCluster-EcsCluster-1AAGQRFIOE9AE,Service_beiakklem1vi3j5fejrg,1000,2,0.0759559618,0
1537375980,Prod-EcsStagingCluster-EcsCluster-1AAGQRFIOE9AE,Service_beiakklem1vi3j5fejrg,1000,2,0.0696678830,0
1537350300,Prod-EcsStagingCluster-EcsCluster-1AAGQRFIOE9AE,Service_beiakklem1vi3j5fejs0,1000,1,0.0199319642,0
1537353480,Prod-EcsStagingCluster-EcsCluster-1AAGQRFIOE9AE,Service_beiakklem1vi3j5fejs0,1000,1,0.0201203362,0
1537356660,Prod-EcsStagingCluster-EcsCluster-1AAGQRFIOE9AE,Service_beiakklem1vi3j5fejs0,1000,1,0.0193570663,0
1537359840,Prod-EcsStagingCluster-EcsCluster-1AAGQRFIOE9AE,Service_beiakklem1vi3j5fejs0,1000,1,0.0196078148,0
1537378920,Prod-EcsStagingCluster-EcsCluster-1AAGQRFIOE9AE,Service_beiakklem1vi3j5fejs0,1000,1,0.0198272862,0
1537382100,Prod-EcsStagingCluster-EcsCluster-1AAGQRFIOE9AE,Service_beiakklem1vi3j5fejs0,1000,1,0.0186051358,0
1537385280,Prod-EcsStagingCluster-EcsCluster-1AAGQRFIOE9AE,Service_beiakklem1vi3j5fejs0,1000,1,0.0201824189,0
1537375740,Prod-EcsStagingCluster-EcsCluster-1AAGQRFIOE9AE,Service_beiakklem1vi3j5fejs0,1000,1,0.0194780632,0
1537409580,Prod-EcsStagingCluster-EcsCluster-1AAGQRFIOE9AE,Service_beiakklem1vi3j5fejs0,1000,1,0.0209039926,0
1537412760,Prod-EcsStagingCluster-EcsCluster-1AAGQRFIOE9AE,Service_beiakklem1vi3j5fejs0,1000,1,0.0194505264,0
1537415940,Prod-EcsStagingCluster-EcsCluster-1AAGQRFIOE9AE,Service_beiakklem1vi3j5fejs0,1000,1,0.0191774773,0
1537419120,Prod-EcsStagingCluster-EcsCluster-1AAGQRFIOE9AE,Service_beiakklem1vi3j5fejs0,1000,1,0.0227246992,0
1537393440,Prod-EcsStagingCluster-EcsCluster-1AAGQRFIOE9AE,Service_beiakklem1vi3j5fejs0,1000,1,0.0177592146,0
1537390260,Prod-EcsStagingCluster-EcsCluster-1AAGQRFIOE9AE,Service_beiakklem1vi3j5fejs0,1000,1,0.0194565733,0
1537383900,Prod-EcsStagingCluster-EcsCluster-1AAGQRFIOE9AE,Service_beiakklem1vi3j5fejs0,1000,1,0.0203306274,0
1537387080,Prod-EcsStagingCluster-EcsCluster-1AAGQRFIOE9AE,Service_beiakklem1vi3j5fejs0,1000,1,0.0183032280,0
1537415700,Prod-EcsStagingCluster-EcsCluster-1AAGQRFIOE9AE,Service_beiakklem1vi3j5fejs0,1000,1,0.0188605246,0
1537418880,Prod-EcsStagingCluster-EcsCluster-1AAGQRFIOE9AE,Service_beiakklem1vi3j5fejs0,1000,1,0.0223727061,0
1537347780,Prod-EcsStagingCluster-EcsCluster-1AAGQRFIOE9AE,Service_beiakklem1vi3j5fejs0,1000,1,0.0197218866,0
1537350960,Prod-EcsStagingCluster-EcsCluster-1AAGQRFIOE9AE,Service_beiakklem1vi3j5fejs0,1000,1,0.0199267516,0
1537409340,Prod-EcsStagingCluster-EcsCluster-1AAGQRFIOE9AE,Service_beiakklem1vi3j5fejs0,1000,1,0.7101545809,0
1537412520,Prod-EcsStagingCluster-EcsCluster-1AAGQRFIOE9AE,Service_beiakklem1vi3j5fejs0,1000,1,0.0195849302,0
1537373220,Prod-EcsStagingCluster-EcsCluster-1AAGQRFIOE9AE,Service_beiakklem1vi3j5fejs0,1000,1,0.0183855325,0
1537366860,Prod-EcsStagingCluster-EcsCluster-1AAGQRFIOE9AE,Service_beiakklem1vi3j5fejs0,1000,1,0.0192559364,0
1537394400,Prod-EcsStagingCluster-EcsCluster-1AAGQRFIOE9AE,Service_beiakklem1vi3j5fejs0,1000,1,0.0190284802,0
1537388040,Prod-EcsStagingCluster-EcsCluster-1AAGQRFIOE9AE,Service_beiakklem1vi3j5fejs0,1000,1,0.0216493846,0
1537419840,Prod-EcsStagingCluster-EcsCluster-1AAGQRFIOE9AE,Service_beiakklem1vi3j5fejs0,1000,1,0.0218932928,0
1537351920,Prod-EcsStagingCluster-EcsCluster-1AAGQRFIOE9AE,Service_beiakklem1vi3j5fejs0,1000,1,0.0195518713,0
1537413480,Prod-EcsStagingCluster-EcsCluster-1AAGQRFIOE9AE,Service_beiakklem1vi3j5fejs0,1000,1,0.0196500941,0
1537345560,Prod-EcsStagingCluster-EcsCluster-1AAGQRFIOE9AE,Service_beiakklem1vi3j5fejs0,1000,1,0.0204519523,0
1537377360,Prod-EcsStagingCluster-EcsCluster-1AAGQRFIOE9AE,Service_beiakklem1vi3j5fejs0,1000,1,0.0196726714,0
1537371000,Prod-EcsStagingCluster-EcsCluster-1AAGQRFIOE9AE,Service_beiakklem1vi3j5fejs0,1000,1,0.0185770659,0
1537347540,Prod-EcsStagingCluster-EcsCluster-1AAGQRFIOE9AE,Service_beiakklem1vi3j5fejs0,1000,1,0.0201469562,0
1537345320,Prod-EcsStagingCluster-EcsCluster-1AAGQRFIOE9AE,Service_beiakklem1vi3j5fejs0,1000,1,0.0199197539,0
1537417500,Prod-EcsStagingCluster-EcsCluster-1AAGQRFIOE9AE,Service_beiakklem1vi3j5fejs0,1000,1,0.0209779244,0
1537423860,Prod-EcsStagingCluster-EcsCluster-1AAGQRFIOE9AE,Service_beiakklem1vi3j5fejs0,1000,1,0.0195523363,0
1537351680,Prod-EcsStagingCluster-EcsCluster-1AAGQRFIOE9AE,Service_beiakklem1vi3j5fejs0,1000,1,0.0190555542,0
1537375020,Prod-EcsStagingCluster-EcsCluster-1AAGQRFIOE9AE,Service_beiakklem1vi3j5fejs0,1000,1,0.0200386314,0
1537381380,Prod-EcsStagingCluster-EcsCluster-1AAGQRFIOE9AE,Service_beiakklem1vi3j5fejs0,1000,1,0.0197082833,0
1537400460,Prod-EcsStagingCluster-EcsCluster-1AAGQRFIOE9AE,Service_beiakklem1vi3j5fejs0,1000,1,0.0210836062,0
1537406820,Prod-EcsStagingCluster-EcsCluster-1AAGQRFIOE9AE,Service_beiakklem1vi3j5fejs0,1000,1,0.0194005848,0
1537428000,Prod-EcsStagingCluster-EcsCluster-1AAGQRFIOE9AE,Service_beiakklem1vi3j5fejs0,1000,1,0.0194712661,0
1537421640,Prod-EcsStagingCluster-EcsCluster-1AAGQRFIOE9AE,Service_beiakklem1vi3j5fejs0,1000,1,0.0187553196,0
1537385520,Prod-EcsStagingCluster-EcsCluster-1AAGQRFIOE9AE,Service_beiakklem1vi3j5fejs0,1000,1,0.0212154829,0
1537379160,Prod-EcsStagingCluster-EcsCluster-1AAGQRFIOE9AE,Service_beiakklem1vi3j5fejs0,1000,1,0.0199675050,0
1537404600,Prod-EcsStagingCluster-EcsCluster-1AAGQRFIOE9AE,Service_beiakklem1vi3j5fejs0,1000,1,0.0196256903,0
1537410960,Prod-EcsStagingCluster-EcsCluster-1AAGQRFIOE9AE,Service_beiakklem1vi3j5fejs0,1000,1,0.0203433667,0
1537358880,Prod-EcsStagingCluster-EcsCluster-1AAGQRFIOE9AE,Service_beiakklem1vi3j5fejs0,1000,1,0.0196817522,0
1537349340,Prod-EcsStagingCluster-EcsCluster-1AAGQRFIOE9AE,Service_beiakklem1vi3j5fejs0,1000,1,0.0194458490,0
1537380120,Prod-EcsStagingCluster-EcsCluster-1AAGQRFIOE9AE,Service_beiakklem1vi3j5fejs0,1000,1,0.0202034862,0
1537383300,Prod-EcsStagingCluster-EcsCluster-1AAGQRFIOE9AE,Service_beiakklem1vi3j5fejs0,1000,1,0.0198513670,0
1537384320,Prod-EcsStagingCluster-EcsCluster-1AAGQRFIOE9AE,Service_beiakklem1vi3j5fejs0,1000,1,0.0199092466,0
1537405560,Prod-EcsStagingCluster-EcsCluster-1AAGQRFIOE9AE,Service_beiakklem1vi3j5fejs0,1000,1,0.0203968449,0
1537408740,Prod-EcsStagingCluster-EcsCluster-1AAGQRFIOE9AE,Service_beiakklem1vi3j5fejs0,1000,1,0.0208142995,0
1537374780,Prod-EcsStagingCluster-EcsCluster-1AAGQRFIOE9AE,Service_beiakklem1vi3j5fejs0,1000,1,0.0197555157,0
1537408620,Prod-EcsStagingCluster-EcsCluster-1AAGQRFIOE9AE,Service_beiakklem1vi3j5fejs0,1000,1,0.0204140106,0
1537418160,Prod-EcsStagingCluster-EcsCluster-1AAGQRFIOE9AE,Service_beiakklem1vi3j5fejs0,1000,1,0.0213273944,0
1537354440,Prod-EcsStagingCluster-EcsCluster-1AAGQRFIOE9AE,Service_beiakklem1vi3j5fejs0,1000,1,0.0205615769,0
1537357620,Prod-EcsStagingCluster-EcsCluster-1AAGQRFIOE9AE,Service_beiakklem1vi3j5fejs0,1000,1,0.0200551038,0
1537379880,Prod-EcsStagingCluster-EcsCluster-1AAGQRFIOE9AE,Service_beiakklem1vi3j5fejs0,1000,1,0.0198578453,0
1537383060,Prod-EcsStagingCluster-EcsCluster-1AAGQRFIOE9AE,Service_beiakklem1vi3j5fejs0,1000,1,0.0203266970,0
1537392480,Prod-EcsStagingCluster-EcsCluster-1AAGQRFIOE9AE,Service_beiakklem1vi3j5fejs0,1000,1,0.0197027969,0
1537413720,Prod-EcsStagingCluster-EcsCluster-1AAGQRFIOE9AE,Service_beiakklem1vi3j5fejs0,1000,1,0.0191375926,0
1537416900,Prod-EcsStagingCluster-EcsCluster-1AAGQRFIOE9AE,Service_beiakklem1vi3j5fejs0,1000,1,0.0191885383,0
1537382940,Prod-EcsStagingCluster-EcsCluster-1AAGQRFIOE9AE,Service_beiakklem1vi3j5fejs0,1000,1,0.0217146385,0
1537417920,Prod-EcsStagingCluster-EcsCluster-1AAGQRFIOE9AE,Service_beiakklem1vi3j5fejs0,1000,1,0.0208239267,0
1537350000,Prod-EcsStagingCluster-EcsCluster-1AAGQRFIOE9AE,Service_beiakklem1vi3j5fejs0,1000,1,0.0195979171,0
1537408380,Prod-EcsStagingCluster-EcsCluster-1AAGQRFIOE9AE,Service_beiakklem1vi3j5fejs0,1000,1,0.0205660194,0
1537375440,Prod-EcsStagingCluster-EcsCluster-1AAGQRFIOE9AE,Service_beiakklem1vi3j5fejs0,1000,1,0.0197115728,0
1537365900,Prod-EcsStagingCluster-EcsCluster-1AAGQRFIOE9AE,Service_beiakklem1vi3j5fejs0,1000,1,0.0190534253,0
1537376400,Prod-EcsStagingCluster-EcsCluster-1AAGQRFIOE9AE,Service_beiakklem1vi3j5fejs0,1000,1,0.0195776887,0
1537391220,Prod-EcsStagingCluster-EcsCluster-1AAGQRFIOE9AE,Service_beiakklem1vi3j5fejs0,1000,1,0.0193604438,0
1537416660,Prod-EcsStagingCluster-EcsCluster-1AAGQRFIOE9AE,Service_beiakklem1vi3j5fejs0,1000,1,0.0190759431,0
1537348740,Prod-EcsStagingCluster-EcsCluster-1AAGQRFIOE9AE,Service_beiakklem1vi3j5fejs0,1000,1,0.0199424612,0
1537374180,Prod-EcsStagingCluster-EcsCluster-1AAGQRFIOE9AE,Service_beiakklem1vi3j5fejs0,1000,1,0.0193246492,0
1537389000,Prod-EcsStagingCluster-EcsCluster-1AAGQRFIOE9AE,Service_beiakklem1vi3j5fejs0,1000,1,0.0192151386,0
1537346520,Prod-EcsStagingCluster-EcsCluster-1AAGQRFIOE9AE,Service_beiakklem1vi3j5fejs0,1000,1,0.0200955501,0
1537414440,Prod-EcsStagingCluster-EcsCluster-1AAGQRFIOE9AE,Service_beiakklem1vi3j5fejs0,1000,1,0.0193270700,0
1537371960,Prod-EcsStagingCluster-EcsCluster-1AAGQRFIOE9AE,Service_beiakklem1vi3j5fejs0,1000,1,0.0187901032,0
1537416540,Prod-EcsStagingCluster-EcsCluster-1AAGQRFIOE9AE,Service_beiakklem1vi3j5fejs0,1000,1,0.4687891672,0
1537350720,Prod-EcsStagingCluster-EcsCluster-1AAGQRFIOE9AE,Service_beiakklem1vi3j5fejs0,1000,1,0.0203377395,0
1537374060,Prod-EcsStagingCluster-EcsCluster-1AAGQRFIOE9AE,Service_beiakklem1vi3j5fejs0,1000,1,0.0193761812,0
1537399500,Prod-EcsStagingCluster-EcsCluster-1AAGQRFIOE9AE,Service_beiakklem1vi3j5fejs0,1000,1,0.0201295317,0
1537348500,Prod-EcsStagingCluster-EcsCluster-1AAGQRFIOE9AE,Service_beiakklem1vi3j5fejs0,1000,1,0.0200343069,0
1537427040,Prod-EcsStagingCluster-EcsCluster-1AAGQRFIOE9AE,Service_beiakklem1vi3j5fejs0,1000,1,0.0192299303,0
1537384560,Prod-EcsStagingCluster-EcsCluster-1AAGQRFIOE9AE,Service_beiakklem1vi3j5fejs0,1000,1,0.0194101774,0
1537410000,Prod-EcsStagingCluster-EcsCluster-1AAGQRFIOE9AE,Service_beiakklem1vi3j5fejs0,1000,1,0.0204762490,0
1537346280,Prod-EcsStagingCluster-EcsCluster-1AAGQRFIOE9AE,Service_beiakklem1vi3j5fejs0,1000,1,0.0195820958,0
1537424820,Prod-EcsStagingCluster-EcsCluster-1AAGQRFIOE9AE,Service_beiakklem1vi3j5fejs0,1000,1,0.0192305258,0
1537348380,Prod-EcsStagingCluster-EcsCluster-1AAGQRFIOE9AE,Service_beiakklem1vi3j5fejs0,1000,1,0.0198937620,0
1537382340,Prod-EcsStagingCluster-EcsCluster-1AAGQRFIOE9AE,Service_beiakklem1vi3j5fejs0,1000,1,0.4911059170,0
1537407780,Prod-EcsStagingCluster-EcsCluster-1AAGQRFIOE9AE,Service_beiakklem1vi3j5fejs0,1000,1,0.0197703877,0
1537373820,Prod-EcsStagingCluster-EcsCluster-1AAGQRFIOE9AE,Service_beiakklem1vi3j5fejs0,1000,1,0.0261494846,0
1537422600,Prod-EcsStagingCluster-EcsCluster-1AAGQRFIOE9AE,Service_beiakklem1vi3j5fejs0,1000,1,0.0192867071,0
1537407660,Prod-EcsStagingCluster-EcsCluster-1AAGQRFIOE9AE,Service_beiakklem1vi3j5fejs0,1000,1,0.0200831185,0
1537420380,Prod-EcsStagingCluster-EcsCluster-1AAGQRFIOE9AE,Service_beiakklem1vi3j5fejs0,1000,1,0.0221570352,0
1537387440,Prod-EcsStagingCluster-EcsCluster-1AAGQRFIOE9AE,Service_beiakklem1vi3j5fejs0,1000,1,0.0193232401,0
1537381080,Prod-EcsStagingCluster-EcsCluster-1AAGQRFIOE9AE,Service_beiakklem1vi3j5fejs0,1000,1,0.0206139478,0
1537384260,Prod-EcsStagingCluster-EcsCluster-1AAGQRFIOE9AE,Service_beiakklem1vi3j5fejs0,1000,1,0.0201277471,0
1537412880,Prod-EcsStagingCluster-EcsCluster-1AAGQRFIOE9AE,Service_beiakklem1vi3j5fejs0,1000,1,0.0195603641,0
1537406520,Prod-EcsStagingCluster-EcsCluster-1AAGQRFIOE9AE,Service_beiakklem1vi3j5fejs0,1000,1,0.0198936344,0
1537409700,Prod-EcsStagingCluster-EcsCluster-1AAGQRFIOE9AE,Service_beiakklem1vi3j5fejs0,1000,1,0.0202499133,0
1537391520,Prod-EcsStagingCluster-EcsCluster-1AAGQRFIOE9AE,Service_beiakklem1vi3j5fejs0,1000,1,0.0191391816,0
1537385160,Prod-EcsStagingCluster-EcsCluster-1AAGQRFIOE9AE,Service_beiakklem1vi3j5fejs0,1000,1,0.0196281001,0
1537388340,Prod-EcsStagingCluster-EcsCluster-1AAGQRFIOE9AE,Service_beiakklem1vi3j5fejs0,1000,1,0.0209976844,0
1537416960,Prod-EcsStagingCluster-EcsCluster-1AAGQRFIOE9AE,Service_beiakklem1vi3j5fejs0,1000,1,0.0198119142,0
1537352220,Prod-EcsStagingCluster-EcsCluster-1AAGQRFIOE9AE,Service_beiakklem1vi3j5fejs0,1000,1,0.0265117701,0
1537410600,Prod-EcsStagingCluster-EcsCluster-1AAGQRFIOE9AE,Service_beiakklem1vi3j5fejs0,1000,1,0.0205640530,0
1537413780,Prod-EcsStagingCluster-EcsCluster-1AAGQRFIOE9AE,Service_beiakklem1vi3j5fejs0,1000,1,0.0193156157,0
1537377660,Prod-EcsStagingCluster-EcsCluster-1AAGQRFIOE9AE,Service_beiakklem1vi3j5fejs0,1000,1,0.0191864654,0
1537364940,Prod-EcsStagingCluster-EcsCluster-1AAGQRFIOE9AE,Service_beiakklem1vi3j5fejs0,1000,1,0.0193759038,0
1537414680,Prod-EcsStagingCluster-EcsCluster-1AAGQRFIOE9AE,Service_beiakklem1vi3j5fejs0,1000,1,0.0187497801,0
1537417860,Prod-EcsStagingCluster-EcsCluster-1AAGQRFIOE9AE,Service_beiakklem1vi3j5fejs0,1000,1,0.0226615505,0
1537421040,Prod-EcsStagingCluster-EcsCluster-1AAGQRFIOE9AE,Service_beiakklem1vi3j5fejs0,1000,1,0.0196414769,0
1537345620,Prod-EcsStagingCluster-EcsCluster-1AAGQRFIOE9AE,Service_beiakklem1vi3j5fejs0,1000,1,0.0199340066,0
1537415640,Prod-EcsStagingCluster-EcsCluster-1AAGQRFIOE9AE,Service_beiakklem1vi3j5fejs0,1000,1,0.0189561124,0
1537422000,Prod-EcsStagingCluster-EcsCluster-1AAGQRFIOE9AE,Service_beiakklem1vi3j5fejs0,1000,1,0.0200065358,0
1537349760,Prod-EcsStagingCluster-EcsCluster-1AAGQRFIOE9AE,Service_beiakklem1vi3j5fejs0,1000,1,0.0203493900,0
1537373100,Prod-EcsStagingCluster-EcsCluster-1AAGQRFIOE9AE,Service_beiakklem1vi3j5fejs0,1000,1,0.0198256884,0
1537421940,Prod-EcsStagingCluster-EcsCluster-1AAGQRFIOE9AE,Service_beiakklem1vi3j5fejs0,1000,1,0.4341454365,0
1537398540,Prod-EcsStagingCluster-EcsCluster-1AAGQRFIOE9AE,Service_beiakklem1vi3j5fejs0,1000,1,0.4766853974,0
1537385820,Prod-EcsStagingCluster-EcsCluster-1AAGQRFIOE9AE,Service_beiakklem1vi3j5fejs0,1000,1,0.0212640362,0
1537349700,Prod-EcsStagingCluster-EcsCluster-1AAGQRFIOE9AE,Service_beiakklem1vi3j5fejs0,1000,1,0.0199954107,0
1537411260,Prod-EcsStagingCluster-EcsCluster-1AAGQRFIOE9AE,Service_beiakklem1vi3j5fejs0,1000,1,0.0207025033,0
1537375140,Prod-EcsStagingCluster-EcsCluster-1AAGQRFIOE9AE,Service_beiakklem1vi3j5fejs0,1000,1,0.4598465848,0
1537419720,Prod-EcsStagingCluster-EcsCluster-1AAGQRFIOE9AE,Service_beiakklem1vi3j5fejs0,1000,1,0.0223488398,0
1537426080,Prod-EcsStagingCluster-EcsCluster-1AAGQRFIOE9AE,Service_beiakklem1vi3j5fejs0,1000,1,0.0191928547,0
1537347480,Prod-EcsStagingCluster-EcsCluster-1AAGQRFIOE9AE,Service_beiakklem1vi3j5fejs0,1000,1,0.0200391276,0
1537353840,Prod-EcsStagingCluster-EcsCluster-1AAGQRFIOE9AE,Service_beiakklem1vi3j5fejs0,1000,1,0.0198641556,0
1537372920,Prod-EcsStagingCluster-EcsCluster-1AAGQRFIOE9AE,Service_beiakklem1vi3j5fejs0,1000,1,0.0196820882,0
1537379280,Prod-EcsStagingCluster-EcsCluster-1AAGQRFIOE9AE,Service_beiakklem1vi3j5fejs0,1000,1,0.0197082375,0
1537353780,Prod-EcsStagingCluster-EcsCluster-1AAGQRFIOE9AE,Service_beiakklem1vi3j5fejs0,1000,1,0.0195704078,0
1537379220,Prod-EcsStagingCluster-EcsCluster-1AAGQRFIOE9AE,Service_beiakklem1vi3j5fejs0,1000,1,0.0200700076,0
1537351560,Prod-EcsStagingCluster-EcsCluster-1AAGQRFIOE9AE,Service_beiakklem1vi3j5fejs0,1000,1,0.0199255467,0
1537357920,Prod-EcsStagingCluster-EcsCluster-1AAGQRFIOE9AE,Service_beiakklem1vi3j5fejs0,1000,1,0.0198846764,0
1537406700,Prod-EcsStagingCluster-EcsCluster-1AAGQRFIOE9AE,Service_beiakklem1vi3j5fejs0,1000,1,0.0197205850,0
1537377000,Prod-EcsStagingCluster-EcsCluster-1AAGQRFIOE9AE,Service_beiakklem1vi3j5fejs0,1000,1,0.0194979859,0
1537383360,Prod-EcsStagingCluster-EcsCluster-1AAGQRFIOE9AE,Service_beiakklem1vi3j5fejs0,1000,1,0.0205926065,0
1537419420,Prod-EcsStagingCluster-EcsCluster-1AAGQRFIOE9AE,Service_beiakklem1vi3j5fejs0,1000,1,0.0239227512,0
1537352520,Prod-EcsStagingCluster-EcsCluster-1AAGQRFIOE9AE,Service_beiakklem1vi3j5fejs0,1000,1,0.0198515107,0
1537355700,Prod-EcsStagingCluster-EcsCluster-1AAGQRFIOE9AE,Service_beiakklem1vi3j5fejs0,1000,1,0.0203729496,0
1537386480,Prod-EcsStagingCluster-EcsCluster-1AAGQRFIOE9AE,Service_beiakklem1vi3j5fejs0,1000,1,0.0182573341,0
1537411920,Prod-EcsStagingCluster-EcsCluster-1AAGQRFIOE9AE,Service_beiakklem1vi3j5fejs0,1000,1,0.0202133641,0
1537377960,Prod-EcsStagingCluster-EcsCluster-1AAGQRFIOE9AE,Service_beiakklem1vi3j5fejs0,1000,1,0.0205088839,0
1537381140,Prod-EcsStagingCluster-EcsCluster-1AAGQRFIOE9AE,Service_beiakklem1vi3j5fejs0,1000,1,0.0206393211,0
1537390560,Prod-EcsStagingCluster-EcsCluster-1AAGQRFIOE9AE,Service_beiakklem1vi3j5fejs0,1000,1,0.0196194558,0
1537351260,Prod-EcsStagingCluster-EcsCluster-1AAGQRFIOE9AE,Service_beiakklem1vi3j5fejs0,1000,1,0.0195566714,0
1537385220,Prod-EcsStagingCluster-EcsCluster-1AAGQRFIOE9AE,Service_beiakklem1vi3j5fejs0,1000,1,0.0197914181,0
1537416000,Prod-EcsStagingCluster-EcsCluster-1AAGQRFIOE9AE,Service_beiakklem1vi3j5fejs0,1000,1,0.0195765832,0
1537382040,Prod-EcsStagingCluster-EcsCluster-1AAGQRFIOE9AE,Service_beiakklem1vi3j5fejs0,1000,1,0.0209159673,0
1537410660,Prod-EcsStagingCluster-EcsCluster-1AAGQRFIOE9AE,Service_beiakklem1vi3j5fejs0,1000,1,0.0211576509,0
1537376700,Prod-EcsStagingCluster-EcsCluster-1AAGQRFIOE9AE,Service_beiakklem1vi3j5fejs0,1000,1,0.0195764578,0
1537407480,Prod-EcsStagingCluster-EcsCluster-1AAGQRFIOE9AE,Service_beiakklem1vi3j5fejs0,1000,1,0.0199797507,0
1537363980,Prod-EcsStagingCluster-EcsCluster-1AAGQRFIOE9AE,Service_beiakklem1vi3j5fejs0,1000,1,0.0185873770,0
1537389300,Prod-EcsStagingCluster-EcsCluster-1AAGQRFIOE9AE,Service_beiakklem1vi3j5fejs0,1000,1,0.0188673095,0
1537420080,Prod-EcsStagingCluster-EcsCluster-1AAGQRFIOE9AE,Service_beiakklem1vi3j5fejs0,1000,1,0.0223665560,0
1537386120,Prod-EcsStagingCluster-EcsCluster-1AAGQRFIOE9AE,Service_beiakklem1vi3j5fejs0,1000,1,0.0199600561,0
1537411560,Prod-EcsStagingCluster-EcsCluster-1AAGQRFIOE9AE,Service_beiakklem1vi3j5fejs0,1000,1,0.0200430038,0
1537414740,Prod-EcsStagingCluster-EcsCluster-1AAGQRFIOE9AE,Service_beiakklem1vi3j5fejs0,1000,1,0.4697796641,0
1537347840,Prod-EcsStagingCluster-EcsCluster-1AAGQRFIOE9AE,Service_beiakklem1vi3j5fejs0,1000,1,0.0197566502,0
1537348800,Prod-EcsStagingCluster-EcsCluster-1AAGQRFIOE9AE,Service_beiakklem1vi3j5fejs0,1000,1,0.0205849116,0
1537372140,Prod-EcsStagingCluster-EcsCluster-1AAGQRFIOE9AE,Service_beiakklem1vi3j5fejs0,1000,1,0.0185773333,0
1537397580,Prod-EcsStagingCluster-EcsCluster-1AAGQRFIOE9AE,Service_beiakklem1vi3j5fejs0,1000,1,0.0195283040,0
1537418820,Prod-EcsStagingCluster-EcsCluster-1AAGQRFIOE9AE,Service_beiakklem1vi3j5fejs0,1000,1,0.0228108932,0
1537384860,Prod-EcsStagingCluster-EcsCluster-1AAGQRFIOE9AE,Service_beiakklem1vi3j5fejs0,1000,1,0.0195180873,0
1537410300,Prod-EcsStagingCluster-EcsCluster-1AAGQRFIOE9AE,Service_beiakklem1vi3j5fejs0,1000,1,0.0203536297,0
1537346580,Prod-EcsStagingCluster-EcsCluster-1AAGQRFIOE9AE,Service_beiakklem1vi3j5fejs0,1000,1,0.0202203622,0
1537425120,Prod-EcsStagingCluster-EcsCluster-1AAGQRFIOE9AE,Service_beiakklem1vi3j5fejs0,1000,1,0.0194863639,0
1537416600,Prod-EcsStagingCluster-EcsCluster-1AAGQRFIOE9AE,Service_beiakklem1vi3j5fejs0,1000,1,0.0194933928,0
1537352880,Prod-EcsStagingCluster-EcsCluster-1AAGQRFIOE9AE,Service_beiakklem1vi3j5fejs0,1000,1,0.0197078120,0
1537378320,Prod-EcsStagingCluster-EcsCluster-1AAGQRFIOE9AE,Service_beiakklem1vi3j5fejs0,1000,1,0.0183050156,0
1537422900,Prod-EcsStagingCluster-EcsCluster-1AAGQRFIOE9AE,Service_beiakklem1vi3j5fejs0,1000,1,0.0178225890,0
1537350660,Prod-EcsStagingCluster-EcsCluster-1AAGQRFIOE9AE,Service_beiakklem1vi3j5fejs0,1000,1,0.0204443378,0
1537376100,Prod-EcsStagingCluster-EcsCluster-1AAGQRFIOE9AE,Service_beiakklem1vi3j5fejs0,1000,1,0.0195932343,0
1537420680,Prod-EcsStagingCluster-EcsCluster-1AAGQRFIOE9AE,Service_beiakklem1vi3j5fejs0,1000,1,0.0216295284,0
1537356960,Prod-EcsStagingCluster-EcsCluster-1AAGQRFIOE9AE,Service_beiakklem1vi3j5fejs0,1000,1,0.0191357685,0
1537405740,Prod-EcsStagingCluster-EcsCluster-1AAGQRFIOE9AE,Service_beiakklem1vi3j5fejs0,1000,1,0.4811095142,0
1537348440,Prod-EcsStagingCluster-EcsCluster-1AAGQRFIOE9AE,Service_beiakklem1vi3j5fejs0,1000,1,0.0199296172,0
1537382400,Prod-EcsStagingCluster-EcsCluster-1AAGQRFIOE9AE,Service_beiakklem1vi3j5fejs0,1000,1,0.0211621180,0
1537431180,Prod-EcsStagingCluster-EcsCluster-1AAGQRFIOE9AE,Service_beiakklem1vi3j5fejs0,1000,1,0.0192092492,0
1537373880,Prod-EcsStagingCluster-EcsCluster-1AAGQRFIOE9AE,Service_beiakklem1vi3j5fejs0,1000,1,0.0197636964,0
1537418460,Prod-EcsStagingCluster-EcsCluster-1AAGQRFIOE9AE,Service_beiakklem1vi3j5fejs0,1000,1,0.0223886561,0
1537354740,Prod-EcsStagingCluster-EcsCluster-1AAGQRFIOE9AE,Service_beiakklem1vi3j5fejs0,1000,1,0.0197762660,0
1537380180,Prod-EcsStagingCluster-EcsCluster-1AAGQRFIOE9AE,Service_beiakklem1vi3j5fejs0,1000,1,0.0199720718,0
1537389600,Prod-EcsStagingCluster-EcsCluster-1AAGQRFIOE9AE,Service_beiakklem1vi3j5fejs0,1000,1,0.0209277336,0
1537380060,Prod-EcsStagingCluster-EcsCluster-1AAGQRFIOE9AE,Service_beiakklem1vi3j5fejs0,1000,1,0.0197395075,0
1537383240,Prod-EcsStagingCluster-EcsCluster-1AAGQRFIOE9AE,Service_beiakklem1vi3j5fejs0,1000,1,0.0196903889,0
1537386420,Prod-EcsStagingCluster-EcsCluster-1AAGQRFIOE9AE,Service_beiakklem1vi3j5fejs0,1000,1,0.0201585066,0
1537366200,Prod-EcsStagingCluster-EcsCluster-1AAGQRFIOE9AE,Service_beiakklem1vi3j5fejs0,1000,1,0.0194011501,0
1537369380,Prod-EcsStagingCluster-EcsCluster-1AAGQRFIOE9AE,Service_beiakklem1vi3j5fejs0,1000,1,0.0198676083,0
1537372560,Prod-EcsStagingCluster-EcsCluster-1AAGQRFIOE9AE,Service_beiakklem1vi3j5fejs0,1000,1,0.0188380213,0
1537345980,Prod-EcsStagingCluster-EcsCluster-1AAGQRFIOE9AE,Service_beiakklem1vi3j5fejs0,1000,1,0.0200179106,0
1537349160,Prod-EcsStagingCluster-EcsCluster-1AAGQRFIOE9AE,Service_beiakklem1vi3j5fejs0,1000,1,0.0199115378,0
1537352340,Prod-EcsStagingCluster-EcsCluster-1AAGQRFIOE9AE,Service_beiakklem1vi3j5fejs0,1000,1,0.0196819855,0
1537355520,Prod-EcsStagingCluster-EcsCluster-1AAGQRFIOE9AE,Service_beiakklem1vi3j5fejs0,1000,1,0.0201387316,0
1537389360,Prod-EcsStagingCluster-EcsCluster-1AAGQRFIOE9AE,Service_beiakklem1vi3j5fejs0,1000,1,0.0193083397,0
1537386180,Prod-EcsStagingCluster-EcsCluster-1AAGQRFIOE9AE,Service_beiakklem1vi3j5fejs0,1000,1,0.0199990433,0
1537383000,Prod-EcsStagingCluster-EcsCluster-1AAGQRFIOE9AE,Service_beiakklem1vi3j5fejs0,1000,1,0.0192941892,0
1537405260,Prod-EcsStagingCluster-EcsCluster-1AAGQRFIOE9AE,Service_beiakklem1vi3j5fejs0,1000,1,0.0195628085,0
1537413660,Prod-EcsStagingCluster-EcsCluster-1AAGQRFIOE9AE,Service_beiakklem1vi3j5fejs0,1000,1,0.0193389635,0
1537371180,Prod-EcsStagingCluster-EcsCluster-1AAGQRFIOE9AE,Service_beiakklem1vi3j5fejs0,1000,1,0.0187862800,0
1537416840,Prod-EcsStagingCluster-EcsCluster-1AAGQRFIOE9AE,Service_beiakklem1vi3j5fejs0,1000,1,0.0196115898,0
1537420020,Prod-EcsStagingCluster-EcsCluster-1AAGQRFIOE9AE,Service_beiakklem1vi3j5fejs0,1000,1,0.0223334844,0
1537423200,Prod-EcsStagingCluster-EcsCluster-1AAGQRFIOE9AE,Service_beiakklem1vi3j5fejs0,1000,1,0.0191882610,0
1537399800,Prod-EcsStagingCluster-EcsCluster-1AAGQRFIOE9AE,Service_beiakklem1vi3j5fejs0,1000,1,0.0202524191,0
1537402980,Prod-EcsStagingCluster-EcsCluster-1AAGQRFIOE9AE,Service_beiakklem1vi3j5fejs0,1000,1,0.0200179944,0
1537406160,Prod-EcsStagingCluster-EcsCluster-1AAGQRFIOE9AE,Service_beiakklem1vi3j5fejs0,1000,1,0.0196185868,0
1537379580,Prod-EcsStagingCluster-EcsCluster-1AAGQRFIOE9AE,Service_beiakklem1vi3j5fejs0,1000,1,0.0196443086,0
1537385940,Prod-EcsStagingCluster-EcsCluster-1AAGQRFIOE9AE,Service_beiakklem1vi3j5fejs0,1000,1,0.4694011952,0
1537417800,Prod-EcsStagingCluster-EcsCluster-1AAGQRFIOE9AE,Service_beiakklem1vi3j5fejs0,1000,1,0.0208965129,0
1537424160,Prod-EcsStagingCluster-EcsCluster-1AAGQRFIOE9AE,Service_beiakklem1vi3j5fejs0,1000,1,0.0189434025,0
1537407120,Prod-EcsStagingCluster-EcsCluster-1AAGQRFIOE9AE,Service_beiakklem1vi3j5fejs0,1000,1,0.0199469924,0
1537400760,Prod-EcsStagingCluster-EcsCluster-1AAGQRFIOE9AE,Service_beiakklem1vi3j5fejs0,1000,1,0.0202564156,0
1537383720,Prod-EcsStagingCluster-EcsCluster-1AAGQRFIOE9AE,Service_beiakklem1vi3j5fejs0,1000,1,0.0210079846,0
1537351860,Prod-EcsStagingCluster-EcsCluster-1AAGQRFIOE9AE,Service_beiakklem1vi3j5fejs0,1000,1,0.0195532434,0
1537390080,Prod-EcsStagingCluster-EcsCluster-1AAGQRFIOE9AE,Service_beiakklem1vi3j5fejs0,1000,1,0.0191815082,0
1537419780,Prod-EcsStagingCluster-EcsCluster-1AAGQRFIOE9AE,Service_beiakklem1vi3j5fejs0,1000,1,0.0224688820,0
1537345500,Prod-EcsStagingCluster-EcsCluster-1AAGQRFIOE9AE,Service_beiakklem1vi3j5fejs0,1000,1,0.0202754260,0
1537423920,Prod-EcsStagingCluster-EcsCluster-1AAGQRFIOE9AE,Service_beiakklem1vi3j5fejs0,1000,1,0.0189002116,0
1537356000,Prod-EcsStagingCluster-EcsCluster-1AAGQRFIOE9AE,Service_beiakklem1vi3j5fejs0,1000,1,0.0198359131,0
1537417560,Prod-EcsStagingCluster-EcsCluster-1AAGQRFIOE9AE,Service_beiakklem1vi3j5fejs0,1000,1,0.0209085716,0
1537349640,Prod-EcsStagingCluster-EcsCluster-1AAGQRFIOE9AE,Service_beiakklem1vi3j5fejs0,1000,1,0.0200302355,0
1537404780,Prod-EcsStagingCluster-EcsCluster-1AAGQRFIOE9AE,Service_beiakklem1vi3j5fejs0,1000,1,0.0194976124,0
1537419540,Prod-EcsStagingCluster-EcsCluster-1AAGQRFIOE9AE,Service_beiakklem1vi3j5fejs0,1000,1,0.0224527217,0
1537351620,Prod-EcsStagingCluster-EcsCluster-1AAGQRFIOE9AE,Service_beiakklem1vi3j5fejs0,1000,1,0.0197981336,0
1537413180,Prod-EcsStagingCluster-EcsCluster-1AAGQRFIOE9AE,Service_beiakklem1vi3j5fejs0,1000,1,0.0195037584,0
1537370700,Prod-EcsStagingCluster-EcsCluster-1AAGQRFIOE9AE,Service_beiakklem1vi3j5fejs0,1000,1,0.0186864691,0
1537417320,Prod-EcsStagingCluster-EcsCluster-1AAGQRFIOE9AE,Service_beiakklem1vi3j5fejs0,1000,1,0.0204731085,0
1537423680,Prod-EcsStagingCluster-EcsCluster-1AAGQRFIOE9AE,Service_beiakklem1vi3j5fejs0,1000,1,0.0193882144,0
1537349400,Prod-EcsStagingCluster-EcsCluster-1AAGQRFIOE9AE,Service_beiakklem1vi3j5fejs0,1000,1,0.0191798795,0
1537355760,Prod-EcsStagingCluster-EcsCluster-1AAGQRFIOE9AE,Service_beiakklem1vi3j5fejs0,1000,1,0.0197298107,0
1537379100,Prod-EcsStagingCluster-EcsCluster-1AAGQRFIOE9AE,Service_beiakklem1vi3j5fejs0,1000,1,0.0186085213,0
1537385460,Prod-EcsStagingCluster-EcsCluster-1AAGQRFIOE9AE,Service_beiakklem1vi3j5fejs0,1000,1,0.0200435484,0
1537418280,Prod-EcsStagingCluster-EcsCluster-1AAGQRFIOE9AE,Service_beiakklem1vi3j5fejs0,1000,1,0.0207393539,0
1537421460,Prod-EcsStagingCluster-EcsCluster-1AAGQRFIOE9AE,Service_beiakklem1vi3j5fejs0,1000,1,0.0188293264,0
1537350360,Prod-EcsStagingCluster-EcsCluster-1AAGQRFIOE9AE,Service_beiakklem1vi3j5fejs0,1000,1,0.0198206100,0
1537353540,Prod-EcsStagingCluster-EcsCluster-1AAGQRFIOE9AE,Service_beiakklem1vi3j5fejs0,1000,1,0.4548009757,0
1537371600,Prod-EcsStagingCluster-EcsCluster-1AAGQRFIOE9AE,Service_beiakklem1vi3j5fejs0,1000,1,0.0188314297,0
1537354560,Prod-EcsStagingCluster-EcsCluster-1AAGQRFIOE9AE,Service_beiakklem1vi3j5fejs0,1000,1,0.0201027653,0
1537384200,Prod-EcsStagingCluster-EcsCluster-1AAGQRFIOE9AE,Service_beiakklem1vi3j5fejs0,1000,1,0.0213490813,0
1537387380,Prod-EcsStagingCluster-EcsCluster-1AAGQRFIOE9AE,Service_beiakklem1vi3j5fejs0,1000,1,0.0198404077,0
1537388400,Prod-EcsStagingCluster-EcsCluster-1AAGQRFIOE9AE,Service_beiakklem1vi3j5fejs0,1000,1,0.0193168336,0
1537404300,Prod-EcsStagingCluster-EcsCluster-1AAGQRFIOE9AE,Service_beiakklem1vi3j5fejs0,1000,1,0.0195880816,0
1537367160,Prod-EcsStagingCluster-EcsCluster-1AAGQRFIOE9AE,Service_beiakklem1vi3j5fejs0,1000,1,0.0189077856,0
1537370340,Prod-EcsStagingCluster-EcsCluster-1AAGQRFIOE9AE,Service_beiakklem1vi3j5fejs0,1000,1,0.0183836304,0
1537412700,Prod-EcsStagingCluster-EcsCluster-1AAGQRFIOE9AE,Service_beiakklem1vi3j5fejs0,1000,1,0.0194534888,0
1537350120,Prod-EcsStagingCluster-EcsCluster-1AAGQRFIOE9AE,Service_beiakklem1vi3j5fejs0,1000,1,0.0198159808,0
1537353300,Prod-EcsStagingCluster-EcsCluster-1AAGQRFIOE9AE,Service_beiakklem1vi3j5fejs0,1000,1,0.0199811922,0
1537370220,Prod-EcsStagingCluster-EcsCluster-1AAGQRFIOE9AE,Service_beiakklem1vi3j5fejs0,1000,1,0.0256109450,0
1537422240,Prod-EcsStagingCluster-EcsCluster-1AAGQRFIOE9AE,Service_beiakklem1vi3j5fejs0,1000,1,0.0194667148,0
1537383960,Prod-EcsStagingCluster-EcsCluster-1AAGQRFIOE9AE,Service_beiakklem1vi3j5fejs0,1000,1,0.0200088552,0
1537387140,Prod-EcsStagingCluster-EcsCluster-1AAGQRFIOE9AE,Service_beiakklem1vi3j5fejs0,1000,1,0.0200580740,0
1537405200,Prod-EcsStagingCluster-EcsCluster-1AAGQRFIOE9AE,Service_beiakklem1vi3j5fejs0,1000,1,0.0195844660,0
1537378620,Prod-EcsStagingCluster-EcsCluster-1AAGQRFIOE9AE,Service_beiakklem1vi3j5fejs0,1000,1,0.0196089219,0
1537388160,Prod-EcsStagingCluster-EcsCluster-1AAGQRFIOE9AE,Service_beiakklem1vi3j5fejs0,1000,1,0.0218886680,0
1537420980,Prod-EcsStagingCluster-EcsCluster-1AAGQRFIOE9AE,Service_beiakklem1vi3j5fejs0,1000,1,0.0196436400,0
1537389120,Prod-EcsStagingCluster-EcsCluster-1AAGQRFIOE9AE,Service_beiakklem1vi3j5fejs0,1000,1,0.0205907531,0
1537403940,Prod-EcsStagingCluster-EcsCluster-1AAGQRFIOE9AE,Service_beiakklem1vi3j5fejs0,1000,1,0.4799609142,0
1537386900,Prod-EcsStagingCluster-EcsCluster-1AAGQRFIOE9AE,Service_beiakklem1vi3j5fejs0,1000,1,0.0215395280,0
1537418760,Prod-EcsStagingCluster-EcsCluster-1AAGQRFIOE9AE,Service_beiakklem1vi3j5fejs0,1000,1,0.0226436977,0
1537355040,Prod-EcsStagingCluster-EcsCluster-1AAGQRFIOE9AE,Service_beiakklem1vi3j5fejs0,1000,1,0.0198956890,0
1537422960,Prod-EcsStagingCluster-EcsCluster-1AAGQRFIOE9AE,Service_beiakklem1vi3j5fejs0,1000,1,0.0191562117,0
1537403820,Prod-EcsStagingCluster-EcsCluster-1AAGQRFIOE9AE,Service_beiakklem1vi3j5fejs0,1000,1,0.0180594513,0
1537401720,Prod-EcsStagingCluster-EcsCluster-1AAGQRFIOE9AE,Service_beiakklem1vi3j5fejs0,1000,1,0.0202250605,0
1537384680,Prod-EcsStagingCluster-EcsCluster-1AAGQRFIOE9AE,Service_beiakklem1vi3j5fejs0,1000,1,0.0200248673,0
1537352820,Prod-EcsStagingCluster-EcsCluster-1AAGQRFIOE9AE,Service_beiakklem1vi3j5fejs0,1000,1,0.0202659984,0
1537420740,Prod-EcsStagingCluster-EcsCluster-1AAGQRFIOE9AE,Service_beiakklem1vi3j5fejs0,1000,1,0.0208235302,0
1537412220,Prod-EcsStagingCluster-EcsCluster-1AAGQRFIOE9AE,Service_beiakklem1vi3j5fejs0,1000,1,0.0193519232,0
1537369740,Prod-EcsStagingCluster-EcsCluster-1AAGQRFIOE9AE,Service_beiakklem1vi3j5fejs0,1000,1,0.4799249135,0
1537350600,Prod-EcsStagingCluster-EcsCluster-1AAGQRFIOE9AE,Service_beiakklem1vi3j5fejs0,1000,1,0.0200866083,0
1537418520,Prod-EcsStagingCluster-EcsCluster-1AAGQRFIOE9AE,Service_beiakklem1vi3j5fejs0,1000,1,0.0226805134,0
1537422720,Prod-EcsStagingCluster-EcsCluster-1AAGQRFIOE9AE,Service_beiakklem1vi3j5fejs0,1000,1,0.0189391648,0
1537354800,Prod-EcsStagingCluster-EcsCluster-1AAGQRFIOE9AE,Service_beiakklem1vi3j5fejs0,1000,1,0.0198560225,0
1537378140,Prod-EcsStagingCluster-EcsCluster-1AAGQRFIOE9AE,Service_beiakklem1vi3j5fejs0,1000,1,0.0198792529,0
1537420500,Prod-EcsStagingCluster-EcsCluster-1AAGQRFIOE9AE,Service_beiakklem1vi3j5fejs0,1000,1,0.0227643837,0
1537352580,Prod-EcsStagingCluster-EcsCluster-1AAGQRFIOE9AE,Service_beiakklem1vi3j5fejs0,1000,1,0.0205376216,0
1537388640,Prod-EcsStagingCluster-EcsCluster-1AAGQRFIOE9AE,Service_beiakklem1vi3j5fejs0,1000,1,0.0213777444,0
1537350420,Prod-EcsStagingCluster-EcsCluster-1AAGQRFIOE9AE,Service_beiakklem1vi3j5fejs0,1000,1,0.0194826197,0
1537353600,Prod-EcsStagingCluster-EcsCluster-1AAGQRFIOE9AE,Service_beiakklem1vi3j5fejs0,1000,1,0.0205287843,0
1537416060,Prod-EcsStagingCluster-EcsCluster-1AAGQRFIOE9AE,Service_beiakklem1vi3j5fejs0,1000,1,0.0199859306,0
1537351320,Prod-EcsStagingCluster-EcsCluster-1AAGQRFIOE9AE,Service_beiakklem1vi3j5fejs0,1000,1,0.0197273269,0
1537354500,Prod-EcsStagingCluster-EcsCluster-1AAGQRFIOE9AE,Service_beiakklem1vi3j5fejs0,1000,1,0.0196911525,0
1537403340,Prod-EcsStagingCluster-EcsCluster-1AAGQRFIOE9AE,Service_beiakklem1vi3j5fejs0,1000,1,0.0187722174,0
1537357680,Prod-EcsStagingCluster-EcsCluster-1AAGQRFIOE9AE,Service_beiakklem1vi3j5fejs0,1000,1,0.0201313158,0
1537414920,Prod-EcsStagingCluster-EcsCluster-1AAGQRFIOE9AE,Service_beiakklem1vi3j5fejs0,1000,1,0.0195575882,0
1537369260,Prod-EcsStagingCluster-EcsCluster-1AAGQRFIOE9AE,Service_beiakklem1vi3j5fejs0,1000,1,0.0195542615,0
1537418100,Prod-EcsStagingCluster-EcsCluster-1AAGQRFIOE9AE,Service_beiakklem1vi3j5fejs0,1000,1,0.0209334433,0
1537421280,Prod-EcsStagingCluster-EcsCluster-1AAGQRFIOE9AE,Service_beiakklem1vi3j5fejs0,1000,1,0.0194963886,0
1537381980,Prod-EcsStagingCluster-EcsCluster-1AAGQRFIOE9AE,Service_beiakklem1vi3j5fejs0,1000,1,0.0211270615,0
1537374480,Prod-EcsStagingCluster-EcsCluster-1AAGQRFIOE9AE,Service_beiakklem1vi3j5fejs0,1000,1,0.0199283461,0
1537380840,Prod-EcsStagingCluster-EcsCluster-1AAGQRFIOE9AE,Service_beiakklem1vi3j5fejs0,1000,1,0.0214016710,0
1537384020,Prod-EcsStagingCluster-EcsCluster-1AAGQRFIOE9AE,Service_beiakklem1vi3j5fejs0,1000,1,0.0195973356,0
1537387200,Prod-EcsStagingCluster-EcsCluster-1AAGQRFIOE9AE,Service_beiakklem1vi3j5fejs0,1000,1,0.0198104295,0
1537368120,Prod-EcsStagingCluster-EcsCluster-1AAGQRFIOE9AE,Service_beiakklem1vi3j5fejs0,1000,1,0.0193595848,0
1537371300,Prod-EcsStagingCluster-EcsCluster-1AAGQRFIOE9AE,Service_beiakklem1vi3j5fejs0,1000,1,0.0195722147,0
1537347900,Prod-EcsStagingCluster-EcsCluster-1AAGQRFIOE9AE,Service_beiakklem1vi3j5fejs0,1000,1,0.0198253985,0
1537353120,Prod-EcsStagingCluster-EcsCluster-1AAGQRFIOE9AE,Service_beiakklem1vi3j5fejs0,1000,1,0.0202477751,0
1537346760,Prod-EcsStagingCluster-EcsCluster-1AAGQRFIOE9AE,Service_beiakklem1vi3j5fejs0,1000,1,0.0198748542,0
1537349940,Prod-EcsStagingCluster-EcsCluster-1AAGQRFIOE9AE,Service_beiakklem1vi3j5fejs0,1000,1,0.4648057604,0
1537391280,Prod-EcsStagingCluster-EcsCluster-1AAGQRFIOE9AE,Service_beiakklem1vi3j5fejs0,1000,1,0.0184542514,0
1537384920,Prod-EcsStagingCluster-EcsCluster-1AAGQRFIOE9AE,Service_beiakklem1vi3j5fejs0,1000,1,0.0194274898,0
1537388100,Prod-EcsStagingCluster-EcsCluster-1AAGQRFIOE9AE,Service_beiakklem1vi3j5fejs0,1000,1,0.0220542961,0
1537354080,Prod-EcsStagingCluster-EcsCluster-1AAGQRFIOE9AE,Service_beiakklem1vi3j5fejs0,1000,1,0.0197507891,0
1537347720,Prod-EcsStagingCluster-EcsCluster-1AAGQRFIOE9AE,Service_beiakklem1vi3j5fejs0,1000,1,0.0198596948,0
1537392240,Prod-EcsStagingCluster-EcsCluster-1AAGQRFIOE9AE,Service_beiakklem1vi3j5fejs0,1000,1,0.0196372625,0
1537402860,Prod-EcsStagingCluster-EcsCluster-1AAGQRFIOE9AE,Service_beiakklem1vi3j5fejs0,1000,1,0.0196584054,0
1537415580,Prod-EcsStagingCluster-EcsCluster-1AAGQRFIOE9AE,Service_beiakklem1vi3j5fejs0,1000,1,0.0193414471,0
1537385880,Prod-EcsStagingCluster-EcsCluster-1AAGQRFIOE9AE,Service_beiakklem1vi3j5fejs0,1000,1,0.0199466136,0
1537417620,Prod-EcsStagingCluster-EcsCluster-1AAGQRFIOE9AE,Service_beiakklem1vi3j5fejs0,1000,1,0.0204782949,0
1537404900,Prod-EcsStagingCluster-EcsCluster-1AAGQRFIOE9AE,Service_beiakklem1vi3j5fejs0,1000,1,0.0203002381,0
1537381500,Prod-EcsStagingCluster-EcsCluster-1AAGQRFIOE9AE,Service_beiakklem1vi3j5fejs0,1000,1,0.0213928643,0
1537368780,Prod-EcsStagingCluster-EcsCluster-1AAGQRFIOE9AE,Service_beiakklem1vi3j5fejs0,1000,1,0.0193591728,0
1537415400,Prod-EcsStagingCluster-EcsCluster-1AAGQRFIOE9AE,Service_beiakklem1vi3j5fejs0,1000,1,0.0191296184,0
1537421760,Prod-EcsStagingCluster-EcsCluster-1AAGQRFIOE9AE,Service_beiakklem1vi3j5fejs0,1000,1,0.0170522134,0
1537409040,Prod-EcsStagingCluster-EcsCluster-1AAGQRFIOE9AE,Service_beiakklem1vi3j5fejs0,1000,1,0.0206019153,0
1537402680,Prod-EcsStagingCluster-EcsCluster-1AAGQRFIOE9AE,Service_beiakklem1vi3j5fejs0,1000,1,0.0201661421,0
1537383540,Prod-EcsStagingCluster-EcsCluster-1AAGQRFIOE9AE,Service_beiakklem1vi3j5fejs0,1000,1,0.0202101871,0
1537421700,Prod-EcsStagingCluster-EcsCluster-1AAGQRFIOE9AE,Service_beiakklem1vi3j5fejs0,1000,1,0.0183225213,0
1537347420,Prod-EcsStagingCluster-EcsCluster-1AAGQRFIOE9AE,Service_beiakklem1vi3j5fejs0,1000,1,0.0200342032,0
1537381320,Prod-EcsStagingCluster-EcsCluster-1AAGQRFIOE9AE,Service_beiakklem1vi3j5fejs0,1000,1,0.0200287007,0
1537387680,Prod-EcsStagingCluster-EcsCluster-1AAGQRFIOE9AE,Service_beiakklem1vi3j5fejs0,1000,1,0.0195240328,0
1537425840,Prod-EcsStagingCluster-EcsCluster-1AAGQRFIOE9AE,Service_beiakklem1vi3j5fejs0,1000,1,0.0194942770,0
1537419480,Prod-EcsStagingCluster-EcsCluster-1AAGQRFIOE9AE,Service_beiakklem1vi3j5fejs0,1000,1,0.0226025650,0
1537349460,Prod-EcsStagingCluster-EcsCluster-1AAGQRFIOE9AE,Service_beiakklem1vi3j5fejs0,1000,1,0.0199511749,0
1537347240,Prod-EcsStagingCluster-EcsCluster-1AAGQRFIOE9AE,Service_beiakklem1vi3j5fejs0,1000,1,0.0195817797,0
1537423620,Prod-EcsStagingCluster-EcsCluster-1AAGQRFIOE9AE,Service_beiakklem1vi3j5fejs0,1000,1,0.0197046507,0
1537420440,Prod-EcsStagingCluster-EcsCluster-1AAGQRFIOE9AE,Service_beiakklem1vi3j5fejs0,1000,1,0.0225234664,0
1537415100,Prod-EcsStagingCluster-EcsCluster-1AAGQRFIOE9AE,Service_beiakklem1vi3j5fejs0,1000,1,0.0196055248,0
1537356720,Prod-EcsStagingCluster-EcsCluster-1AAGQRFIOE9AE,Service_beiakklem1vi3j5fejs0,1000,1,0.0194609209,0
1537402380,Prod-EcsStagingCluster-EcsCluster-1AAGQRFIOE9AE,Service_beiakklem1vi3j5fejs0,1000,1,0.0199883557,0
1537348200,Prod-EcsStagingCluster-EcsCluster-1AAGQRFIOE9AE,Service_beiakklem1vi3j5fejs0,1000,1,0.0197938389,0
1537351380,Prod-EcsStagingCluster-EcsCluster-1AAGQRFIOE9AE,Service_beiakklem1vi3j5fejs0,1000,1,0.0197339032,0
1537368300,Prod-EcsStagingCluster-EcsCluster-1AAGQRFIOE9AE,Service_beiakklem1vi3j5fejs0,1000,1,0.0195272620,0
1537420320,Prod-EcsStagingCluster-EcsCluster-1AAGQRFIOE9AE,Service_beiakklem1vi3j5fejs0,1000,1,0.0221448314,0
1537381020,Prod-EcsStagingCluster-EcsCluster-1AAGQRFIOE9AE,Service_beiakklem1vi3j5fejs0,1000,1,0.0271758335,0
1537352280,Prod-EcsStagingCluster-EcsCluster-1AAGQRFIOE9AE,Service_beiakklem1vi3j5fejs0,1000,1,0.0197455806,0
1537355460,Prod-EcsStagingCluster-EcsCluster-1AAGQRFIOE9AE,Service_beiakklem1vi3j5fejs0,1000,1,0.0198759444,0
1537386240,Prod-EcsStagingCluster-EcsCluster-1AAGQRFIOE9AE,Service_beiakklem1vi3j5fejs0,1000,1,0.0200892408,0
1537373520,Prod-EcsStagingCluster-EcsCluster-1AAGQRFIOE9AE,Service_beiakklem1vi3j5fejs0,1000,1,0.0195918784,0
1537346940,Prod-EcsStagingCluster-EcsCluster-1AAGQRFIOE9AE,Service_beiakklem1vi3j5fejs0,1000,1,0.0200262924,0
1537415880,Prod-EcsStagingCluster-EcsCluster-1AAGQRFIOE9AE,Service_beiakklem1vi3j5fejs0,1000,1,0.0193327376,0
1537419060,Prod-EcsStagingCluster-EcsCluster-1AAGQRFIOE9AE,Service_beiakklem1vi3j5fejs0,1000,1,0.0223236000,0
1537352160,Prod-EcsStagingCluster-EcsCluster-1AAGQRFIOE9AE,Service_beiakklem1vi3j5fejs0,1000,1,0.0194365414,0
1537390320,Prod-EcsStagingCluster-EcsCluster-1AAGQRFIOE9AE,Service_beiakklem1vi3j5fejs0,1000,1,0.0197480270,0
1537381800,Prod-EcsStagingCluster-EcsCluster-1AAGQRFIOE9AE,Service_beiakklem1vi3j5fejs0,1000,1,0.0222724460,0
1537384980,Prod-EcsStagingCluster-EcsCluster-1AAGQRFIOE9AE,Service_beiakklem1vi3j5fejs0,1000,1,0.0197660233,0
1537369080,Prod-EcsStagingCluster-EcsCluster-1AAGQRFIOE9AE,Service_beiakklem1vi3j5fejs0,1000,1,0.0193185964,0
1537372260,Prod-EcsStagingCluster-EcsCluster-1AAGQRFIOE9AE,Service_beiakklem1vi3j5fejs0,1000,1,0.0186278499,0
1537401900,Prod-EcsStagingCluster-EcsCluster-1AAGQRFIOE9AE,Service_beiakklem1vi3j5fejs0,1000,1,0.0207680552,0
1537414620,Prod-EcsStagingCluster-EcsCluster-1AAGQRFIOE9AE,Service_beiakklem1vi3j5fejs0,1000,1,0.0194839981,0
1537382760,Prod-EcsStagingCluster-EcsCluster-1AAGQRFIOE9AE,Service_beiakklem1vi3j5fejs0,1000,1,0.0204429090,0
1537370040,Prod-EcsStagingCluster-EcsCluster-1AAGQRFIOE9AE,Service_beiakklem1vi3j5fejs0,1000,1,0.0190983130,0
1537350900,Prod-EcsStagingCluster-EcsCluster-1AAGQRFIOE9AE,Service_beiakklem1vi3j5fejs0,1000,1,0.0195715647,0
1537389060,Prod-EcsStagingCluster-EcsCluster-1AAGQRFIOE9AE,Service_beiakklem1vi3j5fejs0,1000,1,0.0202711181,0
1537380540,Prod-EcsStagingCluster-EcsCluster-1AAGQRFIOE9AE,Service_beiakklem1vi3j5fejs0,1000,1,0.4823524382,0
1537367820,Prod-EcsStagingCluster-EcsCluster-1AAGQRFIOE9AE,Service_beiakklem1vi3j5fejs0,1000,1,0.0196213009,0
1537348680,Prod-EcsStagingCluster-EcsCluster-1AAGQRFIOE9AE,Service_beiakklem1vi3j5fejs0,1000,1,0.0200085086,0
1537420800,Prod-EcsStagingCluster-EcsCluster-1AAGQRFIOE9AE,Service_beiakklem1vi3j5fejs0,1000,1,0.0206024906,0
1537386840,Prod-EcsStagingCluster-EcsCluster-1AAGQRFIOE9AE,Service_beiakklem1vi3j5fejs0,1000,1,0.0212334071,0
1537408080,Prod-EcsStagingCluster-EcsCluster-1AAGQRFIOE9AE,Service_beiakklem1vi3j5fejs0,1000,1,0.0196389706,0
1537346460,Prod-EcsStagingCluster-EcsCluster-1AAGQRFIOE9AE,Service_beiakklem1vi3j5fejs0,1000,1,0.0207165165,0
1537418580,Prod-EcsStagingCluster-EcsCluster-1AAGQRFIOE9AE,Service_beiakklem1vi3j5fejs0,1000,1,0.0234337874,0
1537405860,Prod-EcsStagingCluster-EcsCluster-1AAGQRFIOE9AE,Service_beiakklem1vi3j5fejs0,1000,1,0.0202801119,0
1537386720,Prod-EcsStagingCluster-EcsCluster-1AAGQRFIOE9AE,Service_beiakklem1vi3j5fejs0,1000,1,0.0206309423,0
1537424880,Prod-EcsStagingCluster-EcsCluster-1AAGQRFIOE9AE,Service_beiakklem1vi3j5fejs0,1000,1,0.0190393787,0
1537416360,Prod-EcsStagingCluster-EcsCluster-1AAGQRFIOE9AE,Service_beiakklem1vi3j5fejs0,1000,1,0.0195059293,0
1537403640,Prod-EcsStagingCluster-EcsCluster-1AAGQRFIOE9AE,Service_beiakklem1vi3j5fejs0,1000,1,0.0184222404,0
1537384500,Prod-EcsStagingCluster-EcsCluster-1AAGQRFIOE9AE,Service_beiakklem1vi3j5fejs0,1000,1,0.0194458340,0
1537422660,Prod-EcsStagingCluster-EcsCluster-1AAGQRFIOE9AE,Service_beiakklem1vi3j5fejs0,1000,1,0.0193804727,0
1537352640,Prod-EcsStagingCluster-EcsCluster-1AAGQRFIOE9AE,Service_beiakklem1vi3j5fejs0,1000,1,0.0200868182,0
1537414140,Prod-EcsStagingCluster-EcsCluster-1AAGQRFIOE9AE,Service_beiakklem1vi3j5fejs0,1000,1,0.0192321735,0
1537401420,Prod-EcsStagingCluster-EcsCluster-1AAGQRFIOE9AE,Service_beiakklem1vi3j5fejs0,1000,1,0.0210386594,0
1537382280,Prod-EcsStagingCluster-EcsCluster-1AAGQRFIOE9AE,Service_beiakklem1vi3j5fejs0,1000,1,0.0216109506,0
1537409820,Prod-EcsStagingCluster-EcsCluster-1AAGQRFIOE9AE,Service_beiakklem1vi3j5fejs0,1000,1,0.0269717577,0
1537416180,Prod-EcsStagingCluster-EcsCluster-1AAGQRFIOE9AE,Service_beiakklem1vi3j5fejs0,1000,1,0.0192315583,0
1537393920,Prod-EcsStagingCluster-EcsCluster-1AAGQRFIOE9AE,Service_beiakklem1vi3j5fejs0,1000,1,0.0201388302,0
1537387560,Prod-EcsStagingCluster-EcsCluster-1AAGQRFIOE9AE,Service_beiakklem1vi3j5fejs0,1000,1,0.0196175599,0
1537373700,Prod-EcsStagingCluster-EcsCluster-1AAGQRFIOE9AE,Service_beiakklem1vi3j5fejs0,1000,1,0.0195997239,0
1537348260,Prod-EcsStagingCluster-EcsCluster-1AAGQRFIOE9AE,Service_beiakklem1vi3j5fejs0,1000,1,0.0198726065,0
1537392780,Prod-EcsStagingCluster-EcsCluster-1AAGQRFIOE9AE,Service_beiakklem1vi3j5fejs0,1000,1,0.0204565061,0
1537399140,Prod-EcsStagingCluster-EcsCluster-1AAGQRFIOE9AE,Service_beiakklem1vi3j5fejs0,1000,1,0.0207921148,0
1537424580,Prod-EcsStagingCluster-EcsCluster-1AAGQRFIOE9AE,Service_beiakklem1vi3j5fejs0,1000,1,0.0191028546,0
1537351200,Prod-EcsStagingCluster-EcsCluster-1AAGQRFIOE9AE,Service_beiakklem1vi3j5fejs0,1000,1,0.0195284256,0
1537395720,Prod-EcsStagingCluster-EcsCluster-1AAGQRFIOE9AE,Service_beiakklem1vi3j5fejs0,1000,1,0.0205238279,0
1537367100,Prod-EcsStagingCluster-EcsCluster-1AAGQRFIOE9AE,Service_beiakklem1vi3j5fejs0,1000,1,0.0190203646,0
1537373460,Prod-EcsStagingCluster-EcsCluster-1AAGQRFIOE9AE,Service_beiakklem1vi3j5fejs0,1000,1,0.0199293958,0
1537417980,Prod-EcsStagingCluster-EcsCluster-1AAGQRFIOE9AE,Service_beiakklem1vi3j5fejs0,1000,1,0.0210073466,0
1537424340,Prod-EcsStagingCluster-EcsCluster-1AAGQRFIOE9AE,Service_beiakklem1vi3j5fejs0,1000,1,0.0193570948,0
1537350060,Prod-EcsStagingCluster-EcsCluster-1AAGQRFIOE9AE,Service_beiakklem1vi3j5fejs0,1000,1,0.0199388448,0
1537353240,Prod-EcsStagingCluster-EcsCluster-1AAGQRFIOE9AE,Service_beiakklem1vi3j5fejs0,1000,1,0.0196867948,0
1537402080,Prod-EcsStagingCluster-EcsCluster-1AAGQRFIOE9AE,Service_beiakklem1vi3j5fejs0,1000,1,0.0208816034,0
1537378680,Prod-EcsStagingCluster-EcsCluster-1AAGQRFIOE9AE,Service_beiakklem1vi3j5fejs0,1000,1,0.0200726155,0
1537359600,Prod-EcsStagingCluster-EcsCluster-1AAGQRFIOE9AE,Service_beiakklem1vi3j5fejs0,1000,1,0.0200164703,0
1537404120,Prod-EcsStagingCluster-EcsCluster-1AAGQRFIOE9AE,Service_beiakklem1vi3j5fejs0,1000,1,0.0191794430,0
1537410480,Prod-EcsStagingCluster-EcsCluster-1AAGQRFIOE9AE,Service_beiakklem1vi3j5fejs0,1000,1,0.0211171775,0
1537400940,Prod-EcsStagingCluster-EcsCluster-1AAGQRFIOE9AE,Service_beiakklem1vi3j5fejs0,1000,1,0.0211831413,0
1537385040,Prod-EcsStagingCluster-EcsCluster-1AAGQRFIOE9AE,Service_beiakklem1vi3j5fejs0,1000,1,0.0182919745,0
1537429560,Prod-EcsStagingCluster-EcsCluster-1AAGQRFIOE9AE,Service_beiakklem1vi3j5fejs0,1000,1,0.0192801764,0
1537375260,Prod-EcsStagingCluster-EcsCluster-1AAGQRFIOE9AE,Service_beiakklem1vi3j5fejs0,1000,1,0.0196041133,0
1537381620,Prod-EcsStagingCluster-EcsCluster-1AAGQRFIOE9AE,Service_beiakklem1vi3j5fejs0,1000,1,0.0220558272,0
1537426140,Prod-EcsStagingCluster-EcsCluster-1AAGQRFIOE9AE,Service_beiakklem1vi3j5fejs0,1000,1,0.0190965190,0
1537358220,Prod-EcsStagingCluster-EcsCluster-1AAGQRFIOE9AE,Service_beiakklem1vi3j5fejs0,1000,1,0.0198156265,0
1537390020,Prod-EcsStagingCluster-EcsCluster-1AAGQRFIOE9AE,Service_beiakklem1vi3j5fejs0,1000,1,0.0198289088,0
1537364580,Prod-EcsStagingCluster-EcsCluster-1AAGQRFIOE9AE,Service_beiakklem1vi3j5fejs0,1000,1,0.0197282685,0
1537409100,Prod-EcsStagingCluster-EcsCluster-1AAGQRFIOE9AE,Service_beiakklem1vi3j5fejs0,1000,1,0.0202385204,0
1537415460,Prod-EcsStagingCluster-EcsCluster-1AAGQRFIOE9AE,Service_beiakklem1vi3j5fejs0,1000,1,0.0199562044,0
1537379400,Prod-EcsStagingCluster-EcsCluster-1AAGQRFIOE9AE,Service_beiakklem1vi3j5fejs0,1000,1,0.0199106535,0
1537385760,Prod-EcsStagingCluster-EcsCluster-1AAGQRFIOE9AE,Service_beiakklem1vi3j5fejs0,1000,1,0.0200368704,0
1537430280,Prod-EcsStagingCluster-EcsCluster-1AAGQRFIOE9AE,Service_beiakklem1vi3j5fejs0,1000,1,0.0191835396,0
1537362360,Prod-EcsStagingCluster-EcsCluster-1AAGQRFIOE9AE,Service_beiakklem1vi3j5fejs0,1000,1,0.0187112428,0
1537394160,Prod-EcsStagingCluster-EcsCluster-1AAGQRFIOE9AE,Service_beiakklem1vi3j5fejs0,1000,1,0.0186766217,0
1537387800,Prod-EcsStagingCluster-EcsCluster-1AAGQRFIOE9AE,Service_beiakklem1vi3j5fejs0,1000,1,0.0202440298,0
1537368720,Prod-EcsStagingCluster-EcsCluster-1AAGQRFIOE9AE,Service_beiakklem1vi3j5fejs0,1000,1,0.0195537338,0
1537413240,Prod-EcsStagingCluster-EcsCluster-1AAGQRFIOE9AE,Service_beiakklem1vi3j5fejs0,1000,1,0.0198496455,0
1537419600,Prod-EcsStagingCluster-EcsCluster-1AAGQRFIOE9AE,Service_beiakklem1vi3j5fejs0,1000,1,0.0221138813,0
1537383420,Prod-EcsStagingCluster-EcsCluster-1AAGQRFIOE9AE,Service_beiakklem1vi3j5fejs0,1000,1,0.0209661022,0
1537389780,Prod-EcsStagingCluster-EcsCluster-1AAGQRFIOE9AE,Service_beiakklem1vi3j5fejs0,1000,1,0.0191340198,0
1537366380,Prod-EcsStagingCluster-EcsCluster-1AAGQRFIOE9AE,Service_beiakklem1vi3j5fejs0,1000,1,0.0190235902,0
1537426800,Prod-EcsStagingCluster-EcsCluster-1AAGQRFIOE9AE,Service_beiakklem1vi3j5fejs0,1000,1,0.0189886924,0
1537417260,Prod-EcsStagingCluster-EcsCluster-1AAGQRFIOE9AE,Service_beiakklem1vi3j5fejs0,1000,1,0.0203350323,0
1537363080,Prod-EcsStagingCluster-EcsCluster-1AAGQRFIOE9AE,Service_beiakklem1vi3j5fejs0,1000,1,0.0191364442,0
1537413960,Prod-EcsStagingCluster-EcsCluster-1AAGQRFIOE9AE,Service_beiakklem1vi3j5fejs0,1000,1,0.0194541468,0
1537391700,Prod-EcsStagingCluster-EcsCluster-1AAGQRFIOE9AE,Service_beiakklem1vi3j5fejs0,1000,1,0.0192768992,0
1537371480,Prod-EcsStagingCluster-EcsCluster-1AAGQRFIOE9AE,Service_beiakklem1vi3j5fejs0,1000,1,0.0186108587,0
1537346040,Prod-EcsStagingCluster-EcsCluster-1AAGQRFIOE9AE,Service_beiakklem1vi3j5fejs0,1000,1,0.0203049784,0
1537396920,Prod-EcsStagingCluster-EcsCluster-1AAGQRFIOE9AE,Service_beiakklem1vi3j5fejs0,1000,1,0.0210823652,0
1537422360,Prod-EcsStagingCluster-EcsCluster-1AAGQRFIOE9AE,Service_beiakklem1vi3j5fejs0,1000,1,0.0192397906,0
1537391580,Prod-EcsStagingCluster-EcsCluster-1AAGQRFIOE9AE,Service_beiakklem1vi3j5fejs0,1000,1,0.0188934649,0
1537375680,Prod-EcsStagingCluster-EcsCluster-1AAGQRFIOE9AE,Service_beiakklem1vi3j5fejs0,1000,1,0.0197443167,0
1537374540,Prod-EcsStagingCluster-EcsCluster-1AAGQRFIOE9AE,Service_beiakklem1vi3j5fejs0,1000,1,0.0196055122,0
1537426560,Prod-EcsStagingCluster-EcsCluster-1AAGQRFIOE9AE,Service_beiakklem1vi3j5fejs0,1000,1,0.0192551092,0
1537425420,Prod-EcsStagingCluster-EcsCluster-1AAGQRFIOE9AE,Service_beiakklem1vi3j5fejs0,1000,1,0.0189289001,0
1537348980,Prod-EcsStagingCluster-EcsCluster-1AAGQRFIOE9AE,Service_beiakklem1vi3j5fejs0,1000,1,0.0199865421,0
1537371240,Prod-EcsStagingCluster-EcsCluster-1AAGQRFIOE9AE,Service_beiakklem1vi3j5fejs0,1000,1,0.0191388659,0
1537422120,Prod-EcsStagingCluster-EcsCluster-1AAGQRFIOE9AE,Service_beiakklem1vi3j5fejs0,1000,1,0.0197031452,0
1537399860,Prod-EcsStagingCluster-EcsCluster-1AAGQRFIOE9AE,Service_beiakklem1vi3j5fejs0,1000,1,0.0200324818,0
1537357380,Prod-EcsStagingCluster-EcsCluster-1AAGQRFIOE9AE,Service_beiakklem1vi3j5fejs0,1000,1,0.0196198582,0
1537408260,Prod-EcsStagingCluster-EcsCluster-1AAGQRFIOE9AE,Service_beiakklem1vi3j5fejs0,1000,1,0.0196164532,0
1537348860,Prod-EcsStagingCluster-EcsCluster-1AAGQRFIOE9AE,Service_beiakklem1vi3j5fejs0,1000,1,0.0205980546,0
1537382820,Prod-EcsStagingCluster-EcsCluster-1AAGQRFIOE9AE,Service_beiakklem1vi3j5fejs0,1000,1,0.0205317712,0
1537399740,Prod-EcsStagingCluster-EcsCluster-1AAGQRFIOE9AE,Service_beiakklem1vi3j5fejs0,1000,1,0.0206498668,0
1537355160,Prod-EcsStagingCluster-EcsCluster-1AAGQRFIOE9AE,Service_beiakklem1vi3j5fejs0,1000,1,0.0198429233,0
1537380600,Prod-EcsStagingCluster-EcsCluster-1AAGQRFIOE9AE,Service_beiakklem1vi3j5fejs0,1000,1,0.0209542279,0
1537406040,Prod-EcsStagingCluster-EcsCluster-1AAGQRFIOE9AE,Service_beiakklem1vi3j5fejs0,1000,1,0.0196427145,0
1537359360,Prod-EcsStagingCluster-EcsCluster-1AAGQRFIOE9AE,Service_beiakklem1vi3j5fejs0,1000,1,0.0196193002,0
1537382700,Prod-EcsStagingCluster-EcsCluster-1AAGQRFIOE9AE,Service_beiakklem1vi3j5fejs0,1000,1,0.0202783863,0
1537431480,Prod-EcsStagingCluster-EcsCluster-1AAGQRFIOE9AE,Service_beiakklem1vi3j5fejs0,1000,1,0.0190940327,0
1537410240,Prod-EcsStagingCluster-EcsCluster-1AAGQRFIOE9AE,Service_beiakklem1vi3j5fejs0,1000,1,0.0205015404,0
1537357140,Prod-EcsStagingCluster-EcsCluster-1AAGQRFIOE9AE,Service_beiakklem1vi3j5fejs0,1000,1,0.4662238381,0
1537408020,Prod-EcsStagingCluster-EcsCluster-1AAGQRFIOE9AE,Service_beiakklem1vi3j5fejs0,1000,1,0.0193020837,0
1537357020,Prod-EcsStagingCluster-EcsCluster-1AAGQRFIOE9AE,Service_beiakklem1vi3j5fejs0,1000,1,0.0201210947,0
1537354920,Prod-EcsStagingCluster-EcsCluster-1AAGQRFIOE9AE,Service_beiakklem1vi3j5fejs0,1000,1,0.0197625925,0
1537407900,Prod-EcsStagingCluster-EcsCluster-1AAGQRFIOE9AE,Service_beiakklem1vi3j5fejs0,1000,1,0.0199995633,0
1537405800,Prod-EcsStagingCluster-EcsCluster-1AAGQRFIOE9AE,Service_beiakklem1vi3j5fejs0,1000,1,0.0201337227,0
1537390860,Prod-EcsStagingCluster-EcsCluster-1AAGQRFIOE9AE,Service_beiakklem1vi3j5fejs0,1000,1,0.0196234817,0
1537367520,Prod-EcsStagingCluster-EcsCluster-1AAGQRFIOE9AE,Service_beiakklem1vi3j5fejs0,1000,1,0.0190004517,0
1537418400,Prod-EcsStagingCluster-EcsCluster-1AAGQRFIOE9AE,Service_beiakklem1vi3j5fejs0,1000,1,0.0223772795,0
1537375920,Prod-EcsStagingCluster-EcsCluster-1AAGQRFIOE9AE,Service_beiakklem1vi3j5fejs0,1000,1,0.0200953032,0
1537350480,Prod-EcsStagingCluster-EcsCluster-1AAGQRFIOE9AE,Service_beiakklem1vi3j5fejs0,1000,1,0.0198164798,0
1537401360,Prod-EcsStagingCluster-EcsCluster-1AAGQRFIOE9AE,Service_beiakklem1vi3j5fejs0,1000,1,0.0210058868,0
1537365300,Prod-EcsStagingCluster-EcsCluster-1AAGQRFIOE9AE,Service_beiakklem1vi3j5fejs0,1000,1,0.0184059384,0
1537421520,Prod-EcsStagingCluster-EcsCluster-1AAGQRFIOE9AE,Service_beiakklem1vi3j5fejs0,1000,1,0.0188588817,0
1537349280,Prod-EcsStagingCluster-EcsCluster-1AAGQRFIOE9AE,Service_beiakklem1vi3j5fejs0,1000,1,0.0200195643,0
1537393800,Prod-EcsStagingCluster-EcsCluster-1AAGQRFIOE9AE,Service_beiakklem1vi3j5fejs0,1000,1,0.0186267508,0
1537371540,Prod-EcsStagingCluster-EcsCluster-1AAGQRFIOE9AE,Service_beiakklem1vi3j5fejs0,1000,1,0.4763908054,0
1537422420,Prod-EcsStagingCluster-EcsCluster-1AAGQRFIOE9AE,Service_beiakklem1vi3j5fejs0,1000,1,0.0193945646,0
1537348140,Prod-EcsStagingCluster-EcsCluster-1AAGQRFIOE9AE,Service_beiakklem1vi3j5fejs0,1000,1,0.4755719312,0
1537400160,Prod-EcsStagingCluster-EcsCluster-1AAGQRFIOE9AE,Service_beiakklem1vi3j5fejs0,1000,1,0.0198336796,0
1537360860,Prod-EcsStagingCluster-EcsCluster-1AAGQRFIOE9AE,Service_beiakklem1vi3j5fejs0,1000,1,0.0186696573,0
1537411740,Prod-EcsStagingCluster-EcsCluster-1AAGQRFIOE9AE,Service_beiakklem1vi3j5fejs0,1000,1,0.0206518638,0
1537399020,Prod-EcsStagingCluster-EcsCluster-1AAGQRFIOE9AE,Service_beiakklem1vi3j5fejs0,1000,1,0.0266721788,0
1537350180,Prod-EcsStagingCluster-EcsCluster-1AAGQRFIOE9AE,Service_beiakklem1vi3j5fejs0,1000,1,0.0204173127,0
1537401060,Prod-EcsStagingCluster-EcsCluster-1AAGQRFIOE9AE,Service_beiakklem1vi3j5fejs0,1000,1,0.0206319641,0
1537375620,Prod-EcsStagingCluster-EcsCluster-1AAGQRFIOE9AE,Service_beiakklem1vi3j5fejs0,1000,1,0.0196331420,0
1537426500,Prod-EcsStagingCluster-EcsCluster-1AAGQRFIOE9AE,Service_beiakklem1vi3j5fejs0,1000,1,0.0191298077,0
1537379700,Prod-EcsStagingCluster-EcsCluster-1AAGQRFIOE9AE,Service_beiakklem1vi3j5fejs0,1000,1,0.0202147625,0
1537351080,Prod-EcsStagingCluster-EcsCluster-1AAGQRFIOE9AE,Service_beiakklem1vi3j5fejs0,1000,1,0.0198252788,0
1537357440,Prod-EcsStagingCluster-EcsCluster-1AAGQRFIOE9AE,Service_beiakklem1vi3j5fejs0,1000,1,0.0197368494,0
1537401960,Prod-EcsStagingCluster-EcsCluster-1AAGQRFIOE9AE,Service_beiakklem1vi3j5fejs0,1000,1,0.0205115814,0
1537430580,Prod-EcsStagingCluster-EcsCluster-1AAGQRFIOE9AE,Service_beiakklem1vi3j5fejs0,1000,1,0.0181408542,0
1537356300,Prod-EcsStagingCluster-EcsCluster-1AAGQRFIOE9AE,Service_beiakklem1vi3j5fejs0,1000,1,0.0187765561,0
1537408320,Prod-EcsStagingCluster-EcsCluster-1AAGQRFIOE9AE,Service_beiakklem1vi3j5fejs0,1000,1,0.0205422057,0
1537369020,Prod-EcsStagingCluster-EcsCluster-1AAGQRFIOE9AE,Service_beiakklem1vi3j5fejs0,1000,1,0.0191232136,0
1537419900,Prod-EcsStagingCluster-EcsCluster-1AAGQRFIOE9AE,Service_beiakklem1vi3j5fejs0,1000,1,0.0222448849,0
1537407180,Prod-EcsStagingCluster-EcsCluster-1AAGQRFIOE9AE,Service_beiakklem1vi3j5fejs0,1000,1,0.0194995301,0
1537383840,Prod-EcsStagingCluster-EcsCluster-1AAGQRFIOE9AE,Service_beiakklem1vi3j5fejs0,1000,1,0.0206340647,0
1537428360,Prod-EcsStagingCluster-EcsCluster-1AAGQRFIOE9AE,Service_beiakklem1vi3j5fejs0,1000,1,0.0190579719,0
1537387860,Prod-EcsStagingCluster-EcsCluster-1AAGQRFIOE9AE,Service_beiakklem1vi3j5fejs0,1000,1,0.0217305570,0
1537364460,Prod-EcsStagingCluster-EcsCluster-1AAGQRFIOE9AE,Service_beiakklem1vi3j5fejs0,1000,1,0.0192691513,0
1537377180,Prod-EcsStagingCluster-EcsCluster-1AAGQRFIOE9AE,Service_beiakklem1vi3j5fejs0,1000,1,0.0200612614,0
1537385640,Prod-EcsStagingCluster-EcsCluster-1AAGQRFIOE9AE,Service_beiakklem1vi3j5fejs0,1000,1,0.0196870594,0
1537428060,Prod-EcsStagingCluster-EcsCluster-1AAGQRFIOE9AE,Service_beiakklem1vi3j5fejs0,1000,1,0.0193815028,0
1537392000,Prod-EcsStagingCluster-EcsCluster-1AAGQRFIOE9AE,Service_beiakklem1vi3j5fejs0,1000,1,0.0193283123,0
1537415340,Prod-EcsStagingCluster-EcsCluster-1AAGQRFIOE9AE,Service_beiakklem1vi3j5fejs0,1000,1,0.0193092343,0
1537391940,Prod-EcsStagingCluster-EcsCluster-1AAGQRFIOE9AE,Service_beiakklem1vi3j5fejs0,1000,1,0.0178917907,0
1537366500,Prod-EcsStagingCluster-EcsCluster-1AAGQRFIOE9AE,Service_beiakklem1vi3j5fejs0,1000,1,0.0191419262,0
1537417380,Prod-EcsStagingCluster-EcsCluster-1AAGQRFIOE9AE,Service_beiakklem1vi3j5fejs0,1000,1,0.0205398668,0
1537389720,Prod-EcsStagingCluster-EcsCluster-1AAGQRFIOE9AE,Service_beiakklem1vi3j5fejs0,1000,1,0.0187308894,0
1537364280,Prod-EcsStagingCluster-EcsCluster-1AAGQRFIOE9AE,Service_beiakklem1vi3j5fejs0,1000,1,0.0198000759,0
1537370640,Prod-EcsStagingCluster-EcsCluster-1AAGQRFIOE9AE,Service_beiakklem1vi3j5fejs0,1000,1,0.0187277590,0
1537415160,Prod-EcsStagingCluster-EcsCluster-1AAGQRFIOE9AE,Service_beiakklem1vi3j5fejs0,1000,1,0.0194619404,0
1537396080,Prod-EcsStagingCluster-EcsCluster-1AAGQRFIOE9AE,Service_beiakklem1vi3j5fejs0,1000,1,0.0186987603,0
1537373760,Prod-EcsStagingCluster-EcsCluster-1AAGQRFIOE9AE,Service_beiakklem1vi3j5fejs0,1000,1,0.0198683090,0
1537424640,Prod-EcsStagingCluster-EcsCluster-1AAGQRFIOE9AE,Service_beiakklem1vi3j5fejs0,1000,1,0.0190393195,0
1537393860,Prod-EcsStagingCluster-EcsCluster-1AAGQRFIOE9AE,Service_beiakklem1vi3j5fejs0,1000,1,0.0204315904,0
1537368420,Prod-EcsStagingCluster-EcsCluster-1AAGQRFIOE9AE,Service_beiakklem1vi3j5fejs0,1000,1,0.0193225273,0
1537419300,Prod-EcsStagingCluster-EcsCluster-1AAGQRFIOE9AE,Service_beiakklem1vi3j5fejs0,1000,1,0.0218299401,0
1537372620,Prod-EcsStagingCluster-EcsCluster-1AAGQRFIOE9AE,Service_beiakklem1vi3j5fejs0,1000,1,0.0188452963,0
1537385340,Prod-EcsStagingCluster-EcsCluster-1AAGQRFIOE9AE,Service_beiakklem1vi3j5fejs0,1000,1,0.0207982997,0
1537423500,Prod-EcsStagingCluster-EcsCluster-1AAGQRFIOE9AE,Service_beiakklem1vi3j5fejs0,1000,1,0.0195291543,0
1537352400,Prod-EcsStagingCluster-EcsCluster-1AAGQRFIOE9AE,Service_beiakklem1vi3j5fejs0,1000,1,0.0196182996,0
1537347060,Prod-EcsStagingCluster-EcsCluster-1AAGQRFIOE9AE,Service_beiakklem1vi3j5fejs0,1000,1,0.0199741859,0
1537377840,Prod-EcsStagingCluster-EcsCluster-1AAGQRFIOE9AE,Service_beiakklem1vi3j5fejs0,1000,1,0.0200766676,0
1537397940,Prod-EcsStagingCluster-EcsCluster-1AAGQRFIOE9AE,Service_beiakklem1vi3j5fejs0,1000,1,0.0197521681,0
1537428720,Prod-EcsStagingCluster-EcsCluster-1AAGQRFIOE9AE,Service_beiakklem1vi3j5fejs0,1000,1,0.0193106408,0
1537403280,Prod-EcsStagingCluster-EcsCluster-1AAGQRFIOE9AE,Service_beiakklem1vi3j5fejs0,1000,1,0.0196568891,0
1537369320,Prod-EcsStagingCluster-EcsCluster-1AAGQRFIOE9AE,Service_beiakklem1vi3j5fejs0,1000,1,0.0194465137,0
1537420200,Prod-EcsStagingCluster-EcsCluster-1AAGQRFIOE9AE,Service_beiakklem1vi3j5fejs0,1000,1,0.0209019172,0
1537373400,Prod-EcsStagingCluster-EcsCluster-1AAGQRFIOE9AE,Service_beiakklem1vi3j5fejs0,1000,1,0.0195588536,0
1537347960,Prod-EcsStagingCluster-EcsCluster-1AAGQRFIOE9AE,Service_beiakklem1vi3j5fejs0,1000,1,0.0209118309,0
1537381920,Prod-EcsStagingCluster-EcsCluster-1AAGQRFIOE9AE,Service_beiakklem1vi3j5fejs0,1000,1,0.0218045881,0
1537398840,Prod-EcsStagingCluster-EcsCluster-1AAGQRFIOE9AE,Service_beiakklem1vi3j5fejs0,1000,1,0.0209940131,0
1537424280,Prod-EcsStagingCluster-EcsCluster-1AAGQRFIOE9AE,Service_beiakklem1vi3j5fejs0,1000,1,0.0192195896,0
1537393500,Prod-EcsStagingCluster-EcsCluster-1AAGQRFIOE9AE,Service_beiakklem1vi3j5fejs0,1000,1,0.0187421177,0
1537380780,Prod-EcsStagingCluster-EcsCluster-1AAGQRFIOE9AE,Service_beiakklem1vi3j5fejs0,1000,1,0.0219781135,0
1537431660,Prod-EcsStagingCluster-EcsCluster-1AAGQRFIOE9AE,Service_beiakklem1vi3j5fejs0,1000,1,0.0192934619,0
1537377480,Prod-EcsStagingCluster-EcsCluster-1AAGQRFIOE9AE,Service_beiakklem1vi3j5fejs0,1000,1,0.0205731604,0
1537355220,Prod-EcsStagingCluster-EcsCluster-1AAGQRFIOE9AE,Service_beiakklem1vi3j5fejs0,1000,1,0.0194593239,0
1537406100,Prod-EcsStagingCluster-EcsCluster-1AAGQRFIOE9AE,Service_beiakklem1vi3j5fejs0,1000,1,0.0194607240,0
1537361520,Prod-EcsStagingCluster-EcsCluster-1AAGQRFIOE9AE,Service_beiakklem1vi3j5fejs0,1000,1,0.0196878165,0
1537412400,Prod-EcsStagingCluster-EcsCluster-1AAGQRFIOE9AE,Service_beiakklem1vi3j5fejs0,1000,1,0.0191332001,0
1537353000,Prod-EcsStagingCluster-EcsCluster-1AAGQRFIOE9AE,Service_beiakklem1vi3j5fejs0,1000,1,0.0198813745,0
1537386960,Prod-EcsStagingCluster-EcsCluster-1AAGQRFIOE9AE,Service_beiakklem1vi3j5fejs0,1000,1,0.0199048837,0
1537403880,Prod-EcsStagingCluster-EcsCluster-1AAGQRFIOE9AE,Service_beiakklem1vi3j5fejs0,1000,1,0.0173257324,0
1537359300,Prod-EcsStagingCluster-EcsCluster-1AAGQRFIOE9AE,Service_beiakklem1vi3j5fejs0,1000,1,0.0195428374,0
1537410180,Prod-EcsStagingCluster-EcsCluster-1AAGQRFIOE9AE,Service_beiakklem1vi3j5fejs0,1000,1,0.0202417474,0
1537350780,Prod-EcsStagingCluster-EcsCluster-1AAGQRFIOE9AE,Service_beiakklem1vi3j5fejs0,1000,1,0.0190083769,0
1537384740,Prod-EcsStagingCluster-EcsCluster-1AAGQRFIOE9AE,Service_beiakklem1vi3j5fejs0,1000,1,0.0198569740,0
1537401660,Prod-EcsStagingCluster-EcsCluster-1AAGQRFIOE9AE,Service_beiakklem1vi3j5fejs0,1000,1,0.0208798202,0
1537388940,Prod-EcsStagingCluster-EcsCluster-1AAGQRFIOE9AE,Service_beiakklem1vi3j5fejs0,1000,1,0.0194131954,0
1537365600,Prod-EcsStagingCluster-EcsCluster-1AAGQRFIOE9AE,Service_beiakklem1vi3j5fejs0,1000,1,0.0197431785,0
1537416480,Prod-EcsStagingCluster-EcsCluster-1AAGQRFIOE9AE,Service_beiakklem1vi3j5fejs0,1000,1,0.0199163190,0
1537357080,Prod-EcsStagingCluster-EcsCluster-1AAGQRFIOE9AE,Service_beiakklem1vi3j5fejs0,1000,1,0.0198704384,0
1537407960,Prod-EcsStagingCluster-EcsCluster-1AAGQRFIOE9AE,Service_beiakklem1vi3j5fejs0,1000,1,0.0196411167,0
1537382520,Prod-EcsStagingCluster-EcsCluster-1AAGQRFIOE9AE,Service_beiakklem1vi3j5fejs0,1000,1,0.0202336827,0
1537363380,Prod-EcsStagingCluster-EcsCluster-1AAGQRFIOE9AE,Service_beiakklem1vi3j5fejs0,1000,1,0.0188872498,0
1537414260,Prod-EcsStagingCluster-EcsCluster-1AAGQRFIOE9AE,Service_beiakklem1vi3j5fejs0,1000,1,0.0192649157,0
1537361160,Prod-EcsStagingCluster-EcsCluster-1AAGQRFIOE9AE,Service_beiakklem1vi3j5fejs0,1000,1,0.0197993125,0
1537412040,Prod-EcsStagingCluster-EcsCluster-1AAGQRFIOE9AE,Service_beiakklem1vi3j5fejs0,1000,1,0.0195412300,0
1537346220,Prod-EcsStagingCluster-EcsCluster-1AAGQRFIOE9AE,Service_beiakklem1vi3j5fejs0,1000,1,0.0201125063,0
1537358940,Prod-EcsStagingCluster-EcsCluster-1AAGQRFIOE9AE,Service_beiakklem1vi3j5fejs0,1000,1,0.4644252424,0
1537397100,Prod-EcsStagingCluster-EcsCluster-1AAGQRFIOE9AE,Service_beiakklem1vi3j5fejs0,1000,1,0.0198263077,0
1537360980,Prod-EcsStagingCluster-EcsCluster-1AAGQRFIOE9AE,Service_beiakklem1vi3j5fejs0,1000,1,0.0195971899,0
1537425720,Prod-EcsStagingCluster-EcsCluster-1AAGQRFIOE9AE,Service_beiakklem1vi3j5fejs0,1000,1,0.0190261555,0
1537354620,Prod-EcsStagingCluster-EcsCluster-1AAGQRFIOE9AE,Service_beiakklem1vi3j5fejs0,1000,1,0.0200037023,0
1537411860,Prod-EcsStagingCluster-EcsCluster-1AAGQRFIOE9AE,Service_beiakklem1vi3j5fejs0,1000,1,0.0207742533,0
1537405500,Prod-EcsStagingCluster-EcsCluster-1AAGQRFIOE9AE,Service_beiakklem1vi3j5fejs0,1000,1,0.0201088273,0
1537347120,Prod-EcsStagingCluster-EcsCluster-1AAGQRFIOE9AE,Service_beiakklem1vi3j5fejs0,1000,1,0.0195683732,0
1537391640,Prod-EcsStagingCluster-EcsCluster-1AAGQRFIOE9AE,Service_beiakklem1vi3j5fejs0,1000,1,0.0194393792,0
1537398000,Prod-EcsStagingCluster-EcsCluster-1AAGQRFIOE9AE,Service_beiakklem1vi3j5fejs0,1000,1,0.0194803359,0
1537371420,Prod-EcsStagingCluster-EcsCluster-1AAGQRFIOE9AE,Service_beiakklem1vi3j5fejs0,1000,1,0.0187251684,0
1537377780,Prod-EcsStagingCluster-EcsCluster-1AAGQRFIOE9AE,Service_beiakklem1vi3j5fejs0,1000,1,0.0198479195,0
1537428660,Prod-EcsStagingCluster-EcsCluster-1AAGQRFIOE9AE,Service_beiakklem1vi3j5fejs0,1000,1,0.0194931319,0
1537360740,Prod-EcsStagingCluster-EcsCluster-1AAGQRFIOE9AE,Service_beiakklem1vi3j5fejs0,1000,1,0.4709886669,0
1537422300,Prod-EcsStagingCluster-EcsCluster-1AAGQRFIOE9AE,Service_beiakklem1vi3j5fejs0,1000,1,0.0193344763,0
1537411620,Prod-EcsStagingCluster-EcsCluster-1AAGQRFIOE9AE,Service_beiakklem1vi3j5fejs0,1000,1,0.0199948705,0
1537346880,Prod-EcsStagingCluster-EcsCluster-1AAGQRFIOE9AE,Service_beiakklem1vi3j5fejs0,1000,1,0.0202360076,0
1537397760,Prod-EcsStagingCluster-EcsCluster-1AAGQRFIOE9AE,Service_beiakklem1vi3j5fejs0,1000,1,0.0195725849,0
1537391400,Prod-EcsStagingCluster-EcsCluster-1AAGQRFIOE9AE,Service_beiakklem1vi3j5fejs0,1000,1,0.0196293669,0
1537345740,Prod-EcsStagingCluster-EcsCluster-1AAGQRFIOE9AE,Service_beiakklem1vi3j5fejs0,1000,1,0.0196507202,0
1537396620,Prod-EcsStagingCluster-EcsCluster-1AAGQRFIOE9AE,Service_beiakklem1vi3j5fejs0,1000,1,0.0201473458,0
1537377540,Prod-EcsStagingCluster-EcsCluster-1AAGQRFIOE9AE,Service_beiakklem1vi3j5fejs0,1000,1,0.0199484733,0
1537428420,Prod-EcsStagingCluster-EcsCluster-1AAGQRFIOE9AE,Service_beiakklem1vi3j5fejs0,1000,1,0.0190227362,0
1537357320,Prod-EcsStagingCluster-EcsCluster-1AAGQRFIOE9AE,Service_beiakklem1vi3j5fejs0,1000,1,0.0197134098,0
1537375320,Prod-EcsStagingCluster-EcsCluster-1AAGQRFIOE9AE,Service_beiakklem1vi3j5fejs0,1000,1,0.0197114640,0
1537381680,Prod-EcsStagingCluster-EcsCluster-1AAGQRFIOE9AE,Service_beiakklem1vi3j5fejs0,1000,1,0.0221187707,0
1537426200,Prod-EcsStagingCluster-EcsCluster-1AAGQRFIOE9AE,Service_beiakklem1vi3j5fejs0,1000,1,0.0193449888,0
1537362540,Prod-EcsStagingCluster-EcsCluster-1AAGQRFIOE9AE,Service_beiakklem1vi3j5fejs0,1000,1,0.4754992636,0
1537413420,Prod-EcsStagingCluster-EcsCluster-1AAGQRFIOE9AE,Service_beiakklem1vi3j5fejs0,1000,1,0.0262145337,0
1537370940,Prod-EcsStagingCluster-EcsCluster-1AAGQRFIOE9AE,Service_beiakklem1vi3j5fejs0,1000,1,0.0186923238,0
1537377300,Prod-EcsStagingCluster-EcsCluster-1AAGQRFIOE9AE,Service_beiakklem1vi3j5fejs0,1000,1,0.0199314503,0
1537421820,Prod-EcsStagingCluster-EcsCluster-1AAGQRFIOE9AE,Service_beiakklem1vi3j5fejs0,1000,1,0.0173994077,0
1537428180,Prod-EcsStagingCluster-EcsCluster-1AAGQRFIOE9AE,Service_beiakklem1vi3j5fejs0,1000,1,0.0194107293,0
1537381440,Prod-EcsStagingCluster-EcsCluster-1AAGQRFIOE9AE,Service_beiakklem1vi3j5fejs0,1000,1,0.0200011998,0
1537375080,Prod-EcsStagingCluster-EcsCluster-1AAGQRFIOE9AE,Service_beiakklem1vi3j5fejs0,1000,1,0.0200374935,0
1537394100,Prod-EcsStagingCluster-EcsCluster-1AAGQRFIOE9AE,Service_beiakklem1vi3j5fejs0,1000,1,0.0187536452,0
1537387740,Prod-EcsStagingCluster-EcsCluster-1AAGQRFIOE9AE,Service_beiakklem1vi3j5fejs0,1000,1,0.6942113249,0
1537425960,Prod-EcsStagingCluster-EcsCluster-1AAGQRFIOE9AE,Service_beiakklem1vi3j5fejs0,1000,1,0.0193983458,0
1537377060,Prod-EcsStagingCluster-EcsCluster-1AAGQRFIOE9AE,Service_beiakklem1vi3j5fejs0,1000,1,0.0198693968,0
1537347360,Prod-EcsStagingCluster-EcsCluster-1AAGQRFIOE9AE,Service_beiakklem1vi3j5fejs0,1000,1,0.0199069511,0
1537391880,Prod-EcsStagingCluster-EcsCluster-1AAGQRFIOE9AE,Service_beiakklem1vi3j5fejs0,1000,1,0.0194497017,0
1537398240,Prod-EcsStagingCluster-EcsCluster-1AAGQRFIOE9AE,Service_beiakklem1vi3j5fejs0,1000,1,0.0196323546,0
1537427940,Prod-EcsStagingCluster-EcsCluster-1AAGQRFIOE9AE,Service_beiakklem1vi3j5fejs0,1000,1,0.0195552798,0
1537374840,Prod-EcsStagingCluster-EcsCluster-1AAGQRFIOE9AE,Service_beiakklem1vi3j5fejs0,1000,1,0.0192344447,0
1537381200,Prod-EcsStagingCluster-EcsCluster-1AAGQRFIOE9AE,Service_beiakklem1vi3j5fejs0,1000,1,0.0206094391,0
1537396020,Prod-EcsStagingCluster-EcsCluster-1AAGQRFIOE9AE,Service_beiakklem1vi3j5fejs0,1000,1,0.0202960827,0
1537414080,Prod-EcsStagingCluster-EcsCluster-1AAGQRFIOE9AE,Service_beiakklem1vi3j5fejs0,1000,1,0.0190613899,0
1537362060,Prod-EcsStagingCluster-EcsCluster-1AAGQRFIOE9AE,Service_beiakklem1vi3j5fejs0,1000,1,0.0194394827,0
1537412940,Prod-EcsStagingCluster-EcsCluster-1AAGQRFIOE9AE,Service_beiakklem1vi3j5fejs0,1000,1,0.4657386343,0
1537378980,Prod-EcsStagingCluster-EcsCluster-1AAGQRFIOE9AE,Service_beiakklem1vi3j5fejs0,1000,1,0.0198783252,0
1537380000,Prod-EcsStagingCluster-EcsCluster-1AAGQRFIOE9AE,Service_beiakklem1vi3j5fejs0,1000,1,0.0198461862,0
1537429860,Prod-EcsStagingCluster-EcsCluster-1AAGQRFIOE9AE,Service_beiakklem1vi3j5fejs0,1000,1,0.0197348528,0
1537358760,Prod-EcsStagingCluster-EcsCluster-1AAGQRFIOE9AE,Service_beiakklem1vi3j5fejs0,1000,1,0.0199844828,0
1537430880,Prod-EcsStagingCluster-EcsCluster-1AAGQRFIOE9AE,Service_beiakklem1vi3j5fejs0,1000,1,0.0190153437,0
1537362960,Prod-EcsStagingCluster-EcsCluster-1AAGQRFIOE9AE,Service_beiakklem1vi3j5fejs0,1000,1,0.0188866860,0
1537409640,Prod-EcsStagingCluster-EcsCluster-1AAGQRFIOE9AE,Service_beiakklem1vi3j5fejs0,1000,1,0.0203948632,0
1537378860,Prod-EcsStagingCluster-EcsCluster-1AAGQRFIOE9AE,Service_beiakklem1vi3j5fejs0,1000,1,0.0198042131,0
1537429740,Prod-EcsStagingCluster-EcsCluster-1AAGQRFIOE9AE,Service_beiakklem1vi3j5fejs0,1000,1,0.0192726314,0
1537413840,Prod-EcsStagingCluster-EcsCluster-1AAGQRFIOE9AE,Service_beiakklem1vi3j5fejs0,1000,1,0.0197179656,0
1537395780,Prod-EcsStagingCluster-EcsCluster-1AAGQRFIOE9AE,Service_beiakklem1vi3j5fejs0,1000,1,0.0207245310,0
1537375560,Prod-EcsStagingCluster-EcsCluster-1AAGQRFIOE9AE,Service_beiakklem1vi3j5fejs0,1000,1,0.0194979831,0
1537387260,Prod-EcsStagingCluster-EcsCluster-1AAGQRFIOE9AE,Service_beiakklem1vi3j5fejs0,1000,1,0.0195426424,0
1537426440,Prod-EcsStagingCluster-EcsCluster-1AAGQRFIOE9AE,Service_beiakklem1vi3j5fejs0,1000,1,0.0192253355,0
1537358520,Prod-EcsStagingCluster-EcsCluster-1AAGQRFIOE9AE,Service_beiakklem1vi3j5fejs0,1000,1,0.0203833421,0
1537379760,Prod-EcsStagingCluster-EcsCluster-1AAGQRFIOE9AE,Service_beiakklem1vi3j5fejs0,1000,1,0.0194371451,0
1537430640,Prod-EcsStagingCluster-EcsCluster-1AAGQRFIOE9AE,Service_beiakklem1vi3j5fejs0,1000,1,0.0196965700,0
1537353180,Prod-EcsStagingCluster-EcsCluster-1AAGQRFIOE9AE,Service_beiakklem1vi3j5fejs0,1000,1,0.0201291701,0
1537409400,Prod-EcsStagingCluster-EcsCluster-1AAGQRFIOE9AE,Service_beiakklem1vi3j5fejs0,1000,1,0.0208322814,0
1537404060,Prod-EcsStagingCluster-EcsCluster-1AAGQRFIOE9AE,Service_beiakklem1vi3j5fejs0,1000,1,0.0186825286,0
1537395540,Prod-EcsStagingCluster-EcsCluster-1AAGQRFIOE9AE,Service_beiakklem1vi3j5fejs0,1000,1,0.0202231039,0
1537363680,Prod-EcsStagingCluster-EcsCluster-1AAGQRFIOE9AE,Service_beiakklem1vi3j5fejs0,1000,1,0.0189677800,0
1537414560,Prod-EcsStagingCluster-EcsCluster-1AAGQRFIOE9AE,Service_beiakklem1vi3j5fejs0,1000,1,0.0195465353,0
1537393320,Prod-EcsStagingCluster-EcsCluster-1AAGQRFIOE9AE,Service_beiakklem1vi3j5fejs0,1000,1,0.0194164780,0
1537346640,Prod-EcsStagingCluster-EcsCluster-1AAGQRFIOE9AE,Service_beiakklem1vi3j5fejs0,1000,1,0.0200106417,0
1537397520,Prod-EcsStagingCluster-EcsCluster-1AAGQRFIOE9AE,Service_beiakklem1vi3j5fejs0,1000,1,0.0196815234,0
1537361460,Prod-EcsStagingCluster-EcsCluster-1AAGQRFIOE9AE,Service_beiakklem1vi3j5fejs0,1000,1,0.0199911803,0
1537412340,Prod-EcsStagingCluster-EcsCluster-1AAGQRFIOE9AE,Service_beiakklem1vi3j5fejs0,1000,1,0.0206403054,0
1537378380,Prod-EcsStagingCluster-EcsCluster-1AAGQRFIOE9AE,Service_beiakklem1vi3j5fejs0,1000,1,0.0198434500,0
1537359240,Prod-EcsStagingCluster-EcsCluster-1AAGQRFIOE9AE,Service_beiakklem1vi3j5fejs0,1000,1,0.0198025277,0
1537395300,Prod-EcsStagingCluster-EcsCluster-1AAGQRFIOE9AE,Service_beiakklem1vi3j5fejs0,1000,1,0.0208532167,0
1537429260,Prod-EcsStagingCluster-EcsCluster-1AAGQRFIOE9AE,Service_beiakklem1vi3j5fejs0,1000,1,0.0193094522,0
1537410120,Prod-EcsStagingCluster-EcsCluster-1AAGQRFIOE9AE,Service_beiakklem1vi3j5fejs0,1000,1,0.0202826994,0
1537363440,Prod-EcsStagingCluster-EcsCluster-1AAGQRFIOE9AE,Service_beiakklem1vi3j5fejs0,1000,1,0.0191018909,0
1537393080,Prod-EcsStagingCluster-EcsCluster-1AAGQRFIOE9AE,Service_beiakklem1vi3j5fejs0,1000,1,0.0186953102,0
1537414320,Prod-EcsStagingCluster-EcsCluster-1AAGQRFIOE9AE,Service_beiakklem1vi3j5fejs0,1000,1,0.0189982574,0
1537395180,Prod-EcsStagingCluster-EcsCluster-1AAGQRFIOE9AE,Service_beiakklem1vi3j5fejs0,1000,1,0.0212741969,0
1537361220,Prod-EcsStagingCluster-EcsCluster-1AAGQRFIOE9AE,Service_beiakklem1vi3j5fejs0,1000,1,0.0196248428,0
1537412100,Prod-EcsStagingCluster-EcsCluster-1AAGQRFIOE9AE,Service_beiakklem1vi3j5fejs0,1000,1,0.0193714875,0
1537352700,Prod-EcsStagingCluster-EcsCluster-1AAGQRFIOE9AE,Service_beiakklem1vi3j5fejs0,1000,1,0.0197695106,0
1537403580,Prod-EcsStagingCluster-EcsCluster-1AAGQRFIOE9AE,Service_beiakklem1vi3j5fejs0,1000,1,0.0165481531,0
1537359000,Prod-EcsStagingCluster-EcsCluster-1AAGQRFIOE9AE,Service_beiakklem1vi3j5fejs0,1000,1,0.0202087083,0
1537409880,Prod-EcsStagingCluster-EcsCluster-1AAGQRFIOE9AE,Service_beiakklem1vi3j5fejs0,1000,1,0.0204727179,0
1537363200,Prod-EcsStagingCluster-EcsCluster-1AAGQRFIOE9AE,Service_beiakklem1vi3j5fejs0,1000,1,0.0190868679,0
1537375860,Prod-EcsStagingCluster-EcsCluster-1AAGQRFIOE9AE,Service_beiakklem1vi3j5fejs0,1000,1,0.0197317974,0
1537363140,Prod-EcsStagingCluster-EcsCluster-1AAGQRFIOE9AE,Service_beiakklem1vi3j5fejs0,1000,1,0.0184320747,0
1537414020,Prod-EcsStagingCluster-EcsCluster-1AAGQRFIOE9AE,Service_beiakklem1vi3j5fejs0,1000,1,0.0193212552,0
1537426740,Prod-EcsStagingCluster-EcsCluster-1AAGQRFIOE9AE,Service_beiakklem1vi3j5fejs0,1000,1,0.0192526851,0
1537376760,Prod-EcsStagingCluster-EcsCluster-1AAGQRFIOE9AE,Service_beiakklem1vi3j5fejs0,1000,1,0.0197242031,0
1537383120,Prod-EcsStagingCluster-EcsCluster-1AAGQRFIOE9AE,Service_beiakklem1vi3j5fejs0,1000,1,0.0202663652,0
1537389480,Prod-EcsStagingCluster-EcsCluster-1AAGQRFIOE9AE,Service_beiakklem1vi3j5fejs0,1000,1,0.0200723749,0
1537395840,Prod-EcsStagingCluster-EcsCluster-1AAGQRFIOE9AE,Service_beiakklem1vi3j5fejs0,1000,1,0.0208796910,0
1537427640,Prod-EcsStagingCluster-EcsCluster-1AAGQRFIOE9AE,Service_beiakklem1vi3j5fejs0,1000,1,0.0195391513,0
1537356540,Prod-EcsStagingCluster-EcsCluster-1AAGQRFIOE9AE,Service_beiakklem1vi3j5fejs0,1000,1,0.0189179299,0
1537394700,Prod-EcsStagingCluster-EcsCluster-1AAGQRFIOE9AE,Service_beiakklem1vi3j5fejs0,1000,1,0.0201888776,0
1537349040,Prod-EcsStagingCluster-EcsCluster-1AAGQRFIOE9AE,Service_beiakklem1vi3j5fejs0,1000,1,0.0200445257,0
1537355400,Prod-EcsStagingCluster-EcsCluster-1AAGQRFIOE9AE,Service_beiakklem1vi3j5fejs0,1000,1,0.0201518920,0
1537361760,Prod-EcsStagingCluster-EcsCluster-1AAGQRFIOE9AE,Service_beiakklem1vi3j5fejs0,1000,1,0.0200559400,0
1537407420,Prod-EcsStagingCluster-EcsCluster-1AAGQRFIOE9AE,Service_beiakklem1vi3j5fejs0,1000,1,0.0197774499,0
1537412640,Prod-EcsStagingCluster-EcsCluster-1AAGQRFIOE9AE,Service_beiakklem1vi3j5fejs0,1000,1,0.0192822376,0
1537393560,Prod-EcsStagingCluster-EcsCluster-1AAGQRFIOE9AE,Service_beiakklem1vi3j5fejs0,1000,1,0.0181705824,0
1537399920,Prod-EcsStagingCluster-EcsCluster-1AAGQRFIOE9AE,Service_beiakklem1vi3j5fejs0,1000,1,0.0196112544,0
1537406280,Prod-EcsStagingCluster-EcsCluster-1AAGQRFIOE9AE,Service_beiakklem1vi3j5fejs0,1000,1,0.0197891208,0
1537373340,Prod-EcsStagingCluster-EcsCluster-1AAGQRFIOE9AE,Service_beiakklem1vi3j5fejs0,1000,1,0.4696872637,0
1537360620,Prod-EcsStagingCluster-EcsCluster-1AAGQRFIOE9AE,Service_beiakklem1vi3j5fejs0,1000,1,0.0194541605,0
1537362660,Prod-EcsStagingCluster-EcsCluster-1AAGQRFIOE9AE,Service_beiakklem1vi3j5fejs0,1000,1,0.0192876380,0
1537411500,Prod-EcsStagingCluster-EcsCluster-1AAGQRFIOE9AE,Service_beiakklem1vi3j5fejs0,1000,1,0.0203587282,0
1537424220,Prod-EcsStagingCluster-EcsCluster-1AAGQRFIOE9AE,Service_beiakklem1vi3j5fejs0,1000,1,0.0256591495,0
1537375380,Prod-EcsStagingCluster-EcsCluster-1AAGQRFIOE9AE,Service_beiakklem1vi3j5fejs0,1000,1,0.0185601328,0
1537413540,Prod-EcsStagingCluster-EcsCluster-1AAGQRFIOE9AE,Service_beiakklem1vi3j5fejs0,1000,1,0.0195523098,0
1537360440,Prod-EcsStagingCluster-EcsCluster-1AAGQRFIOE9AE,Service_beiakklem1vi3j5fejs0,1000,1,0.0197984114,0
1537426260,Prod-EcsStagingCluster-EcsCluster-1AAGQRFIOE9AE,Service_beiakklem1vi3j5fejs0,1000,1,0.0197707297,0
1537379520,Prod-EcsStagingCluster-EcsCluster-1AAGQRFIOE9AE,Service_beiakklem1vi3j5fejs0,1000,1,0.0197622536,0
1537366800,Prod-EcsStagingCluster-EcsCluster-1AAGQRFIOE9AE,Service_beiakklem1vi3j5fejs0,1000,1,0.0197650322,0
1537373160,Prod-EcsStagingCluster-EcsCluster-1AAGQRFIOE9AE,Service_beiakklem1vi3j5fejs0,1000,1,0.0206523102,0
1537417680,Prod-EcsStagingCluster-EcsCluster-1AAGQRFIOE9AE,Service_beiakklem1vi3j5fejs0,1000,1,0.0207029473,0
1537411320,Prod-EcsStagingCluster-EcsCluster-1AAGQRFIOE9AE,Service_beiakklem1vi3j5fejs0,1000,1,0.0206982839,0
1537392180,Prod-EcsStagingCluster-EcsCluster-1AAGQRFIOE9AE,Service_beiakklem1vi3j5fejs0,1000,1,0.0191210695,0
1537424040,Prod-EcsStagingCluster-EcsCluster-1AAGQRFIOE9AE,Service_beiakklem1vi3j5fejs0,1000,1,0.0189184176,0
1537430400,Prod-EcsStagingCluster-EcsCluster-1AAGQRFIOE9AE,Service_beiakklem1vi3j5fejs0,1000,1,0.0195941718,0
1537379460,Prod-EcsStagingCluster-EcsCluster-1AAGQRFIOE9AE,Service_beiakklem1vi3j5fejs0,1000,1,0.0198327031,0
1537430340,Prod-EcsStagingCluster-EcsCluster-1AAGQRFIOE9AE,Service_beiakklem1vi3j5fejs0,1000,1,0.0192686431,0
1537345440,Prod-EcsStagingCluster-EcsCluster-1AAGQRFIOE9AE,Service_beiakklem1vi3j5fejs0,1000,1,0.0198281974,0
1537396320,Prod-EcsStagingCluster-EcsCluster-1AAGQRFIOE9AE,Service_beiakklem1vi3j5fejs0,1000,1,0.0208090810,0
1537389960,Prod-EcsStagingCluster-EcsCluster-1AAGQRFIOE9AE,Service_beiakklem1vi3j5fejs0,1000,1,0.0195520761,0
1537377240,Prod-EcsStagingCluster-EcsCluster-1AAGQRFIOE9AE,Service_beiakklem1vi3j5fejs0,1000,1,0.0197028289,0
1537383600,Prod-EcsStagingCluster-EcsCluster-1AAGQRFIOE9AE,Service_beiakklem1vi3j5fejs0,1000,1,0.0188803218,0
1537428120,Prod-EcsStagingCluster-EcsCluster-1AAGQRFIOE9AE,Service_beiakklem1vi3j5fejs0,1000,1,0.0200648172,0
1537360140,Prod-EcsStagingCluster-EcsCluster-1AAGQRFIOE9AE,Service_beiakklem1vi3j5fejs0,1000,1,0.0195231598,0
1537372860,Prod-EcsStagingCluster-EcsCluster-1AAGQRFIOE9AE,Service_beiakklem1vi3j5fejs0,1000,1,0.0190416353,0
1537411020,Prod-EcsStagingCluster-EcsCluster-1AAGQRFIOE9AE,Service_beiakklem1vi3j5fejs0,1000,1,0.0199097487,0
1537423740,Prod-EcsStagingCluster-EcsCluster-1AAGQRFIOE9AE,Service_beiakklem1vi3j5fejs0,1000,1,0.0177314799,0
1537389660,Prod-EcsStagingCluster-EcsCluster-1AAGQRFIOE9AE,Service_beiakklem1vi3j5fejs0,1000,1,0.0206912796,0
1537407720,Prod-EcsStagingCluster-EcsCluster-1AAGQRFIOE9AE,Service_beiakklem1vi3j5fejs0,1000,1,0.0206163537,0
1537376940,Prod-EcsStagingCluster-EcsCluster-1AAGQRFIOE9AE,Service_beiakklem1vi3j5fejs0,1000,1,0.4612607247,0
1537427820,Prod-EcsStagingCluster-EcsCluster-1AAGQRFIOE9AE,Service_beiakklem1vi3j5fejs0,1000,1,0.0260543591,0
1537373640,Prod-EcsStagingCluster-EcsCluster-1AAGQRFIOE9AE,Service_beiakklem1vi3j5fejs0,1000,1,0.0197571240,0
1537360920,Prod-EcsStagingCluster-EcsCluster-1AAGQRFIOE9AE,Service_beiakklem1vi3j5fejs0,1000,1,0.0200375339,0
1537411800,Prod-EcsStagingCluster-EcsCluster-1AAGQRFIOE9AE,Service_beiakklem1vi3j5fejs0,1000,1,0.0205943547,0
1537424520,Prod-EcsStagingCluster-EcsCluster-1AAGQRFIOE9AE,Service_beiakklem1vi3j5fejs0,1000,1,0.0189615432,0
1537380900,Prod-EcsStagingCluster-EcsCluster-1AAGQRFIOE9AE,Service_beiakklem1vi3j5fejs0,1000,1,0.0211731993,0
1537393620,Prod-EcsStagingCluster-EcsCluster-1AAGQRFIOE9AE,Service_beiakklem1vi3j5fejs0,1000,1,0.0183437642,0
1537346820,Prod-EcsStagingCluster-EcsCluster-1AAGQRFIOE9AE,Service_beiakklem1vi3j5fejs0,1000,1,0.0197982499,0
1537359540,Prod-EcsStagingCluster-EcsCluster-1AAGQRFIOE9AE,Service_beiakklem1vi3j5fejs0,1000,1,0.0198360127,0
1537364880,Prod-EcsStagingCluster-EcsCluster-1AAGQRFIOE9AE,Service_beiakklem1vi3j5fejs0,1000,1,0.0192201475,0
1537377600,Prod-EcsStagingCluster-EcsCluster-1AAGQRFIOE9AE,Service_beiakklem1vi3j5fejs0,1000,1,0.0197476885,0
1537415760,Prod-EcsStagingCluster-EcsCluster-1AAGQRFIOE9AE,Service_beiakklem1vi3j5fejs0,1000,1,0.0188911615,0
1537410420,Prod-EcsStagingCluster-EcsCluster-1AAGQRFIOE9AE,Service_beiakklem1vi3j5fejs0,1000,1,0.0208409538,0
1537376460,Prod-EcsStagingCluster-EcsCluster-1AAGQRFIOE9AE,Service_beiakklem1vi3j5fejs0,1000,1,0.0198921359,0
1537397700,Prod-EcsStagingCluster-EcsCluster-1AAGQRFIOE9AE,Service_beiakklem1vi3j5fejs0,1000,1,0.0195466456,0
1537428480,Prod-EcsStagingCluster-EcsCluster-1AAGQRFIOE9AE,Service_beiakklem1vi3j5fejs0,1000,1,0.0184862219,0
1537389180,Prod-EcsStagingCluster-EcsCluster-1AAGQRFIOE9AE,Service_beiakklem1vi3j5fejs0,1000,1,0.0204770925,0
1537427340,Prod-EcsStagingCluster-EcsCluster-1AAGQRFIOE9AE,Service_beiakklem1vi3j5fejs0,1000,1,0.4620112161,0
1537408200,Prod-EcsStagingCluster-EcsCluster-1AAGQRFIOE9AE,Service_beiakklem1vi3j5fejs0,1000,1,0.0189774289,0
1537395480,Prod-EcsStagingCluster-EcsCluster-1AAGQRFIOE9AE,Service_beiakklem1vi3j5fejs0,1000,1,0.0195817300,0
1537355100,Prod-EcsStagingCluster-EcsCluster-1AAGQRFIOE9AE,Service_beiakklem1vi3j5fejs0,1000,1,0.0198911034,0
1537405980,Prod-EcsStagingCluster-EcsCluster-1AAGQRFIOE9AE,Service_beiakklem1vi3j5fejs0,1000,1,0.0196304074,0
1537393260,Prod-EcsStagingCluster-EcsCluster-1AAGQRFIOE9AE,Service_beiakklem1vi3j5fejs0,1000,1,0.0193047547,0
1537361280,Prod-EcsStagingCluster-EcsCluster-1AAGQRFIOE9AE,Service_beiakklem1vi3j5fejs0,1000,1,0.0195940136,0
1537348560,Prod-EcsStagingCluster-EcsCluster-1AAGQRFIOE9AE,Service_beiakklem1vi3j5fejs0,1000,1,0.0200348112,0
1537399440,Prod-EcsStagingCluster-EcsCluster-1AAGQRFIOE9AE,Service_beiakklem1vi3j5fejs0,1000,1,0.0208908563,0
1537412160,Prod-EcsStagingCluster-EcsCluster-1AAGQRFIOE9AE,Service_beiakklem1vi3j5fejs0,1000,1,0.0194509516,0
1537359060,Prod-EcsStagingCluster-EcsCluster-1AAGQRFIOE9AE,Service_beiakklem1vi3j5fejs0,1000,1,0.0206090090,0
1537346340,Prod-EcsStagingCluster-EcsCluster-1AAGQRFIOE9AE,Service_beiakklem1vi3j5fejs0,1000,1,0.4591800053,0
1537397220,Prod-EcsStagingCluster-EcsCluster-1AAGQRFIOE9AE,Service_beiakklem1vi3j5fejs0,1000,1,0.0197346120,0
1537378080,Prod-EcsStagingCluster-EcsCluster-1AAGQRFIOE9AE,Service_beiakklem1vi3j5fejs0,1000,1,0.0196747109,0
1537409940,Prod-EcsStagingCluster-EcsCluster-1AAGQRFIOE9AE,Service_beiakklem1vi3j5fejs0,1000,1,0.0219276255,0
1537365360,Prod-EcsStagingCluster-EcsCluster-1AAGQRFIOE9AE,Service_beiakklem1vi3j5fejs0,1000,1,0.0194859761,0
1537356840,Prod-EcsStagingCluster-EcsCluster-1AAGQRFIOE9AE,Service_beiakklem1vi3j5fejs0,1000,1,0.0187290238,0
1537395000,Prod-EcsStagingCluster-EcsCluster-1AAGQRFIOE9AE,Service_beiakklem1vi3j5fejs0,1000,1,0.0202397455,0
1537428960,Prod-EcsStagingCluster-EcsCluster-1AAGQRFIOE9AE,Service_beiakklem1vi3j5fejs0,1000,1,0.0193218766,0
1537416240,Prod-EcsStagingCluster-EcsCluster-1AAGQRFIOE9AE,Service_beiakklem1vi3j5fejs0,1000,1,0.0189284648,0
1537410720,Prod-EcsStagingCluster-EcsCluster-1AAGQRFIOE9AE,Service_beiakklem1vi3j5fejs0,1000,1,0.0207180785,0
1537401180,Prod-EcsStagingCluster-EcsCluster-1AAGQRFIOE9AE,Service_beiakklem1vi3j5fejs0,1000,1,0.0206706901,0
1537404360,Prod-EcsStagingCluster-EcsCluster-1AAGQRFIOE9AE,Service_beiakklem1vi3j5fejs0,1000,1,0.0196078893,0
1537407540,Prod-EcsStagingCluster-EcsCluster-1AAGQRFIOE9AE,Service_beiakklem1vi3j5fejs0,1000,1,0.4842160659,0
1537368240,Prod-EcsStagingCluster-EcsCluster-1AAGQRFIOE9AE,Service_beiakklem1vi3j5fejs0,1000,1,0.0179163198,0
1537426620,Prod-EcsStagingCluster-EcsCluster-1AAGQRFIOE9AE,Service_beiakklem1vi3j5fejs0,1000,1,0.0192279043,0
1537429800,Prod-EcsStagingCluster-EcsCluster-1AAGQRFIOE9AE,Service_beiakklem1vi3j5fejs0,1000,1,0.0195608112,0
1537358700,Prod-EcsStagingCluster-EcsCluster-1AAGQRFIOE9AE,Service_beiakklem1vi3j5fejs0,1000,1,0.0195433755,0
1537361880,Prod-EcsStagingCluster-EcsCluster-1AAGQRFIOE9AE,Service_beiakklem1vi3j5fejs0,1000,1,0.0199957886,0
1537365060,Prod-EcsStagingCluster-EcsCluster-1AAGQRFIOE9AE,Service_beiakklem1vi3j5fejs0,1000,1,0.0194493221,0
1537393680,Prod-EcsStagingCluster-EcsCluster-1AAGQRFIOE9AE,Service_beiakklem1vi3j5fejs0,1000,1,0.0186627606,0
1537390500,Prod-EcsStagingCluster-EcsCluster-1AAGQRFIOE9AE,Service_beiakklem1vi3j5fejs0,1000,1,0.0192323688,0
1537384140,Prod-EcsStagingCluster-EcsCluster-1AAGQRFIOE9AE,Service_beiakklem1vi3j5fejs0,1000,1,0.4747534590,0
1537387320,Prod-EcsStagingCluster-EcsCluster-1AAGQRFIOE9AE,Service_beiakklem1vi3j5fejs0,1000,1,0.0194311430,0
1537358460,Prod-EcsStagingCluster-EcsCluster-1AAGQRFIOE9AE,Service_beiakklem1vi3j5fejs0,1000,1,0.0201079160,0
1537361640,Prod-EcsStagingCluster-EcsCluster-1AAGQRFIOE9AE,Service_beiakklem1vi3j5fejs0,1000,1,0.0195762377,0
1537364820,Prod-EcsStagingCluster-EcsCluster-1AAGQRFIOE9AE,Service_beiakklem1vi3j5fejs0,1000,1,0.0194797981,0
1537368000,Prod-EcsStagingCluster-EcsCluster-1AAGQRFIOE9AE,Service_beiakklem1vi3j5fejs0,1000,1,0.0190807028,0
1537362600,Prod-EcsStagingCluster-EcsCluster-1AAGQRFIOE9AE,Service_beiakklem1vi3j5fejs0,1000,1,0.0194608342,0
1537368960,Prod-EcsStagingCluster-EcsCluster-1AAGQRFIOE9AE,Service_beiakklem1vi3j5fejs0,1000,1,0.0193382155,0
1537417740,Prod-EcsStagingCluster-EcsCluster-1AAGQRFIOE9AE,Service_beiakklem1vi3j5fejs0,1000,1,0.0207506561,0
1537392300,Prod-EcsStagingCluster-EcsCluster-1AAGQRFIOE9AE,Service_beiakklem1vi3j5fejs0,1000,1,0.0194131415,0
1537398660,Prod-EcsStagingCluster-EcsCluster-1AAGQRFIOE9AE,Service_beiakklem1vi3j5fejs0,1000,1,0.0200937903,0
1537424100,Prod-EcsStagingCluster-EcsCluster-1AAGQRFIOE9AE,Service_beiakklem1vi3j5fejs0,1000,1,0.0188344330,0
1537402800,Prod-EcsStagingCluster-EcsCluster-1AAGQRFIOE9AE,Service_beiakklem1vi3j5fejs0,1000,1,0.0202192513,0
1537396440,Prod-EcsStagingCluster-EcsCluster-1AAGQRFIOE9AE,Service_beiakklem1vi3j5fejs0,1000,1,0.0203639888,0
1537421880,Prod-EcsStagingCluster-EcsCluster-1AAGQRFIOE9AE,Service_beiakklem1vi3j5fejs0,1000,1,0.0172779026,0
1537428240,Prod-EcsStagingCluster-EcsCluster-1AAGQRFIOE9AE,Service_beiakklem1vi3j5fejs0,1000,1,0.0190440586,0
1537372980,Prod-EcsStagingCluster-EcsCluster-1AAGQRFIOE9AE,Service_beiakklem1vi3j5fejs0,1000,1,0.0195252375,0
1537366620,Prod-EcsStagingCluster-EcsCluster-1AAGQRFIOE9AE,Service_beiakklem1vi3j5fejs0,1000,1,0.0256355057,0
1537398420,Prod-EcsStagingCluster-EcsCluster-1AAGQRFIOE9AE,Service_beiakklem1vi3j5fejs0,1000,1,0.0201484632,0
1537392060,Prod-EcsStagingCluster-EcsCluster-1AAGQRFIOE9AE,Service_beiakklem1vi3j5fejs0,1000,1,0.0193454691,0
1537355940,Prod-EcsStagingCluster-EcsCluster-1AAGQRFIOE9AE,Service_beiakklem1vi3j5fejs0,1000,1,0.0197318739,0
1537349580,Prod-EcsStagingCluster-EcsCluster-1AAGQRFIOE9AE,Service_beiakklem1vi3j5fejs0,1000,1,0.0198611100,0
1537370760,Prod-EcsStagingCluster-EcsCluster-1AAGQRFIOE9AE,Service_beiakklem1vi3j5fejs0,1000,1,0.0187215299,0
1537377120,Prod-EcsStagingCluster-EcsCluster-1AAGQRFIOE9AE,Service_beiakklem1vi3j5fejs0,1000,1,0.0196486024,0
1537396200,Prod-EcsStagingCluster-EcsCluster-1AAGQRFIOE9AE,Service_beiakklem1vi3j5fejs0,1000,1,0.0201930662,0
1537402560,Prod-EcsStagingCluster-EcsCluster-1AAGQRFIOE9AE,Service_beiakklem1vi3j5fejs0,1000,1,0.0211254069,0
1537425900,Prod-EcsStagingCluster-EcsCluster-1AAGQRFIOE9AE,Service_beiakklem1vi3j5fejs0,1000,1,0.0193489951,0
1537353720,Prod-EcsStagingCluster-EcsCluster-1AAGQRFIOE9AE,Service_beiakklem1vi3j5fejs0,1000,1,0.0195171742,0
1537360080,Prod-EcsStagingCluster-EcsCluster-1AAGQRFIOE9AE,Service_beiakklem1vi3j5fejs0,1000,1,0.0198505194,0
1537430040,Prod-EcsStagingCluster-EcsCluster-1AAGQRFIOE9AE,Service_beiakklem1vi3j5fejs0,1000,1,0.0195700285,0
1537409760,Prod-EcsStagingCluster-EcsCluster-1AAGQRFIOE9AE,Service_beiakklem1vi3j5fejs0,1000,1,0.0204123481,0
1537400220,Prod-EcsStagingCluster-EcsCluster-1AAGQRFIOE9AE,Service_beiakklem1vi3j5fejs0,1000,1,0.0201965226,0
1537431000,Prod-EcsStagingCluster-EcsCluster-1AAGQRFIOE9AE,Service_beiakklem1vi3j5fejs0,1000,1,0.0192245258,0
1537367280,Prod-EcsStagingCluster-EcsCluster-1AAGQRFIOE9AE,Service_beiakklem1vi3j5fejs0,1000,1,0.0193048165,0
1537425660,Prod-EcsStagingCluster-EcsCluster-1AAGQRFIOE9AE,Service_beiakklem1vi3j5fejs0,1000,1,0.0194550806,0
1537357740,Prod-EcsStagingCluster-EcsCluster-1AAGQRFIOE9AE,Service_beiakklem1vi3j5fejs0,1000,1,0.0199518699,0
1537392720,Prod-EcsStagingCluster-EcsCluster-1AAGQRFIOE9AE,Service_beiakklem1vi3j5fejs0,1000,1,0.0192058893,0
1537383180,Prod-EcsStagingCluster-EcsCluster-1AAGQRFIOE9AE,Service_beiakklem1vi3j5fejs0,1000,1,0.0199188563,0
1537408500,Prod-EcsStagingCluster-EcsCluster-1AAGQRFIOE9AE,Service_beiakklem1vi3j5fejs0,1000,1,0.0217737463,0
1537405320,Prod-EcsStagingCluster-EcsCluster-1AAGQRFIOE9AE,Service_beiakklem1vi3j5fejs0,1000,1,0.0195632585,0
1537366020,Prod-EcsStagingCluster-EcsCluster-1AAGQRFIOE9AE,Service_beiakklem1vi3j5fejs0,1000,1,0.0193000169,0
1537430760,Prod-EcsStagingCluster-EcsCluster-1AAGQRFIOE9AE,Service_beiakklem1vi3j5fejs0,1000,1,0.0190521092,0
1537362840,Prod-EcsStagingCluster-EcsCluster-1AAGQRFIOE9AE,Service_beiakklem1vi3j5fejs0,1000,1,0.0201714455,0
1537357500,Prod-EcsStagingCluster-EcsCluster-1AAGQRFIOE9AE,Service_beiakklem1vi3j5fejs0,1000,1,0.0199810182,0
1537367040,Prod-EcsStagingCluster-EcsCluster-1AAGQRFIOE9AE,Service_beiakklem1vi3j5fejs0,1000,1,0.0190016552,0
1537391460,Prod-EcsStagingCluster-EcsCluster-1AAGQRFIOE9AE,Service_beiakklem1vi3j5fejs0,1000,1,0.0198094442,0
1537388280,Prod-EcsStagingCluster-EcsCluster-1AAGQRFIOE9AE,Service_beiakklem1vi3j5fejs0,1000,1,0.0218727593,0
1537391340,Prod-EcsStagingCluster-EcsCluster-1AAGQRFIOE9AE,Service_beiakklem1vi3j5fejs0,1000,1,0.4610619077,0
1537416780,Prod-EcsStagingCluster-EcsCluster-1AAGQRFIOE9AE,Service_beiakklem1vi3j5fejs0,1000,1,0.0195533849,0
1537400880,Prod-EcsStagingCluster-EcsCluster-1AAGQRFIOE9AE,Service_beiakklem1vi3j5fejs0,1000,1,0.0210640586,0
1537426320,Prod-EcsStagingCluster-EcsCluster-1AAGQRFIOE9AE,Service_beiakklem1vi3j5fejs0,1000,1,0.0196301992,0
1537365780,Prod-EcsStagingCluster-EcsCluster-1AAGQRFIOE9AE,Service_beiakklem1vi3j5fejs0,1000,1,0.0200966623,0
1537401840,Prod-EcsStagingCluster-EcsCluster-1AAGQRFIOE9AE,Service_beiakklem1vi3j5fejs0,1000,1,0.0206143144,0
1537427280,Prod-EcsStagingCluster-EcsCluster-1AAGQRFIOE9AE,Service_beiakklem1vi3j5fejs0,1000,1,0.0193066104,0
1537363560,Prod-EcsStagingCluster-EcsCluster-1AAGQRFIOE9AE,Service_beiakklem1vi3j5fejs0,1000,1,0.0190856657,0
1537399620,Prod-EcsStagingCluster-EcsCluster-1AAGQRFIOE9AE,Service_beiakklem1vi3j5fejs0,1000,1,0.0196675169,0
1537365660,Prod-EcsStagingCluster-EcsCluster-1AAGQRFIOE9AE,Service_beiakklem1vi3j5fejs0,1000,1,0.0206306192,0
1537391100,Prod-EcsStagingCluster-EcsCluster-1AAGQRFIOE9AE,Service_beiakklem1vi3j5fejs0,1000,1,0.0193632340,0
1537425060,Prod-EcsStagingCluster-EcsCluster-1AAGQRFIOE9AE,Service_beiakklem1vi3j5fejs0,1000,1,0.0193186866,0
1537348620,Prod-EcsStagingCluster-EcsCluster-1AAGQRFIOE9AE,Service_beiakklem1vi3j5fejs0,1000,1,0.0261455520,0
1537376160,Prod-EcsStagingCluster-EcsCluster-1AAGQRFIOE9AE,Service_beiakklem1vi3j5fejs0,1000,1,0.0194694802,0
1537397400,Prod-EcsStagingCluster-EcsCluster-1AAGQRFIOE9AE,Service_beiakklem1vi3j5fejs0,1000,1,0.0183898947,0
1537401600,Prod-EcsStagingCluster-EcsCluster-1AAGQRFIOE9AE,Service_beiakklem1vi3j5fejs0,1000,1,0.0209782648,0
1537424940,Prod-EcsStagingCluster-EcsCluster-1AAGQRFIOE9AE,Service_beiakklem1vi3j5fejs0,1000,1,0.0192942648,0
1537422840,Prod-EcsStagingCluster-EcsCluster-1AAGQRFIOE9AE,Service_beiakklem1vi3j5fejs0,1000,1,0.0193516201,0
1537359120,Prod-EcsStagingCluster-EcsCluster-1AAGQRFIOE9AE,Service_beiakklem1vi3j5fejs0,1000,1,0.0200493273,0
1537373940,Prod-EcsStagingCluster-EcsCluster-1AAGQRFIOE9AE,Service_beiakklem1vi3j5fejs0,1000,1,0.0200977247,0
1537399380,Prod-EcsStagingCluster-EcsCluster-1AAGQRFIOE9AE,Service_beiakklem1vi3j5fejs0,1000,1,0.0207473448,0
1537356900,Prod-EcsStagingCluster-EcsCluster-1AAGQRFIOE9AE,Service_beiakklem1vi3j5fejs0,1000,1,0.0188707184,0
1537371720,Prod-EcsStagingCluster-EcsCluster-1AAGQRFIOE9AE,Service_beiakklem1vi3j5fejs0,1000,1,0.0187388142,0
1537397160,Prod-EcsStagingCluster-EcsCluster-1AAGQRFIOE9AE,Service_beiakklem1vi3j5fejs0,1000,1,0.0193942358,0
1537354680,Prod-EcsStagingCluster-EcsCluster-1AAGQRFIOE9AE,Service_beiakklem1vi3j5fejs0,1000,1,0.0198304126,0
1537399260,Prod-EcsStagingCluster-EcsCluster-1AAGQRFIOE9AE,Service_beiakklem1vi3j5fejs0,1000,1,0.0200304578,0
1537369500,Prod-EcsStagingCluster-EcsCluster-1AAGQRFIOE9AE,Service_beiakklem1vi3j5fejs0,1000,1,0.0189798187,0
1537427880,Prod-EcsStagingCluster-EcsCluster-1AAGQRFIOE9AE,Service_beiakklem1vi3j5fejs0,1000,1,0.0197530064,0
1537431060,Prod-EcsStagingCluster-EcsCluster-1AAGQRFIOE9AE,Service_beiakklem1vi3j5fejs0,1000,1,0.0194026310,0
1537356780,Prod-EcsStagingCluster-EcsCluster-1AAGQRFIOE9AE,Service_beiakklem1vi3j5fejs0,1000,1,0.0188485078,0
1537394940,Prod-EcsStagingCluster-EcsCluster-1AAGQRFIOE9AE,Service_beiakklem1vi3j5fejs0,1000,1,0.4683413105,0
1537382220,Prod-EcsStagingCluster-EcsCluster-1AAGQRFIOE9AE,Service_beiakklem1vi3j5fejs0,1000,1,0.0218067627,0
1537355640,Prod-EcsStagingCluster-EcsCluster-1AAGQRFIOE9AE,Service_beiakklem1vi3j5fejs0,1000,1,0.0200362865,0
1537358820,Prod-EcsStagingCluster-EcsCluster-1AAGQRFIOE9AE,Service_beiakklem1vi3j5fejs0,1000,1,0.0196978350,0
1537362000,Prod-EcsStagingCluster-EcsCluster-1AAGQRFIOE9AE,Service_beiakklem1vi3j5fejs0,1000,1,0.0191921071,0
1537359720,Prod-EcsStagingCluster-EcsCluster-1AAGQRFIOE9AE,Service_beiakklem1vi3j5fejs0,1000,1,0.0197091479,0
1537362900,Prod-EcsStagingCluster-EcsCluster-1AAGQRFIOE9AE,Service_beiakklem1vi3j5fejs0,1000,1,0.0178606050,0
1537366080,Prod-EcsStagingCluster-EcsCluster-1AAGQRFIOE9AE,Service_beiakklem1vi3j5fejs0,1000,1,0.0189665684,0
1537390380,Prod-EcsStagingCluster-EcsCluster-1AAGQRFIOE9AE,Service_beiakklem1vi3j5fejs0,1000,1,0.0195699859,0
1537415820,Prod-EcsStagingCluster-EcsCluster-1AAGQRFIOE9AE,Service_beiakklem1vi3j5fejs0,1000,1,0.0195077259,0
1537403100,Prod-EcsStagingCluster-EcsCluster-1AAGQRFIOE9AE,Service_beiakklem1vi3j5fejs0,1000,1,0.0204253748,0
1537366980,Prod-EcsStagingCluster-EcsCluster-1AAGQRFIOE9AE,Service_beiakklem1vi3j5fejs0,1000,1,0.0190382316,0
1537370160,Prod-EcsStagingCluster-EcsCluster-1AAGQRFIOE9AE,Service_beiakklem1vi3j5fejs0,1000,1,0.0191712807,0
1537428540,Prod-EcsStagingCluster-EcsCluster-1AAGQRFIOE9AE,Service_beiakklem1vi3j5fejs0,1000,1,0.0196469181,0
1537363800,Prod-EcsStagingCluster-EcsCluster-1AAGQRFIOE9AE,Service_beiakklem1vi3j5fejs0,1000,1,0.0198411319,0
1537392420,Prod-EcsStagingCluster-EcsCluster-1AAGQRFIOE9AE,Service_beiakklem1vi3j5fejs0,1000,1,0.0204258974,0
1537395600,Prod-EcsStagingCluster-EcsCluster-1AAGQRFIOE9AE,Service_beiakklem1vi3j5fejs0,1000,1,0.0210853366,0
1537389240,Prod-EcsStagingCluster-EcsCluster-1AAGQRFIOE9AE,Service_beiakklem1vi3j5fejs0,1000,1,0.0196065141,0
1537396560,Prod-EcsStagingCluster-EcsCluster-1AAGQRFIOE9AE,Service_beiakklem1vi3j5fejs0,1000,1,0.0206920341,0
1537390200,Prod-EcsStagingCluster-EcsCluster-1AAGQRFIOE9AE,Service_beiakklem1vi3j5fejs0,1000,1,0.0198262173,0
1537371060,Prod-EcsStagingCluster-EcsCluster-1AAGQRFIOE9AE,Service_beiakklem1vi3j5fejs0,1000,1,0.0189481953,0
1537396500,Prod-EcsStagingCluster-EcsCluster-1AAGQRFIOE9AE,Service_beiakklem1vi3j5fejs0,1000,1,0.0206401693,0
1537360380,Prod-EcsStagingCluster-EcsCluster-1AAGQRFIOE9AE,Service_beiakklem1vi3j5fejs0,1000,1,0.0201101826,0
1537347660,Prod-EcsStagingCluster-EcsCluster-1AAGQRFIOE9AE,Service_beiakklem1vi3j5fejs0,1000,1,0.0197200075,0
1537375200,Prod-EcsStagingCluster-EcsCluster-1AAGQRFIOE9AE,Service_beiakklem1vi3j5fejs0,1000,1,0.0197588531,0
1537368840,Prod-EcsStagingCluster-EcsCluster-1AAGQRFIOE9AE,Service_beiakklem1vi3j5fejs0,1000,1,0.0183183667,0
1537400640,Prod-EcsStagingCluster-EcsCluster-1AAGQRFIOE9AE,Service_beiakklem1vi3j5fejs0,1000,1,0.0207262230,0
1537423980,Prod-EcsStagingCluster-EcsCluster-1AAGQRFIOE9AE,Service_beiakklem1vi3j5fejs0,1000,1,0.0189887827,0
1537394280,Prod-EcsStagingCluster-EcsCluster-1AAGQRFIOE9AE,Service_beiakklem1vi3j5fejs0,1000,1,0.0185544911,0
1537400580,Prod-EcsStagingCluster-EcsCluster-1AAGQRFIOE9AE,Service_beiakklem1vi3j5fejs0,1000,1,0.0208201185,0
1537426020,Prod-EcsStagingCluster-EcsCluster-1AAGQRFIOE9AE,Service_beiakklem1vi3j5fejs0,1000,1,0.0178522506,0
1537404720,Prod-EcsStagingCluster-EcsCluster-1AAGQRFIOE9AE,Service_beiakklem1vi3j5fejs0,1000,1,0.0209774253,0
1537398360,Prod-EcsStagingCluster-EcsCluster-1AAGQRFIOE9AE,Service_beiakklem1vi3j5fejs0,1000,1,0.0199007481,0
1537423800,Prod-EcsStagingCluster-EcsCluster-1AAGQRFIOE9AE,Service_beiakklem1vi3j5fejs0,1000,1,0.0191024995,0
1537430160,Prod-EcsStagingCluster-EcsCluster-1AAGQRFIOE9AE,Service_beiakklem1vi3j5fejs0,1000,1,0.0195678576,0
1537404660,Prod-EcsStagingCluster-EcsCluster-1AAGQRFIOE9AE,Service_beiakklem1vi3j5fejs0,1000,1,0.0198823604,0
1537430100,Prod-EcsStagingCluster-EcsCluster-1AAGQRFIOE9AE,Service_beiakklem1vi3j5fejs0,1000,1,0.0195878744,0
1537355820,Prod-EcsStagingCluster-EcsCluster-1AAGQRFIOE9AE,Service_beiakklem1vi3j5fejs0,1000,1,0.0265654152,0
1537368540,Prod-EcsStagingCluster-EcsCluster-1AAGQRFIOE9AE,Service_beiakklem1vi3j5fejs0,1000,1,0.0189975652,0
1537393980,Prod-EcsStagingCluster-EcsCluster-1AAGQRFIOE9AE,Service_beiakklem1vi3j5fejs0,1000,1,0.0189921566,0
1537381260,Prod-EcsStagingCluster-EcsCluster-1AAGQRFIOE9AE,Service_beiakklem1vi3j5fejs0,1000,1,0.0185379842,0
1537357860,Prod-EcsStagingCluster-EcsCluster-1AAGQRFIOE9AE,Service_beiakklem1vi3j5fejs0,1000,1,0.0185658753,0
1537408800,Prod-EcsStagingCluster-EcsCluster-1AAGQRFIOE9AE,Service_beiakklem1vi3j5fejs0,1000,1,0.0203685783,0
1537402440,Prod-EcsStagingCluster-EcsCluster-1AAGQRFIOE9AE,Service_beiakklem1vi3j5fejs0,1000,1,0.0198627089,0
1537403400,Prod-EcsStagingCluster-EcsCluster-1AAGQRFIOE9AE,Service_beiakklem1vi3j5fejs0,1000,1,0.0199770718,0
1537406580,Prod-EcsStagingCluster-EcsCluster-1AAGQRFIOE9AE,Service_beiakklem1vi3j5fejs0,1000,1,0.0199200555,0
1537428840,Prod-EcsStagingCluster-EcsCluster-1AAGQRFIOE9AE,Service_beiakklem1vi3j5fejs0,1000,1,0.0198561028,0
1537365120,Prod-EcsStagingCluster-EcsCluster-1AAGQRFIOE9AE,Service_beiakklem1vi3j5fejs0,1000,1,0.0196389614,0
1537356600,Prod-EcsStagingCluster-EcsCluster-1AAGQRFIOE9AE,Service_beiakklem1vi3j5fejs0,1000,1,0.0190554986,0
1537359780,Prod-EcsStagingCluster-EcsCluster-1AAGQRFIOE9AE,Service_beiakklem1vi3j5fejs0,1000,1,0.0201049481,0
1537389420,Prod-EcsStagingCluster-EcsCluster-1AAGQRFIOE9AE,Service_beiakklem1vi3j5fejs0,1000,1,0.0190523564,0
1537414860,Prod-EcsStagingCluster-EcsCluster-1AAGQRFIOE9AE,Service_beiakklem1vi3j5fejs0,1000,1,0.0196500623,0
1537402140,Prod-EcsStagingCluster-EcsCluster-1AAGQRFIOE9AE,Service_beiakklem1vi3j5fejs0,1000,1,0.4858158091,0
1537369200,Prod-EcsStagingCluster-EcsCluster-1AAGQRFIOE9AE,Service_beiakklem1vi3j5fejs0,1000,1,0.0193462948,0
1537427580,Prod-EcsStagingCluster-EcsCluster-1AAGQRFIOE9AE,Service_beiakklem1vi3j5fejs0,1000,1,0.0193058641,0
1537394640,Prod-EcsStagingCluster-EcsCluster-1AAGQRFIOE9AE,Service_beiakklem1vi3j5fejs0,1000,1,0.0211202250,0
1537360680,Prod-EcsStagingCluster-EcsCluster-1AAGQRFIOE9AE,Service_beiakklem1vi3j5fejs0,1000,1,0.0198925544,0
1537363860,Prod-EcsStagingCluster-EcsCluster-1AAGQRFIOE9AE,Service_beiakklem1vi3j5fejs0,1000,1,0.0183323724,0
1537373280,Prod-EcsStagingCluster-EcsCluster-1AAGQRFIOE9AE,Service_beiakklem1vi3j5fejs0,1000,1,0.0197551393,0
1537398720,Prod-EcsStagingCluster-EcsCluster-1AAGQRFIOE9AE,Service_beiakklem1vi3j5fejs0,1000,1,0.0198390796,0
1537367940,Prod-EcsStagingCluster-EcsCluster-1AAGQRFIOE9AE,Service_beiakklem1vi3j5fejs0,1000,1,0.4664114484,0
1537364760,Prod-EcsStagingCluster-EcsCluster-1AAGQRFIOE9AE,Service_beiakklem1vi3j5fejs0,1000,1,0.0200801725,0
1537393380,Prod-EcsStagingCluster-EcsCluster-1AAGQRFIOE9AE,Service_beiakklem1vi3j5fejs0,1000,1,0.0194587664,0
1537359420,Prod-EcsStagingCluster-EcsCluster-1AAGQRFIOE9AE,Service_beiakklem1vi3j5fejs0,1000,1,0.0262697563,0
1537346700,Prod-EcsStagingCluster-EcsCluster-1AAGQRFIOE9AE,Service_beiakklem1vi3j5fejs0,1000,1,0.0197691494,0
1537374240,Prod-EcsStagingCluster-EcsCluster-1AAGQRFIOE9AE,Service_beiakklem1vi3j5fejs0,1000,1,0.0195516901,0
1537399680,Prod-EcsStagingCluster-EcsCluster-1AAGQRFIOE9AE,Service_beiakklem1vi3j5fejs0,1000,1,0.0199306462,0
1537423020,Prod-EcsStagingCluster-EcsCluster-1AAGQRFIOE9AE,Service_beiakklem1vi3j5fejs0,1000,1,0.0193762297,0
1537365720,Prod-EcsStagingCluster-EcsCluster-1AAGQRFIOE9AE,Service_beiakklem1vi3j5fejs0,1000,1,0.0198997717,0
1537391160,Prod-EcsStagingCluster-EcsCluster-1AAGQRFIOE9AE,Service_beiakklem1vi3j5fejs0,1000,1,0.0194739725,0
1537372020,Prod-EcsStagingCluster-EcsCluster-1AAGQRFIOE9AE,Service_beiakklem1vi3j5fejs0,1000,1,0.0187863320,0
1537397460,Prod-EcsStagingCluster-EcsCluster-1AAGQRFIOE9AE,Service_beiakklem1vi3j5fejs0,1000,1,0.0203179955,0
1537369800,Prod-EcsStagingCluster-EcsCluster-1AAGQRFIOE9AE,Service_beiakklem1vi3j5fejs0,1000,1,0.0201087983,0
1537403760,Prod-EcsStagingCluster-EcsCluster-1AAGQRFIOE9AE,Service_beiakklem1vi3j5fejs0,1000,1,0.0172158810,0
1537395240,Prod-EcsStagingCluster-EcsCluster-1AAGQRFIOE9AE,Service_beiakklem1vi3j5fejs0,1000,1,0.0211328241,0
1537429200,Prod-EcsStagingCluster-EcsCluster-1AAGQRFIOE9AE,Service_beiakklem1vi3j5fejs0,1000,1,0.0178828014,0
1537380300,Prod-EcsStagingCluster-EcsCluster-1AAGQRFIOE9AE,Service_beiakklem1vi3j5fejs0,1000,1,0.0202981734,0
1537401540,Prod-EcsStagingCluster-EcsCluster-1AAGQRFIOE9AE,Service_beiakklem1vi3j5fejs0,1000,1,0.0217331830,0
1537354860,Prod-EcsStagingCluster-EcsCluster-1AAGQRFIOE9AE,Service_beiakklem1vi3j5fejs0,1000,1,0.0198974575,0
1537367580,Prod-EcsStagingCluster-EcsCluster-1AAGQRFIOE9AE,Service_beiakklem1vi3j5fejs0,1000,1,0.0192854491,0
1537393020,Prod-EcsStagingCluster-EcsCluster-1AAGQRFIOE9AE,Service_beiakklem1vi3j5fejs0,1000,1,0.0192202648,0
1537426980,Prod-EcsStagingCluster-EcsCluster-1AAGQRFIOE9AE,Service_beiakklem1vi3j5fejs0,1000,1,0.0189131001,0
1537407840,Prod-EcsStagingCluster-EcsCluster-1AAGQRFIOE9AE,Service_beiakklem1vi3j5fejs0,1000,1,0.0195842121,0
1537399320,Prod-EcsStagingCluster-EcsCluster-1AAGQRFIOE9AE,Service_beiakklem1vi3j5fejs0,1000,1,0.0207740569,0
1537424760,Prod-EcsStagingCluster-EcsCluster-1AAGQRFIOE9AE,Service_beiakklem1vi3j5fejs0,1000,1,0.0192824289,0
1537361040,Prod-EcsStagingCluster-EcsCluster-1AAGQRFIOE9AE,Service_beiakklem1vi3j5fejs0,1000,1,0.0192400824,0
1537405620,Prod-EcsStagingCluster-EcsCluster-1AAGQRFIOE9AE,Service_beiakklem1vi3j5fejs0,1000,1,0.0194775197,0
1537406640,Prod-EcsStagingCluster-EcsCluster-1AAGQRFIOE9AE,Service_beiakklem1vi3j5fejs0,1000,1,0.0197333397,0
1537400280,Prod-EcsStagingCluster-EcsCluster-1AAGQRFIOE9AE,Service_beiakklem1vi3j5fejs0,1000,1,0.0202711390,0
1537403460,Prod-EcsStagingCluster-EcsCluster-1AAGQRFIOE9AE,Service_beiakklem1vi3j5fejs0,1000,1,0.0202300208,0
1537422540,Prod-EcsStagingCluster-EcsCluster-1AAGQRFIOE9AE,Service_beiakklem1vi3j5fejs0,1000,1,0.0197992979,0
1537430940,Prod-EcsStagingCluster-EcsCluster-1AAGQRFIOE9AE,Service_beiakklem1vi3j5fejs0,1000,1,0.4628114018,0
1537388460,Prod-EcsStagingCluster-EcsCluster-1AAGQRFIOE9AE,Service_beiakklem1vi3j5fejs0,1000,1,0.0203996003,0
1537417080,Prod-EcsStagingCluster-EcsCluster-1AAGQRFIOE9AE,Service_beiakklem1vi3j5fejs0,1000,1,0.0211393563,0
1537420260,Prod-EcsStagingCluster-EcsCluster-1AAGQRFIOE9AE,Service_beiakklem1vi3j5fejs0,1000,1,0.0222421646,0
1537423440,Prod-EcsStagingCluster-EcsCluster-1AAGQRFIOE9AE,Service_beiakklem1vi3j5fejs0,1000,1,0.0191347224,0
1537396860,Prod-EcsStagingCluster-EcsCluster-1AAGQRFIOE9AE,Service_beiakklem1vi3j5fejs0,1000,1,0.0209153116,0
1537400040,Prod-EcsStagingCluster-EcsCluster-1AAGQRFIOE9AE,Service_beiakklem1vi3j5fejs0,1000,1,0.0207189957,0
1537403220,Prod-EcsStagingCluster-EcsCluster-1AAGQRFIOE9AE,Service_beiakklem1vi3j5fejs0,1000,1,0.0203124928,0
1537406400,Prod-EcsStagingCluster-EcsCluster-1AAGQRFIOE9AE,Service_beiakklem1vi3j5fejs0,1000,1,0.0199680400,0
1537354380,Prod-EcsStagingCluster-EcsCluster-1AAGQRFIOE9AE,Service_beiakklem1vi3j5fejs0,1000,1,0.0197932259,0
1537372320,Prod-EcsStagingCluster-EcsCluster-1AAGQRFIOE9AE,Service_beiakklem1vi3j5fejs0,1000,1,0.0187896078,0
1537362780,Prod-EcsStagingCluster-EcsCluster-1AAGQRFIOE9AE,Service_beiakklem1vi3j5fejs0,1000,1,0.0194115102,0
1537365960,Prod-EcsStagingCluster-EcsCluster-1AAGQRFIOE9AE,Service_beiakklem1vi3j5fejs0,1000,1,0.0192848202,0
1537369140,Prod-EcsStagingCluster-EcsCluster-1AAGQRFIOE9AE,Service_beiakklem1vi3j5fejs0,1000,1,0.0192559673,0
1537355280,Prod-EcsStagingCluster-EcsCluster-1AAGQRFIOE9AE,Service_beiakklem1vi3j5fejs0,1000,1,0.0198001929,0
1537348920,Prod-EcsStagingCluster-EcsCluster-1AAGQRFIOE9AE,Service_beiakklem1vi3j5fejs0,1000,1,0.0199242676,0
1537352100,Prod-EcsStagingCluster-EcsCluster-1AAGQRFIOE9AE,Service_beiakklem1vi3j5fejs0,1000,1,0.0203615043,0
1537422060,Prod-EcsStagingCluster-EcsCluster-1AAGQRFIOE9AE,Service_beiakklem1vi3j5fejs0,1000,1,0.0201633721,0
1537356240,Prod-EcsStagingCluster-EcsCluster-1AAGQRFIOE9AE,Service_beiakklem1vi3j5fejs0,1000,1,0.0201076187,0
1537349880,Prod-EcsStagingCluster-EcsCluster-1AAGQRFIOE9AE,Service_beiakklem1vi3j5fejs0,1000,1,0.0197149827,0
1537368900,Prod-EcsStagingCluster-EcsCluster-1AAGQRFIOE9AE,Service_beiakklem1vi3j5fejs0,1000,1,0.0193238687,0
1537430460,Prod-EcsStagingCluster-EcsCluster-1AAGQRFIOE9AE,Service_beiakklem1vi3j5fejs0,1000,1,0.0194378016,0
1537387980,Prod-EcsStagingCluster-EcsCluster-1AAGQRFIOE9AE,Service_beiakklem1vi3j5fejs0,1000,1,0.0215631667,0
1537396380,Prod-EcsStagingCluster-EcsCluster-1AAGQRFIOE9AE,Service_beiakklem1vi3j5fejs0,1000,1,0.0205519607,0
1537366680,Prod-EcsStagingCluster-EcsCluster-1AAGQRFIOE9AE,Service_beiakklem1vi3j5fejs0,1000,1,0.0194315087,0
1537373040,Prod-EcsStagingCluster-EcsCluster-1AAGQRFIOE9AE,Service_beiakklem1vi3j5fejs0,1000,1,0.0198603158,0
1537353900,Prod-EcsStagingCluster-EcsCluster-1AAGQRFIOE9AE,Service_beiakklem1vi3j5fejs0,1000,1,0.0197134555,0
1537402740,Prod-EcsStagingCluster-EcsCluster-1AAGQRFIOE9AE,Service_beiakklem1vi3j5fejs0,1000,1,0.0198270632,0
1537385700,Prod-EcsStagingCluster-EcsCluster-1AAGQRFIOE9AE,Service_beiakklem1vi3j5fejs0,1000,1,0.0196194323,0
1537362300,Prod-EcsStagingCluster-EcsCluster-1AAGQRFIOE9AE,Service_beiakklem1vi3j5fejs0,1000,1,0.0190542993,0
1537400520,Prod-EcsStagingCluster-EcsCluster-1AAGQRFIOE9AE,Service_beiakklem1vi3j5fejs0,1000,1,0.0208369449,0
1537406880,Prod-EcsStagingCluster-EcsCluster-1AAGQRFIOE9AE,Service_beiakklem1vi3j5fejs0,1000,1,0.0197952521,0
1537368660,Prod-EcsStagingCluster-EcsCluster-1AAGQRFIOE9AE,Service_beiakklem1vi3j5fejs0,1000,1,0.0196577624,0
1537389840,Prod-EcsStagingCluster-EcsCluster-1AAGQRFIOE9AE,Service_beiakklem1vi3j5fejs0,1000,1,0.0193115263,0
1537383480,Prod-EcsStagingCluster-EcsCluster-1AAGQRFIOE9AE,Service_beiakklem1vi3j5fejs0,1000,1,0.0212537128,0
1537366440,Prod-EcsStagingCluster-EcsCluster-1AAGQRFIOE9AE,Service_beiakklem1vi3j5fejs0,1000,1,0.0191473868,0
1537402500,Prod-EcsStagingCluster-EcsCluster-1AAGQRFIOE9AE,Service_beiakklem1vi3j5fejs0,1000,1,0.0198707923,0
1537372800,Prod-EcsStagingCluster-EcsCluster-1AAGQRFIOE9AE,Service_beiakklem1vi3j5fejs0,1000,1,0.0187164614,0
1537421580,Prod-EcsStagingCluster-EcsCluster-1AAGQRFIOE9AE,Service_beiakklem1vi3j5fejs0,1000,1,0.0186827006,0
1537429980,Prod-EcsStagingCluster-EcsCluster-1AAGQRFIOE9AE,Service_beiakklem1vi3j5fejs0,1000,1,0.0185198417,0
1537367400,Prod-EcsStagingCluster-EcsCluster-1AAGQRFIOE9AE,Service_beiakklem1vi3j5fejs0,1000,1,0.0192455770,0
1537370580,Prod-EcsStagingCluster-EcsCluster-1AAGQRFIOE9AE,Service_beiakklem1vi3j5fejs0,1000,1,0.0183781981,0
1537387500,Prod-EcsStagingCluster-EcsCluster-1AAGQRFIOE9AE,Service_beiakklem1vi3j5fejs0,1000,1,0.0194662014,0
1537404420,Prod-EcsStagingCluster-EcsCluster-1AAGQRFIOE9AE,Service_beiakklem1vi3j5fejs0,1000,1,0.0197961166,0
1537401240,Prod-EcsStagingCluster-EcsCluster-1AAGQRFIOE9AE,Service_beiakklem1vi3j5fejs0,1000,1,0.0205702676,0
1537422480,Prod-EcsStagingCluster-EcsCluster-1AAGQRFIOE9AE,Service_beiakklem1vi3j5fejs0,1000,1,0.0195696100,0
1537395900,Prod-EcsStagingCluster-EcsCluster-1AAGQRFIOE9AE,Service_beiakklem1vi3j5fejs0,1000,1,0.0209954491,0
1537405440,Prod-EcsStagingCluster-EcsCluster-1AAGQRFIOE9AE,Service_beiakklem1vi3j5fejs0,1000,1,0.0197303079,0
1537353420,Prod-EcsStagingCluster-EcsCluster-1AAGQRFIOE9AE,Service_beiakklem1vi3j5fejs0,1000,1,0.0203315676,0
1537418040,Prod-EcsStagingCluster-EcsCluster-1AAGQRFIOE9AE,Service_beiakklem1vi3j5fejs0,1000,1,0.0212941459,0
1537371360,Prod-EcsStagingCluster-EcsCluster-1AAGQRFIOE9AE,Service_beiakklem1vi3j5fejs0,1000,1,0.0185232186,0
1537361820,Prod-EcsStagingCluster-EcsCluster-1AAGQRFIOE9AE,Service_beiakklem1vi3j5fejs0,1000,1,0.0197093480,0
1537421220,Prod-EcsStagingCluster-EcsCluster-1AAGQRFIOE9AE,Service_beiakklem1vi3j5fejs0,1000,1,0.0195205020,0
1537401000,Prod-EcsStagingCluster-EcsCluster-1AAGQRFIOE9AE,Service_beiakklem1vi3j5fejs0,1000,1,0.0207250559,0
1537404180,Prod-EcsStagingCluster-EcsCluster-1AAGQRFIOE9AE,Service_beiakklem1vi3j5fejs0,1000,1,0.0195256242,0
1537354320,Prod-EcsStagingCluster-EcsCluster-1AAGQRFIOE9AE,Service_beiakklem1vi3j5fejs0,1000,1,0.0198720639,0
1537421100,Prod-EcsStagingCluster-EcsCluster-1AAGQRFIOE9AE,Service_beiakklem1vi3j5fejs0,1000,1,0.0197128765,0
1537366920,Prod-EcsStagingCluster-EcsCluster-1AAGQRFIOE9AE,Service_beiakklem1vi3j5fejs0,1000,1,0.0188753655,0
1537370100,Prod-EcsStagingCluster-EcsCluster-1AAGQRFIOE9AE,Service_beiakklem1vi3j5fejs0,1000,1,0.0187822722,0
1537371120,Prod-EcsStagingCluster-EcsCluster-1AAGQRFIOE9AE,Service_beiakklem1vi3j5fejs0,1000,1,0.0174921443,0
1537429500,Prod-EcsStagingCluster-EcsCluster-1AAGQRFIOE9AE,Service_beiakklem1vi3j5fejs0,1000,1,0.0200201729,0
1537353060,Prod-EcsStagingCluster-EcsCluster-1AAGQRFIOE9AE,Service_beiakklem1vi3j5fejs0,1000,1,0.0201308308,0
1537387020,Prod-EcsStagingCluster-EcsCluster-1AAGQRFIOE9AE,Service_beiakklem1vi3j5fejs0,1000,1,0.0194644840,0
1537367880,Prod-EcsStagingCluster-EcsCluster-1AAGQRFIOE9AE,Service_beiakklem1vi3j5fejs0,1000,1,0.0194770071,0
1537395420,Prod-EcsStagingCluster-EcsCluster-1AAGQRFIOE9AE,Service_beiakklem1vi3j5fejs0,1000,1,0.0274405771,0
1537372080,Prod-EcsStagingCluster-EcsCluster-1AAGQRFIOE9AE,Service_beiakklem1vi3j5fejs0,1000,1,0.0188742026,0
1537352940,Prod-EcsStagingCluster-EcsCluster-1AAGQRFIOE9AE,Service_beiakklem1vi3j5fejs0,1000,1,0.0195932604,0
1537350840,Prod-EcsStagingCluster-EcsCluster-1AAGQRFIOE9AE,Service_beiakklem1vi3j5fejs0,1000,1,0.0193878625,0
1537369860,Prod-EcsStagingCluster-EcsCluster-1AAGQRFIOE9AE,Service_beiakklem1vi3j5fejs0,1000,1,0.0203145824,0
1537361340,Prod-EcsStagingCluster-EcsCluster-1AAGQRFIOE9AE,Service_beiakklem1vi3j5fejs0,1000,1,0.0197697912,0
1537405920,Prod-EcsStagingCluster-EcsCluster-1AAGQRFIOE9AE,Service_beiakklem1vi3j5fejs0,1000,1,0.0195796001,0
1537367640,Prod-EcsStagingCluster-EcsCluster-1AAGQRFIOE9AE,Service_beiakklem1vi3j5fejs0,1000,1,0.0192990651,0
1537388880,Prod-EcsStagingCluster-EcsCluster-1AAGQRFIOE9AE,Service_beiakklem1vi3j5fejs0,1000,1,0.0199279286,0
1537403700,Prod-EcsStagingCluster-EcsCluster-1AAGQRFIOE9AE,Service_beiakklem1vi3j5fejs0,1000,1,0.0173559103,0
1537371840,Prod-EcsStagingCluster-EcsCluster-1AAGQRFIOE9AE,Service_beiakklem1vi3j5fejs0,1000,1,0.0187006253,0
1537420620,Prod-EcsStagingCluster-EcsCluster-1AAGQRFIOE9AE,Service_beiakklem1vi3j5fejs0,1000,1,0.0288751526,0
1537386660,Prod-EcsStagingCluster-EcsCluster-1AAGQRFIOE9AE,Service_beiakklem1vi3j5fejs0,1000,1,0.0200837131,0
1537401480,Prod-EcsStagingCluster-EcsCluster-1AAGQRFIOE9AE,Service_beiakklem1vi3j5fejs0,1000,1,0.0211127299,0
1537405680,Prod-EcsStagingCluster-EcsCluster-1AAGQRFIOE9AE,Service_beiakklem1vi3j5fejs0,1000,1,0.0198168922,0
1537429020,Prod-EcsStagingCluster-EcsCluster-1AAGQRFIOE9AE,Service_beiakklem1vi3j5fejs0,1000,1,0.0199393299,0
1537369620,Prod-EcsStagingCluster-EcsCluster-1AAGQRFIOE9AE,Service_beiakklem1vi3j5fejs0,1000,1,0.0199650495,0
1537386540,Prod-EcsStagingCluster-EcsCluster-1AAGQRFIOE9AE,Service_beiakklem1vi3j5fejs0,1000,1,0.0201777903,0
1537384440,Prod-EcsStagingCluster-EcsCluster-1AAGQRFIOE9AE,Service_beiakklem1vi3j5fejs0,1000,1,0.0199146896,0
1537404480,Prod-EcsStagingCluster-EcsCluster-1AAGQRFIOE9AE,Service_beiakklem1vi3j5fejs0,1000,1,0.0197474362,0
1537401300,Prod-EcsStagingCluster-EcsCluster-1AAGQRFIOE9AE,Service_beiakklem1vi3j5fejs0,1000,1,0.0207163014,0
1537398120,Prod-EcsStagingCluster-EcsCluster-1AAGQRFIOE9AE,Service_beiakklem1vi3j5fejs0,1000,1,0.0196200750,0
1537388580,Prod-EcsStagingCluster-EcsCluster-1AAGQRFIOE9AE,Service_beiakklem1vi3j5fejs0,1000,1,0.0214587783,0
1537391760,Prod-EcsStagingCluster-EcsCluster-1AAGQRFIOE9AE,Service_beiakklem1vi3j5fejs0,1000,1,0.0194959654,0
1537385400,Prod-EcsStagingCluster-EcsCluster-1AAGQRFIOE9AE,Service_beiakklem1vi3j5fejs0,1000,1,0.0216466131,0
1537352460,Prod-EcsStagingCluster-EcsCluster-1AAGQRFIOE9AE,Service_beiakklem1vi3j5fejs0,1000,1,0.0198352611,0
1537365180,Prod-EcsStagingCluster-EcsCluster-1AAGQRFIOE9AE,Service_beiakklem1vi3j5fejs0,1000,1,0.0193023753,0
1537364040,Prod-EcsStagingCluster-EcsCluster-1AAGQRFIOE9AE,Service_beiakklem1vi3j5fejs0,1000,1,0.0186072454,0
1537367220,Prod-EcsStagingCluster-EcsCluster-1AAGQRFIOE9AE,Service_beiakklem1vi3j5fejs0,1000,1,0.0187905677,0
1537370400,Prod-EcsStagingCluster-EcsCluster-1AAGQRFIOE9AE,Service_beiakklem1vi3j5fejs0,1000,1,0.0183336525,0
1537408560,Prod-EcsStagingCluster-EcsCluster-1AAGQRFIOE9AE,Service_beiakklem1vi3j5fejs0,1000,1,0.0207768211,0
1537405380,Prod-EcsStagingCluster-EcsCluster-1AAGQRFIOE9AE,Service_beiakklem1vi3j5fejs0,1000,1,0.0196585382,0
1537402200,Prod-EcsStagingCluster-EcsCluster-1AAGQRFIOE9AE,Service_beiakklem1vi3j5fejs0,1000,1,0.0205665462,0
1537420140,Prod-EcsStagingCluster-EcsCluster-1AAGQRFIOE9AE,Service_beiakklem1vi3j5fejs0,1000,1,0.4623452980,0
1537419000,Prod-EcsStagingCluster-EcsCluster-1AAGQRFIOE9AE,Service_beiakklem1vi3j5fejs0,1000,1,0.0220120074,0
1537425360,Prod-EcsStagingCluster-EcsCluster-1AAGQRFIOE9AE,Service_beiakklem1vi3j5fejs0,1000,1,0.0193707397,0
1537422180,Prod-EcsStagingCluster-EcsCluster-1AAGQRFIOE9AE,Service_beiakklem1vi3j5fejs0,1000,1,0.0194343645,0
1537398780,Prod-EcsStagingCluster-EcsCluster-1AAGQRFIOE9AE,Service_beiakklem1vi3j5fejs0,1000,1,0.0195506821,0
1537386060,Prod-EcsStagingCluster-EcsCluster-1AAGQRFIOE9AE,Service_beiakklem1vi3j5fejs0,1000,1,0.0202483961,0
1537397640,Prod-EcsStagingCluster-EcsCluster-1AAGQRFIOE9AE,Service_beiakklem1vi3j5fejs0,1000,1,0.0196276187,0
1537351980,Prod-EcsStagingCluster-EcsCluster-1AAGQRFIOE9AE,Service_beiakklem1vi3j5fejs0,1000,1,0.0189787668,0
1537400820,Prod-EcsStagingCluster-EcsCluster-1AAGQRFIOE9AE,Service_beiakklem1vi3j5fejs0,1000,1,0.0206751054,0
1537364700,Prod-EcsStagingCluster-EcsCluster-1AAGQRFIOE9AE,Service_beiakklem1vi3j5fejs0,1000,1,0.0202477988,0
1537354020,Prod-EcsStagingCluster-EcsCluster-1AAGQRFIOE9AE,Service_beiakklem1vi3j5fejs0,1000,1,0.0193783157,0
1537366740,Prod-EcsStagingCluster-EcsCluster-1AAGQRFIOE9AE,Service_beiakklem1vi3j5fejs0,1000,1,0.0194888935,0
1537398600,Prod-EcsStagingCluster-EcsCluster-1AAGQRFIOE9AE,Service_beiakklem1vi3j5fejs0,1000,1,0.0200547917,0
1537404960,Prod-EcsStagingCluster-EcsCluster-1AAGQRFIOE9AE,Service_beiakklem1vi3j5fejs0,1000,1,0.0196927299,0
1537358160,Prod-EcsStagingCluster-EcsCluster-1AAGQRFIOE9AE,Service_beiakklem1vi3j5fejs0,1000,1,0.0201682789,0
1537364520,Prod-EcsStagingCluster-EcsCluster-1AAGQRFIOE9AE,Service_beiakklem1vi3j5fejs0,1000,1,0.0197238124,0
1537351800,Prod-EcsStagingCluster-EcsCluster-1AAGQRFIOE9AE,Service_beiakklem1vi3j5fejs0,1000,1,0.0192029215,0
1537370880,Prod-EcsStagingCluster-EcsCluster-1AAGQRFIOE9AE,Service_beiakklem1vi3j5fejs0,1000,1,0.0190102818,0
1537370820,Prod-EcsStagingCluster-EcsCluster-1AAGQRFIOE9AE,Service_beiakklem1vi3j5fejs0,1000,1,0.0184392612,0
1537419660,Prod-EcsStagingCluster-EcsCluster-1AAGQRFIOE9AE,Service_beiakklem1vi3j5fejs0,1000,1,0.0222829082,0
1537368600,Prod-EcsStagingCluster-EcsCluster-1AAGQRFIOE9AE,Service_beiakklem1vi3j5fejs0,1000,1,0.0193388317,0
1537374960,Prod-EcsStagingCluster-EcsCluster-1AAGQRFIOE9AE,Service_beiakklem1vi3j5fejs0,1000,1,0.0197040432,0
1537385580,Prod-EcsStagingCluster-EcsCluster-1AAGQRFIOE9AE,Service_beiakklem1vi3j5fejs0,1000,1,0.0216989542,0
1537398300,Prod-EcsStagingCluster-EcsCluster-1AAGQRFIOE9AE,Service_beiakklem1vi3j5fejs0,1000,1,0.0197005446,0
1537400340,Prod-EcsStagingCluster-EcsCluster-1AAGQRFIOE9AE,Service_beiakklem1vi3j5fejs0,1000,1,0.4639027980,0
1537387620,Prod-EcsStagingCluster-EcsCluster-1AAGQRFIOE9AE,Service_beiakklem1vi3j5fejs0,1000,1,0.0198514311,0
1537364220,Prod-EcsStagingCluster-EcsCluster-1AAGQRFIOE9AE,Service_beiakklem1vi3j5fejs0,1000,1,0.0192565316,0
1537351500,Prod-EcsStagingCluster-EcsCluster-1AAGQRFIOE9AE,Service_beiakklem1vi3j5fejs0,1000,1,0.0201728505,0
1537369440,Prod-EcsStagingCluster-EcsCluster-1AAGQRFIOE9AE,Service_beiakklem1vi3j5fejs0,1000,1,0.0195251887,0
1537407600,Prod-EcsStagingCluster-EcsCluster-1AAGQRFIOE9AE,Service_beiakklem1vi3j5fejs0,1000,1,0.0196940274,0
1537399080,Prod-EcsStagingCluster-EcsCluster-1AAGQRFIOE9AE,Service_beiakklem1vi3j5fejs0,1000,1,0.0202127376,0
1537402260,Prod-EcsStagingCluster-EcsCluster-1AAGQRFIOE9AE,Service_beiakklem1vi3j5fejs0,1000,1,0.0213195952,0
1537389540,Prod-EcsStagingCluster-EcsCluster-1AAGQRFIOE9AE,Service_beiakklem1vi3j5fejs0,1000,1,0.4691024276,0
1537386360,Prod-EcsStagingCluster-EcsCluster-1AAGQRFIOE9AE,Service_beiakklem1vi3j5fejs0,1000,1,0.0197547981,0
1537419180,Prod-EcsStagingCluster-EcsCluster-1AAGQRFIOE9AE,Service_beiakklem1vi3j5fejs0,1000,1,0.0221110907,0
1537365000,Prod-EcsStagingCluster-EcsCluster-1AAGQRFIOE9AE,Service_beiakklem1vi3j5fejs0,1000,1,0.0190557848,0
1537368180,Prod-EcsStagingCluster-EcsCluster-1AAGQRFIOE9AE,Service_beiakklem1vi3j5fejs0,1000,1,0.0193083865,0
1537406340,Prod-EcsStagingCluster-EcsCluster-1AAGQRFIOE9AE,Service_beiakklem1vi3j5fejs0,1000,1,0.0200056332,0
1537403160,Prod-EcsStagingCluster-EcsCluster-1AAGQRFIOE9AE,Service_beiakklem1vi3j5fejs0,1000,1,0.0211017378,0
1537424400,Prod-EcsStagingCluster-EcsCluster-1AAGQRFIOE9AE,Service_beiakklem1vi3j5fejs0,1000,1,0.0193776039,0
1537397820,Prod-EcsStagingCluster-EcsCluster-1AAGQRFIOE9AE,Service_beiakklem1vi3j5fejs0,1000,1,0.0197811572,0
1537385100,Prod-EcsStagingCluster-EcsCluster-1AAGQRFIOE9AE,Service_beiakklem1vi3j5fejs0,1000,1,0.0195570937,0
1537351020,Prod-EcsStagingCluster-EcsCluster-1AAGQRFIOE9AE,Service_beiakklem1vi3j5fejs0,1000,1,0.0197998923,0
1537403040,Prod-EcsStagingCluster-EcsCluster-1AAGQRFIOE9AE,Service_beiakklem1vi3j5fejs0,1000,1,0.0199142276,0
1537363740,Prod-EcsStagingCluster-EcsCluster-1AAGQRFIOE9AE,Service_beiakklem1vi3j5fejs0,1000,1,0.0184714061,0
1537419960,Prod-EcsStagingCluster-EcsCluster-1AAGQRFIOE9AE,Service_beiakklem1vi3j5fejs0,1000,1,0.0224053493,0
1537423140,Prod-EcsStagingCluster-EcsCluster-1AAGQRFIOE9AE,Service_beiakklem1vi3j5fejs0,1000,1,0.0193986580,0
1537404000,Prod-EcsStagingCluster-EcsCluster-1AAGQRFIOE9AE,Service_beiakklem1vi3j5fejs0,1000,1,0.0203788350,0
1537420920,Prod-EcsStagingCluster-EcsCluster-1AAGQRFIOE9AE,Service_beiakklem1vi3j5fejs0,1000,1,0.0182535946,0
1537357200,Prod-EcsStagingCluster-EcsCluster-1AAGQRFIOE9AE,Service_beiakklem1vi3j5fejs0,1000,1,0.0204017294,0
1537401780,Prod-EcsStagingCluster-EcsCluster-1AAGQRFIOE9AE,Service_beiakklem1vi3j5fejs0,1000,1,0.0204468803,0
1537369920,Prod-EcsStagingCluster-EcsCluster-1AAGQRFIOE9AE,Service_beiakklem1vi3j5fejs0,1000,1,0.0198477792,0
1537418700,Prod-EcsStagingCluster-EcsCluster-1AAGQRFIOE9AE,Service_beiakklem1vi3j5fejs0,1000,1,0.0226524578,0
1537431420,Prod-EcsStagingCluster-EcsCluster-1AAGQRFIOE9AE,Service_beiakklem1vi3j5fejs0,1000,1,0.0254507737,0
1537354980,Prod-EcsStagingCluster-EcsCluster-1AAGQRFIOE9AE,Service_beiakklem1vi3j5fejs0,1000,1,0.0199173504,0
1537367700,Prod-EcsStagingCluster-EcsCluster-1AAGQRFIOE9AE,Service_beiakklem1vi3j5fejs0,1000,1,0.0194525320,0
1537399560,Prod-EcsStagingCluster-EcsCluster-1AAGQRFIOE9AE,Service_beiakklem1vi3j5fejs0,1000,1,0.0195762861,0
1537374000,Prod-EcsStagingCluster-EcsCluster-1AAGQRFIOE9AE,Service_beiakklem1vi3j5fejs0,1000,1,0.0198297538,0
1537384620,Prod-EcsStagingCluster-EcsCluster-1AAGQRFIOE9AE,Service_beiakklem1vi3j5fejs0,1000,1,0.0254746395,0
1537365480,Prod-EcsStagingCluster-EcsCluster-1AAGQRFIOE9AE,Service_beiakklem1vi3j5fejs0,1000,1,0.0194695565,0
1537397340,Prod-EcsStagingCluster-EcsCluster-1AAGQRFIOE9AE,Service_beiakklem1vi3j5fejs0,1000,1,0.0201909041,0
1537352760,Prod-EcsStagingCluster-EcsCluster-1AAGQRFIOE9AE,Service_beiakklem1vi3j5fejs0,1000,1,0.0192676906,0
1537371780,Prod-EcsStagingCluster-EcsCluster-1AAGQRFIOE9AE,Service_beiakklem1vi3j5fejs0,1000,1,0.0186019641,0
1537363260,Prod-EcsStagingCluster-EcsCluster-1AAGQRFIOE9AE,Service_beiakklem1vi3j5fejs0,1000,1,0.0193996134,0
1537350540,Prod-EcsStagingCluster-EcsCluster-1AAGQRFIOE9AE,Service_beiakklem1vi3j5fejs0,1000,1,0.0199407807,0
1537403520,Prod-EcsStagingCluster-EcsCluster-1AAGQRFIOE9AE,Service_beiakklem1vi3j5fejs0,1000,1,0.0174750104,0
1537369560,Prod-EcsStagingCluster-EcsCluster-1AAGQRFIOE9AE,Service_beiakklem1vi3j5fejs0,1000,1,0.0185818926,0
1537390800,Prod-EcsStagingCluster-EcsCluster-1AAGQRFIOE9AE,Service_beiakklem1vi3j5fejs0,1000,1,0.0195372340,0
1537413000,Prod-EcsStagingCluster-EcsCluster-1AAGQRFIOE9AE,Service_beiakklem1vi3j5fejs0,1000,1,0.0199376268,0
1537390740,Prod-EcsStagingCluster-EcsCluster-1AAGQRFIOE9AE,Service_beiakklem1vi3j5fejs0,1000,1,0.0194302006,0
1537367340,Prod-EcsStagingCluster-EcsCluster-1AAGQRFIOE9AE,Service_beiakklem1vi3j5fejs0,1000,1,0.0190504700,0
1537370520,Prod-EcsStagingCluster-EcsCluster-1AAGQRFIOE9AE,Service_beiakklem1vi3j5fejs0,1000,1,0.0183146530,0
1537419360,Prod-EcsStagingCluster-EcsCluster-1AAGQRFIOE9AE,Service_beiakklem1vi3j5fejs0,1000,1,0.0222712102,0
1537351440,Prod-EcsStagingCluster-EcsCluster-1AAGQRFIOE9AE,Service_beiakklem1vi3j5fejs0,1000,1,0.0194446194,0
1537395960,Prod-EcsStagingCluster-EcsCluster-1AAGQRFIOE9AE,Service_beiakklem1vi3j5fejs0,1000,1,0.0207439799,0
1537376880,Prod-EcsStagingCluster-EcsCluster-1AAGQRFIOE9AE,Service_beiakklem1vi3j5fejs0,1000,1,0.0201266061,0
1537427760,Prod-EcsStagingCluster-EcsCluster-1AAGQRFIOE9AE,Service_beiakklem1vi3j5fejs0,1000,1,0.0193576311,0
1537402320,Prod-EcsStagingCluster-EcsCluster-1AAGQRFIOE9AE,Service_beiakklem1vi3j5fejs0,1000,1,0.0209499594,0
1537418220,Prod-EcsStagingCluster-EcsCluster-1AAGQRFIOE9AE,Service_beiakklem1vi3j5fejs0,1000,1,0.0207240037,0
1537421400,Prod-EcsStagingCluster-EcsCluster-1AAGQRFIOE9AE,Service_beiakklem1vi3j5fejs0,1000,1,0.0177824418,0
1537348020,Prod-EcsStagingCluster-EcsCluster-1AAGQRFIOE9AE,Service_beiakklem1vi3j5fejs0,1000,1,0.0195453793,0
1537392540,Prod-EcsStagingCluster-EcsCluster-1AAGQRFIOE9AE,Service_beiakklem1vi3j5fejs0,1000,1,0.0191461346,0
1537370280,Prod-EcsStagingCluster-EcsCluster-1AAGQRFIOE9AE,Service_beiakklem1vi3j5fejs0,1000,1,0.0166310675,0
1537376640,Prod-EcsStagingCluster-EcsCluster-1AAGQRFIOE9AE,Service_beiakklem1vi3j5fejs0,1000,1,0.0203213901,0
1537421160,Prod-EcsStagingCluster-EcsCluster-1AAGQRFIOE9AE,Service_beiakklem1vi3j5fejs0,1000,1,0.0194780506,0
1537398900,Prod-EcsStagingCluster-EcsCluster-1AAGQRFIOE9AE,Service_beiakklem1vi3j5fejs0,1000,1,0.0199444136,0
1537375500,Prod-EcsStagingCluster-EcsCluster-1AAGQRFIOE9AE,Service_beiakklem1vi3j5fejs0,1000,1,0.0197055613,0
1537381860,Prod-EcsStagingCluster-EcsCluster-1AAGQRFIOE9AE,Service_beiakklem1vi3j5fejs0,1000,1,0.0224788427,0
1537427520,Prod-EcsStagingCluster-EcsCluster-1AAGQRFIOE9AE,Service_beiakklem1vi3j5fejs0,1000,1,0.0193827543,0
1537356420,Prod-EcsStagingCluster-EcsCluster-1AAGQRFIOE9AE,Service_beiakklem1vi3j5fejs0,1000,1,0.0192708262,0
1537407300,Prod-EcsStagingCluster-EcsCluster-1AAGQRFIOE9AE,Service_beiakklem1vi3j5fejs0,1000,1,0.0196224533,0
1537426380,Prod-EcsStagingCluster-EcsCluster-1AAGQRFIOE9AE,Service_beiakklem1vi3j5fejs0,1000,1,0.0191750239,0
1537430520,Prod-EcsStagingCluster-EcsCluster-1AAGQRFIOE9AE,Service_beiakklem1vi3j5fejs0,1000,1,0.0196178656,0
1537349820,Prod-EcsStagingCluster-EcsCluster-1AAGQRFIOE9AE,Service_beiakklem1vi3j5fejs0,1000,1,0.0196302011,0
1537356180,Prod-EcsStagingCluster-EcsCluster-1AAGQRFIOE9AE,Service_beiakklem1vi3j5fejs0,1000,1,0.0201602929,0
1537400700,Prod-EcsStagingCluster-EcsCluster-1AAGQRFIOE9AE,Service_beiakklem1vi3j5fejs0,1000,1,0.0203571612,0
1537407060,Prod-EcsStagingCluster-EcsCluster-1AAGQRFIOE9AE,Service_beiakklem1vi3j5fejs0,1000,1,0.0200050809,0
1537360320,Prod-EcsStagingCluster-EcsCluster-1AAGQRFIOE9AE,Service_beiakklem1vi3j5fejs0,1000,1,0.0197645935,0
1537383660,Prod-EcsStagingCluster-EcsCluster-1AAGQRFIOE9AE,Service_beiakklem1vi3j5fejs0,1000,1,0.0208990826,0
1537353960,Prod-EcsStagingCluster-EcsCluster-1AAGQRFIOE9AE,Service_beiakklem1vi3j5fejs0,1000,1,0.0199077952,0
1537404840,Prod-EcsStagingCluster-EcsCluster-1AAGQRFIOE9AE,Service_beiakklem1vi3j5fejs0,1000,1,0.0196694715,0
1537411200,Prod-EcsStagingCluster-EcsCluster-1AAGQRFIOE9AE,Service_beiakklem1vi3j5fejs0,1000,1,0.0203609108,0
1537357980,Prod-EcsStagingCluster-EcsCluster-1AAGQRFIOE9AE,Service_beiakklem1vi3j5fejs0,1000,1,0.0198262606,0
1537364340,Prod-EcsStagingCluster-EcsCluster-1AAGQRFIOE9AE,Service_beiakklem1vi3j5fejs0,1000,1,0.4645098014,0
1537408860,Prod-EcsStagingCluster-EcsCluster-1AAGQRFIOE9AE,Service_beiakklem1vi3j5fejs0,1000,1,0.0208507560,0
1537415220,Prod-EcsStagingCluster-EcsCluster-1AAGQRFIOE9AE,Service_beiakklem1vi3j5fejs0,1000,1,0.0188209773,0
1537372740,Prod-EcsStagingCluster-EcsCluster-1AAGQRFIOE9AE,Service_beiakklem1vi3j5fejs0,1000,1,0.0187583470,0
1537347300,Prod-EcsStagingCluster-EcsCluster-1AAGQRFIOE9AE,Service_beiakklem1vi3j5fejs0,1000,1,0.0197413292,0
1537391820,Prod-EcsStagingCluster-EcsCluster-1AAGQRFIOE9AE,Service_beiakklem1vi3j5fejs0,1000,1,0.0255793770,0
1537398180,Prod-EcsStagingCluster-EcsCluster-1AAGQRFIOE9AE,Service_beiakklem1vi3j5fejs0,1000,1,0.0182558455,0
1537362120,Prod-EcsStagingCluster-EcsCluster-1AAGQRFIOE9AE,Service_beiakklem1vi3j5fejs0,1000,1,0.0194547900,0
1537368480,Prod-EcsStagingCluster-EcsCluster-1AAGQRFIOE9AE,Service_beiakklem1vi3j5fejs0,1000,1,0.0198338040,0
1537366260,Prod-EcsStagingCluster-EcsCluster-1AAGQRFIOE9AE,Service_beiakklem1vi3j5fejs0,1000,1,0.0196592211,0
1537417140,Prod-EcsStagingCluster-EcsCluster-1AAGQRFIOE9AE,Service_beiakklem1vi3j5fejs0,1000,1,0.0212580237,0
1537388520,Prod-EcsStagingCluster-EcsCluster-1AAGQRFIOE9AE,Service_beiakklem1vi3j5fejs0,1000,1,0.0196383836,0
1537374660,Prod-EcsStagingCluster-EcsCluster-1AAGQRFIOE9AE,Service_beiakklem1vi3j5fejs0,1000,1,0.0199102393,0
1537349220,Prod-EcsStagingCluster-EcsCluster-1AAGQRFIOE9AE,Service_beiakklem1vi3j5fejs0,1000,1,0.0201893042,0
1537400100,Prod-EcsStagingCluster-EcsCluster-1AAGQRFIOE9AE,Service_beiakklem1vi3j5fejs0,1000,1,0.0214941595,0
1537366140,Prod-EcsStagingCluster-EcsCluster-1AAGQRFIOE9AE,Service_beiakklem1vi3j5fejs0,1000,1,0.4588115289,0
1537350240,Prod-EcsStagingCluster-EcsCluster-1AAGQRFIOE9AE,Service_beiakklem1vi3j5fejs0,1000,1,0.0195736314,0
1537425540,Prod-EcsStagingCluster-EcsCluster-1AAGQRFIOE9AE,Service_beiakklem1vi3j5fejs0,1000,1,0.4710933951,0
1537417020,Prod-EcsStagingCluster-EcsCluster-1AAGQRFIOE9AE,Service_beiakklem1vi3j5fejs0,1000,1,0.0275171435,0
1537349100,Prod-EcsStagingCluster-EcsCluster-1AAGQRFIOE9AE,Service_beiakklem1vi3j5fejs0,1000,1,0.0199389564,0
1537401120,Prod-EcsStagingCluster-EcsCluster-1AAGQRFIOE9AE,Service_beiakklem1vi3j5fejs0,1000,1,0.0215019059,0
1537358640,Prod-EcsStagingCluster-EcsCluster-1AAGQRFIOE9AE,Service_beiakklem1vi3j5fejs0,1000,1,0.0183975944,0
1537409520,Prod-EcsStagingCluster-EcsCluster-1AAGQRFIOE9AE,Service_beiakklem1vi3j5fejs0,1000,1,0.0214529108,0
1537399980,Prod-EcsStagingCluster-EcsCluster-1AAGQRFIOE9AE,Service_beiakklem1vi3j5fejs0,1000,1,0.0202709975,0
1537384080,Prod-EcsStagingCluster-EcsCluster-1AAGQRFIOE9AE,Service_beiakklem1vi3j5fejs0,1000,1,0.0200352271,0
1537345800,Prod-EcsStagingCluster-EcsCluster-1AAGQRFIOE9AE,Service_beiakklem1vi3j5fejs0,1000,1,0.0196844077,0
1537396680,Prod-EcsStagingCluster-EcsCluster-1AAGQRFIOE9AE,Service_beiakklem1vi3j5fejs0,1000,1,0.0205121843,0
1537374420,Prod-EcsStagingCluster-EcsCluster-1AAGQRFIOE9AE,Service_beiakklem1vi3j5fejs0,1000,1,0.0199588861,0
1537354200,Prod-EcsStagingCluster-EcsCluster-1AAGQRFIOE9AE,Service_beiakklem1vi3j5fejs0,1000,1,0.0198948950,0
1537379640,Prod-EcsStagingCluster-EcsCluster-1AAGQRFIOE9AE,Service_beiakklem1vi3j5fejs0,1000,1,0.0199481870,0
1537425300,Prod-EcsStagingCluster-EcsCluster-1AAGQRFIOE9AE,Service_beiakklem1vi3j5fejs0,1000,1,0.0178618419,0
1537405080,Prod-EcsStagingCluster-EcsCluster-1AAGQRFIOE9AE,Service_beiakklem1vi3j5fejs0,1000,1,0.0195062243,0
1537374300,Prod-EcsStagingCluster-EcsCluster-1AAGQRFIOE9AE,Service_beiakklem1vi3j5fejs0,1000,1,0.0198717785,0
1537358400,Prod-EcsStagingCluster-EcsCluster-1AAGQRFIOE9AE,Service_beiakklem1vi3j5fejs0,1000,1,0.0201111794,0
1537423080,Prod-EcsStagingCluster-EcsCluster-1AAGQRFIOE9AE,Service_beiakklem1vi3j5fejs0,1000,1,0.0190574117,0
1537357260,Prod-EcsStagingCluster-EcsCluster-1AAGQRFIOE9AE,Service_beiakklem1vi3j5fejs0,1000,1,0.0199657163,0
1537425180,Prod-EcsStagingCluster-EcsCluster-1AAGQRFIOE9AE,Service_beiakklem1vi3j5fejs0,1000,1,0.0189718556,0
1537408140,Prod-EcsStagingCluster-EcsCluster-1AAGQRFIOE9AE,Service_beiakklem1vi3j5fejs0,1000,1,0.0190372841,0
1537384800,Prod-EcsStagingCluster-EcsCluster-1AAGQRFIOE9AE,Service_beiakklem1vi3j5fejs0,1000,1,0.0198206348,0
1537393200,Prod-EcsStagingCluster-EcsCluster-1AAGQRFIOE9AE,Service_beiakklem1vi3j5fejs0,1000,1,0.0192765649,0
1537367760,Prod-EcsStagingCluster-EcsCluster-1AAGQRFIOE9AE,Service_beiakklem1vi3j5fejs0,1000,1,0.0194022324,0
1537418640,Prod-EcsStagingCluster-EcsCluster-1AAGQRFIOE9AE,Service_beiakklem1vi3j5fejs0,1000,1,0.0223039820,0
1537382580,Prod-EcsStagingCluster-EcsCluster-1AAGQRFIOE9AE,Service_beiakklem1vi3j5fejs0,1000,1,0.0201534917,0
1537390980,Prod-EcsStagingCluster-EcsCluster-1AAGQRFIOE9AE,Service_beiakklem1vi3j5fejs0,1000,1,0.0202898651,0
1537365540,Prod-EcsStagingCluster-EcsCluster-1AAGQRFIOE9AE,Service_beiakklem1vi3j5fejs0,1000,1,0.0194988132,0
1537416420,Prod-EcsStagingCluster-EcsCluster-1AAGQRFIOE9AE,Service_beiakklem1vi3j5fejs0,1000,1,0.0197794280,0
1537382460,Prod-EcsStagingCluster-EcsCluster-1AAGQRFIOE9AE,Service_beiakklem1vi3j5fejs0,1000,1,0.0198981037,0
1537380360,Prod-EcsStagingCluster-EcsCluster-1AAGQRFIOE9AE,Service_beiakklem1vi3j5fejs0,1000,1,0.0197691180,0
1537431240,Prod-EcsStagingCluster-EcsCluster-1AAGQRFIOE9AE,Service_beiakklem1vi3j5fejs0,1000,1,0.0188337643,0
1537388760,Prod-EcsStagingCluster-EcsCluster-1AAGQRFIOE9AE,Service_beiakklem1vi3j5fejs0,1000,1,0.0208896944,0
1537365420,Prod-EcsStagingCluster-EcsCluster-1AAGQRFIOE9AE,Service_beiakklem1vi3j5fejs0,1000,1,0.0198431600,0
1537363320,Prod-EcsStagingCluster-EcsCluster-1AAGQRFIOE9AE,Service_beiakklem1vi3j5fejs0,1000,1,0.0190314290,0
1537414200,Prod-EcsStagingCluster-EcsCluster-1AAGQRFIOE9AE,Service_beiakklem1vi3j5fejs0,1000,1,0.0193243089,0
1537392960,Prod-EcsStagingCluster-EcsCluster-1AAGQRFIOE9AE,Service_beiakklem1vi3j5fejs0,1000,1,0.0195575135,0
1537416300,Prod-EcsStagingCluster-EcsCluster-1AAGQRFIOE9AE,Service_beiakklem1vi3j5fejs0,1000,1,0.0189093128,0
1537346100,Prod-EcsStagingCluster-EcsCluster-1AAGQRFIOE9AE,Service_beiakklem1vi3j5fejs0,1000,1,0.0203674528,0
1537396980,Prod-EcsStagingCluster-EcsCluster-1AAGQRFIOE9AE,Service_beiakklem1vi3j5fejs0,1000,1,0.0207469976,0
1537368360,Prod-EcsStagingCluster-EcsCluster-1AAGQRFIOE9AE,Service_beiakklem1vi3j5fejs0,1000,1,0.0194510370,0
1537374720,Prod-EcsStagingCluster-EcsCluster-1AAGQRFIOE9AE,Service_beiakklem1vi3j5fejs0,1000,1,0.0186011250,0
1537425600,Prod-EcsStagingCluster-EcsCluster-1AAGQRFIOE9AE,Service_beiakklem1vi3j5fejs0,1000,1,0.0186367428,0
1537419240,Prod-EcsStagingCluster-EcsCluster-1AAGQRFIOE9AE,Service_beiakklem1vi3j5fejs0,1000,1,0.0220542635,0
1537373580,Prod-EcsStagingCluster-EcsCluster-1AAGQRFIOE9AE,Service_beiakklem1vi3j5fejs0,1000,1,0.0199244897,0
1537386300,Prod-EcsStagingCluster-EcsCluster-1AAGQRFIOE9AE,Service_beiakklem1vi3j5fejs0,1000,1,0.0201820522,0
1537372440,Prod-EcsStagingCluster-EcsCluster-1AAGQRFIOE9AE,Service_beiakklem1vi3j5fejs0,1000,1,0.0185034519,0
1537424460,Prod-EcsStagingCluster-EcsCluster-1AAGQRFIOE9AE,Service_beiakklem1vi3j5fejs0,1000,1,0.0194945081,0
1537347000,Prod-EcsStagingCluster-EcsCluster-1AAGQRFIOE9AE,Service_beiakklem1vi3j5fejs0,1000,1,0.0204458652,0
1537353360,Prod-EcsStagingCluster-EcsCluster-1AAGQRFIOE9AE,Service_beiakklem1vi3j5fejs0,1000,1,0.0200643371,0
1537397880,Prod-EcsStagingCluster-EcsCluster-1AAGQRFIOE9AE,Service_beiakklem1vi3j5fejs0,1000,1,0.0198650467,0
1537378800,Prod-EcsStagingCluster-EcsCluster-1AAGQRFIOE9AE,Service_beiakklem1vi3j5fejs0,1000,1,0.0201469913,0
1537423320,Prod-EcsStagingCluster-EcsCluster-1AAGQRFIOE9AE,Service_beiakklem1vi3j5fejs0,1000,1,0.0197811484,0
1537429680,Prod-EcsStagingCluster-EcsCluster-1AAGQRFIOE9AE,Service_beiakklem1vi3j5fejs0,1000,1,0.0194146972,0
1537404240,Prod-EcsStagingCluster-EcsCluster-1AAGQRFIOE9AE,Service_beiakklem1vi3j5fejs0,1000,1,0.0195394138,0
1537376520,Prod-EcsStagingCluster-EcsCluster-1AAGQRFIOE9AE,Service_beiakklem1vi3j5fejs0,1000,1,0.0197257985,0
1537354260,Prod-EcsStagingCluster-EcsCluster-1AAGQRFIOE9AE,Service_beiakklem1vi3j5fejs0,1000,1,0.0207385934,0
1537405140,Prod-EcsStagingCluster-EcsCluster-1AAGQRFIOE9AE,Service_beiakklem1vi3j5fejs0,1000,1,0.0194233799,0
1537382880,Prod-EcsStagingCluster-EcsCluster-1AAGQRFIOE9AE,Service_beiakklem1vi3j5fejs0,1000,1,0.0215810001,0
1537427400,Prod-EcsStagingCluster-EcsCluster-1AAGQRFIOE9AE,Service_beiakklem1vi3j5fejs0,1000,1,0.0192949052,0
1537394460,Prod-EcsStagingCluster-EcsCluster-1AAGQRFIOE9AE,Service_beiakklem1vi3j5fejs0,1000,1,0.0203283505,0
1537381740,Prod-EcsStagingCluster-EcsCluster-1AAGQRFIOE9AE,Service_beiakklem1vi3j5fejs0,1000,1,0.0223026930,0
1537402920,Prod-EcsStagingCluster-EcsCluster-1AAGQRFIOE9AE,Service_beiakklem1vi3j5fejs0,1000,1,0.0205414877,0
1537409280,Prod-EcsStagingCluster-EcsCluster-1AAGQRFIOE9AE,Service_beiakklem1vi3j5fejs0,1000,1,0.0205461975,0
1537358340,Prod-EcsStagingCluster-EcsCluster-1AAGQRFIOE9AE,Service_beiakklem1vi3j5fejs0,1000,1,0.0196150996,0
1537409220,Prod-EcsStagingCluster-EcsCluster-1AAGQRFIOE9AE,Service_beiakklem1vi3j5fejs0,1000,1,0.0205744836,0
1537383780,Prod-EcsStagingCluster-EcsCluster-1AAGQRFIOE9AE,Service_beiakklem1vi3j5fejs0,1000,1,0.0208154088,0
1537356120,Prod-EcsStagingCluster-EcsCluster-1AAGQRFIOE9AE,Service_beiakklem1vi3j5fejs0,1000,1,0.0199567356,0
1537362480,Prod-EcsStagingCluster-EcsCluster-1AAGQRFIOE9AE,Service_beiakklem1vi3j5fejs0,1000,1,0.0192153313,0
1537407000,Prod-EcsStagingCluster-EcsCluster-1AAGQRFIOE9AE,Service_beiakklem1vi3j5fejs0,1000,1,0.0205253862,0
1537413360,Prod-EcsStagingCluster-EcsCluster-1AAGQRFIOE9AE,Service_beiakklem1vi3j5fejs0,1000,1,0.0193012128,0
1537381560,Prod-EcsStagingCluster-EcsCluster-1AAGQRFIOE9AE,Service_beiakklem1vi3j5fejs0,1000,1,0.0218833789,0
1537387920,Prod-EcsStagingCluster-EcsCluster-1AAGQRFIOE9AE,Service_beiakklem1vi3j5fejs0,1000,1,0.0220400803,0
1537362420,Prod-EcsStagingCluster-EcsCluster-1AAGQRFIOE9AE,Service_beiakklem1vi3j5fejs0,1000,1,0.0190782362,0
1537413300,Prod-EcsStagingCluster-EcsCluster-1AAGQRFIOE9AE,Service_beiakklem1vi3j5fejs0,1000,1,0.0206362945,0
1537351740,Prod-EcsStagingCluster-EcsCluster-1AAGQRFIOE9AE,Service_beiakklem1vi3j5fejs0,1000,1,0.4788506003,0
1537402620,Prod-EcsStagingCluster-EcsCluster-1AAGQRFIOE9AE,Service_beiakklem1vi3j5fejs0,1000,1,0.0275966494,0
1537389900,Prod-EcsStagingCluster-EcsCluster-1AAGQRFIOE9AE,Service_beiakklem1vi3j5fejs0,1000,1,0.0193182803,0
1537360200,Prod-EcsStagingCluster-EcsCluster-1AAGQRFIOE9AE,Service_beiakklem1vi3j5fejs0,1000,1,0.0187064483,0
1537366560,Prod-EcsStagingCluster-EcsCluster-1AAGQRFIOE9AE,Service_beiakklem1vi3j5fejs0,1000,1,0.0194841150,0
1537417440,Prod-EcsStagingCluster-EcsCluster-1AAGQRFIOE9AE,Service_beiakklem1vi3j5fejs0,1000,1,0.0211819622,0
1537411080,Prod-EcsStagingCluster-EcsCluster-1AAGQRFIOE9AE,Service_beiakklem1vi3j5fejs0,1000,1,0.0199135554,0
1537399200,Prod-EcsStagingCluster-EcsCluster-1AAGQRFIOE9AE,Service_beiakklem1vi3j5fejs0,1000,1,0.0197383137,0
1537390680,Prod-EcsStagingCluster-EcsCluster-1AAGQRFIOE9AE,Service_beiakklem1vi3j5fejs0,1000,1,0.0194948243,0
1537347180,Prod-EcsStagingCluster-EcsCluster-1AAGQRFIOE9AE,Service_beiakklem1vi3j5fejs0,1000,1,0.0198031818,0
1537365240,Prod-EcsStagingCluster-EcsCluster-1AAGQRFIOE9AE,Service_beiakklem1vi3j5fejs0,1000,1,0.0195650990,0
1537416120,Prod-EcsStagingCluster-EcsCluster-1AAGQRFIOE9AE,Service_beiakklem1vi3j5fejs0,1000,1,0.0196174720,0
1537359900,Prod-EcsStagingCluster-EcsCluster-1AAGQRFIOE9AE,Service_beiakklem1vi3j5fejs0,1000,1,0.0200502725,0
1537410780,Prod-EcsStagingCluster-EcsCluster-1AAGQRFIOE9AE,Service_beiakklem1vi3j5fejs0,1000,1,0.0207953322,0
1537398060,Prod-EcsStagingCluster-EcsCluster-1AAGQRFIOE9AE,Service_beiakklem1vi3j5fejs0,1000,1,0.0194068307,0
1537394760,Prod-EcsStagingCluster-EcsCluster-1AAGQRFIOE9AE,Service_beiakklem1vi3j5fejs0,1000,1,0.0195828861,0
1537372500,Prod-EcsStagingCluster-EcsCluster-1AAGQRFIOE9AE,Service_beiakklem1vi3j5fejs0,1000,1,0.0172549079,0
1537423380,Prod-EcsStagingCluster-EcsCluster-1AAGQRFIOE9AE,Service_beiakklem1vi3j5fejs0,1000,1,0.0189598657,0
1537356480,Prod-EcsStagingCluster-EcsCluster-1AAGQRFIOE9AE,Service_beiakklem1vi3j5fejs0,1000,1,0.0190082541,0
1537351140,Prod-EcsStagingCluster-EcsCluster-1AAGQRFIOE9AE,Service_beiakklem1vi3j5fejs0,1000,1,0.0195687421,0
1537355340,Prod-EcsStagingCluster-EcsCluster-1AAGQRFIOE9AE,Service_beiakklem1vi3j5fejs0,1000,1,0.4811914046,0
1537407360,Prod-EcsStagingCluster-EcsCluster-1AAGQRFIOE9AE,Service_beiakklem1vi3j5fejs0,1000,1,0.0198764746,0
1537376580,Prod-EcsStagingCluster-EcsCluster-1AAGQRFIOE9AE,Service_beiakklem1vi3j5fejs0,1000,1,0.0200983542,0
1537427460,Prod-EcsStagingCluster-EcsCluster-1AAGQRFIOE9AE,Service_beiakklem1vi3j5fejs0,1000,1,0.0195579328,0
1537402020,Prod-EcsStagingCluster-EcsCluster-1AAGQRFIOE9AE,Service_beiakklem1vi3j5fejs0,1000,1,0.0205796511,0
1537368060,Prod-EcsStagingCluster-EcsCluster-1AAGQRFIOE9AE,Service_beiakklem1vi3j5fejs0,1000,1,0.0192348770,0
1537418940,Prod-EcsStagingCluster-EcsCluster-1AAGQRFIOE9AE,Service_beiakklem1vi3j5fejs0,1000,1,0.0223524205,0
1537406220,Prod-EcsStagingCluster-EcsCluster-1AAGQRFIOE9AE,Service_beiakklem1vi3j5fejs0,1000,1,0.0260462608,0
1537360560,Prod-EcsStagingCluster-EcsCluster-1AAGQRFIOE9AE,Service_beiakklem1vi3j5fejs0,1000,1,0.0197237005,0
1537411440,Prod-EcsStagingCluster-EcsCluster-1AAGQRFIOE9AE,Service_beiakklem1vi3j5fejs0,1000,1,0.0206197778,0
1537352040,Prod-EcsStagingCluster-EcsCluster-1AAGQRFIOE9AE,Service_beiakklem1vi3j5fejs0,1000,1,0.0196163899,0
1537386000,Prod-EcsStagingCluster-EcsCluster-1AAGQRFIOE9AE,Service_beiakklem1vi3j5fejs0,1000,1,0.0207216170,0
1537380660,Prod-EcsStagingCluster-EcsCluster-1AAGQRFIOE9AE,Service_beiakklem1vi3j5fejs0,1000,1,0.0213888133,0
1537431540,Prod-EcsStagingCluster-EcsCluster-1AAGQRFIOE9AE,Service_beiakklem1vi3j5fejs0,1000,1,0.0189412648,0
1537378440,Prod-EcsStagingCluster-EcsCluster-1AAGQRFIOE9AE,Service_beiakklem1vi3j5fejs0,1000,1,0.0197895605,0
1537429320,Prod-EcsStagingCluster-EcsCluster-1AAGQRFIOE9AE,Service_beiakklem1vi3j5fejs0,1000,1,0.0193260287,0
1537376220,Prod-EcsStagingCluster-EcsCluster-1AAGQRFIOE9AE,Service_beiakklem1vi3j5fejs0,1000,1,0.0194040972,0
1537363500,Prod-EcsStagingCluster-EcsCluster-1AAGQRFIOE9AE,Service_beiakklem1vi3j5fejs0,1000,1,0.0189125412,0
1537427100,Prod-EcsStagingCluster-EcsCluster-1AAGQRFIOE9AE,Service_beiakklem1vi3j5fejs0,1000,1,0.0188485479,0
1537391040,Prod-EcsStagingCluster-EcsCluster-1AAGQRFIOE9AE,Service_beiakklem1vi3j5fejs0,1000,1,0.0191062667,0
1537414380,Prod-EcsStagingCluster-EcsCluster-1AAGQRFIOE9AE,Service_beiakklem1vi3j5fejs0,1000,1,0.0189811308,0
1537388820,Prod-EcsStagingCluster-EcsCluster-1AAGQRFIOE9AE,Service_beiakklem1vi3j5fejs0,1000,1,0.0216193142,0
1537369680,Prod-EcsStagingCluster-EcsCluster-1AAGQRFIOE9AE,Service_beiakklem1vi3j5fejs0,1000,1,0.0200076710,0
1537420560,Prod-EcsStagingCluster-EcsCluster-1AAGQRFIOE9AE,Service_beiakklem1vi3j5fejs0,1000,1,0.0225109503,0
1537395120,Prod-EcsStagingCluster-EcsCluster-1AAGQRFIOE9AE,Service_beiakklem1vi3j5fejs0,1000,1,0.0206072500,0
1537386600,Prod-EcsStagingCluster-EcsCluster-1AAGQRFIOE9AE,Service_beiakklem1vi3j5fejs0,1000,1,0.0204408385,0
1537392900,Prod-EcsStagingCluster-EcsCluster-1AAGQRFIOE9AE,Service_beiakklem1vi3j5fejs0,1000,1,0.0191962135,0
1537367460,Prod-EcsStagingCluster-EcsCluster-1AAGQRFIOE9AE,Service_beiakklem1vi3j5fejs0,1000,1,0.0197913195,0
1537418340,Prod-EcsStagingCluster-EcsCluster-1AAGQRFIOE9AE,Service_beiakklem1vi3j5fejs0,1000,1,0.4799469569,0
1537371660,Prod-EcsStagingCluster-EcsCluster-1AAGQRFIOE9AE,Service_beiakklem1vi3j5fejs0,1000,1,0.0187626789,0
1537384380,Prod-EcsStagingCluster-EcsCluster-1AAGQRFIOE9AE,Service_beiakklem1vi3j5fejs0,1000,1,0.0190986019,0
1537348320,Prod-EcsStagingCluster-EcsCluster-1AAGQRFIOE9AE,Service_beiakklem1vi3j5fejs0,1000,1,0.0203067857,0
1537357800,Prod-EcsStagingCluster-EcsCluster-1AAGQRFIOE9AE,Service_beiakklem1vi3j5fejs0,1000,1,0.0197716364,0
1537364160,Prod-EcsStagingCluster-EcsCluster-1AAGQRFIOE9AE,Service_beiakklem1vi3j5fejs0,1000,1,0.0193410527,0
1537428900,Prod-EcsStagingCluster-EcsCluster-1AAGQRFIOE9AE,Service_beiakklem1vi3j5fejs0,1000,1,0.0196115718,0
1537415040,Prod-EcsStagingCluster-EcsCluster-1AAGQRFIOE9AE,Service_beiakklem1vi3j5fejs0,1000,1,0.0192339540,0
1537408680,Prod-EcsStagingCluster-EcsCluster-1AAGQRFIOE9AE,Service_beiakklem1vi3j5fejs0,1000,1,0.0205062377,0
1537363020,Prod-EcsStagingCluster-EcsCluster-1AAGQRFIOE9AE,Service_beiakklem1vi3j5fejs0,1000,1,0.0253848526,0
1537413900,Prod-EcsStagingCluster-EcsCluster-1AAGQRFIOE9AE,Service_beiakklem1vi3j5fejs0,1000,1,0.0194950266,0
1537394820,Prod-EcsStagingCluster-EcsCluster-1AAGQRFIOE9AE,Service_beiakklem1vi3j5fejs0,1000,1,0.0185898248,0
1537374600,Prod-EcsStagingCluster-EcsCluster-1AAGQRFIOE9AE,Service_beiakklem1vi3j5fejs0,1000,1,0.0199534128,0
1537380960,Prod-EcsStagingCluster-EcsCluster-1AAGQRFIOE9AE,Service_beiakklem1vi3j5fejs0,1000,1,0.0199207068,0
1537357560,Prod-EcsStagingCluster-EcsCluster-1AAGQRFIOE9AE,Service_beiakklem1vi3j5fejs0,1000,1,0.0203028640,0
1537363920,Prod-EcsStagingCluster-EcsCluster-1AAGQRFIOE9AE,Service_beiakklem1vi3j5fejs0,1000,1,0.0184539390,0
1537425480,Prod-EcsStagingCluster-EcsCluster-1AAGQRFIOE9AE,Service_beiakklem1vi3j5fejs0,1000,1,0.0187801892,0
1537379820,Prod-EcsStagingCluster-EcsCluster-1AAGQRFIOE9AE,Service_beiakklem1vi3j5fejs0,1000,1,0.0195758101,0
1537414800,Prod-EcsStagingCluster-EcsCluster-1AAGQRFIOE9AE,Service_beiakklem1vi3j5fejs0,1000,1,0.0199203846,0
1537408440,Prod-EcsStagingCluster-EcsCluster-1AAGQRFIOE9AE,Service_beiakklem1vi3j5fejs0,1000,1,0.0207892006,0
1537430700,Prod-EcsStagingCluster-EcsCluster-1AAGQRFIOE9AE,Service_beiakklem1vi3j5fejs0,1000,1,0.0196763318,0
1537394580,Prod-EcsStagingCluster-EcsCluster-1AAGQRFIOE9AE,Service_beiakklem1vi3j5fejs0,1000,1,0.0207969738,0
1537388220,Prod-EcsStagingCluster-EcsCluster-1AAGQRFIOE9AE,Service_beiakklem1vi3j5fejs0,1000,1,0.0282499703,0
1537374360,Prod-EcsStagingCluster-EcsCluster-1AAGQRFIOE9AE,Service_beiakklem1vi3j5fejs0,1000,1,0.0197753508,0
1537380720,Prod-EcsStagingCluster-EcsCluster-1AAGQRFIOE9AE,Service_beiakklem1vi3j5fejs0,1000,1,0.0205353102,0
1537425240,Prod-EcsStagingCluster-EcsCluster-1AAGQRFIOE9AE,Service_beiakklem1vi3j5fejs0,1000,1,0.0189348145,0
1537431600,Prod-EcsStagingCluster-EcsCluster-1AAGQRFIOE9AE,Service_beiakklem1vi3j5fejs0,1000,1,0.0189565611,0
1537354140,Prod-EcsStagingCluster-EcsCluster-1AAGQRFIOE9AE,Service_beiakklem1vi3j5fejs0,1000,1,0.0199235245,0
1537360500,Prod-EcsStagingCluster-EcsCluster-1AAGQRFIOE9AE,Service_beiakklem1vi3j5fejs0,1000,1,0.0193390788,0
1537411380,Prod-EcsStagingCluster-EcsCluster-1AAGQRFIOE9AE,Service_beiakklem1vi3j5fejs0,1000,1,0.0215256875,0
1537405020,Prod-EcsStagingCluster-EcsCluster-1AAGQRFIOE9AE,Service_beiakklem1vi3j5fejs0,1000,1,0.0195554737,0
1537358280,Prod-EcsStagingCluster-EcsCluster-1AAGQRFIOE9AE,Service_beiakklem1vi3j5fejs0,1000,1,0.0196811184,0
1537394340,Prod-EcsStagingCluster-EcsCluster-1AAGQRFIOE9AE,Service_beiakklem1vi3j5fejs0,1000,1,0.0186129482,0
1537364640,Prod-EcsStagingCluster-EcsCluster-1AAGQRFIOE9AE,Service_beiakklem1vi3j5fejs0,1000,1,0.0194887228,0
1537409160,Prod-EcsStagingCluster-EcsCluster-1AAGQRFIOE9AE,Service_beiakklem1vi3j5fejs0,1000,1,0.0202054266,0
1537415520,Prod-EcsStagingCluster-EcsCluster-1AAGQRFIOE9AE,Service_beiakklem1vi3j5fejs0,1000,1,0.0195284574,0
1537347600,Prod-EcsStagingCluster-EcsCluster-1AAGQRFIOE9AE,Service_beiakklem1vi3j5fejs0,1000,1,0.0197270773,0
1537398480,Prod-EcsStagingCluster-EcsCluster-1AAGQRFIOE9AE,Service_beiakklem1vi3j5fejs0,1000,1,0.0195186402,0
1537392120,Prod-EcsStagingCluster-EcsCluster-1AAGQRFIOE9AE,Service_beiakklem1vi3j5fejs0,1000,1,0.0194285734,0
1537379340,Prod-EcsStagingCluster-EcsCluster-1AAGQRFIOE9AE,Service_beiakklem1vi3j5fejs0,1000,1,0.0197541198,0
1537360260,Prod-EcsStagingCluster-EcsCluster-1AAGQRFIOE9AE,Service_beiakklem1vi3j5fejs0,1000,1,0.0196771980,0
1537411140,Prod-EcsStagingCluster-EcsCluster-1AAGQRFIOE9AE,Service_beiakklem1vi3j5fejs0,1000,1,0.4775890371,0
1537430220,Prod-EcsStagingCluster-EcsCluster-1AAGQRFIOE9AE,Service_beiakklem1vi3j5fejs0,1000,1,0.0191665344,0
1537358040,Prod-EcsStagingCluster-EcsCluster-1AAGQRFIOE9AE,Service_beiakklem1vi3j5fejs0,1000,1,0.0204390253,0
1537364400,Prod-EcsStagingCluster-EcsCluster-1AAGQRFIOE9AE,Service_beiakklem1vi3j5fejs0,1000,1,0.0197927654,0
1537408920,Prod-EcsStagingCluster-EcsCluster-1AAGQRFIOE9AE,Service_beiakklem1vi3j5fejs0,1000,1,0.0207350799,0
1537415280,Prod-EcsStagingCluster-EcsCluster-1AAGQRFIOE9AE,Service_beiakklem1vi3j5fejs0,1000,1,0.0190876126,0
1537396140,Prod-EcsStagingCluster-EcsCluster-1AAGQRFIOE9AE,Service_beiakklem1vi3j5fejs0,1000,1,0.0205386859,0
1537360020,Prod-EcsStagingCluster-EcsCluster-1AAGQRFIOE9AE,Service_beiakklem1vi3j5fejs0,1000,1,0.0203440401,0
1537353660,Prod-EcsStagingCluster-EcsCluster-1AAGQRFIOE9AE,Service_beiakklem1vi3j5fejs0,1000,1,0.0201063263,0
1537392840,Prod-EcsStagingCluster-EcsCluster-1AAGQRFIOE9AE,Service_beiakklem1vi3j5fejs0,1000,1,0.0193108455,0
1537404540,Prod-EcsStagingCluster-EcsCluster-1AAGQRFIOE9AE,Service_beiakklem1vi3j5fejs0,1000,1,0.0198665997,0
1537346160,Prod-EcsStagingCluster-EcsCluster-1AAGQRFIOE9AE,Service_beiakklem1vi3j5fejs0,1000,1,0.0196794978,0
1537375800,Prod-EcsStagingCluster-EcsCluster-1AAGQRFIOE9AE,Service_beiakklem1vi3j5fejs0,1000,1,0.0197529853,0
1537397040,Prod-EcsStagingCluster-EcsCluster-1AAGQRFIOE9AE,Service_beiakklem1vi3j5fejs0,1000,1,0.0199217908,0
1537370460,Prod-EcsStagingCluster-EcsCluster-1AAGQRFIOE9AE,Service_beiakklem1vi3j5fejs0,1000,1,0.0185085929,0
1537361940,Prod-EcsStagingCluster-EcsCluster-1AAGQRFIOE9AE,Service_beiakklem1vi3j5fejs0,1000,1,0.0194246399,0
1537426680,Prod-EcsStagingCluster-EcsCluster-1AAGQRFIOE9AE,Service_beiakklem1vi3j5fejs0,1000,1,0.0191393822,0
1537421340,Prod-EcsStagingCluster-EcsCluster-1AAGQRFIOE9AE,Service_beiakklem1vi3j5fejs0,1000,1,0.0190367150,0
1537412820,Prod-EcsStagingCluster-EcsCluster-1AAGQRFIOE9AE,Service_beiakklem1vi3j5fejs0,1000,1,0.0206405525,0
1537392600,Prod-EcsStagingCluster-EcsCluster-1AAGQRFIOE9AE,Service_beiakklem1vi3j5fejs0,1000,1,0.0190135470,0
1537345920,Prod-EcsStagingCluster-EcsCluster-1AAGQRFIOE9AE,Service_beiakklem1vi3j5fejs0,1000,1,0.0200763392,0
1537378740,Prod-EcsStagingCluster-EcsCluster-1AAGQRFIOE9AE,Service_beiakklem1vi3j5fejs0,1000,1,0.4768233335,0
1537396800,Prod-EcsStagingCluster-EcsCluster-1AAGQRFIOE9AE,Service_beiakklem1vi3j5fejs0,1000,1,0.0208772496,0
1537395660,Prod-EcsStagingCluster-EcsCluster-1AAGQRFIOE9AE,Service_beiakklem1vi3j5fejs0,1000,1,0.0205540978,0
1537429620,Prod-EcsStagingCluster-EcsCluster-1AAGQRFIOE9AE,Service_beiakklem1vi3j5fejs0,1000,1,0.0193443059,0
1537361700,Prod-EcsStagingCluster-EcsCluster-1AAGQRFIOE9AE,Service_beiakklem1vi3j5fejs0,1000,1,0.0194700046,0
1537412580,Prod-EcsStagingCluster-EcsCluster-1AAGQRFIOE9AE,Service_beiakklem1vi3j5fejs0,1000,1,0.0199908167,0
1537362720,Prod-EcsStagingCluster-EcsCluster-1AAGQRFIOE9AE,Service_beiakklem1vi3j5fejs0,1000,1,0.0187912925,0
1537413600,Prod-EcsStagingCluster-EcsCluster-1AAGQRFIOE9AE,Service_beiakklem1vi3j5fejs0,1000,1,0.0201599045,0
1537392360,Prod-EcsStagingCluster-EcsCluster-1AAGQRFIOE9AE,Service_beiakklem1vi3j5fejs0,1000,1,0.0189723233,0
1537345680,Prod-EcsStagingCluster-EcsCluster-1AAGQRFIOE9AE,Service_beiakklem1vi3j5fejs0,1000,1,0.0195487348,0
1537361580,Prod-EcsStagingCluster-EcsCluster-1AAGQRFIOE9AE,Service_beiakklem1vi3j5fejs0,1000,1,0.0183769999,0
1537410360,Prod-EcsStagingCluster-EcsCluster-1AAGQRFIOE9AE,Service_beiakklem1vi3j5fejs0,1000,1,0.0207315989,0
1537412460,Prod-EcsStagingCluster-EcsCluster-1AAGQRFIOE9AE,Service_beiakklem1vi3j5fejs0,1000,1,0.0195257859,0
1537378500,Prod-EcsStagingCluster-EcsCluster-1AAGQRFIOE9AE,Service_beiakklem1vi3j5fejs0,1000,1,0.0183664451,0
1537429380,Prod-EcsStagingCluster-EcsCluster-1AAGQRFIOE9AE,Service_beiakklem1vi3j5fejs0,1000,1,0.0197727793,0
1537369980,Prod-EcsStagingCluster-EcsCluster-1AAGQRFIOE9AE,Service_beiakklem1vi3j5fejs0,1000,1,0.0193019632,0
1537420860,Prod-EcsStagingCluster-EcsCluster-1AAGQRFIOE9AE,Service_beiakklem1vi3j5fejs0,1000,1,0.0194383648,0
1537376280,Prod-EcsStagingCluster-EcsCluster-1AAGQRFIOE9AE,Service_beiakklem1vi3j5fejs0,1000,1,0.0194560955,0
1537427160,Prod-EcsStagingCluster-EcsCluster-1AAGQRFIOE9AE,Service_beiakklem1vi3j5fejs0,1000,1,0.0194034757,0
1537380480,Prod-EcsStagingCluster-EcsCluster-1AAGQRFIOE9AE,Service_beiakklem1vi3j5fejs0,1000,1,0.0198074325,0
1537431360,Prod-EcsStagingCluster-EcsCluster-1AAGQRFIOE9AE,Service_beiakklem1vi3j5fejs0,1000,1,0.0174417312,0
1537386780,Prod-EcsStagingCluster-EcsCluster-1AAGQRFIOE9AE,Service_beiakklem1vi3j5fejs0,1000,1,0.0206819407,0
1537378260,Prod-EcsStagingCluster-EcsCluster-1AAGQRFIOE9AE,Service_beiakklem1vi3j5fejs0,1000,1,0.0200495919,0
1537346400,Prod-EcsStagingCluster-EcsCluster-1AAGQRFIOE9AE,Service_beiakklem1vi3j5fejs0,1000,1,0.0200500877,0
1537397280,Prod-EcsStagingCluster-EcsCluster-1AAGQRFIOE9AE,Service_beiakklem1vi3j5fejs0,1000,1,0.0200627817,0
1537429140,Prod-EcsStagingCluster-EcsCluster-1AAGQRFIOE9AE,Service_beiakklem1vi3j5fejs0,1000,1,0.4721091273,0
1537376040,Prod-EcsStagingCluster-EcsCluster-1AAGQRFIOE9AE,Service_beiakklem1vi3j5fejs0,1000,1,0.0199090467,0
1537380240,Prod-EcsStagingCluster-EcsCluster-1AAGQRFIOE9AE,Service_beiakklem1vi3j5fejs0,1000,1,0.0197026165,0
1537395060,Prod-EcsStagingCluster-EcsCluster-1AAGQRFIOE9AE,Service_beiakklem1vi3j5fejs0,1000,1,0.0206658644,0
1537361100,Prod-EcsStagingCluster-EcsCluster-1AAGQRFIOE9AE,Service_beiakklem1vi3j5fejs0,1000,1,0.0196188678,0
1537426920,Prod-EcsStagingCluster-EcsCluster-1AAGQRFIOE9AE,Service_beiakklem1vi3j5fejs0,1000,1,0.0194137879,0
1537431120,Prod-EcsStagingCluster-EcsCluster-1AAGQRFIOE9AE,Service_beiakklem1vi3j5fejs0,1000,1,0.0193343469,0
1537411980,Prod-EcsStagingCluster-EcsCluster-1AAGQRFIOE9AE,Service_beiakklem1vi3j5fejs0,1000,1,0.0195940499,0
1537378020,Prod-EcsStagingCluster-EcsCluster-1AAGQRFIOE9AE,Service_beiakklem1vi3j5fejs0,1000,1,0.0191621036,0
1537372680,Prod-EcsStagingCluster-EcsCluster-1AAGQRFIOE9AE,Service_beiakklem1vi3j5fejs0,1000,1,0.0187079148,0
1537379040,Prod-EcsStagingCluster-EcsCluster-1AAGQRFIOE9AE,Service_beiakklem1vi3j5fejs0,1000,1,0.0194065805,0
1537424700,Prod-EcsStagingCluster-EcsCluster-1AAGQRFIOE9AE,Service_beiakklem1vi3j5fejs0,1000,1,0.0191367193,0
1537359960,Prod-EcsStagingCluster-EcsCluster-1AAGQRFIOE9AE,Service_beiakklem1vi3j5fejs0,1000,1,0.0200170438,0
1537366320,Prod-EcsStagingCluster-EcsCluster-1AAGQRFIOE9AE,Service_beiakklem1vi3j5fejs0,1000,1,0.0192535886,0
1537410840,Prod-EcsStagingCluster-EcsCluster-1AAGQRFIOE9AE,Service_beiakklem1vi3j5fejs0,1000,1,0.0207159065,0
1537429920,Prod-EcsStagingCluster-EcsCluster-1AAGQRFIOE9AE,Service_beiakklem1vi3j5fejs0,1000,1,0.0199594074,0
1537423560,Prod-EcsStagingCluster-EcsCluster-1AAGQRFIOE9AE,Service_beiakklem1vi3j5fejs0,1000,1,0.0196326765,0
1537417200,Prod-EcsStagingCluster-EcsCluster-1AAGQRFIOE9AE,Service_beiakklem1vi3j5fejs0,1000,1,0.0223497037,0
1537390620,Prod-EcsStagingCluster-EcsCluster-1AAGQRFIOE9AE,Service_beiakklem1vi3j5fejs0,1000,1,0.0193610919,0
1537377900,Prod-EcsStagingCluster-EcsCluster-1AAGQRFIOE9AE,Service_beiakklem1vi3j5fejs0,1000,1,0.0208963489,0
1537428780,Prod-EcsStagingCluster-EcsCluster-1AAGQRFIOE9AE,Service_beiakklem1vi3j5fejs0,1000,1,0.0197011544,0
1537379940,Prod-EcsStagingCluster-EcsCluster-1AAGQRFIOE9AE,Service_beiakklem1vi3j5fejs0,1000,1,0.0199203312,0
1537392660,Prod-EcsStagingCluster-EcsCluster-1AAGQRFIOE9AE,Service_beiakklem1vi3j5fejs0,1000,1,0.0191063290,0
1537430820,Prod-EcsStagingCluster-EcsCluster-1AAGQRFIOE9AE,Service_beiakklem1vi3j5fejs0,1000,1,0.0187767018,0
1537358580,Prod-EcsStagingCluster-EcsCluster-1AAGQRFIOE9AE,Service_beiakklem1vi3j5fejs0,1000,1,0.0198652894,0
1537345860,Prod-EcsStagingCluster-EcsCluster-1AAGQRFIOE9AE,Service_beiakklem1vi3j5fejs0,1000,1,0.0199594261,0
1537409460,Prod-EcsStagingCluster-EcsCluster-1AAGQRFIOE9AE,Service_beiakklem1vi3j5fejs0,1000,1,0.0209226927,0
1537396740,Prod-EcsStagingCluster-EcsCluster-1AAGQRFIOE9AE,Service_beiakklem1vi3j5fejs0,1000,1,0.4551482546,0
1537359480,Prod-EcsStagingCluster-EcsCluster-1AAGQRFIOE9AE,Service_beiakklem1vi3j5fejs0,1000,1,0.0199943784,0
1537378560,Prod-EcsStagingCluster-EcsCluster-1AAGQRFIOE9AE,Service_beiakklem1vi3j5fejs0,1000,1,0.0195821487,0
1537365840,Prod-EcsStagingCluster-EcsCluster-1AAGQRFIOE9AE,Service_beiakklem1vi3j5fejs0,1000,1,0.0191570663,0
1537372200,Prod-EcsStagingCluster-EcsCluster-1AAGQRFIOE9AE,Service_beiakklem1vi3j5fejs0,1000,1,0.0191566587,0
1537377420,Prod-EcsStagingCluster-EcsCluster-1AAGQRFIOE9AE,Service_beiakklem1vi3j5fejs0,1000,1,0.0261905686,0
1537390140,Prod-EcsStagingCluster-EcsCluster-1AAGQRFIOE9AE,Service_beiakklem1vi3j5fejs0,1000,1,0.0186191590,0
1537428300,Prod-EcsStagingCluster-EcsCluster-1AAGQRFIOE9AE,Service_beiakklem1vi3j5fejs0,1000,1,0.0189261278,0
1537356060,Prod-EcsStagingCluster-EcsCluster-1AAGQRFIOE9AE,Service_beiakklem1vi3j5fejs0,1000,1,0.0197916624,0
1537406940,Prod-EcsStagingCluster-EcsCluster-1AAGQRFIOE9AE,Service_beiakklem1vi3j5fejs0,1000,1,0.0195178851,0
1537394220,Prod-EcsStagingCluster-EcsCluster-1AAGQRFIOE9AE,Service_beiakklem1vi3j5fejs0,1000,1,0.0185260385,0
1537345380,Prod-EcsStagingCluster-EcsCluster-1AAGQRFIOE9AE,Service_beiakklem1vi3j5fejs0,1000,1,0.0198200215,0
1537358100,Prod-EcsStagingCluster-EcsCluster-1AAGQRFIOE9AE,Service_beiakklem1vi3j5fejs0,1000,1,0.0202206759,0
1537396260,Prod-EcsStagingCluster-EcsCluster-1AAGQRFIOE9AE,Service_beiakklem1vi3j5fejs0,1000,1,0.0206285009,0
1537408980,Prod-EcsStagingCluster-EcsCluster-1AAGQRFIOE9AE,Service_beiakklem1vi3j5fejs0,1000,1,0.0205471782,0
1537362240,Prod-EcsStagingCluster-EcsCluster-1AAGQRFIOE9AE,Service_beiakklem1vi3j5fejs0,1000,1,0.0193821104,0
1537349520,Prod-EcsStagingCluster-EcsCluster-1AAGQRFIOE9AE,Service_beiakklem1vi3j5fejs0,1000,1,0.0200280746,0
1537355880,Prod-EcsStagingCluster-EcsCluster-1AAGQRFIOE9AE,Service_beiakklem1vi3j5fejs0,1000,1,0.0197365133,0
1537400400,Prod-EcsStagingCluster-EcsCluster-1AAGQRFIOE9AE,Service_beiakklem1vi3j5fejs0,1000,1,0.0210874443,0
1537394040,Prod-EcsStagingCluster-EcsCluster-1AAGQRFIOE9AE,Service_beiakklem1vi3j5fejs0,1000,1,0.0173306132,0
1537374900,Prod-EcsStagingCluster-EcsCluster-1AAGQRFIOE9AE,Service_beiakklem1vi3j5fejs0,1000,1,0.0197838156,0
1537413120,Prod-EcsStagingCluster-EcsCluster-1AAGQRFIOE9AE,Service_beiakklem1vi3j5fejs0,1000,1,0.0198089815,0
1537406760,Prod-EcsStagingCluster-EcsCluster-1AAGQRFIOE9AE,Service_beiakklem1vi3j5fejs0,1000,1,0.0205696302,0
1537362180,Prod-EcsStagingCluster-EcsCluster-1AAGQRFIOE9AE,Service_beiakklem1vi3j5fejs0,1000,1,0.0184783711,0
1537413060,Prod-EcsStagingCluster-EcsCluster-1AAGQRFIOE9AE,Service_beiakklem1vi3j5fejs0,1000,1,0.0194632797,0
1537425780,Prod-EcsStagingCluster-EcsCluster-1AAGQRFIOE9AE,Service_beiakklem1vi3j5fejs0,1000,1,0.0190661060,0
1537410900,Prod-EcsStagingCluster-EcsCluster-1AAGQRFIOE9AE,Service_beiakklem1vi3j5fejs0,1000,1,0.0207216499,0
1537382160,Prod-EcsStagingCluster-EcsCluster-1AAGQRFIOE9AE,Service_beiakklem1vi3j5fejs0,1000,1,0.0197945449,0
1537376820,Prod-EcsStagingCluster-EcsCluster-1AAGQRFIOE9AE,Service_beiakklem1vi3j5fejs0,1000,1,0.0195772762,0
1537394880,Prod-EcsStagingCluster-EcsCluster-1AAGQRFIOE9AE,Service_beiakklem1vi3j5fejs0,1000,1,0.0208493448,0
1537364100,Prod-EcsStagingCluster-EcsCluster-1AAGQRFIOE9AE,Service_beiakklem1vi3j5fejs0,1000,1,0.0190305675,0
1537355580,Prod-EcsStagingCluster-EcsCluster-1AAGQRFIOE9AE,Service_beiakklem1vi3j5fejs0,1000,1,0.0196696108,0
1537393740,Prod-EcsStagingCluster-EcsCluster-1AAGQRFIOE9AE,Service_beiakklem1vi3j5fejs0,1000,1,0.0189265341,0
1537427700,Prod-EcsStagingCluster-EcsCluster-1AAGQRFIOE9AE,Service_beiakklem1vi3j5fejs0,1000,1,0.0194480821,0
1537414980,Prod-EcsStagingCluster-EcsCluster-1AAGQRFIOE9AE,Service_beiakklem1vi3j5fejs0,1000,1,0.0196839172,0
1537348080,Prod-EcsStagingCluster-EcsCluster-1AAGQRFIOE9AE,Service_beiakklem1vi3j5fejs0,1000,1,0.0201008440,0
1537360800,Prod-EcsStagingCluster-EcsCluster-1AAGQRFIOE9AE,Service_beiakklem1vi3j5fejs0,1000,1,0.0198617537,0
1537406460,Prod-EcsStagingCluster-EcsCluster-1AAGQRFIOE9AE,Service_beiakklem1vi3j5fejs0,1000,1,0.0199913156,0
1537411680,Prod-EcsStagingCluster-EcsCluster-1AAGQRFIOE9AE,Service_beiakklem1vi3j5fejs0,1000,1,0.0204731011,0
1537377720,Prod-EcsStagingCluster-EcsCluster-1AAGQRFIOE9AE,Service_beiakklem1vi3j5fejs0,1000,1,0.0200252545,0
1537398960,Prod-EcsStagingCluster-EcsCluster-1AAGQRFIOE9AE,Service_beiakklem1vi3j5fejs0,1000,1,0.0197368108,0
1537372380,Prod-EcsStagingCluster-EcsCluster-1AAGQRFIOE9AE,Service_beiakklem1vi3j5fejs0,1000,1,0.0186966811,0
1537390440,Prod-EcsStagingCluster-EcsCluster-1AAGQRFIOE9AE,Service_beiakklem1vi3j5fejs0,1000,1,0.0194151979,0
1537359660,Prod-EcsStagingCluster-EcsCluster-1AAGQRFIOE9AE,Service_beiakklem1vi3j5fejs0,1000,1,0.0198493499,0
1537410540,Prod-EcsStagingCluster-EcsCluster-1AAGQRFIOE9AE,Service_beiakklem1vi3j5fejs0,1000,1,0.0204747094,0
1537428600,Prod-EcsStagingCluster-EcsCluster-1AAGQRFIOE9AE,Service_beiakklem1vi3j5fejs0,1000,1,0.0191813529,0
1537423260,Prod-EcsStagingCluster-EcsCluster-1AAGQRFIOE9AE,Service_beiakklem1vi3j5fejs0,1000,1,0.0191336895,0
1537356360,Prod-EcsStagingCluster-EcsCluster-1AAGQRFIOE9AE,Service_beiakklem1vi3j5fejs0,1000,1,0.0195494419,0
1537407240,Prod-EcsStagingCluster-EcsCluster-1AAGQRFIOE9AE,Service_beiakklem1vi3j5fejs0,1000,1,0.0195831291,0
1537394520,Prod-EcsStagingCluster-EcsCluster-1AAGQRFIOE9AE,Service_beiakklem1vi3j5fejs0,1000,1,0.0206869020,0
1537416720,Prod-EcsStagingCluster-EcsCluster-1AAGQRFIOE9AE,Service_beiakklem1vi3j5fejs0,1000,1,0.0197220264,0
1537429440,Prod-EcsStagingCluster-EcsCluster-1AAGQRFIOE9AE,Service_beiakklem1vi3j5fejs0,1000,1,0.0195868927,0
1537363620,Prod-EcsStagingCluster-EcsCluster-1AAGQRFIOE9AE,Service_beiakklem1vi3j5fejs0,1000,1,0.0187424032,0
1537376340,Prod-EcsStagingCluster-EcsCluster-1AAGQRFIOE9AE,Service_beiakklem1vi3j5fejs0,1000,1,0.0191601015,0
1537414500,Prod-EcsStagingCluster-EcsCluster-1AAGQRFIOE9AE,Service_beiakklem1vi3j5fejs0,1000,1,0.0194106842,0
1537395360,Prod-EcsStagingCluster-EcsCluster-1AAGQRFIOE9AE,Service_beiakklem1vi3j5fejs0,1000,1,0.0210521216,0
1537361400,Prod-EcsStagingCluster-EcsCluster-1AAGQRFIOE9AE,Service_beiakklem1vi3j5fejs0,1000,1,0.0195955782,0
1537427220,Prod-EcsStagingCluster-EcsCluster-1AAGQRFIOE9AE,Service_beiakklem1vi3j5fejs0,1000,1,0.0191401999,0
1537382640,Prod-EcsStagingCluster-EcsCluster-1AAGQRFIOE9AE,Service_beiakklem1vi3j5fejs0,1000,1,0.0203935599,0
1537374120,Prod-EcsStagingCluster-EcsCluster-1AAGQRFIOE9AE,Service_beiakklem1vi3j5fejs0,1000,1,0.0201880419,0
1537412280,Prod-EcsStagingCluster-EcsCluster-1AAGQRFIOE9AE,Service_beiakklem1vi3j5fejs0,1000,1,0.0196237975,0
1537393140,Prod-EcsStagingCluster-EcsCluster-1AAGQRFIOE9AE,Service_beiakklem1vi3j5fejs0,1000,1,0.4699027413,0
1537359180,Prod-EcsStagingCluster-EcsCluster-1AAGQRFIOE9AE,Service_beiakklem1vi3j5fejs0,1000,1,0.0196936825,0
1537425000,Prod-EcsStagingCluster-EcsCluster-1AAGQRFIOE9AE,Service_beiakklem1vi3j5fejs0,1000,1,0.0193354502,0
1537380420,Prod-EcsStagingCluster-EcsCluster-1AAGQRFIOE9AE,Service_beiakklem1vi3j5fejs0,1000,1,0.0203448347,0
1537431300,Prod-EcsStagingCluster-EcsCluster-1AAGQRFIOE9AE,Service_beiakklem1vi3j5fejs0,1000,1,0.0189965683,0
1537371900,Prod-EcsStagingCluster-EcsCluster-1AAGQRFIOE9AE,Service_beiakklem1vi3j5fejs0,1000,1,0.0177261124,0
1537410060,Prod-EcsStagingCluster-EcsCluster-1AAGQRFIOE9AE,Service_beiakklem1vi3j5fejs0,1000,1,0.0203544474,0
1537422780,Prod-EcsStagingCluster-EcsCluster-1AAGQRFIOE9AE,Service_beiakklem1vi3j5fejs0,1000,1,0.0190439981,0
1537390920,Prod-EcsStagingCluster-EcsCluster-1AAGQRFIOE9AE,Service_beiakklem1vi3j5fejs0,1000,1,0.0202532064,0
1537378200,Prod-EcsStagingCluster-EcsCluster-1AAGQRFIOE9AE,Service_beiakklem1vi3j5fejs0,1000,1,0.0201118371,0
1537429080,Prod-EcsStagingCluster-EcsCluster-1AAGQRFIOE9AE,Service_beiakklem1vi3j5fejs0,1000,1,0.0203109857,0
1537388700,Prod-EcsStagingCluster-EcsCluster-1AAGQRFIOE9AE,Service_beiakklem1vi3j5fejs0,1000,1,13.6314305420,0
1537375980,Prod-EcsStagingCluster-EcsCluster-1AAGQRFIOE9AE,Service_beiakklem1vi3j5fejs0,1000,1,0.0186597881,0
1537350300,Prod-EcsStagingCluster-EcsCluster-1AAGQRFIOE9AE,Service_beiakklem1vi3j5fejsg,1000,2,0.0674760940,0
1537353480,Prod-EcsStagingCluster-EcsCluster-1AAGQRFIOE9AE,Service_beiakklem1vi3j5fejsg,1000,2,0.0669911815,0
1537356660,Prod-EcsStagingCluster-EcsCluster-1AAGQRFIOE9AE,Service_beiakklem1vi3j5fejsg,1000,2,0.0704222409,0
1537359840,Prod-EcsStagingCluster-EcsCluster-1AAGQRFIOE9AE,Service_beiakklem1vi3j5fejsg,1000,2,0.0611609812,0
1537378920,Prod-EcsStagingCluster-EcsCluster-1AAGQRFIOE9AE,Service_beiakklem1vi3j5fejsg,1000,2,0.0836943868,0
1537382100,Prod-EcsStagingCluster-EcsCluster-1AAGQRFIOE9AE,Service_beiakklem1vi3j5fejsg,1000,2,0.0670265362,0
1537385280,Prod-EcsStagingCluster-EcsCluster-1AAGQRFIOE9AE,Service_beiakklem1vi3j5fejsg,1000,2,0.0614918801,0
1537375740,Prod-EcsStagingCluster-EcsCluster-1AAGQRFIOE9AE,Service_beiakklem1vi3j5fejsg,1000,2,0.0612751998,0
1537409580,Prod-EcsStagingCluster-EcsCluster-1AAGQRFIOE9AE,Service_beiakklem1vi3j5fejsg,1000,2,0.0705758231,0
1537412760,Prod-EcsStagingCluster-EcsCluster-1AAGQRFIOE9AE,Service_beiakklem1vi3j5fejsg,1000,2,0.0555345628,0
1537415940,Prod-EcsStagingCluster-EcsCluster-1AAGQRFIOE9AE,Service_beiakklem1vi3j5fejsg,1000,2,0.0588290518,0
1537419120,Prod-EcsStagingCluster-EcsCluster-1AAGQRFIOE9AE,Service_beiakklem1vi3j5fejsg,1000,2,0.0858748245,0
1537393440,Prod-EcsStagingCluster-EcsCluster-1AAGQRFIOE9AE,Service_beiakklem1vi3j5fejsg,1000,2,0.0576148039,0
1537390260,Prod-EcsStagingCluster-EcsCluster-1AAGQRFIOE9AE,Service_beiakklem1vi3j5fejsg,1000,2,0.0745742954,0
1537383900,Prod-EcsStagingCluster-EcsCluster-1AAGQRFIOE9AE,Service_beiakklem1vi3j5fejsg,1000,2,0.0619115690,0
1537387080,Prod-EcsStagingCluster-EcsCluster-1AAGQRFIOE9AE,Service_beiakklem1vi3j5fejsg,1000,2,0.0597021133,0
1537415700,Prod-EcsStagingCluster-EcsCluster-1AAGQRFIOE9AE,Service_beiakklem1vi3j5fejsg,1000,2,0.0543546215,0
1537418880,Prod-EcsStagingCluster-EcsCluster-1AAGQRFIOE9AE,Service_beiakklem1vi3j5fejsg,1000,2,0.0873260225,0
1537347780,Prod-EcsStagingCluster-EcsCluster-1AAGQRFIOE9AE,Service_beiakklem1vi3j5fejsg,1000,2,0.0729140656,0
1537350960,Prod-EcsStagingCluster-EcsCluster-1AAGQRFIOE9AE,Service_beiakklem1vi3j5fejsg,1000,2,0.0601835269,0
1537409340,Prod-EcsStagingCluster-EcsCluster-1AAGQRFIOE9AE,Service_beiakklem1vi3j5fejsg,1000,2,0.0714831666,0
1537412520,Prod-EcsStagingCluster-EcsCluster-1AAGQRFIOE9AE,Service_beiakklem1vi3j5fejsg,1000,2,0.0552650613,0
1537373220,Prod-EcsStagingCluster-EcsCluster-1AAGQRFIOE9AE,Service_beiakklem1vi3j5fejsg,1000,2,0.0699740806,0
1537366860,Prod-EcsStagingCluster-EcsCluster-1AAGQRFIOE9AE,Service_beiakklem1vi3j5fejsg,1000,2,0.0625784865,0
1537394400,Prod-EcsStagingCluster-EcsCluster-1AAGQRFIOE9AE,Service_beiakklem1vi3j5fejsg,1000,2,0.0601412306,0
1537388040,Prod-EcsStagingCluster-EcsCluster-1AAGQRFIOE9AE,Service_beiakklem1vi3j5fejsg,1000,2,0.0659722574,0
1537419840,Prod-EcsStagingCluster-EcsCluster-1AAGQRFIOE9AE,Service_beiakklem1vi3j5fejsg,1000,2,0.0799194626,0
1537351920,Prod-EcsStagingCluster-EcsCluster-1AAGQRFIOE9AE,Service_beiakklem1vi3j5fejsg,1000,2,0.0605921228,0
1537413480,Prod-EcsStagingCluster-EcsCluster-1AAGQRFIOE9AE,Service_beiakklem1vi3j5fejsg,1000,2,0.0572649474,0
1537345560,Prod-EcsStagingCluster-EcsCluster-1AAGQRFIOE9AE,Service_beiakklem1vi3j5fejsg,1000,2,0.0582726997,0
1537377360,Prod-EcsStagingCluster-EcsCluster-1AAGQRFIOE9AE,Service_beiakklem1vi3j5fejsg,1000,2,0.0599624014,0
1537371000,Prod-EcsStagingCluster-EcsCluster-1AAGQRFIOE9AE,Service_beiakklem1vi3j5fejsg,1000,2,0.0679727127,0
1537347540,Prod-EcsStagingCluster-EcsCluster-1AAGQRFIOE9AE,Service_beiakklem1vi3j5fejsg,1000,2,0.0707081861,0
1537345320,Prod-EcsStagingCluster-EcsCluster-1AAGQRFIOE9AE,Service_beiakklem1vi3j5fejsg,1000,2,0.0604138080,0
1537417500,Prod-EcsStagingCluster-EcsCluster-1AAGQRFIOE9AE,Service_beiakklem1vi3j5fejsg,1000,2,0.0823387884,0
1537423860,Prod-EcsStagingCluster-EcsCluster-1AAGQRFIOE9AE,Service_beiakklem1vi3j5fejsg,1000,2,0.0617108592,0
1537351680,Prod-EcsStagingCluster-EcsCluster-1AAGQRFIOE9AE,Service_beiakklem1vi3j5fejsg,1000,2,0.0612293215,0
1537375020,Prod-EcsStagingCluster-EcsCluster-1AAGQRFIOE9AE,Service_beiakklem1vi3j5fejsg,1000,2,0.0577625086,0
1537381380,Prod-EcsStagingCluster-EcsCluster-1AAGQRFIOE9AE,Service_beiakklem1vi3j5fejsg,1000,2,0.0724256741,0
1537400460,Prod-EcsStagingCluster-EcsCluster-1AAGQRFIOE9AE,Service_beiakklem1vi3j5fejsg,1000,2,0.0581569919,0
1537406820,Prod-EcsStagingCluster-EcsCluster-1AAGQRFIOE9AE,Service_beiakklem1vi3j5fejsg,1000,2,0.0598690261,0
1537428000,Prod-EcsStagingCluster-EcsCluster-1AAGQRFIOE9AE,Service_beiakklem1vi3j5fejsg,1000,2,0.0544330802,0
1537421640,Prod-EcsStagingCluster-EcsCluster-1AAGQRFIOE9AE,Service_beiakklem1vi3j5fejsg,1000,2,0.0671560251,0
1537385520,Prod-EcsStagingCluster-EcsCluster-1AAGQRFIOE9AE,Service_beiakklem1vi3j5fejsg,1000,2,0.0647949534,0
1537379160,Prod-EcsStagingCluster-EcsCluster-1AAGQRFIOE9AE,Service_beiakklem1vi3j5fejsg,1000,2,0.0666850024,0
1537404600,Prod-EcsStagingCluster-EcsCluster-1AAGQRFIOE9AE,Service_beiakklem1vi3j5fejsg,1000,2,0.0557722012,0
1537410960,Prod-EcsStagingCluster-EcsCluster-1AAGQRFIOE9AE,Service_beiakklem1vi3j5fejsg,1000,2,0.0727588673,0
1537358880,Prod-EcsStagingCluster-EcsCluster-1AAGQRFIOE9AE,Service_beiakklem1vi3j5fejsg,1000,2,0.0670087573,0
1537349340,Prod-EcsStagingCluster-EcsCluster-1AAGQRFIOE9AE,Service_beiakklem1vi3j5fejsg,1000,2,0.0693058038,0
1537380120,Prod-EcsStagingCluster-EcsCluster-1AAGQRFIOE9AE,Service_beiakklem1vi3j5fejsg,1000,2,0.0705122797,0
1537383300,Prod-EcsStagingCluster-EcsCluster-1AAGQRFIOE9AE,Service_beiakklem1vi3j5fejsg,1000,2,0.0616299391,0
1537384320,Prod-EcsStagingCluster-EcsCluster-1AAGQRFIOE9AE,Service_beiakklem1vi3j5fejsg,1000,2,0.0591847885,0
1537405560,Prod-EcsStagingCluster-EcsCluster-1AAGQRFIOE9AE,Service_beiakklem1vi3j5fejsg,1000,2,0.0538431998,0
1537408740,Prod-EcsStagingCluster-EcsCluster-1AAGQRFIOE9AE,Service_beiakklem1vi3j5fejsg,1000,2,0.0731570577,0
1537374780,Prod-EcsStagingCluster-EcsCluster-1AAGQRFIOE9AE,Service_beiakklem1vi3j5fejsg,1000,2,0.0573379406,0
1537408620,Prod-EcsStagingCluster-EcsCluster-1AAGQRFIOE9AE,Service_beiakklem1vi3j5fejsg,1000,2,0.0721293587,0
1537418160,Prod-EcsStagingCluster-EcsCluster-1AAGQRFIOE9AE,Service_beiakklem1vi3j5fejsg,1000,2,0.0858885043,0
1537354440,Prod-EcsStagingCluster-EcsCluster-1AAGQRFIOE9AE,Service_beiakklem1vi3j5fejsg,1000,2,0.0611964574,0
1537357620,Prod-EcsStagingCluster-EcsCluster-1AAGQRFIOE9AE,Service_beiakklem1vi3j5fejsg,1000,2,0.0637961758,0
1537379880,Prod-EcsStagingCluster-EcsCluster-1AAGQRFIOE9AE,Service_beiakklem1vi3j5fejsg,1000,2,0.0701004666,0
1537383060,Prod-EcsStagingCluster-EcsCluster-1AAGQRFIOE9AE,Service_beiakklem1vi3j5fejsg,1000,2,0.0601503962,0
1537392480,Prod-EcsStagingCluster-EcsCluster-1AAGQRFIOE9AE,Service_beiakklem1vi3j5fejsg,1000,2,0.0682379820,0
1537413720,Prod-EcsStagingCluster-EcsCluster-1AAGQRFIOE9AE,Service_beiakklem1vi3j5fejsg,1000,2,0.0532996645,0
1537416900,Prod-EcsStagingCluster-EcsCluster-1AAGQRFIOE9AE,Service_beiakklem1vi3j5fejsg,1000,2,0.0551027674,0
1537382940,Prod-EcsStagingCluster-EcsCluster-1AAGQRFIOE9AE,Service_beiakklem1vi3j5fejsg,1000,2,0.0701153486,0
1537417920,Prod-EcsStagingCluster-EcsCluster-1AAGQRFIOE9AE,Service_beiakklem1vi3j5fejsg,1000,2,0.0865065951,0
1537350000,Prod-EcsStagingCluster-EcsCluster-1AAGQRFIOE9AE,Service_beiakklem1vi3j5fejsg,1000,2,0.0671913362,0
1537408380,Prod-EcsStagingCluster-EcsCluster-1AAGQRFIOE9AE,Service_beiakklem1vi3j5fejsg,1000,2,0.0687020170,0
1537375440,Prod-EcsStagingCluster-EcsCluster-1AAGQRFIOE9AE,Service_beiakklem1vi3j5fejsg,1000,2,0.0572683357,0
1537365900,Prod-EcsStagingCluster-EcsCluster-1AAGQRFIOE9AE,Service_beiakklem1vi3j5fejsg,1000,2,0.0681346583,0
1537376400,Prod-EcsStagingCluster-EcsCluster-1AAGQRFIOE9AE,Service_beiakklem1vi3j5fejsg,1000,2,0.0724689250,0
1537391220,Prod-EcsStagingCluster-EcsCluster-1AAGQRFIOE9AE,Service_beiakklem1vi3j5fejsg,1000,2,0.0619803280,0
1537416660,Prod-EcsStagingCluster-EcsCluster-1AAGQRFIOE9AE,Service_beiakklem1vi3j5fejsg,1000,2,0.0655775166,0
1537348740,Prod-EcsStagingCluster-EcsCluster-1AAGQRFIOE9AE,Service_beiakklem1vi3j5fejsg,1000,2,0.0708773503,0
1537374180,Prod-EcsStagingCluster-EcsCluster-1AAGQRFIOE9AE,Service_beiakklem1vi3j5fejsg,1000,2,0.0633765077,0
1537389000,Prod-EcsStagingCluster-EcsCluster-1AAGQRFIOE9AE,Service_beiakklem1vi3j5fejsg,1000,2,0.0612455968,0
1537346520,Prod-EcsStagingCluster-EcsCluster-1AAGQRFIOE9AE,Service_beiakklem1vi3j5fejsg,1000,2,0.0710356720,0
1537414440,Prod-EcsStagingCluster-EcsCluster-1AAGQRFIOE9AE,Service_beiakklem1vi3j5fejsg,1000,2,0.0541160831,0
1537371960,Prod-EcsStagingCluster-EcsCluster-1AAGQRFIOE9AE,Service_beiakklem1vi3j5fejsg,1000,2,0.0661988102,0
1537416540,Prod-EcsStagingCluster-EcsCluster-1AAGQRFIOE9AE,Service_beiakklem1vi3j5fejsg,1000,2,0.0550408768,0
1537350720,Prod-EcsStagingCluster-EcsCluster-1AAGQRFIOE9AE,Service_beiakklem1vi3j5fejsg,1000,2,0.0617966575,0
1537374060,Prod-EcsStagingCluster-EcsCluster-1AAGQRFIOE9AE,Service_beiakklem1vi3j5fejsg,1000,2,0.0774541760,0
1537399500,Prod-EcsStagingCluster-EcsCluster-1AAGQRFIOE9AE,Service_beiakklem1vi3j5fejsg,1000,2,0.0632489316,0
1537348500,Prod-EcsStagingCluster-EcsCluster-1AAGQRFIOE9AE,Service_beiakklem1vi3j5fejsg,1000,2,0.0733013333,0
1537427040,Prod-EcsStagingCluster-EcsCluster-1AAGQRFIOE9AE,Service_beiakklem1vi3j5fejsg,1000,2,0.0504083403,0
1537384560,Prod-EcsStagingCluster-EcsCluster-1AAGQRFIOE9AE,Service_beiakklem1vi3j5fejsg,1000,2,0.0614264707,0
1537410000,Prod-EcsStagingCluster-EcsCluster-1AAGQRFIOE9AE,Service_beiakklem1vi3j5fejsg,1000,2,0.0679176022,0
1537346280,Prod-EcsStagingCluster-EcsCluster-1AAGQRFIOE9AE,Service_beiakklem1vi3j5fejsg,1000,2,0.0632456831,0
1537424820,Prod-EcsStagingCluster-EcsCluster-1AAGQRFIOE9AE,Service_beiakklem1vi3j5fejsg,1000,2,0.0625931497,0
1537348380,Prod-EcsStagingCluster-EcsCluster-1AAGQRFIOE9AE,Service_beiakklem1vi3j5fejsg,1000,2,0.0714157420,0
1537382340,Prod-EcsStagingCluster-EcsCluster-1AAGQRFIOE9AE,Service_beiakklem1vi3j5fejsg,1000,2,0.0699683922,0
1537407780,Prod-EcsStagingCluster-EcsCluster-1AAGQRFIOE9AE,Service_beiakklem1vi3j5fejsg,1000,2,0.0518614867,0
1537373820,Prod-EcsStagingCluster-EcsCluster-1AAGQRFIOE9AE,Service_beiakklem1vi3j5fejsg,1000,2,0.0659818166,0
1537422600,Prod-EcsStagingCluster-EcsCluster-1AAGQRFIOE9AE,Service_beiakklem1vi3j5fejsg,1000,2,0.0690974647,0
1537407660,Prod-EcsStagingCluster-EcsCluster-1AAGQRFIOE9AE,Service_beiakklem1vi3j5fejsg,1000,2,0.0530286461,0
1537420380,Prod-EcsStagingCluster-EcsCluster-1AAGQRFIOE9AE,Service_beiakklem1vi3j5fejsg,1000,2,0.0834184529,0
1537387440,Prod-EcsStagingCluster-EcsCluster-1AAGQRFIOE9AE,Service_beiakklem1vi3j5fejsg,1000,2,0.0599356769,0
1537381080,Prod-EcsStagingCluster-EcsCluster-1AAGQRFIOE9AE,Service_beiakklem1vi3j5fejsg,1000,2,0.0806524519,0
1537384260,Prod-EcsStagingCluster-EcsCluster-1AAGQRFIOE9AE,Service_beiakklem1vi3j5fejsg,1000,2,0.0606316336,0
1537412880,Prod-EcsStagingCluster-EcsCluster-1AAGQRFIOE9AE,Service_beiakklem1vi3j5fejsg,1000,2,0.0573053408,0
1537406520,Prod-EcsStagingCluster-EcsCluster-1AAGQRFIOE9AE,Service_beiakklem1vi3j5fejsg,1000,2,0.0570194134,0
1537409700,Prod-EcsStagingCluster-EcsCluster-1AAGQRFIOE9AE,Service_beiakklem1vi3j5fejsg,1000,2,0.0696786528,0
1537391520,Prod-EcsStagingCluster-EcsCluster-1AAGQRFIOE9AE,Service_beiakklem1vi3j5fejsg,1000,2,0.0626995611,0
1537385160,Prod-EcsStagingCluster-EcsCluster-1AAGQRFIOE9AE,Service_beiakklem1vi3j5fejsg,1000,2,0.0630501304,0
1537388340,Prod-EcsStagingCluster-EcsCluster-1AAGQRFIOE9AE,Service_beiakklem1vi3j5fejsg,1000,2,0.0650067507,0
1537416960,Prod-EcsStagingCluster-EcsCluster-1AAGQRFIOE9AE,Service_beiakklem1vi3j5fejsg,1000,2,0.0583534829,0
1537352220,Prod-EcsStagingCluster-EcsCluster-1AAGQRFIOE9AE,Service_beiakklem1vi3j5fejsg,1000,2,0.0650989846,0
1537410600,Prod-EcsStagingCluster-EcsCluster-1AAGQRFIOE9AE,Service_beiakklem1vi3j5fejsg,1000,2,0.0685819223,0
1537413780,Prod-EcsStagingCluster-EcsCluster-1AAGQRFIOE9AE,Service_beiakklem1vi3j5fejsg,1000,2,0.0536440329,0
1537377660,Prod-EcsStagingCluster-EcsCluster-1AAGQRFIOE9AE,Service_beiakklem1vi3j5fejsg,1000,2,0.0615919989,0
1537364940,Prod-EcsStagingCluster-EcsCluster-1AAGQRFIOE9AE,Service_beiakklem1vi3j5fejsg,1000,2,0.0619873725,0
1537414680,Prod-EcsStagingCluster-EcsCluster-1AAGQRFIOE9AE,Service_beiakklem1vi3j5fejsg,1000,2,0.0526197798,0
1537417860,Prod-EcsStagingCluster-EcsCluster-1AAGQRFIOE9AE,Service_beiakklem1vi3j5fejsg,1000,2,0.0834943112,0
1537421040,Prod-EcsStagingCluster-EcsCluster-1AAGQRFIOE9AE,Service_beiakklem1vi3j5fejsg,1000,2,0.0698157158,0
1537345620,Prod-EcsStagingCluster-EcsCluster-1AAGQRFIOE9AE,Service_beiakklem1vi3j5fejsg,1000,2,0.0588057129,0
1537415640,Prod-EcsStagingCluster-EcsCluster-1AAGQRFIOE9AE,Service_beiakklem1vi3j5fejsg,1000,2,0.0538407248,0
1537422000,Prod-EcsStagingCluster-EcsCluster-1AAGQRFIOE9AE,Service_beiakklem1vi3j5fejsg,1000,2,0.0684550437,0
1537349760,Prod-EcsStagingCluster-EcsCluster-1AAGQRFIOE9AE,Service_beiakklem1vi3j5fejsg,1000,2,0.0645764443,0
1537373100,Prod-EcsStagingCluster-EcsCluster-1AAGQRFIOE9AE,Service_beiakklem1vi3j5fejsg,1000,2,0.0628030149,0
1537421940,Prod-EcsStagingCluster-EcsCluster-1AAGQRFIOE9AE,Service_beiakklem1vi3j5fejsg,1000,2,0.0670546102,0
1537398540,Prod-EcsStagingCluster-EcsCluster-1AAGQRFIOE9AE,Service_beiakklem1vi3j5fejsg,1000,2,0.0600146938,0
1537385820,Prod-EcsStagingCluster-EcsCluster-1AAGQRFIOE9AE,Service_beiakklem1vi3j5fejsg,1000,2,0.0645332905,0
1537349700,Prod-EcsStagingCluster-EcsCluster-1AAGQRFIOE9AE,Service_beiakklem1vi3j5fejsg,1000,2,0.0638375318,0
1537411260,Prod-EcsStagingCluster-EcsCluster-1AAGQRFIOE9AE,Service_beiakklem1vi3j5fejsg,1000,2,0.0679358853,0
1537375140,Prod-EcsStagingCluster-EcsCluster-1AAGQRFIOE9AE,Service_beiakklem1vi3j5fejsg,1000,2,0.0588505408,0
1537419720,Prod-EcsStagingCluster-EcsCluster-1AAGQRFIOE9AE,Service_beiakklem1vi3j5fejsg,1000,2,0.0820425540,0
1537426080,Prod-EcsStagingCluster-EcsCluster-1AAGQRFIOE9AE,Service_beiakklem1vi3j5fejsg,1000,2,0.0561952403,0
1537347480,Prod-EcsStagingCluster-EcsCluster-1AAGQRFIOE9AE,Service_beiakklem1vi3j5fejsg,1000,2,0.0809849580,0
1537353840,Prod-EcsStagingCluster-EcsCluster-1AAGQRFIOE9AE,Service_beiakklem1vi3j5fejsg,1000,2,0.0658942592,0
1537372920,Prod-EcsStagingCluster-EcsCluster-1AAGQRFIOE9AE,Service_beiakklem1vi3j5fejsg,1000,2,0.0617670506,0
1537379280,Prod-EcsStagingCluster-EcsCluster-1AAGQRFIOE9AE,Service_beiakklem1vi3j5fejsg,1000,2,0.0845797398,0
1537353780,Prod-EcsStagingCluster-EcsCluster-1AAGQRFIOE9AE,Service_beiakklem1vi3j5fejsg,1000,2,0.0662212908,0
1537379220,Prod-EcsStagingCluster-EcsCluster-1AAGQRFIOE9AE,Service_beiakklem1vi3j5fejsg,1000,2,0.0671177446,0
1537351560,Prod-EcsStagingCluster-EcsCluster-1AAGQRFIOE9AE,Service_beiakklem1vi3j5fejsg,1000,2,0.0625930667,0
1537357920,Prod-EcsStagingCluster-EcsCluster-1AAGQRFIOE9AE,Service_beiakklem1vi3j5fejsg,1000,2,0.0695951513,0
1537406700,Prod-EcsStagingCluster-EcsCluster-1AAGQRFIOE9AE,Service_beiakklem1vi3j5fejsg,1000,2,0.0572017747,0
1537377000,Prod-EcsStagingCluster-EcsCluster-1AAGQRFIOE9AE,Service_beiakklem1vi3j5fejsg,1000,2,0.0660397299,0
1537383360,Prod-EcsStagingCluster-EcsCluster-1AAGQRFIOE9AE,Service_beiakklem1vi3j5fejsg,1000,2,0.0611928975,0
1537419420,Prod-EcsStagingCluster-EcsCluster-1AAGQRFIOE9AE,Service_beiakklem1vi3j5fejsg,1000,2,0.0729794732,0
1537352520,Prod-EcsStagingCluster-EcsCluster-1AAGQRFIOE9AE,Service_beiakklem1vi3j5fejsg,1000,2,0.0629613596,0
1537355700,Prod-EcsStagingCluster-EcsCluster-1AAGQRFIOE9AE,Service_beiakklem1vi3j5fejsg,1000,2,0.0705044104,0
1537386480,Prod-EcsStagingCluster-EcsCluster-1AAGQRFIOE9AE,Service_beiakklem1vi3j5fejsg,1000,2,0.0875390541,0
1537411920,Prod-EcsStagingCluster-EcsCluster-1AAGQRFIOE9AE,Service_beiakklem1vi3j5fejsg,1000,2,0.0521129336,0
1537377960,Prod-EcsStagingCluster-EcsCluster-1AAGQRFIOE9AE,Service_beiakklem1vi3j5fejsg,1000,2,0.0663019409,0
1537381140,Prod-EcsStagingCluster-EcsCluster-1AAGQRFIOE9AE,Service_beiakklem1vi3j5fejsg,1000,2,0.0740109068,0
1537390560,Prod-EcsStagingCluster-EcsCluster-1AAGQRFIOE9AE,Service_beiakklem1vi3j5fejsg,1000,2,0.0736181317,0
1537351260,Prod-EcsStagingCluster-EcsCluster-1AAGQRFIOE9AE,Service_beiakklem1vi3j5fejsg,1000,2,0.0631164064,0
1537385220,Prod-EcsStagingCluster-EcsCluster-1AAGQRFIOE9AE,Service_beiakklem1vi3j5fejsg,1000,2,0.0566896756,0
1537416000,Prod-EcsStagingCluster-EcsCluster-1AAGQRFIOE9AE,Service_beiakklem1vi3j5fejsg,1000,2,0.0555735822,0
1537382040,Prod-EcsStagingCluster-EcsCluster-1AAGQRFIOE9AE,Service_beiakklem1vi3j5fejsg,1000,2,0.0686987418,0
1537410660,Prod-EcsStagingCluster-EcsCluster-1AAGQRFIOE9AE,Service_beiakklem1vi3j5fejsg,1000,2,0.0537140996,0
1537376700,Prod-EcsStagingCluster-EcsCluster-1AAGQRFIOE9AE,Service_beiakklem1vi3j5fejsg,1000,2,0.0581917612,0
1537407480,Prod-EcsStagingCluster-EcsCluster-1AAGQRFIOE9AE,Service_beiakklem1vi3j5fejsg,1000,2,0.0556783418,0
1537363980,Prod-EcsStagingCluster-EcsCluster-1AAGQRFIOE9AE,Service_beiakklem1vi3j5fejsg,1000,2,0.0693885444,0
1537389300,Prod-EcsStagingCluster-EcsCluster-1AAGQRFIOE9AE,Service_beiakklem1vi3j5fejsg,1000,2,0.0609898943,0
1537420080,Prod-EcsStagingCluster-EcsCluster-1AAGQRFIOE9AE,Service_beiakklem1vi3j5fejsg,1000,2,0.0839481697,0
1537386120,Prod-EcsStagingCluster-EcsCluster-1AAGQRFIOE9AE,Service_beiakklem1vi3j5fejsg,1000,2,0.0608639786,0
1537411560,Prod-EcsStagingCluster-EcsCluster-1AAGQRFIOE9AE,Service_beiakklem1vi3j5fejsg,1000,2,0.0703691096,0
1537414740,Prod-EcsStagingCluster-EcsCluster-1AAGQRFIOE9AE,Service_beiakklem1vi3j5fejsg,1000,2,0.0523907039,0
1537347840,Prod-EcsStagingCluster-EcsCluster-1AAGQRFIOE9AE,Service_beiakklem1vi3j5fejsg,1000,2,0.0729298388,0
1537348800,Prod-EcsStagingCluster-EcsCluster-1AAGQRFIOE9AE,Service_beiakklem1vi3j5fejsg,1000,2,0.0722991535,0
1537372140,Prod-EcsStagingCluster-EcsCluster-1AAGQRFIOE9AE,Service_beiakklem1vi3j5fejsg,1000,2,0.0665166695,0
1537397580,Prod-EcsStagingCluster-EcsCluster-1AAGQRFIOE9AE,Service_beiakklem1vi3j5fejsg,1000,2,0.0603020575,0
1537418820,Prod-EcsStagingCluster-EcsCluster-1AAGQRFIOE9AE,Service_beiakklem1vi3j5fejsg,1000,2,0.0862454264,0
1537384860,Prod-EcsStagingCluster-EcsCluster-1AAGQRFIOE9AE,Service_beiakklem1vi3j5fejsg,1000,2,0.0610460396,0
1537410300,Prod-EcsStagingCluster-EcsCluster-1AAGQRFIOE9AE,Service_beiakklem1vi3j5fejsg,1000,2,0.0692134658,0
1537346580,Prod-EcsStagingCluster-EcsCluster-1AAGQRFIOE9AE,Service_beiakklem1vi3j5fejsg,1000,2,0.0706521831,0
1537425120,Prod-EcsStagingCluster-EcsCluster-1AAGQRFIOE9AE,Service_beiakklem1vi3j5fejsg,1000,2,0.0606994798,0
1537416600,Prod-EcsStagingCluster-EcsCluster-1AAGQRFIOE9AE,Service_beiakklem1vi3j5fejsg,1000,2,0.0562020473,0
1537352880,Prod-EcsStagingCluster-EcsCluster-1AAGQRFIOE9AE,Service_beiakklem1vi3j5fejsg,1000,2,0.0720679528,0
1537378320,Prod-EcsStagingCluster-EcsCluster-1AAGQRFIOE9AE,Service_beiakklem1vi3j5fejsg,1000,2,0.0626301210,0
1537422900,Prod-EcsStagingCluster-EcsCluster-1AAGQRFIOE9AE,Service_beiakklem1vi3j5fejsg,1000,2,0.0632152728,0
1537350660,Prod-EcsStagingCluster-EcsCluster-1AAGQRFIOE9AE,Service_beiakklem1vi3j5fejsg,1000,2,0.0607756948,0
1537376100,Prod-EcsStagingCluster-EcsCluster-1AAGQRFIOE9AE,Service_beiakklem1vi3j5fejsg,1000,2,0.0601290350,0
1537420680,Prod-EcsStagingCluster-EcsCluster-1AAGQRFIOE9AE,Service_beiakklem1vi3j5fejsg,1000,2,0.0640656596,0
1537356960,Prod-EcsStagingCluster-EcsCluster-1AAGQRFIOE9AE,Service_beiakklem1vi3j5fejsg,1000,2,0.0742563204,0
1537405740,Prod-EcsStagingCluster-EcsCluster-1AAGQRFIOE9AE,Service_beiakklem1vi3j5fejsg,1000,2,0.0544568108,0
1537348440,Prod-EcsStagingCluster-EcsCluster-1AAGQRFIOE9AE,Service_beiakklem1vi3j5fejsg,1000,2,0.0719587926,0
1537382400,Prod-EcsStagingCluster-EcsCluster-1AAGQRFIOE9AE,Service_beiakklem1vi3j5fejsg,1000,2,0.0657576043,0
1537431180,Prod-EcsStagingCluster-EcsCluster-1AAGQRFIOE9AE,Service_beiakklem1vi3j5fejsg,1000,2,0.0561547606,0
1537373880,Prod-EcsStagingCluster-EcsCluster-1AAGQRFIOE9AE,Service_beiakklem1vi3j5fejsg,1000,2,0.0779313107,0
1537418460,Prod-EcsStagingCluster-EcsCluster-1AAGQRFIOE9AE,Service_beiakklem1vi3j5fejsg,1000,2,0.0856022392,0
1537354740,Prod-EcsStagingCluster-EcsCluster-1AAGQRFIOE9AE,Service_beiakklem1vi3j5fejsg,1000,2,0.0679380069,0
1537380180,Prod-EcsStagingCluster-EcsCluster-1AAGQRFIOE9AE,Service_beiakklem1vi3j5fejsg,1000,2,0.0723759100,0
1537389600,Prod-EcsStagingCluster-EcsCluster-1AAGQRFIOE9AE,Service_beiakklem1vi3j5fejsg,1000,2,0.0759442498,0
1537380060,Prod-EcsStagingCluster-EcsCluster-1AAGQRFIOE9AE,Service_beiakklem1vi3j5fejsg,1000,2,0.0690335047,0
1537383240,Prod-EcsStagingCluster-EcsCluster-1AAGQRFIOE9AE,Service_beiakklem1vi3j5fejsg,1000,2,0.0614176736,0
1537386420,Prod-EcsStagingCluster-EcsCluster-1AAGQRFIOE9AE,Service_beiakklem1vi3j5fejsg,1000,2,0.0644371199,0
1537366200,Prod-EcsStagingCluster-EcsCluster-1AAGQRFIOE9AE,Service_beiakklem1vi3j5fejsg,1000,2,0.0685941458,0
1537369380,Prod-EcsStagingCluster-EcsCluster-1AAGQRFIOE9AE,Service_beiakklem1vi3j5fejsg,1000,2,0.0620385586,0
1537372560,Prod-EcsStagingCluster-EcsCluster-1AAGQRFIOE9AE,Service_beiakklem1vi3j5fejsg,1000,2,0.0621440144,0
1537345980,Prod-EcsStagingCluster-EcsCluster-1AAGQRFIOE9AE,Service_beiakklem1vi3j5fejsg,1000,2,0.0635501397,0
1537349160,Prod-EcsStagingCluster-EcsCluster-1AAGQRFIOE9AE,Service_beiakklem1vi3j5fejsg,1000,2,0.0701586063,0
1537352340,Prod-EcsStagingCluster-EcsCluster-1AAGQRFIOE9AE,Service_beiakklem1vi3j5fejsg,1000,2,0.0634560153,0
1537355520,Prod-EcsStagingCluster-EcsCluster-1AAGQRFIOE9AE,Service_beiakklem1vi3j5fejsg,1000,2,0.0703175165,0
1537389360,Prod-EcsStagingCluster-EcsCluster-1AAGQRFIOE9AE,Service_beiakklem1vi3j5fejsg,1000,2,0.0605027367,0
1537386180,Prod-EcsStagingCluster-EcsCluster-1AAGQRFIOE9AE,Service_beiakklem1vi3j5fejsg,1000,2,0.0627521763,0
1537383000,Prod-EcsStagingCluster-EcsCluster-1AAGQRFIOE9AE,Service_beiakklem1vi3j5fejsg,1000,2,0.0594392713,0
1537405260,Prod-EcsStagingCluster-EcsCluster-1AAGQRFIOE9AE,Service_beiakklem1vi3j5fejsg,1000,2,0.0531765046,0
1537413660,Prod-EcsStagingCluster-EcsCluster-1AAGQRFIOE9AE,Service_beiakklem1vi3j5fejsg,1000,2,0.0533584676,0
1537371180,Prod-EcsStagingCluster-EcsCluster-1AAGQRFIOE9AE,Service_beiakklem1vi3j5fejsg,1000,2,0.0691330106,0
1537416840,Prod-EcsStagingCluster-EcsCluster-1AAGQRFIOE9AE,Service_beiakklem1vi3j5fejsg,1000,2,0.0559863967,0
1537420020,Prod-EcsStagingCluster-EcsCluster-1AAGQRFIOE9AE,Service_beiakklem1vi3j5fejsg,1000,2,0.0849840338,0
1537423200,Prod-EcsStagingCluster-EcsCluster-1AAGQRFIOE9AE,Service_beiakklem1vi3j5fejsg,1000,2,0.0619023547,0
1537399800,Prod-EcsStagingCluster-EcsCluster-1AAGQRFIOE9AE,Service_beiakklem1vi3j5fejsg,1000,2,0.0652405643,0
1537402980,Prod-EcsStagingCluster-EcsCluster-1AAGQRFIOE9AE,Service_beiakklem1vi3j5fejsg,1000,2,0.0588018465,0
1537406160,Prod-EcsStagingCluster-EcsCluster-1AAGQRFIOE9AE,Service_beiakklem1vi3j5fejsg,1000,2,0.0552149575,0
1537379580,Prod-EcsStagingCluster-EcsCluster-1AAGQRFIOE9AE,Service_beiakklem1vi3j5fejsg,1000,2,0.0668001180,0
1537385940,Prod-EcsStagingCluster-EcsCluster-1AAGQRFIOE9AE,Service_beiakklem1vi3j5fejsg,1000,2,0.0636523991,0
1537417800,Prod-EcsStagingCluster-EcsCluster-1AAGQRFIOE9AE,Service_beiakklem1vi3j5fejsg,1000,2,0.0832969724,0
1537424160,Prod-EcsStagingCluster-EcsCluster-1AAGQRFIOE9AE,Service_beiakklem1vi3j5fejsg,1000,2,0.0614828320,0
1537407120,Prod-EcsStagingCluster-EcsCluster-1AAGQRFIOE9AE,Service_beiakklem1vi3j5fejsg,1000,2,0.0595530848,0
1537400760,Prod-EcsStagingCluster-EcsCluster-1AAGQRFIOE9AE,Service_beiakklem1vi3j5fejsg,1000,2,0.0607568509,0
1537383720,Prod-EcsStagingCluster-EcsCluster-1AAGQRFIOE9AE,Service_beiakklem1vi3j5fejsg,1000,2,0.0633025770,0
1537351860,Prod-EcsStagingCluster-EcsCluster-1AAGQRFIOE9AE,Service_beiakklem1vi3j5fejsg,1000,2,0.0623682261,0
1537390080,Prod-EcsStagingCluster-EcsCluster-1AAGQRFIOE9AE,Service_beiakklem1vi3j5fejsg,1000,2,0.0710722632,0
1537419780,Prod-EcsStagingCluster-EcsCluster-1AAGQRFIOE9AE,Service_beiakklem1vi3j5fejsg,1000,2,0.0869069639,0
1537345500,Prod-EcsStagingCluster-EcsCluster-1AAGQRFIOE9AE,Service_beiakklem1vi3j5fejsg,1000,2,0.0745221529,0
1537423920,Prod-EcsStagingCluster-EcsCluster-1AAGQRFIOE9AE,Service_beiakklem1vi3j5fejsg,1000,2,0.0617460897,0
1537356000,Prod-EcsStagingCluster-EcsCluster-1AAGQRFIOE9AE,Service_beiakklem1vi3j5fejsg,1000,2,0.0739538906,0
1537417560,Prod-EcsStagingCluster-EcsCluster-1AAGQRFIOE9AE,Service_beiakklem1vi3j5fejsg,1000,2,0.0833580380,0
1537349640,Prod-EcsStagingCluster-EcsCluster-1AAGQRFIOE9AE,Service_beiakklem1vi3j5fejsg,1000,2,0.0637676590,0
1537404780,Prod-EcsStagingCluster-EcsCluster-1AAGQRFIOE9AE,Service_beiakklem1vi3j5fejsg,1000,2,0.0651403271,0
1537419540,Prod-EcsStagingCluster-EcsCluster-1AAGQRFIOE9AE,Service_beiakklem1vi3j5fejsg,1000,2,0.0784505441,0
1537351620,Prod-EcsStagingCluster-EcsCluster-1AAGQRFIOE9AE,Service_beiakklem1vi3j5fejsg,1000,2,0.0619305637,0
1537413180,Prod-EcsStagingCluster-EcsCluster-1AAGQRFIOE9AE,Service_beiakklem1vi3j5fejsg,1000,2,0.0562055646,0
1537370700,Prod-EcsStagingCluster-EcsCluster-1AAGQRFIOE9AE,Service_beiakklem1vi3j5fejsg,1000,2,0.0687033504,0
1537417320,Prod-EcsStagingCluster-EcsCluster-1AAGQRFIOE9AE,Service_beiakklem1vi3j5fejsg,1000,2,0.0846006357,0
1537423680,Prod-EcsStagingCluster-EcsCluster-1AAGQRFIOE9AE,Service_beiakklem1vi3j5fejsg,1000,2,0.0664092229,0
1537349400,Prod-EcsStagingCluster-EcsCluster-1AAGQRFIOE9AE,Service_beiakklem1vi3j5fejsg,1000,2,0.0629509309,0
1537355760,Prod-EcsStagingCluster-EcsCluster-1AAGQRFIOE9AE,Service_beiakklem1vi3j5fejsg,1000,2,0.0713302574,0
1537379100,Prod-EcsStagingCluster-EcsCluster-1AAGQRFIOE9AE,Service_beiakklem1vi3j5fejsg,1000,2,0.0674724825,0
1537385460,Prod-EcsStagingCluster-EcsCluster-1AAGQRFIOE9AE,Service_beiakklem1vi3j5fejsg,1000,2,0.0639839869,0
1537418280,Prod-EcsStagingCluster-EcsCluster-1AAGQRFIOE9AE,Service_beiakklem1vi3j5fejsg,1000,2,0.0854686770,0
1537421460,Prod-EcsStagingCluster-EcsCluster-1AAGQRFIOE9AE,Service_beiakklem1vi3j5fejsg,1000,2,0.0681116681,0
1537350360,Prod-EcsStagingCluster-EcsCluster-1AAGQRFIOE9AE,Service_beiakklem1vi3j5fejsg,1000,2,0.0674151952,0
1537353540,Prod-EcsStagingCluster-EcsCluster-1AAGQRFIOE9AE,Service_beiakklem1vi3j5fejsg,1000,2,0.0668270324,0
1537371600,Prod-EcsStagingCluster-EcsCluster-1AAGQRFIOE9AE,Service_beiakklem1vi3j5fejsg,1000,2,0.0865676009,0
1537354560,Prod-EcsStagingCluster-EcsCluster-1AAGQRFIOE9AE,Service_beiakklem1vi3j5fejsg,1000,2,0.0659712245,0
1537384200,Prod-EcsStagingCluster-EcsCluster-1AAGQRFIOE9AE,Service_beiakklem1vi3j5fejsg,1000,2,0.0623521616,0
1537387380,Prod-EcsStagingCluster-EcsCluster-1AAGQRFIOE9AE,Service_beiakklem1vi3j5fejsg,1000,2,0.0592551243,0
1537388400,Prod-EcsStagingCluster-EcsCluster-1AAGQRFIOE9AE,Service_beiakklem1vi3j5fejsg,1000,2,0.0622735760,0
1537404300,Prod-EcsStagingCluster-EcsCluster-1AAGQRFIOE9AE,Service_beiakklem1vi3j5fejsg,1000,2,0.0586863379,0
1537367160,Prod-EcsStagingCluster-EcsCluster-1AAGQRFIOE9AE,Service_beiakklem1vi3j5fejsg,1000,2,0.0570079061,0
1537370340,Prod-EcsStagingCluster-EcsCluster-1AAGQRFIOE9AE,Service_beiakklem1vi3j5fejsg,1000,2,0.0688253719,0
1537412700,Prod-EcsStagingCluster-EcsCluster-1AAGQRFIOE9AE,Service_beiakklem1vi3j5fejsg,1000,2,0.0560034065,0
1537350120,Prod-EcsStagingCluster-EcsCluster-1AAGQRFIOE9AE,Service_beiakklem1vi3j5fejsg,1000,2,0.0671355826,0
1537353300,Prod-EcsStagingCluster-EcsCluster-1AAGQRFIOE9AE,Service_beiakklem1vi3j5fejsg,1000,2,0.0628872933,0
1537370220,Prod-EcsStagingCluster-EcsCluster-1AAGQRFIOE9AE,Service_beiakklem1vi3j5fejsg,1000,2,0.0691313625,0
1537422240,Prod-EcsStagingCluster-EcsCluster-1AAGQRFIOE9AE,Service_beiakklem1vi3j5fejsg,1000,2,0.0635936823,0
1537383960,Prod-EcsStagingCluster-EcsCluster-1AAGQRFIOE9AE,Service_beiakklem1vi3j5fejsg,1000,2,0.0724710075,0
1537387140,Prod-EcsStagingCluster-EcsCluster-1AAGQRFIOE9AE,Service_beiakklem1vi3j5fejsg,1000,2,0.0596087513,0
1537405200,Prod-EcsStagingCluster-EcsCluster-1AAGQRFIOE9AE,Service_beiakklem1vi3j5fejsg,1000,2,0.0554162132,0
1537378620,Prod-EcsStagingCluster-EcsCluster-1AAGQRFIOE9AE,Service_beiakklem1vi3j5fejsg,1000,2,0.0695837642,0
1537388160,Prod-EcsStagingCluster-EcsCluster-1AAGQRFIOE9AE,Service_beiakklem1vi3j5fejsg,1000,2,0.0667820704,0
1537420980,Prod-EcsStagingCluster-EcsCluster-1AAGQRFIOE9AE,Service_beiakklem1vi3j5fejsg,1000,2,0.0636357632,0
1537389120,Prod-EcsStagingCluster-EcsCluster-1AAGQRFIOE9AE,Service_beiakklem1vi3j5fejsg,1000,2,0.0639272237,0
1537403940,Prod-EcsStagingCluster-EcsCluster-1AAGQRFIOE9AE,Service_beiakklem1vi3j5fejsg,1000,2,0.0607913658,0
1537386900,Prod-EcsStagingCluster-EcsCluster-1AAGQRFIOE9AE,Service_beiakklem1vi3j5fejsg,1000,2,0.0641531392,0
1537418760,Prod-EcsStagingCluster-EcsCluster-1AAGQRFIOE9AE,Service_beiakklem1vi3j5fejsg,1000,2,0.0870814972,0
1537355040,Prod-EcsStagingCluster-EcsCluster-1AAGQRFIOE9AE,Service_beiakklem1vi3j5fejsg,1000,2,0.0723989407,0
1537422960,Prod-EcsStagingCluster-EcsCluster-1AAGQRFIOE9AE,Service_beiakklem1vi3j5fejsg,1000,2,0.0621688884,0
1537403820,Prod-EcsStagingCluster-EcsCluster-1AAGQRFIOE9AE,Service_beiakklem1vi3j5fejsg,1000,2,0.0589009566,0
1537401720,Prod-EcsStagingCluster-EcsCluster-1AAGQRFIOE9AE,Service_beiakklem1vi3j5fejsg,1000,2,0.0585684213,0
1537384680,Prod-EcsStagingCluster-EcsCluster-1AAGQRFIOE9AE,Service_beiakklem1vi3j5fejsg,1000,2,0.0607668529,0
1537352820,Prod-EcsStagingCluster-EcsCluster-1AAGQRFIOE9AE,Service_beiakklem1vi3j5fejsg,1000,2,0.0633534270,0
1537420740,Prod-EcsStagingCluster-EcsCluster-1AAGQRFIOE9AE,Service_beiakklem1vi3j5fejsg,1000,2,0.0635285382,0
1537412220,Prod-EcsStagingCluster-EcsCluster-1AAGQRFIOE9AE,Service_beiakklem1vi3j5fejsg,1000,2,0.0504292276,0
1537369740,Prod-EcsStagingCluster-EcsCluster-1AAGQRFIOE9AE,Service_beiakklem1vi3j5fejsg,1000,2,0.0629821776,0
1537350600,Prod-EcsStagingCluster-EcsCluster-1AAGQRFIOE9AE,Service_beiakklem1vi3j5fejsg,1000,2,0.0597712996,0
1537418520,Prod-EcsStagingCluster-EcsCluster-1AAGQRFIOE9AE,Service_beiakklem1vi3j5fejsg,1000,2,0.0862426583,0
1537422720,Prod-EcsStagingCluster-EcsCluster-1AAGQRFIOE9AE,Service_beiakklem1vi3j5fejsg,1000,2,0.0668697784,0
1537354800,Prod-EcsStagingCluster-EcsCluster-1AAGQRFIOE9AE,Service_beiakklem1vi3j5fejsg,1000,2,0.0677439865,0
1537378140,Prod-EcsStagingCluster-EcsCluster-1AAGQRFIOE9AE,Service_beiakklem1vi3j5fejsg,1000,2,0.0641164798,0
1537420500,Prod-EcsStagingCluster-EcsCluster-1AAGQRFIOE9AE,Service_beiakklem1vi3j5fejsg,1000,2,0.0751094051,0
1537352580,Prod-EcsStagingCluster-EcsCluster-1AAGQRFIOE9AE,Service_beiakklem1vi3j5fejsg,1000,2,0.0629575030,0
1537388640,Prod-EcsStagingCluster-EcsCluster-1AAGQRFIOE9AE,Service_beiakklem1vi3j5fejsg,1000,2,0.0643684632,0
1537350420,Prod-EcsStagingCluster-EcsCluster-1AAGQRFIOE9AE,Service_beiakklem1vi3j5fejsg,1000,2,0.0688264409,0
1537353600,Prod-EcsStagingCluster-EcsCluster-1AAGQRFIOE9AE,Service_beiakklem1vi3j5fejsg,1000,2,0.0663219933,0
1537416060,Prod-EcsStagingCluster-EcsCluster-1AAGQRFIOE9AE,Service_beiakklem1vi3j5fejsg,1000,2,0.0534251446,0
1537351320,Prod-EcsStagingCluster-EcsCluster-1AAGQRFIOE9AE,Service_beiakklem1vi3j5fejsg,1000,2,0.0620689568,0
1537354500,Prod-EcsStagingCluster-EcsCluster-1AAGQRFIOE9AE,Service_beiakklem1vi3j5fejsg,1000,2,0.0663463512,0
1537403340,Prod-EcsStagingCluster-EcsCluster-1AAGQRFIOE9AE,Service_beiakklem1vi3j5fejsg,1000,2,0.0713261954,0
1537357680,Prod-EcsStagingCluster-EcsCluster-1AAGQRFIOE9AE,Service_beiakklem1vi3j5fejsg,1000,2,0.0804623748,0
1537414920,Prod-EcsStagingCluster-EcsCluster-1AAGQRFIOE9AE,Service_beiakklem1vi3j5fejsg,1000,2,0.0526617762,0
1537369260,Prod-EcsStagingCluster-EcsCluster-1AAGQRFIOE9AE,Service_beiakklem1vi3j5fejsg,1000,2,0.0614628993,0
1537418100,Prod-EcsStagingCluster-EcsCluster-1AAGQRFIOE9AE,Service_beiakklem1vi3j5fejsg,1000,2,0.0853028446,0
1537421280,Prod-EcsStagingCluster-EcsCluster-1AAGQRFIOE9AE,Service_beiakklem1vi3j5fejsg,1000,2,0.0869270659,0
1537381980,Prod-EcsStagingCluster-EcsCluster-1AAGQRFIOE9AE,Service_beiakklem1vi3j5fejsg,1000,2,0.0686525065,0
1537374480,Prod-EcsStagingCluster-EcsCluster-1AAGQRFIOE9AE,Service_beiakklem1vi3j5fejsg,1000,2,0.0639317411,0
1537380840,Prod-EcsStagingCluster-EcsCluster-1AAGQRFIOE9AE,Service_beiakklem1vi3j5fejsg,1000,2,0.0697201720,0
1537384020,Prod-EcsStagingCluster-EcsCluster-1AAGQRFIOE9AE,Service_beiakklem1vi3j5fejsg,1000,2,0.0595774260,0
1537387200,Prod-EcsStagingCluster-EcsCluster-1AAGQRFIOE9AE,Service_beiakklem1vi3j5fejsg,1000,2,0.0592894920,0
1537368120,Prod-EcsStagingCluster-EcsCluster-1AAGQRFIOE9AE,Service_beiakklem1vi3j5fejsg,1000,2,0.0572418624,0
1537371300,Prod-EcsStagingCluster-EcsCluster-1AAGQRFIOE9AE,Service_beiakklem1vi3j5fejsg,1000,2,0.0698209688,0
1537347900,Prod-EcsStagingCluster-EcsCluster-1AAGQRFIOE9AE,Service_beiakklem1vi3j5fejsg,1000,2,0.0714361609,0
1537353120,Prod-EcsStagingCluster-EcsCluster-1AAGQRFIOE9AE,Service_beiakklem1vi3j5fejsg,1000,2,0.0611712635,0
1537346760,Prod-EcsStagingCluster-EcsCluster-1AAGQRFIOE9AE,Service_beiakklem1vi3j5fejsg,1000,2,0.0666256388,0
1537349940,Prod-EcsStagingCluster-EcsCluster-1AAGQRFIOE9AE,Service_beiakklem1vi3j5fejsg,1000,2,0.0615406691,0
1537391280,Prod-EcsStagingCluster-EcsCluster-1AAGQRFIOE9AE,Service_beiakklem1vi3j5fejsg,1000,2,0.0621574001,0
1537384920,Prod-EcsStagingCluster-EcsCluster-1AAGQRFIOE9AE,Service_beiakklem1vi3j5fejsg,1000,2,0.0622515899,0
1537388100,Prod-EcsStagingCluster-EcsCluster-1AAGQRFIOE9AE,Service_beiakklem1vi3j5fejsg,1000,2,0.0674335562,0
1537354080,Prod-EcsStagingCluster-EcsCluster-1AAGQRFIOE9AE,Service_beiakklem1vi3j5fejsg,1000,2,0.0663537060,0
1537347720,Prod-EcsStagingCluster-EcsCluster-1AAGQRFIOE9AE,Service_beiakklem1vi3j5fejsg,1000,2,0.0710716885,0
1537392240,Prod-EcsStagingCluster-EcsCluster-1AAGQRFIOE9AE,Service_beiakklem1vi3j5fejsg,1000,2,0.0696506466,0
1537402860,Prod-EcsStagingCluster-EcsCluster-1AAGQRFIOE9AE,Service_beiakklem1vi3j5fejsg,1000,2,0.0625711340,0
1537415580,Prod-EcsStagingCluster-EcsCluster-1AAGQRFIOE9AE,Service_beiakklem1vi3j5fejsg,1000,2,0.0547296487,0
1537385880,Prod-EcsStagingCluster-EcsCluster-1AAGQRFIOE9AE,Service_beiakklem1vi3j5fejsg,1000,2,0.0579039037,0
1537417620,Prod-EcsStagingCluster-EcsCluster-1AAGQRFIOE9AE,Service_beiakklem1vi3j5fejsg,1000,2,0.0837774975,0
1537404900,Prod-EcsStagingCluster-EcsCluster-1AAGQRFIOE9AE,Service_beiakklem1vi3j5fejsg,1000,2,0.0546355901,0
1537381500,Prod-EcsStagingCluster-EcsCluster-1AAGQRFIOE9AE,Service_beiakklem1vi3j5fejsg,1000,2,0.0737067792,0
1537368780,Prod-EcsStagingCluster-EcsCluster-1AAGQRFIOE9AE,Service_beiakklem1vi3j5fejsg,1000,2,0.0635536249,0
1537415400,Prod-EcsStagingCluster-EcsCluster-1AAGQRFIOE9AE,Service_beiakklem1vi3j5fejsg,1000,2,0.0536407949,0
1537421760,Prod-EcsStagingCluster-EcsCluster-1AAGQRFIOE9AE,Service_beiakklem1vi3j5fejsg,1000,2,0.0730855022,0
1537409040,Prod-EcsStagingCluster-EcsCluster-1AAGQRFIOE9AE,Service_beiakklem1vi3j5fejsg,1000,2,0.0737648564,0
1537402680,Prod-EcsStagingCluster-EcsCluster-1AAGQRFIOE9AE,Service_beiakklem1vi3j5fejsg,1000,2,0.0762874299,0
1537383540,Prod-EcsStagingCluster-EcsCluster-1AAGQRFIOE9AE,Service_beiakklem1vi3j5fejsg,1000,2,0.0600466128,0
1537421700,Prod-EcsStagingCluster-EcsCluster-1AAGQRFIOE9AE,Service_beiakklem1vi3j5fejsg,1000,2,0.0723237448,0
1537347420,Prod-EcsStagingCluster-EcsCluster-1AAGQRFIOE9AE,Service_beiakklem1vi3j5fejsg,1000,2,0.0724016037,0
1537381320,Prod-EcsStagingCluster-EcsCluster-1AAGQRFIOE9AE,Service_beiakklem1vi3j5fejsg,1000,2,0.0712485319,0
1537387680,Prod-EcsStagingCluster-EcsCluster-1AAGQRFIOE9AE,Service_beiakklem1vi3j5fejsg,1000,2,0.0612786095,0
1537425840,Prod-EcsStagingCluster-EcsCluster-1AAGQRFIOE9AE,Service_beiakklem1vi3j5fejsg,1000,2,0.0545989487,0
1537419480,Prod-EcsStagingCluster-EcsCluster-1AAGQRFIOE9AE,Service_beiakklem1vi3j5fejsg,1000,2,0.0726349368,0
1537349460,Prod-EcsStagingCluster-EcsCluster-1AAGQRFIOE9AE,Service_beiakklem1vi3j5fejsg,1000,2,0.0644464454,0
1537347240,Prod-EcsStagingCluster-EcsCluster-1AAGQRFIOE9AE,Service_beiakklem1vi3j5fejsg,1000,2,0.0740882040,0
1537423620,Prod-EcsStagingCluster-EcsCluster-1AAGQRFIOE9AE,Service_beiakklem1vi3j5fejsg,1000,2,0.0656946105,0
1537420440,Prod-EcsStagingCluster-EcsCluster-1AAGQRFIOE9AE,Service_beiakklem1vi3j5fejsg,1000,2,0.0937735956,0
1537415100,Prod-EcsStagingCluster-EcsCluster-1AAGQRFIOE9AE,Service_beiakklem1vi3j5fejsg,1000,2,0.0524708534,0
1537356720,Prod-EcsStagingCluster-EcsCluster-1AAGQRFIOE9AE,Service_beiakklem1vi3j5fejsg,1000,2,0.0724298855,0
1537402380,Prod-EcsStagingCluster-EcsCluster-1AAGQRFIOE9AE,Service_beiakklem1vi3j5fejsg,1000,2,0.0686923533,0
1537348200,Prod-EcsStagingCluster-EcsCluster-1AAGQRFIOE9AE,Service_beiakklem1vi3j5fejsg,1000,2,0.0705200471,0
1537351380,Prod-EcsStagingCluster-EcsCluster-1AAGQRFIOE9AE,Service_beiakklem1vi3j5fejsg,1000,2,0.0614242904,0
1537368300,Prod-EcsStagingCluster-EcsCluster-1AAGQRFIOE9AE,Service_beiakklem1vi3j5fejsg,1000,2,0.0646310462,0
1537420320,Prod-EcsStagingCluster-EcsCluster-1AAGQRFIOE9AE,Service_beiakklem1vi3j5fejsg,1000,2,0.0843571410,0
1537381020,Prod-EcsStagingCluster-EcsCluster-1AAGQRFIOE9AE,Service_beiakklem1vi3j5fejsg,1000,2,0.0726328497,0
1537352280,Prod-EcsStagingCluster-EcsCluster-1AAGQRFIOE9AE,Service_beiakklem1vi3j5fejsg,1000,2,0.0634921057,0
1537355460,Prod-EcsStagingCluster-EcsCluster-1AAGQRFIOE9AE,Service_beiakklem1vi3j5fejsg,1000,2,0.0708247767,0
1537386240,Prod-EcsStagingCluster-EcsCluster-1AAGQRFIOE9AE,Service_beiakklem1vi3j5fejsg,1000,2,0.0621170264,0
1537373520,Prod-EcsStagingCluster-EcsCluster-1AAGQRFIOE9AE,Service_beiakklem1vi3j5fejsg,1000,2,0.0653549627,0
1537346940,Prod-EcsStagingCluster-EcsCluster-1AAGQRFIOE9AE,Service_beiakklem1vi3j5fejsg,1000,2,0.0712249948,0
1537415880,Prod-EcsStagingCluster-EcsCluster-1AAGQRFIOE9AE,Service_beiakklem1vi3j5fejsg,1000,2,0.0606969187,0
1537419060,Prod-EcsStagingCluster-EcsCluster-1AAGQRFIOE9AE,Service_beiakklem1vi3j5fejsg,1000,2,0.0853295743,0
1537352160,Prod-EcsStagingCluster-EcsCluster-1AAGQRFIOE9AE,Service_beiakklem1vi3j5fejsg,1000,2,0.0675375864,0
1537390320,Prod-EcsStagingCluster-EcsCluster-1AAGQRFIOE9AE,Service_beiakklem1vi3j5fejsg,1000,2,0.0734976947,0
1537381800,Prod-EcsStagingCluster-EcsCluster-1AAGQRFIOE9AE,Service_beiakklem1vi3j5fejsg,1000,2,0.0837744257,0
1537384980,Prod-EcsStagingCluster-EcsCluster-1AAGQRFIOE9AE,Service_beiakklem1vi3j5fejsg,1000,2,0.0601876360,0
1537369080,Prod-EcsStagingCluster-EcsCluster-1AAGQRFIOE9AE,Service_beiakklem1vi3j5fejsg,1000,2,0.0624817506,0
1537372260,Prod-EcsStagingCluster-EcsCluster-1AAGQRFIOE9AE,Service_beiakklem1vi3j5fejsg,1000,2,0.0692585369,0
1537401900,Prod-EcsStagingCluster-EcsCluster-1AAGQRFIOE9AE,Service_beiakklem1vi3j5fejsg,1000,2,0.0590315091,0
1537414620,Prod-EcsStagingCluster-EcsCluster-1AAGQRFIOE9AE,Service_beiakklem1vi3j5fejsg,1000,2,0.0520532015,0
1537382760,Prod-EcsStagingCluster-EcsCluster-1AAGQRFIOE9AE,Service_beiakklem1vi3j5fejsg,1000,2,0.0665962570,0
1537370040,Prod-EcsStagingCluster-EcsCluster-1AAGQRFIOE9AE,Service_beiakklem1vi3j5fejsg,1000,2,0.0676531214,0
1537350900,Prod-EcsStagingCluster-EcsCluster-1AAGQRFIOE9AE,Service_beiakklem1vi3j5fejsg,1000,2,0.0613245549,0
1537389060,Prod-EcsStagingCluster-EcsCluster-1AAGQRFIOE9AE,Service_beiakklem1vi3j5fejsg,1000,2,0.0574100505,0
1537380540,Prod-EcsStagingCluster-EcsCluster-1AAGQRFIOE9AE,Service_beiakklem1vi3j5fejsg,1000,2,0.0652693903,0
1537367820,Prod-EcsStagingCluster-EcsCluster-1AAGQRFIOE9AE,Service_beiakklem1vi3j5fejsg,1000,2,0.0561677647,0
1537348680,Prod-EcsStagingCluster-EcsCluster-1AAGQRFIOE9AE,Service_beiakklem1vi3j5fejsg,1000,2,0.0727184082,0
1537420800,Prod-EcsStagingCluster-EcsCluster-1AAGQRFIOE9AE,Service_beiakklem1vi3j5fejsg,1000,2,0.0634973397,0
1537386840,Prod-EcsStagingCluster-EcsCluster-1AAGQRFIOE9AE,Service_beiakklem1vi3j5fejsg,1000,2,0.0633116946,0
1537408080,Prod-EcsStagingCluster-EcsCluster-1AAGQRFIOE9AE,Service_beiakklem1vi3j5fejsg,1000,2,0.0572191240,0
1537346460,Prod-EcsStagingCluster-EcsCluster-1AAGQRFIOE9AE,Service_beiakklem1vi3j5fejsg,1000,2,0.0695083444,0
1537418580,Prod-EcsStagingCluster-EcsCluster-1AAGQRFIOE9AE,Service_beiakklem1vi3j5fejsg,1000,2,0.0861291600,0
1537405860,Prod-EcsStagingCluster-EcsCluster-1AAGQRFIOE9AE,Service_beiakklem1vi3j5fejsg,1000,2,0.0550310225,0
1537386720,Prod-EcsStagingCluster-EcsCluster-1AAGQRFIOE9AE,Service_beiakklem1vi3j5fejsg,1000,2,0.0607639986,0
1537424880,Prod-EcsStagingCluster-EcsCluster-1AAGQRFIOE9AE,Service_beiakklem1vi3j5fejsg,1000,2,0.0585889683,0
1537416360,Prod-EcsStagingCluster-EcsCluster-1AAGQRFIOE9AE,Service_beiakklem1vi3j5fejsg,1000,2,0.0565314153,0
1537403640,Prod-EcsStagingCluster-EcsCluster-1AAGQRFIOE9AE,Service_beiakklem1vi3j5fejsg,1000,2,0.0649439429,0
1537384500,Prod-EcsStagingCluster-EcsCluster-1AAGQRFIOE9AE,Service_beiakklem1vi3j5fejsg,1000,2,0.0612805635,0
1537422660,Prod-EcsStagingCluster-EcsCluster-1AAGQRFIOE9AE,Service_beiakklem1vi3j5fejsg,1000,2,0.0693394204,0
1537352640,Prod-EcsStagingCluster-EcsCluster-1AAGQRFIOE9AE,Service_beiakklem1vi3j5fejsg,1000,2,0.0621545006,0
1537414140,Prod-EcsStagingCluster-EcsCluster-1AAGQRFIOE9AE,Service_beiakklem1vi3j5fejsg,1000,2,0.0838581470,0
1537401420,Prod-EcsStagingCluster-EcsCluster-1AAGQRFIOE9AE,Service_beiakklem1vi3j5fejsg,1000,2,0.0605334343,0
1537382280,Prod-EcsStagingCluster-EcsCluster-1AAGQRFIOE9AE,Service_beiakklem1vi3j5fejsg,1000,2,0.0580393641,0
1537409820,Prod-EcsStagingCluster-EcsCluster-1AAGQRFIOE9AE,Service_beiakklem1vi3j5fejsg,1000,2,0.0659375096,0
1537416180,Prod-EcsStagingCluster-EcsCluster-1AAGQRFIOE9AE,Service_beiakklem1vi3j5fejsg,1000,2,0.0537300158,0
1537393920,Prod-EcsStagingCluster-EcsCluster-1AAGQRFIOE9AE,Service_beiakklem1vi3j5fejsg,1000,2,0.0624094161,0
1537387560,Prod-EcsStagingCluster-EcsCluster-1AAGQRFIOE9AE,Service_beiakklem1vi3j5fejsg,1000,2,0.0599715784,0
1537373700,Prod-EcsStagingCluster-EcsCluster-1AAGQRFIOE9AE,Service_beiakklem1vi3j5fejsg,1000,2,0.0657901830,0
1537348260,Prod-EcsStagingCluster-EcsCluster-1AAGQRFIOE9AE,Service_beiakklem1vi3j5fejsg,1000,2,0.0687308493,0
1537392780,Prod-EcsStagingCluster-EcsCluster-1AAGQRFIOE9AE,Service_beiakklem1vi3j5fejsg,1000,2,0.0591966260,0
1537399140,Prod-EcsStagingCluster-EcsCluster-1AAGQRFIOE9AE,Service_beiakklem1vi3j5fejsg,1000,2,0.0662983369,0
1537424580,Prod-EcsStagingCluster-EcsCluster-1AAGQRFIOE9AE,Service_beiakklem1vi3j5fejsg,1000,2,0.0582797116,0
1537351200,Prod-EcsStagingCluster-EcsCluster-1AAGQRFIOE9AE,Service_beiakklem1vi3j5fejsg,1000,2,0.0630336493,0
1537395720,Prod-EcsStagingCluster-EcsCluster-1AAGQRFIOE9AE,Service_beiakklem1vi3j5fejsg,1000,2,0.0579046514,0
1537367100,Prod-EcsStagingCluster-EcsCluster-1AAGQRFIOE9AE,Service_beiakklem1vi3j5fejsg,1000,2,0.0587799329,0
1537373460,Prod-EcsStagingCluster-EcsCluster-1AAGQRFIOE9AE,Service_beiakklem1vi3j5fejsg,1000,2,0.0641620671,0
1537417980,Prod-EcsStagingCluster-EcsCluster-1AAGQRFIOE9AE,Service_beiakklem1vi3j5fejsg,1000,2,0.0847703756,0
1537424340,Prod-EcsStagingCluster-EcsCluster-1AAGQRFIOE9AE,Service_beiakklem1vi3j5fejsg,1000,2,0.0634033300,0
1537350060,Prod-EcsStagingCluster-EcsCluster-1AAGQRFIOE9AE,Service_beiakklem1vi3j5fejsg,1000,2,0.0665239566,0
1537353240,Prod-EcsStagingCluster-EcsCluster-1AAGQRFIOE9AE,Service_beiakklem1vi3j5fejsg,1000,2,0.0595476960,0
1537402080,Prod-EcsStagingCluster-EcsCluster-1AAGQRFIOE9AE,Service_beiakklem1vi3j5fejsg,1000,2,0.0596641385,0
1537378680,Prod-EcsStagingCluster-EcsCluster-1AAGQRFIOE9AE,Service_beiakklem1vi3j5fejsg,1000,2,0.0691953281,0
1537359600,Prod-EcsStagingCluster-EcsCluster-1AAGQRFIOE9AE,Service_beiakklem1vi3j5fejsg,1000,2,0.0606050267,0
1537404120,Prod-EcsStagingCluster-EcsCluster-1AAGQRFIOE9AE,Service_beiakklem1vi3j5fejsg,1000,2,0.0601345983,0
1537410480,Prod-EcsStagingCluster-EcsCluster-1AAGQRFIOE9AE,Service_beiakklem1vi3j5fejsg,1000,2,0.0660301660,0
1537400940,Prod-EcsStagingCluster-EcsCluster-1AAGQRFIOE9AE,Service_beiakklem1vi3j5fejsg,1000,2,0.0639367291,0
1537385040,Prod-EcsStagingCluster-EcsCluster-1AAGQRFIOE9AE,Service_beiakklem1vi3j5fejsg,1000,2,0.0611799746,0
1537429560,Prod-EcsStagingCluster-EcsCluster-1AAGQRFIOE9AE,Service_beiakklem1vi3j5fejsg,1000,2,0.0566093386,0
1537375260,Prod-EcsStagingCluster-EcsCluster-1AAGQRFIOE9AE,Service_beiakklem1vi3j5fejsg,1000,2,0.0603478470,0
1537381620,Prod-EcsStagingCluster-EcsCluster-1AAGQRFIOE9AE,Service_beiakklem1vi3j5fejsg,1000,2,0.0789954690,0
1537426140,Prod-EcsStagingCluster-EcsCluster-1AAGQRFIOE9AE,Service_beiakklem1vi3j5fejsg,1000,2,0.0465276784,0
1537358220,Prod-EcsStagingCluster-EcsCluster-1AAGQRFIOE9AE,Service_beiakklem1vi3j5fejsg,1000,2,0.0632376078,0
1537390020,Prod-EcsStagingCluster-EcsCluster-1AAGQRFIOE9AE,Service_beiakklem1vi3j5fejsg,1000,2,0.0739325433,0
1537364580,Prod-EcsStagingCluster-EcsCluster-1AAGQRFIOE9AE,Service_beiakklem1vi3j5fejsg,1000,2,0.0660980143,0
1537409100,Prod-EcsStagingCluster-EcsCluster-1AAGQRFIOE9AE,Service_beiakklem1vi3j5fejsg,1000,2,0.0740393837,0
1537415460,Prod-EcsStagingCluster-EcsCluster-1AAGQRFIOE9AE,Service_beiakklem1vi3j5fejsg,1000,2,0.0524906261,0
1537379400,Prod-EcsStagingCluster-EcsCluster-1AAGQRFIOE9AE,Service_beiakklem1vi3j5fejsg,1000,2,0.0647060333,0
1537385760,Prod-EcsStagingCluster-EcsCluster-1AAGQRFIOE9AE,Service_beiakklem1vi3j5fejsg,1000,2,0.0619189192,0
1537430280,Prod-EcsStagingCluster-EcsCluster-1AAGQRFIOE9AE,Service_beiakklem1vi3j5fejsg,1000,2,0.0562385047,0
1537362360,Prod-EcsStagingCluster-EcsCluster-1AAGQRFIOE9AE,Service_beiakklem1vi3j5fejsg,1000,2,0.0768890898,0
1537394160,Prod-EcsStagingCluster-EcsCluster-1AAGQRFIOE9AE,Service_beiakklem1vi3j5fejsg,1000,2,0.0592566145,0
1537387800,Prod-EcsStagingCluster-EcsCluster-1AAGQRFIOE9AE,Service_beiakklem1vi3j5fejsg,1000,2,0.0611047608,0
1537368720,Prod-EcsStagingCluster-EcsCluster-1AAGQRFIOE9AE,Service_beiakklem1vi3j5fejsg,1000,2,0.0626486565,0
1537413240,Prod-EcsStagingCluster-EcsCluster-1AAGQRFIOE9AE,Service_beiakklem1vi3j5fejsg,1000,2,0.0565067605,0
1537419600,Prod-EcsStagingCluster-EcsCluster-1AAGQRFIOE9AE,Service_beiakklem1vi3j5fejsg,1000,2,0.0851257982,0
1537383420,Prod-EcsStagingCluster-EcsCluster-1AAGQRFIOE9AE,Service_beiakklem1vi3j5fejsg,1000,2,0.0589498045,0
1537389780,Prod-EcsStagingCluster-EcsCluster-1AAGQRFIOE9AE,Service_beiakklem1vi3j5fejsg,1000,2,0.0706515395,0
1537366380,Prod-EcsStagingCluster-EcsCluster-1AAGQRFIOE9AE,Service_beiakklem1vi3j5fejsg,1000,2,0.0805163507,0
1537426800,Prod-EcsStagingCluster-EcsCluster-1AAGQRFIOE9AE,Service_beiakklem1vi3j5fejsg,1000,2,0.0497238094,0
1537417260,Prod-EcsStagingCluster-EcsCluster-1AAGQRFIOE9AE,Service_beiakklem1vi3j5fejsg,1000,2,0.0848765082,0
1537363080,Prod-EcsStagingCluster-EcsCluster-1AAGQRFIOE9AE,Service_beiakklem1vi3j5fejsg,1000,2,0.0689683828,0
1537413960,Prod-EcsStagingCluster-EcsCluster-1AAGQRFIOE9AE,Service_beiakklem1vi3j5fejsg,1000,2,0.0563894910,0
1537391700,Prod-EcsStagingCluster-EcsCluster-1AAGQRFIOE9AE,Service_beiakklem1vi3j5fejsg,1000,2,0.0623853123,0
1537371480,Prod-EcsStagingCluster-EcsCluster-1AAGQRFIOE9AE,Service_beiakklem1vi3j5fejsg,1000,2,0.0692403098,0
1537346040,Prod-EcsStagingCluster-EcsCluster-1AAGQRFIOE9AE,Service_beiakklem1vi3j5fejsg,1000,2,0.0637202303,0
1537396920,Prod-EcsStagingCluster-EcsCluster-1AAGQRFIOE9AE,Service_beiakklem1vi3j5fejsg,1000,2,0.0591216663,0
1537422360,Prod-EcsStagingCluster-EcsCluster-1AAGQRFIOE9AE,Service_beiakklem1vi3j5fejsg,1000,2,0.0649913734,0
1537391580,Prod-EcsStagingCluster-EcsCluster-1AAGQRFIOE9AE,Service_beiakklem1vi3j5fejsg,1000,2,0.0633135899,0
1537375680,Prod-EcsStagingCluster-EcsCluster-1AAGQRFIOE9AE,Service_beiakklem1vi3j5fejsg,1000,2,0.0590666919,0
1537374540,Prod-EcsStagingCluster-EcsCluster-1AAGQRFIOE9AE,Service_beiakklem1vi3j5fejsg,1000,2,0.0644063484,0
1537426560,Prod-EcsStagingCluster-EcsCluster-1AAGQRFIOE9AE,Service_beiakklem1vi3j5fejsg,1000,2,0.0567559502,0
1537425420,Prod-EcsStagingCluster-EcsCluster-1AAGQRFIOE9AE,Service_beiakklem1vi3j5fejsg,1000,2,0.0577710502,0
1537348980,Prod-EcsStagingCluster-EcsCluster-1AAGQRFIOE9AE,Service_beiakklem1vi3j5fejsg,1000,2,0.0684593747,0
1537371240,Prod-EcsStagingCluster-EcsCluster-1AAGQRFIOE9AE,Service_beiakklem1vi3j5fejsg,1000,2,0.0673486263,0
1537422120,Prod-EcsStagingCluster-EcsCluster-1AAGQRFIOE9AE,Service_beiakklem1vi3j5fejsg,1000,2,0.0677103709,0
1537399860,Prod-EcsStagingCluster-EcsCluster-1AAGQRFIOE9AE,Service_beiakklem1vi3j5fejsg,1000,2,0.0609924506,0
1537357380,Prod-EcsStagingCluster-EcsCluster-1AAGQRFIOE9AE,Service_beiakklem1vi3j5fejsg,1000,2,0.0994640434,0
1537408260,Prod-EcsStagingCluster-EcsCluster-1AAGQRFIOE9AE,Service_beiakklem1vi3j5fejsg,1000,2,0.0595937988,0
1537348860,Prod-EcsStagingCluster-EcsCluster-1AAGQRFIOE9AE,Service_beiakklem1vi3j5fejsg,1000,2,0.0686243195,0
1537382820,Prod-EcsStagingCluster-EcsCluster-1AAGQRFIOE9AE,Service_beiakklem1vi3j5fejsg,1000,2,0.0654276038,0
1537399740,Prod-EcsStagingCluster-EcsCluster-1AAGQRFIOE9AE,Service_beiakklem1vi3j5fejsg,1000,2,0.0662413402,0
1537355160,Prod-EcsStagingCluster-EcsCluster-1AAGQRFIOE9AE,Service_beiakklem1vi3j5fejsg,1000,2,0.0737849038,0
1537380600,Prod-EcsStagingCluster-EcsCluster-1AAGQRFIOE9AE,Service_beiakklem1vi3j5fejsg,1000,2,0.0647585233,0
1537406040,Prod-EcsStagingCluster-EcsCluster-1AAGQRFIOE9AE,Service_beiakklem1vi3j5fejsg,1000,2,0.0552438936,0
1537359360,Prod-EcsStagingCluster-EcsCluster-1AAGQRFIOE9AE,Service_beiakklem1vi3j5fejsg,1000,2,0.0590910966,0
1537382700,Prod-EcsStagingCluster-EcsCluster-1AAGQRFIOE9AE,Service_beiakklem1vi3j5fejsg,1000,2,0.0663337287,0
1537431480,Prod-EcsStagingCluster-EcsCluster-1AAGQRFIOE9AE,Service_beiakklem1vi3j5fejsg,1000,2,0.0577839156,0
1537410240,Prod-EcsStagingCluster-EcsCluster-1AAGQRFIOE9AE,Service_beiakklem1vi3j5fejsg,1000,2,0.0677383415,0
1537357140,Prod-EcsStagingCluster-EcsCluster-1AAGQRFIOE9AE,Service_beiakklem1vi3j5fejsg,1000,2,0.0656472793,0
1537408020,Prod-EcsStagingCluster-EcsCluster-1AAGQRFIOE9AE,Service_beiakklem1vi3j5fejsg,1000,2,0.0577768476,0
1537357020,Prod-EcsStagingCluster-EcsCluster-1AAGQRFIOE9AE,Service_beiakklem1vi3j5fejsg,1000,2,0.0730580216,0
1537354920,Prod-EcsStagingCluster-EcsCluster-1AAGQRFIOE9AE,Service_beiakklem1vi3j5fejsg,1000,2,0.0796388287,0
1537407900,Prod-EcsStagingCluster-EcsCluster-1AAGQRFIOE9AE,Service_beiakklem1vi3j5fejsg,1000,2,0.0572442857,0
1537405800,Prod-EcsStagingCluster-EcsCluster-1AAGQRFIOE9AE,Service_beiakklem1vi3j5fejsg,1000,2,0.0556459028,0
1537390860,Prod-EcsStagingCluster-EcsCluster-1AAGQRFIOE9AE,Service_beiakklem1vi3j5fejsg,1000,2,0.0688765143,0
1537367520,Prod-EcsStagingCluster-EcsCluster-1AAGQRFIOE9AE,Service_beiakklem1vi3j5fejsg,1000,2,0.0569135166,0
1537418400,Prod-EcsStagingCluster-EcsCluster-1AAGQRFIOE9AE,Service_beiakklem1vi3j5fejsg,1000,2,0.0844243518,0
1537375920,Prod-EcsStagingCluster-EcsCluster-1AAGQRFIOE9AE,Service_beiakklem1vi3j5fejsg,1000,2,0.0603691246,0
1537350480,Prod-EcsStagingCluster-EcsCluster-1AAGQRFIOE9AE,Service_beiakklem1vi3j5fejsg,1000,2,0.0911075767,0
1537401360,Prod-EcsStagingCluster-EcsCluster-1AAGQRFIOE9AE,Service_beiakklem1vi3j5fejsg,1000,2,0.0588478323,0
1537365300,Prod-EcsStagingCluster-EcsCluster-1AAGQRFIOE9AE,Service_beiakklem1vi3j5fejsg,1000,2,0.0641461458,0
1537421520,Prod-EcsStagingCluster-EcsCluster-1AAGQRFIOE9AE,Service_beiakklem1vi3j5fejsg,1000,2,0.0687660719,0
1537349280,Prod-EcsStagingCluster-EcsCluster-1AAGQRFIOE9AE,Service_beiakklem1vi3j5fejsg,1000,2,0.0703485883,0
1537393800,Prod-EcsStagingCluster-EcsCluster-1AAGQRFIOE9AE,Service_beiakklem1vi3j5fejsg,1000,2,0.0578562822,0
1537371540,Prod-EcsStagingCluster-EcsCluster-1AAGQRFIOE9AE,Service_beiakklem1vi3j5fejsg,1000,2,0.0702345611,0
1537422420,Prod-EcsStagingCluster-EcsCluster-1AAGQRFIOE9AE,Service_beiakklem1vi3j5fejsg,1000,2,0.0647690498,0
1537348140,Prod-EcsStagingCluster-EcsCluster-1AAGQRFIOE9AE,Service_beiakklem1vi3j5fejsg,1000,2,0.0716685643,0
1537400160,Prod-EcsStagingCluster-EcsCluster-1AAGQRFIOE9AE,Service_beiakklem1vi3j5fejsg,1000,2,0.0612630516,0
1537360860,Prod-EcsStagingCluster-EcsCluster-1AAGQRFIOE9AE,Service_beiakklem1vi3j5fejsg,1000,2,0.0613282268,0
1537411740,Prod-EcsStagingCluster-EcsCluster-1AAGQRFIOE9AE,Service_beiakklem1vi3j5fejsg,1000,2,0.0636751002,0
1537399020,Prod-EcsStagingCluster-EcsCluster-1AAGQRFIOE9AE,Service_beiakklem1vi3j5fejsg,1000,2,0.0590763331,0
1537350180,Prod-EcsStagingCluster-EcsCluster-1AAGQRFIOE9AE,Service_beiakklem1vi3j5fejsg,1000,2,0.0670444571,0
1537401060,Prod-EcsStagingCluster-EcsCluster-1AAGQRFIOE9AE,Service_beiakklem1vi3j5fejsg,1000,2,0.0585940692,0
1537375620,Prod-EcsStagingCluster-EcsCluster-1AAGQRFIOE9AE,Service_beiakklem1vi3j5fejsg,1000,2,0.0602640620,0
1537426500,Prod-EcsStagingCluster-EcsCluster-1AAGQRFIOE9AE,Service_beiakklem1vi3j5fejsg,1000,2,0.0554018444,0
1537379700,Prod-EcsStagingCluster-EcsCluster-1AAGQRFIOE9AE,Service_beiakklem1vi3j5fejsg,1000,2,0.0678272288,0
1537351080,Prod-EcsStagingCluster-EcsCluster-1AAGQRFIOE9AE,Service_beiakklem1vi3j5fejsg,1000,2,0.0620352681,0
1537357440,Prod-EcsStagingCluster-EcsCluster-1AAGQRFIOE9AE,Service_beiakklem1vi3j5fejsg,1000,2,0.0666700568,0
1537401960,Prod-EcsStagingCluster-EcsCluster-1AAGQRFIOE9AE,Service_beiakklem1vi3j5fejsg,1000,2,0.0616917064,0
1537430580,Prod-EcsStagingCluster-EcsCluster-1AAGQRFIOE9AE,Service_beiakklem1vi3j5fejsg,1000,2,0.0541007441,0
1537356300,Prod-EcsStagingCluster-EcsCluster-1AAGQRFIOE9AE,Service_beiakklem1vi3j5fejsg,1000,2,0.0732349970,0
1537408320,Prod-EcsStagingCluster-EcsCluster-1AAGQRFIOE9AE,Service_beiakklem1vi3j5fejsg,1000,2,0.0686490727,0
1537369020,Prod-EcsStagingCluster-EcsCluster-1AAGQRFIOE9AE,Service_beiakklem1vi3j5fejsg,1000,2,0.0607843041,0
1537419900,Prod-EcsStagingCluster-EcsCluster-1AAGQRFIOE9AE,Service_beiakklem1vi3j5fejsg,1000,2,0.0823641308,0
1537407180,Prod-EcsStagingCluster-EcsCluster-1AAGQRFIOE9AE,Service_beiakklem1vi3j5fejsg,1000,2,0.0652454105,0
1537383840,Prod-EcsStagingCluster-EcsCluster-1AAGQRFIOE9AE,Service_beiakklem1vi3j5fejsg,1000,2,0.0614223401,0
1537428360,Prod-EcsStagingCluster-EcsCluster-1AAGQRFIOE9AE,Service_beiakklem1vi3j5fejsg,1000,2,0.0540666019,0
1537387860,Prod-EcsStagingCluster-EcsCluster-1AAGQRFIOE9AE,Service_beiakklem1vi3j5fejsg,1000,2,0.0649578056,0
1537364460,Prod-EcsStagingCluster-EcsCluster-1AAGQRFIOE9AE,Service_beiakklem1vi3j5fejsg,1000,2,0.0669604384,0
1537377180,Prod-EcsStagingCluster-EcsCluster-1AAGQRFIOE9AE,Service_beiakklem1vi3j5fejsg,1000,2,0.0587869692,0
1537385640,Prod-EcsStagingCluster-EcsCluster-1AAGQRFIOE9AE,Service_beiakklem1vi3j5fejsg,1000,2,0.0629847165,0
1537428060,Prod-EcsStagingCluster-EcsCluster-1AAGQRFIOE9AE,Service_beiakklem1vi3j5fejsg,1000,2,0.0533940065,0
1537392000,Prod-EcsStagingCluster-EcsCluster-1AAGQRFIOE9AE,Service_beiakklem1vi3j5fejsg,1000,2,0.0702800639,0
1537415340,Prod-EcsStagingCluster-EcsCluster-1AAGQRFIOE9AE,Service_beiakklem1vi3j5fejsg,1000,2,0.0528444466,0
1537391940,Prod-EcsStagingCluster-EcsCluster-1AAGQRFIOE9AE,Service_beiakklem1vi3j5fejsg,1000,2,0.0680534142,0
1537366500,Prod-EcsStagingCluster-EcsCluster-1AAGQRFIOE9AE,Service_beiakklem1vi3j5fejsg,1000,2,0.0621984821,0
1537417380,Prod-EcsStagingCluster-EcsCluster-1AAGQRFIOE9AE,Service_beiakklem1vi3j5fejsg,1000,2,0.0723983752,0
1537389720,Prod-EcsStagingCluster-EcsCluster-1AAGQRFIOE9AE,Service_beiakklem1vi3j5fejsg,1000,2,0.0742572404,0
1537364280,Prod-EcsStagingCluster-EcsCluster-1AAGQRFIOE9AE,Service_beiakklem1vi3j5fejsg,1000,2,0.0678688577,0
1537370640,Prod-EcsStagingCluster-EcsCluster-1AAGQRFIOE9AE,Service_beiakklem1vi3j5fejsg,1000,2,0.0689795629,0
1537415160,Prod-EcsStagingCluster-EcsCluster-1AAGQRFIOE9AE,Service_beiakklem1vi3j5fejsg,1000,2,0.0529515527,0
1537396080,Prod-EcsStagingCluster-EcsCluster-1AAGQRFIOE9AE,Service_beiakklem1vi3j5fejsg,1000,2,0.0942910320,0
1537373760,Prod-EcsStagingCluster-EcsCluster-1AAGQRFIOE9AE,Service_beiakklem1vi3j5fejsg,1000,2,0.0669843615,0
1537424640,Prod-EcsStagingCluster-EcsCluster-1AAGQRFIOE9AE,Service_beiakklem1vi3j5fejsg,1000,2,0.0578808563,0
1537393860,Prod-EcsStagingCluster-EcsCluster-1AAGQRFIOE9AE,Service_beiakklem1vi3j5fejsg,1000,2,0.0609683055,0
1537368420,Prod-EcsStagingCluster-EcsCluster-1AAGQRFIOE9AE,Service_beiakklem1vi3j5fejsg,1000,2,0.0626483226,0
1537419300,Prod-EcsStagingCluster-EcsCluster-1AAGQRFIOE9AE,Service_beiakklem1vi3j5fejsg,1000,2,0.0743986241,0
1537372620,Prod-EcsStagingCluster-EcsCluster-1AAGQRFIOE9AE,Service_beiakklem1vi3j5fejsg,1000,2,0.0630490106,0
1537385340,Prod-EcsStagingCluster-EcsCluster-1AAGQRFIOE9AE,Service_beiakklem1vi3j5fejsg,1000,2,0.0618271844,0
1537423500,Prod-EcsStagingCluster-EcsCluster-1AAGQRFIOE9AE,Service_beiakklem1vi3j5fejsg,1000,2,0.0648621272,0
1537352400,Prod-EcsStagingCluster-EcsCluster-1AAGQRFIOE9AE,Service_beiakklem1vi3j5fejsg,1000,2,0.0698580345,0
1537347060,Prod-EcsStagingCluster-EcsCluster-1AAGQRFIOE9AE,Service_beiakklem1vi3j5fejsg,1000,2,0.0704962180,0
1537377840,Prod-EcsStagingCluster-EcsCluster-1AAGQRFIOE9AE,Service_beiakklem1vi3j5fejsg,1000,2,0.0652273928,0
1537397940,Prod-EcsStagingCluster-EcsCluster-1AAGQRFIOE9AE,Service_beiakklem1vi3j5fejsg,1000,2,0.0563197472,0
1537428720,Prod-EcsStagingCluster-EcsCluster-1AAGQRFIOE9AE,Service_beiakklem1vi3j5fejsg,1000,2,0.0597760932,0
1537403280,Prod-EcsStagingCluster-EcsCluster-1AAGQRFIOE9AE,Service_beiakklem1vi3j5fejsg,1000,2,0.0721548439,0
1537369320,Prod-EcsStagingCluster-EcsCluster-1AAGQRFIOE9AE,Service_beiakklem1vi3j5fejsg,1000,2,0.0612785000,0
1537420200,Prod-EcsStagingCluster-EcsCluster-1AAGQRFIOE9AE,Service_beiakklem1vi3j5fejsg,1000,2,0.0844326558,0
1537373400,Prod-EcsStagingCluster-EcsCluster-1AAGQRFIOE9AE,Service_beiakklem1vi3j5fejsg,1000,2,0.0652019593,0
1537347960,Prod-EcsStagingCluster-EcsCluster-1AAGQRFIOE9AE,Service_beiakklem1vi3j5fejsg,1000,2,0.0718352691,0
1537381920,Prod-EcsStagingCluster-EcsCluster-1AAGQRFIOE9AE,Service_beiakklem1vi3j5fejsg,1000,2,0.0729463943,0
1537398840,Prod-EcsStagingCluster-EcsCluster-1AAGQRFIOE9AE,Service_beiakklem1vi3j5fejsg,1000,2,0.0651282270,0
1537424280,Prod-EcsStagingCluster-EcsCluster-1AAGQRFIOE9AE,Service_beiakklem1vi3j5fejsg,1000,2,0.0626613520,0
1537393500,Prod-EcsStagingCluster-EcsCluster-1AAGQRFIOE9AE,Service_beiakklem1vi3j5fejsg,1000,2,0.0583349803,0
1537380780,Prod-EcsStagingCluster-EcsCluster-1AAGQRFIOE9AE,Service_beiakklem1vi3j5fejsg,1000,2,0.0714763184,0
1537431660,Prod-EcsStagingCluster-EcsCluster-1AAGQRFIOE9AE,Service_beiakklem1vi3j5fejsg,1000,2,0.0592074493,0
1537377480,Prod-EcsStagingCluster-EcsCluster-1AAGQRFIOE9AE,Service_beiakklem1vi3j5fejsg,1000,2,0.0593552462,0
1537355220,Prod-EcsStagingCluster-EcsCluster-1AAGQRFIOE9AE,Service_beiakklem1vi3j5fejsg,1000,2,0.0719617905,0
1537406100,Prod-EcsStagingCluster-EcsCluster-1AAGQRFIOE9AE,Service_beiakklem1vi3j5fejsg,1000,2,0.0565399683,0
1537361520,Prod-EcsStagingCluster-EcsCluster-1AAGQRFIOE9AE,Service_beiakklem1vi3j5fejsg,1000,2,0.0684266580,0
1537412400,Prod-EcsStagingCluster-EcsCluster-1AAGQRFIOE9AE,Service_beiakklem1vi3j5fejsg,1000,2,0.0484808863,0
1537353000,Prod-EcsStagingCluster-EcsCluster-1AAGQRFIOE9AE,Service_beiakklem1vi3j5fejsg,1000,2,0.0584578482,0
1537386960,Prod-EcsStagingCluster-EcsCluster-1AAGQRFIOE9AE,Service_beiakklem1vi3j5fejsg,1000,2,0.0602854988,0
1537403880,Prod-EcsStagingCluster-EcsCluster-1AAGQRFIOE9AE,Service_beiakklem1vi3j5fejsg,1000,2,0.0595997937,0
1537359300,Prod-EcsStagingCluster-EcsCluster-1AAGQRFIOE9AE,Service_beiakklem1vi3j5fejsg,1000,2,0.0631666160,0
1537410180,Prod-EcsStagingCluster-EcsCluster-1AAGQRFIOE9AE,Service_beiakklem1vi3j5fejsg,1000,2,0.0684693696,0
1537350780,Prod-EcsStagingCluster-EcsCluster-1AAGQRFIOE9AE,Service_beiakklem1vi3j5fejsg,1000,2,0.0618141480,0
1537384740,Prod-EcsStagingCluster-EcsCluster-1AAGQRFIOE9AE,Service_beiakklem1vi3j5fejsg,1000,2,0.0610691890,0
1537401660,Prod-EcsStagingCluster-EcsCluster-1AAGQRFIOE9AE,Service_beiakklem1vi3j5fejsg,1000,2,0.0589872318,0
1537388940,Prod-EcsStagingCluster-EcsCluster-1AAGQRFIOE9AE,Service_beiakklem1vi3j5fejsg,1000,2,0.0583908826,0
1537365600,Prod-EcsStagingCluster-EcsCluster-1AAGQRFIOE9AE,Service_beiakklem1vi3j5fejsg,1000,2,0.0672552976,0
1537416480,Prod-EcsStagingCluster-EcsCluster-1AAGQRFIOE9AE,Service_beiakklem1vi3j5fejsg,1000,2,0.0525900389,0
1537357080,Prod-EcsStagingCluster-EcsCluster-1AAGQRFIOE9AE,Service_beiakklem1vi3j5fejsg,1000,2,0.0664064920,0
1537407960,Prod-EcsStagingCluster-EcsCluster-1AAGQRFIOE9AE,Service_beiakklem1vi3j5fejsg,1000,2,0.0576203935,0
1537382520,Prod-EcsStagingCluster-EcsCluster-1AAGQRFIOE9AE,Service_beiakklem1vi3j5fejsg,1000,2,0.0625808552,0
1537363380,Prod-EcsStagingCluster-EcsCluster-1AAGQRFIOE9AE,Service_beiakklem1vi3j5fejsg,1000,2,0.0678928440,0
1537414260,Prod-EcsStagingCluster-EcsCluster-1AAGQRFIOE9AE,Service_beiakklem1vi3j5fejsg,1000,2,0.0520896016,0
1537361160,Prod-EcsStagingCluster-EcsCluster-1AAGQRFIOE9AE,Service_beiakklem1vi3j5fejsg,1000,2,0.0609292362,0
1537412040,Prod-EcsStagingCluster-EcsCluster-1AAGQRFIOE9AE,Service_beiakklem1vi3j5fejsg,1000,2,0.0530773252,0
1537346220,Prod-EcsStagingCluster-EcsCluster-1AAGQRFIOE9AE,Service_beiakklem1vi3j5fejsg,1000,2,0.0641980290,0
1537358940,Prod-EcsStagingCluster-EcsCluster-1AAGQRFIOE9AE,Service_beiakklem1vi3j5fejsg,1000,2,0.0723721276,0
1537397100,Prod-EcsStagingCluster-EcsCluster-1AAGQRFIOE9AE,Service_beiakklem1vi3j5fejsg,1000,2,0.0610069040,0
1537360980,Prod-EcsStagingCluster-EcsCluster-1AAGQRFIOE9AE,Service_beiakklem1vi3j5fejsg,1000,2,0.0617836892,0
1537425720,Prod-EcsStagingCluster-EcsCluster-1AAGQRFIOE9AE,Service_beiakklem1vi3j5fejsg,1000,2,0.0550914194,0
1537354620,Prod-EcsStagingCluster-EcsCluster-1AAGQRFIOE9AE,Service_beiakklem1vi3j5fejsg,1000,2,0.0673142382,0
1537411860,Prod-EcsStagingCluster-EcsCluster-1AAGQRFIOE9AE,Service_beiakklem1vi3j5fejsg,1000,2,0.0630801045,0
1537405500,Prod-EcsStagingCluster-EcsCluster-1AAGQRFIOE9AE,Service_beiakklem1vi3j5fejsg,1000,2,0.0542946052,0
1537347120,Prod-EcsStagingCluster-EcsCluster-1AAGQRFIOE9AE,Service_beiakklem1vi3j5fejsg,1000,2,0.0705951014,0
1537391640,Prod-EcsStagingCluster-EcsCluster-1AAGQRFIOE9AE,Service_beiakklem1vi3j5fejsg,1000,2,0.0623924873,0
1537398000,Prod-EcsStagingCluster-EcsCluster-1AAGQRFIOE9AE,Service_beiakklem1vi3j5fejsg,1000,2,0.0586886475,0
1537371420,Prod-EcsStagingCluster-EcsCluster-1AAGQRFIOE9AE,Service_beiakklem1vi3j5fejsg,1000,2,0.0666746790,0
1537377780,Prod-EcsStagingCluster-EcsCluster-1AAGQRFIOE9AE,Service_beiakklem1vi3j5fejsg,1000,2,0.0640685963,0
1537428660,Prod-EcsStagingCluster-EcsCluster-1AAGQRFIOE9AE,Service_beiakklem1vi3j5fejsg,1000,2,0.0573514010,0
1537360740,Prod-EcsStagingCluster-EcsCluster-1AAGQRFIOE9AE,Service_beiakklem1vi3j5fejsg,1000,2,0.0614729455,0
1537422300,Prod-EcsStagingCluster-EcsCluster-1AAGQRFIOE9AE,Service_beiakklem1vi3j5fejsg,1000,2,0.0648084830,0
1537411620,Prod-EcsStagingCluster-EcsCluster-1AAGQRFIOE9AE,Service_beiakklem1vi3j5fejsg,1000,2,0.0681501764,0
1537346880,Prod-EcsStagingCluster-EcsCluster-1AAGQRFIOE9AE,Service_beiakklem1vi3j5fejsg,1000,2,0.0706966902,0
1537397760,Prod-EcsStagingCluster-EcsCluster-1AAGQRFIOE9AE,Service_beiakklem1vi3j5fejsg,1000,2,0.0661961322,0
1537391400,Prod-EcsStagingCluster-EcsCluster-1AAGQRFIOE9AE,Service_beiakklem1vi3j5fejsg,1000,2,0.0621449774,0
1537345740,Prod-EcsStagingCluster-EcsCluster-1AAGQRFIOE9AE,Service_beiakklem1vi3j5fejsg,1000,2,0.0659475580,0
1537396620,Prod-EcsStagingCluster-EcsCluster-1AAGQRFIOE9AE,Service_beiakklem1vi3j5fejsg,1000,2,0.0596200503,0
1537377540,Prod-EcsStagingCluster-EcsCluster-1AAGQRFIOE9AE,Service_beiakklem1vi3j5fejsg,1000,2,0.0601813082,0
1537428420,Prod-EcsStagingCluster-EcsCluster-1AAGQRFIOE9AE,Service_beiakklem1vi3j5fejsg,1000,2,0.0560261488,0
1537357320,Prod-EcsStagingCluster-EcsCluster-1AAGQRFIOE9AE,Service_beiakklem1vi3j5fejsg,1000,2,0.0655890461,0
1537375320,Prod-EcsStagingCluster-EcsCluster-1AAGQRFIOE9AE,Service_beiakklem1vi3j5fejsg,1000,2,0.0579878591,0
1537381680,Prod-EcsStagingCluster-EcsCluster-1AAGQRFIOE9AE,Service_beiakklem1vi3j5fejsg,1000,2,0.0776025368,0
1537426200,Prod-EcsStagingCluster-EcsCluster-1AAGQRFIOE9AE,Service_beiakklem1vi3j5fejsg,1000,2,0.0536778118,0
1537362540,Prod-EcsStagingCluster-EcsCluster-1AAGQRFIOE9AE,Service_beiakklem1vi3j5fejsg,1000,2,0.0633543019,0
1537413420,Prod-EcsStagingCluster-EcsCluster-1AAGQRFIOE9AE,Service_beiakklem1vi3j5fejsg,1000,2,0.0540769563,0
1537370940,Prod-EcsStagingCluster-EcsCluster-1AAGQRFIOE9AE,Service_beiakklem1vi3j5fejsg,1000,2,0.0681723095,0
1537377300,Prod-EcsStagingCluster-EcsCluster-1AAGQRFIOE9AE,Service_beiakklem1vi3j5fejsg,1000,2,0.0591238684,0
1537421820,Prod-EcsStagingCluster-EcsCluster-1AAGQRFIOE9AE,Service_beiakklem1vi3j5fejsg,1000,2,0.0711284541,0
1537428180,Prod-EcsStagingCluster-EcsCluster-1AAGQRFIOE9AE,Service_beiakklem1vi3j5fejsg,1000,2,0.0542193909,0
1537381440,Prod-EcsStagingCluster-EcsCluster-1AAGQRFIOE9AE,Service_beiakklem1vi3j5fejsg,1000,2,0.0879591972,0
1537375080,Prod-EcsStagingCluster-EcsCluster-1AAGQRFIOE9AE,Service_beiakklem1vi3j5fejsg,1000,2,0.0595294705,0
1537394100,Prod-EcsStagingCluster-EcsCluster-1AAGQRFIOE9AE,Service_beiakklem1vi3j5fejsg,1000,2,0.0591099678,0
1537387740,Prod-EcsStagingCluster-EcsCluster-1AAGQRFIOE9AE,Service_beiakklem1vi3j5fejsg,1000,2,0.0615150117,0
1537425960,Prod-EcsStagingCluster-EcsCluster-1AAGQRFIOE9AE,Service_beiakklem1vi3j5fejsg,1000,2,0.0549127784,0
1537377060,Prod-EcsStagingCluster-EcsCluster-1AAGQRFIOE9AE,Service_beiakklem1vi3j5fejsg,1000,2,0.0583843731,0
1537347360,Prod-EcsStagingCluster-EcsCluster-1AAGQRFIOE9AE,Service_beiakklem1vi3j5fejsg,1000,2,0.0724318440,0
1537391880,Prod-EcsStagingCluster-EcsCluster-1AAGQRFIOE9AE,Service_beiakklem1vi3j5fejsg,1000,2,0.0678676547,0
1537398240,Prod-EcsStagingCluster-EcsCluster-1AAGQRFIOE9AE,Service_beiakklem1vi3j5fejsg,1000,2,0.0594491012,0
1537427940,Prod-EcsStagingCluster-EcsCluster-1AAGQRFIOE9AE,Service_beiakklem1vi3j5fejsg,1000,2,0.0658994537,0
1537374840,Prod-EcsStagingCluster-EcsCluster-1AAGQRFIOE9AE,Service_beiakklem1vi3j5fejsg,1000,2,0.0591733918,0
1537381200,Prod-EcsStagingCluster-EcsCluster-1AAGQRFIOE9AE,Service_beiakklem1vi3j5fejsg,1000,2,0.0730533474,0
1537396020,Prod-EcsStagingCluster-EcsCluster-1AAGQRFIOE9AE,Service_beiakklem1vi3j5fejsg,1000,2,0.0593080573,0
1537414080,Prod-EcsStagingCluster-EcsCluster-1AAGQRFIOE9AE,Service_beiakklem1vi3j5fejsg,1000,2,0.0622264259,0
1537362060,Prod-EcsStagingCluster-EcsCluster-1AAGQRFIOE9AE,Service_beiakklem1vi3j5fejsg,1000,2,0.0707772342,0
1537412940,Prod-EcsStagingCluster-EcsCluster-1AAGQRFIOE9AE,Service_beiakklem1vi3j5fejsg,1000,2,0.0574163723,0
1537378980,Prod-EcsStagingCluster-EcsCluster-1AAGQRFIOE9AE,Service_beiakklem1vi3j5fejsg,1000,2,0.0677902481,0
1537380000,Prod-EcsStagingCluster-EcsCluster-1AAGQRFIOE9AE,Service_beiakklem1vi3j5fejsg,1000,2,0.0692211788,0
1537429860,Prod-EcsStagingCluster-EcsCluster-1AAGQRFIOE9AE,Service_beiakklem1vi3j5fejsg,1000,2,0.0564877342,0
1537358760,Prod-EcsStagingCluster-EcsCluster-1AAGQRFIOE9AE,Service_beiakklem1vi3j5fejsg,1000,2,0.0657964511,0
1537430880,Prod-EcsStagingCluster-EcsCluster-1AAGQRFIOE9AE,Service_beiakklem1vi3j5fejsg,1000,2,0.0551430092,0
1537362960,Prod-EcsStagingCluster-EcsCluster-1AAGQRFIOE9AE,Service_beiakklem1vi3j5fejsg,1000,2,0.0705725599,0
1537409640,Prod-EcsStagingCluster-EcsCluster-1AAGQRFIOE9AE,Service_beiakklem1vi3j5fejsg,1000,2,0.0677346471,0
1537378860,Prod-EcsStagingCluster-EcsCluster-1AAGQRFIOE9AE,Service_beiakklem1vi3j5fejsg,1000,2,0.0689332278,0
1537429740,Prod-EcsStagingCluster-EcsCluster-1AAGQRFIOE9AE,Service_beiakklem1vi3j5fejsg,1000,2,0.0468922151,0
1537413840,Prod-EcsStagingCluster-EcsCluster-1AAGQRFIOE9AE,Service_beiakklem1vi3j5fejsg,1000,2,0.0540184159,0
1537395780,Prod-EcsStagingCluster-EcsCluster-1AAGQRFIOE9AE,Service_beiakklem1vi3j5fejsg,1000,2,0.0583835192,0
1537375560,Prod-EcsStagingCluster-EcsCluster-1AAGQRFIOE9AE,Service_beiakklem1vi3j5fejsg,1000,2,0.0597573393,0
1537387260,Prod-EcsStagingCluster-EcsCluster-1AAGQRFIOE9AE,Service_beiakklem1vi3j5fejsg,1000,2,0.0594721906,0
1537426440,Prod-EcsStagingCluster-EcsCluster-1AAGQRFIOE9AE,Service_beiakklem1vi3j5fejsg,1000,2,0.0545480263,0
1537358520,Prod-EcsStagingCluster-EcsCluster-1AAGQRFIOE9AE,Service_beiakklem1vi3j5fejsg,1000,2,0.0659858245,0
1537379760,Prod-EcsStagingCluster-EcsCluster-1AAGQRFIOE9AE,Service_beiakklem1vi3j5fejsg,1000,2,0.0789207239,0
1537430640,Prod-EcsStagingCluster-EcsCluster-1AAGQRFIOE9AE,Service_beiakklem1vi3j5fejsg,1000,2,0.0549998880,0
1537353180,Prod-EcsStagingCluster-EcsCluster-1AAGQRFIOE9AE,Service_beiakklem1vi3j5fejsg,1000,2,0.0600684824,0
1537409400,Prod-EcsStagingCluster-EcsCluster-1AAGQRFIOE9AE,Service_beiakklem1vi3j5fejsg,1000,2,0.0801892242,0
1537404060,Prod-EcsStagingCluster-EcsCluster-1AAGQRFIOE9AE,Service_beiakklem1vi3j5fejsg,1000,2,0.0610031921,0
1537395540,Prod-EcsStagingCluster-EcsCluster-1AAGQRFIOE9AE,Service_beiakklem1vi3j5fejsg,1000,2,0.0578762635,0
1537363680,Prod-EcsStagingCluster-EcsCluster-1AAGQRFIOE9AE,Service_beiakklem1vi3j5fejsg,1000,2,0.0683619151,0
1537414560,Prod-EcsStagingCluster-EcsCluster-1AAGQRFIOE9AE,Service_beiakklem1vi3j5fejsg,1000,2,0.0529646919,0
1537393320,Prod-EcsStagingCluster-EcsCluster-1AAGQRFIOE9AE,Service_beiakklem1vi3j5fejsg,1000,2,0.0579114114,0
1537346640,Prod-EcsStagingCluster-EcsCluster-1AAGQRFIOE9AE,Service_beiakklem1vi3j5fejsg,1000,2,0.0716552788,0
1537397520,Prod-EcsStagingCluster-EcsCluster-1AAGQRFIOE9AE,Service_beiakklem1vi3j5fejsg,1000,2,0.0615488145,0
1537361460,Prod-EcsStagingCluster-EcsCluster-1AAGQRFIOE9AE,Service_beiakklem1vi3j5fejsg,1000,2,0.0690328912,0
1537412340,Prod-EcsStagingCluster-EcsCluster-1AAGQRFIOE9AE,Service_beiakklem1vi3j5fejsg,1000,2,0.0496984960,0
1537378380,Prod-EcsStagingCluster-EcsCluster-1AAGQRFIOE9AE,Service_beiakklem1vi3j5fejsg,1000,2,0.0631427682,0
1537359240,Prod-EcsStagingCluster-EcsCluster-1AAGQRFIOE9AE,Service_beiakklem1vi3j5fejsg,1000,2,0.0616107632,0
1537395300,Prod-EcsStagingCluster-EcsCluster-1AAGQRFIOE9AE,Service_beiakklem1vi3j5fejsg,1000,2,0.0679916156,0
1537429260,Prod-EcsStagingCluster-EcsCluster-1AAGQRFIOE9AE,Service_beiakklem1vi3j5fejsg,1000,2,0.0554808476,0
1537410120,Prod-EcsStagingCluster-EcsCluster-1AAGQRFIOE9AE,Service_beiakklem1vi3j5fejsg,1000,2,0.0678632386,0
1537363440,Prod-EcsStagingCluster-EcsCluster-1AAGQRFIOE9AE,Service_beiakklem1vi3j5fejsg,1000,2,0.0672240451,0
1537393080,Prod-EcsStagingCluster-EcsCluster-1AAGQRFIOE9AE,Service_beiakklem1vi3j5fejsg,1000,2,0.0609392444,0
1537414320,Prod-EcsStagingCluster-EcsCluster-1AAGQRFIOE9AE,Service_beiakklem1vi3j5fejsg,1000,2,0.0520071999,0
1537395180,Prod-EcsStagingCluster-EcsCluster-1AAGQRFIOE9AE,Service_beiakklem1vi3j5fejsg,1000,2,0.0616427050,0
1537361220,Prod-EcsStagingCluster-EcsCluster-1AAGQRFIOE9AE,Service_beiakklem1vi3j5fejsg,1000,2,0.0615661753,0
1537412100,Prod-EcsStagingCluster-EcsCluster-1AAGQRFIOE9AE,Service_beiakklem1vi3j5fejsg,1000,2,0.0478731886,0
1537352700,Prod-EcsStagingCluster-EcsCluster-1AAGQRFIOE9AE,Service_beiakklem1vi3j5fejsg,1000,2,0.0610296885,0
1537403580,Prod-EcsStagingCluster-EcsCluster-1AAGQRFIOE9AE,Service_beiakklem1vi3j5fejsg,1000,2,0.0661080295,0
1537359000,Prod-EcsStagingCluster-EcsCluster-1AAGQRFIOE9AE,Service_beiakklem1vi3j5fejsg,1000,2,0.0672771426,0
1537409880,Prod-EcsStagingCluster-EcsCluster-1AAGQRFIOE9AE,Service_beiakklem1vi3j5fejsg,1000,2,0.0653170668,0
1537363200,Prod-EcsStagingCluster-EcsCluster-1AAGQRFIOE9AE,Service_beiakklem1vi3j5fejsg,1000,2,0.0691546624,0
1537375860,Prod-EcsStagingCluster-EcsCluster-1AAGQRFIOE9AE,Service_beiakklem1vi3j5fejsg,1000,2,0.0623766804,0
1537363140,Prod-EcsStagingCluster-EcsCluster-1AAGQRFIOE9AE,Service_beiakklem1vi3j5fejsg,1000,2,0.0695995995,0
1537414020,Prod-EcsStagingCluster-EcsCluster-1AAGQRFIOE9AE,Service_beiakklem1vi3j5fejsg,1000,2,0.0539141935,0
1537426740,Prod-EcsStagingCluster-EcsCluster-1AAGQRFIOE9AE,Service_beiakklem1vi3j5fejsg,1000,2,0.0417101495,0
1537376760,Prod-EcsStagingCluster-EcsCluster-1AAGQRFIOE9AE,Service_beiakklem1vi3j5fejsg,1000,2,0.0592022540,0
1537383120,Prod-EcsStagingCluster-EcsCluster-1AAGQRFIOE9AE,Service_beiakklem1vi3j5fejsg,1000,2,0.0617692787,0
1537389480,Prod-EcsStagingCluster-EcsCluster-1AAGQRFIOE9AE,Service_beiakklem1vi3j5fejsg,1000,2,0.0659937013,0
1537395840,Prod-EcsStagingCluster-EcsCluster-1AAGQRFIOE9AE,Service_beiakklem1vi3j5fejsg,1000,2,0.0593115797,0
1537427640,Prod-EcsStagingCluster-EcsCluster-1AAGQRFIOE9AE,Service_beiakklem1vi3j5fejsg,1000,2,0.0508387900,0
1537356540,Prod-EcsStagingCluster-EcsCluster-1AAGQRFIOE9AE,Service_beiakklem1vi3j5fejsg,1000,2,0.0713288009,0
1537394700,Prod-EcsStagingCluster-EcsCluster-1AAGQRFIOE9AE,Service_beiakklem1vi3j5fejsg,1000,2,0.0599414073,0
1537349040,Prod-EcsStagingCluster-EcsCluster-1AAGQRFIOE9AE,Service_beiakklem1vi3j5fejsg,1000,2,0.0687838981,0
1537355400,Prod-EcsStagingCluster-EcsCluster-1AAGQRFIOE9AE,Service_beiakklem1vi3j5fejsg,1000,2,0.0698310743,0
1537361760,Prod-EcsStagingCluster-EcsCluster-1AAGQRFIOE9AE,Service_beiakklem1vi3j5fejsg,1000,2,0.0640665686,0
1537407420,Prod-EcsStagingCluster-EcsCluster-1AAGQRFIOE9AE,Service_beiakklem1vi3j5fejsg,1000,2,0.0553507610,0
1537412640,Prod-EcsStagingCluster-EcsCluster-1AAGQRFIOE9AE,Service_beiakklem1vi3j5fejsg,1000,2,0.0549526795,0
1537393560,Prod-EcsStagingCluster-EcsCluster-1AAGQRFIOE9AE,Service_beiakklem1vi3j5fejsg,1000,2,0.0589499986,0
1537399920,Prod-EcsStagingCluster-EcsCluster-1AAGQRFIOE9AE,Service_beiakklem1vi3j5fejsg,1000,2,0.0555674674,0
1537406280,Prod-EcsStagingCluster-EcsCluster-1AAGQRFIOE9AE,Service_beiakklem1vi3j5fejsg,1000,2,0.0595750977,0
1537373340,Prod-EcsStagingCluster-EcsCluster-1AAGQRFIOE9AE,Service_beiakklem1vi3j5fejsg,1000,2,0.0703270209,0
1537360620,Prod-EcsStagingCluster-EcsCluster-1AAGQRFIOE9AE,Service_beiakklem1vi3j5fejsg,1000,2,0.0602073861,0
1537362660,Prod-EcsStagingCluster-EcsCluster-1AAGQRFIOE9AE,Service_beiakklem1vi3j5fejsg,1000,2,0.0647363845,0
1537411500,Prod-EcsStagingCluster-EcsCluster-1AAGQRFIOE9AE,Service_beiakklem1vi3j5fejsg,1000,2,0.0714654964,0
1537424220,Prod-EcsStagingCluster-EcsCluster-1AAGQRFIOE9AE,Service_beiakklem1vi3j5fejsg,1000,2,0.0605590784,0
1537375380,Prod-EcsStagingCluster-EcsCluster-1AAGQRFIOE9AE,Service_beiakklem1vi3j5fejsg,1000,2,0.0601574801,0
1537413540,Prod-EcsStagingCluster-EcsCluster-1AAGQRFIOE9AE,Service_beiakklem1vi3j5fejsg,1000,2,0.0546384392,0
1537360440,Prod-EcsStagingCluster-EcsCluster-1AAGQRFIOE9AE,Service_beiakklem1vi3j5fejsg,1000,2,0.0605624037,0
1537426260,Prod-EcsStagingCluster-EcsCluster-1AAGQRFIOE9AE,Service_beiakklem1vi3j5fejsg,1000,2,0.0541501640,0
1537379520,Prod-EcsStagingCluster-EcsCluster-1AAGQRFIOE9AE,Service_beiakklem1vi3j5fejsg,1000,2,0.0645037360,0
1537366800,Prod-EcsStagingCluster-EcsCluster-1AAGQRFIOE9AE,Service_beiakklem1vi3j5fejsg,1000,2,0.0623059220,0
1537373160,Prod-EcsStagingCluster-EcsCluster-1AAGQRFIOE9AE,Service_beiakklem1vi3j5fejsg,1000,2,0.0642572098,0
1537417680,Prod-EcsStagingCluster-EcsCluster-1AAGQRFIOE9AE,Service_beiakklem1vi3j5fejsg,1000,2,0.0842075921,0
1537411320,Prod-EcsStagingCluster-EcsCluster-1AAGQRFIOE9AE,Service_beiakklem1vi3j5fejsg,1000,2,0.0715989673,0
1537392180,Prod-EcsStagingCluster-EcsCluster-1AAGQRFIOE9AE,Service_beiakklem1vi3j5fejsg,1000,2,0.0696883258,0
1537424040,Prod-EcsStagingCluster-EcsCluster-1AAGQRFIOE9AE,Service_beiakklem1vi3j5fejsg,1000,2,0.0611447676,0
1537430400,Prod-EcsStagingCluster-EcsCluster-1AAGQRFIOE9AE,Service_beiakklem1vi3j5fejsg,1000,2,0.0682282177,0
1537379460,Prod-EcsStagingCluster-EcsCluster-1AAGQRFIOE9AE,Service_beiakklem1vi3j5fejsg,1000,2,0.0668288315,0
1537430340,Prod-EcsStagingCluster-EcsCluster-1AAGQRFIOE9AE,Service_beiakklem1vi3j5fejsg,1000,2,0.0555947928,0
1537345440,Prod-EcsStagingCluster-EcsCluster-1AAGQRFIOE9AE,Service_beiakklem1vi3j5fejsg,1000,2,0.0591329618,0
1537396320,Prod-EcsStagingCluster-EcsCluster-1AAGQRFIOE9AE,Service_beiakklem1vi3j5fejsg,1000,2,0.0577586179,0
1537389960,Prod-EcsStagingCluster-EcsCluster-1AAGQRFIOE9AE,Service_beiakklem1vi3j5fejsg,1000,2,0.0703124248,0
1537377240,Prod-EcsStagingCluster-EcsCluster-1AAGQRFIOE9AE,Service_beiakklem1vi3j5fejsg,1000,2,0.0578556524,0
1537383600,Prod-EcsStagingCluster-EcsCluster-1AAGQRFIOE9AE,Service_beiakklem1vi3j5fejsg,1000,2,0.0605381217,0
1537428120,Prod-EcsStagingCluster-EcsCluster-1AAGQRFIOE9AE,Service_beiakklem1vi3j5fejsg,1000,2,0.0533871190,0
1537360140,Prod-EcsStagingCluster-EcsCluster-1AAGQRFIOE9AE,Service_beiakklem1vi3j5fejsg,1000,2,0.0746544919,0
1537372860,Prod-EcsStagingCluster-EcsCluster-1AAGQRFIOE9AE,Service_beiakklem1vi3j5fejsg,1000,2,0.0640992340,0
1537411020,Prod-EcsStagingCluster-EcsCluster-1AAGQRFIOE9AE,Service_beiakklem1vi3j5fejsg,1000,2,0.0732004133,0
1537423740,Prod-EcsStagingCluster-EcsCluster-1AAGQRFIOE9AE,Service_beiakklem1vi3j5fejsg,1000,2,0.0651468122,0
1537389660,Prod-EcsStagingCluster-EcsCluster-1AAGQRFIOE9AE,Service_beiakklem1vi3j5fejsg,1000,2,0.0746041597,0
1537407720,Prod-EcsStagingCluster-EcsCluster-1AAGQRFIOE9AE,Service_beiakklem1vi3j5fejsg,1000,2,0.0531546078,0
1537376940,Prod-EcsStagingCluster-EcsCluster-1AAGQRFIOE9AE,Service_beiakklem1vi3j5fejsg,1000,2,0.0719782816,0
1537427820,Prod-EcsStagingCluster-EcsCluster-1AAGQRFIOE9AE,Service_beiakklem1vi3j5fejsg,1000,2,0.0539956285,0
1537373640,Prod-EcsStagingCluster-EcsCluster-1AAGQRFIOE9AE,Service_beiakklem1vi3j5fejsg,1000,2,0.0643590307,0
1537360920,Prod-EcsStagingCluster-EcsCluster-1AAGQRFIOE9AE,Service_beiakklem1vi3j5fejsg,1000,2,0.0606480197,0
1537411800,Prod-EcsStagingCluster-EcsCluster-1AAGQRFIOE9AE,Service_beiakklem1vi3j5fejsg,1000,2,0.0781294695,0
1537424520,Prod-EcsStagingCluster-EcsCluster-1AAGQRFIOE9AE,Service_beiakklem1vi3j5fejsg,1000,2,0.0594046994,0
1537380900,Prod-EcsStagingCluster-EcsCluster-1AAGQRFIOE9AE,Service_beiakklem1vi3j5fejsg,1000,2,0.0701435036,0
1537393620,Prod-EcsStagingCluster-EcsCluster-1AAGQRFIOE9AE,Service_beiakklem1vi3j5fejsg,1000,2,0.0735193623,0
1537346820,Prod-EcsStagingCluster-EcsCluster-1AAGQRFIOE9AE,Service_beiakklem1vi3j5fejsg,1000,2,0.0705331026,0
1537359540,Prod-EcsStagingCluster-EcsCluster-1AAGQRFIOE9AE,Service_beiakklem1vi3j5fejsg,1000,2,0.0598334884,0
1537364880,Prod-EcsStagingCluster-EcsCluster-1AAGQRFIOE9AE,Service_beiakklem1vi3j5fejsg,1000,2,0.0786130213,0
1537377600,Prod-EcsStagingCluster-EcsCluster-1AAGQRFIOE9AE,Service_beiakklem1vi3j5fejsg,1000,2,0.0587754406,0
1537415760,Prod-EcsStagingCluster-EcsCluster-1AAGQRFIOE9AE,Service_beiakklem1vi3j5fejsg,1000,2,0.0552879928,0
1537410420,Prod-EcsStagingCluster-EcsCluster-1AAGQRFIOE9AE,Service_beiakklem1vi3j5fejsg,1000,2,0.0669282583,0
1537376460,Prod-EcsStagingCluster-EcsCluster-1AAGQRFIOE9AE,Service_beiakklem1vi3j5fejsg,1000,2,0.0612442340,0
1537397700,Prod-EcsStagingCluster-EcsCluster-1AAGQRFIOE9AE,Service_beiakklem1vi3j5fejsg,1000,2,0.0601008629,0
1537428480,Prod-EcsStagingCluster-EcsCluster-1AAGQRFIOE9AE,Service_beiakklem1vi3j5fejsg,1000,2,0.0579616957,0
1537389180,Prod-EcsStagingCluster-EcsCluster-1AAGQRFIOE9AE,Service_beiakklem1vi3j5fejsg,1000,2,0.0633074404,0
1537427340,Prod-EcsStagingCluster-EcsCluster-1AAGQRFIOE9AE,Service_beiakklem1vi3j5fejsg,1000,2,0.0511446370,0
1537408200,Prod-EcsStagingCluster-EcsCluster-1AAGQRFIOE9AE,Service_beiakklem1vi3j5fejsg,1000,2,0.0596148844,0
1537395480,Prod-EcsStagingCluster-EcsCluster-1AAGQRFIOE9AE,Service_beiakklem1vi3j5fejsg,1000,2,0.0683901629,0
1537355100,Prod-EcsStagingCluster-EcsCluster-1AAGQRFIOE9AE,Service_beiakklem1vi3j5fejsg,1000,2,0.0736010940,0
1537405980,Prod-EcsStagingCluster-EcsCluster-1AAGQRFIOE9AE,Service_beiakklem1vi3j5fejsg,1000,2,0.0567233211,0
1537393260,Prod-EcsStagingCluster-EcsCluster-1AAGQRFIOE9AE,Service_beiakklem1vi3j5fejsg,1000,2,0.0591398503,0
1537361280,Prod-EcsStagingCluster-EcsCluster-1AAGQRFIOE9AE,Service_beiakklem1vi3j5fejsg,1000,2,0.0627009932,0
1537348560,Prod-EcsStagingCluster-EcsCluster-1AAGQRFIOE9AE,Service_beiakklem1vi3j5fejsg,1000,2,0.0726879301,0
1537399440,Prod-EcsStagingCluster-EcsCluster-1AAGQRFIOE9AE,Service_beiakklem1vi3j5fejsg,1000,2,0.0664882935,0
1537412160,Prod-EcsStagingCluster-EcsCluster-1AAGQRFIOE9AE,Service_beiakklem1vi3j5fejsg,1000,2,0.0475969152,0
1537359060,Prod-EcsStagingCluster-EcsCluster-1AAGQRFIOE9AE,Service_beiakklem1vi3j5fejsg,1000,2,0.0665106840,0
1537346340,Prod-EcsStagingCluster-EcsCluster-1AAGQRFIOE9AE,Service_beiakklem1vi3j5fejsg,1000,2,0.0651444721,0
1537397220,Prod-EcsStagingCluster-EcsCluster-1AAGQRFIOE9AE,Service_beiakklem1vi3j5fejsg,1000,2,0.0604220119,0
1537378080,Prod-EcsStagingCluster-EcsCluster-1AAGQRFIOE9AE,Service_beiakklem1vi3j5fejsg,1000,2,0.0637902044,0
1537409940,Prod-EcsStagingCluster-EcsCluster-1AAGQRFIOE9AE,Service_beiakklem1vi3j5fejsg,1000,2,0.0661650945,0
1537365360,Prod-EcsStagingCluster-EcsCluster-1AAGQRFIOE9AE,Service_beiakklem1vi3j5fejsg,1000,2,0.0684046468,0
1537356840,Prod-EcsStagingCluster-EcsCluster-1AAGQRFIOE9AE,Service_beiakklem1vi3j5fejsg,1000,2,0.0728055361,0
1537395000,Prod-EcsStagingCluster-EcsCluster-1AAGQRFIOE9AE,Service_beiakklem1vi3j5fejsg,1000,2,0.0620282370,0
1537428960,Prod-EcsStagingCluster-EcsCluster-1AAGQRFIOE9AE,Service_beiakklem1vi3j5fejsg,1000,2,0.0570399795,0
1537416240,Prod-EcsStagingCluster-EcsCluster-1AAGQRFIOE9AE,Service_beiakklem1vi3j5fejsg,1000,2,0.0524719665,0
1537410720,Prod-EcsStagingCluster-EcsCluster-1AAGQRFIOE9AE,Service_beiakklem1vi3j5fejsg,1000,2,0.0702299282,0
1537401180,Prod-EcsStagingCluster-EcsCluster-1AAGQRFIOE9AE,Service_beiakklem1vi3j5fejsg,1000,2,0.0597781423,0
1537404360,Prod-EcsStagingCluster-EcsCluster-1AAGQRFIOE9AE,Service_beiakklem1vi3j5fejsg,1000,2,0.0595864044,0
1537407540,Prod-EcsStagingCluster-EcsCluster-1AAGQRFIOE9AE,Service_beiakklem1vi3j5fejsg,1000,2,0.0560029656,0
1537368240,Prod-EcsStagingCluster-EcsCluster-1AAGQRFIOE9AE,Service_beiakklem1vi3j5fejsg,1000,2,0.0635852296,0
1537426620,Prod-EcsStagingCluster-EcsCluster-1AAGQRFIOE9AE,Service_beiakklem1vi3j5fejsg,1000,2,0.0502829431,0
1537429800,Prod-EcsStagingCluster-EcsCluster-1AAGQRFIOE9AE,Service_beiakklem1vi3j5fejsg,1000,2,0.0567623633,0
1537358700,Prod-EcsStagingCluster-EcsCluster-1AAGQRFIOE9AE,Service_beiakklem1vi3j5fejsg,1000,2,0.0657787987,0
1537361880,Prod-EcsStagingCluster-EcsCluster-1AAGQRFIOE9AE,Service_beiakklem1vi3j5fejsg,1000,2,0.0704850202,0
1537365060,Prod-EcsStagingCluster-EcsCluster-1AAGQRFIOE9AE,Service_beiakklem1vi3j5fejsg,1000,2,0.0599398019,0
1537393680,Prod-EcsStagingCluster-EcsCluster-1AAGQRFIOE9AE,Service_beiakklem1vi3j5fejsg,1000,2,0.0586228920,0
1537390500,Prod-EcsStagingCluster-EcsCluster-1AAGQRFIOE9AE,Service_beiakklem1vi3j5fejsg,1000,2,0.0742461401,0
1537384140,Prod-EcsStagingCluster-EcsCluster-1AAGQRFIOE9AE,Service_beiakklem1vi3j5fejsg,1000,2,0.0607357484,0
1537387320,Prod-EcsStagingCluster-EcsCluster-1AAGQRFIOE9AE,Service_beiakklem1vi3j5fejsg,1000,2,0.0590341522,0
1537358460,Prod-EcsStagingCluster-EcsCluster-1AAGQRFIOE9AE,Service_beiakklem1vi3j5fejsg,1000,2,0.0652816513,0
1537361640,Prod-EcsStagingCluster-EcsCluster-1AAGQRFIOE9AE,Service_beiakklem1vi3j5fejsg,1000,2,0.0669803543,0
1537364820,Prod-EcsStagingCluster-EcsCluster-1AAGQRFIOE9AE,Service_beiakklem1vi3j5fejsg,1000,2,0.0642638639,0
1537368000,Prod-EcsStagingCluster-EcsCluster-1AAGQRFIOE9AE,Service_beiakklem1vi3j5fejsg,1000,2,0.0566886028,0
1537362600,Prod-EcsStagingCluster-EcsCluster-1AAGQRFIOE9AE,Service_beiakklem1vi3j5fejsg,1000,2,0.0640343058,0
1537368960,Prod-EcsStagingCluster-EcsCluster-1AAGQRFIOE9AE,Service_beiakklem1vi3j5fejsg,1000,2,0.0611887214,0
1537417740,Prod-EcsStagingCluster-EcsCluster-1AAGQRFIOE9AE,Service_beiakklem1vi3j5fejsg,1000,2,0.0835900403,0
1537392300,Prod-EcsStagingCluster-EcsCluster-1AAGQRFIOE9AE,Service_beiakklem1vi3j5fejsg,1000,2,0.0703898623,0
1537398660,Prod-EcsStagingCluster-EcsCluster-1AAGQRFIOE9AE,Service_beiakklem1vi3j5fejsg,1000,2,0.0606608497,0
1537424100,Prod-EcsStagingCluster-EcsCluster-1AAGQRFIOE9AE,Service_beiakklem1vi3j5fejsg,1000,2,0.0557717754,0
1537402800,Prod-EcsStagingCluster-EcsCluster-1AAGQRFIOE9AE,Service_beiakklem1vi3j5fejsg,1000,2,0.0626553780,0
1537396440,Prod-EcsStagingCluster-EcsCluster-1AAGQRFIOE9AE,Service_beiakklem1vi3j5fejsg,1000,2,0.0597878439,0
1537421880,Prod-EcsStagingCluster-EcsCluster-1AAGQRFIOE9AE,Service_beiakklem1vi3j5fejsg,1000,2,0.0568783500,0
1537428240,Prod-EcsStagingCluster-EcsCluster-1AAGQRFIOE9AE,Service_beiakklem1vi3j5fejsg,1000,2,0.0457275723,0
1537372980,Prod-EcsStagingCluster-EcsCluster-1AAGQRFIOE9AE,Service_beiakklem1vi3j5fejsg,1000,2,0.0627645856,0
1537366620,Prod-EcsStagingCluster-EcsCluster-1AAGQRFIOE9AE,Service_beiakklem1vi3j5fejsg,1000,2,0.0628194611,0
1537398420,Prod-EcsStagingCluster-EcsCluster-1AAGQRFIOE9AE,Service_beiakklem1vi3j5fejsg,1000,2,0.0584959345,0
1537392060,Prod-EcsStagingCluster-EcsCluster-1AAGQRFIOE9AE,Service_beiakklem1vi3j5fejsg,1000,2,0.0687141767,0
1537355940,Prod-EcsStagingCluster-EcsCluster-1AAGQRFIOE9AE,Service_beiakklem1vi3j5fejsg,1000,2,0.0709350592,0
1537349580,Prod-EcsStagingCluster-EcsCluster-1AAGQRFIOE9AE,Service_beiakklem1vi3j5fejsg,1000,2,0.0635510862,0
1537370760,Prod-EcsStagingCluster-EcsCluster-1AAGQRFIOE9AE,Service_beiakklem1vi3j5fejsg,1000,2,0.0679163189,0
1537377120,Prod-EcsStagingCluster-EcsCluster-1AAGQRFIOE9AE,Service_beiakklem1vi3j5fejsg,1000,2,0.0580673336,0
1537396200,Prod-EcsStagingCluster-EcsCluster-1AAGQRFIOE9AE,Service_beiakklem1vi3j5fejsg,1000,2,0.0574699049,0
1537402560,Prod-EcsStagingCluster-EcsCluster-1AAGQRFIOE9AE,Service_beiakklem1vi3j5fejsg,1000,2,0.0656265906,0
1537425900,Prod-EcsStagingCluster-EcsCluster-1AAGQRFIOE9AE,Service_beiakklem1vi3j5fejsg,1000,2,0.0549676298,0
1537353720,Prod-EcsStagingCluster-EcsCluster-1AAGQRFIOE9AE,Service_beiakklem1vi3j5fejsg,1000,2,0.0662704310,0
1537360080,Prod-EcsStagingCluster-EcsCluster-1AAGQRFIOE9AE,Service_beiakklem1vi3j5fejsg,1000,2,0.0621459242,0
1537430040,Prod-EcsStagingCluster-EcsCluster-1AAGQRFIOE9AE,Service_beiakklem1vi3j5fejsg,1000,2,0.0521911279,0
1537409760,Prod-EcsStagingCluster-EcsCluster-1AAGQRFIOE9AE,Service_beiakklem1vi3j5fejsg,1000,2,0.0685512124,0
1537400220,Prod-EcsStagingCluster-EcsCluster-1AAGQRFIOE9AE,Service_beiakklem1vi3j5fejsg,1000,2,0.0604405055,0
1537431000,Prod-EcsStagingCluster-EcsCluster-1AAGQRFIOE9AE,Service_beiakklem1vi3j5fejsg,1000,2,0.0567231837,0
1537367280,Prod-EcsStagingCluster-EcsCluster-1AAGQRFIOE9AE,Service_beiakklem1vi3j5fejsg,1000,2,0.0584243759,0
1537425660,Prod-EcsStagingCluster-EcsCluster-1AAGQRFIOE9AE,Service_beiakklem1vi3j5fejsg,1000,2,0.0549948807,0
1537357740,Prod-EcsStagingCluster-EcsCluster-1AAGQRFIOE9AE,Service_beiakklem1vi3j5fejsg,1000,2,0.0689796519,0
1537392720,Prod-EcsStagingCluster-EcsCluster-1AAGQRFIOE9AE,Service_beiakklem1vi3j5fejsg,1000,2,0.0589533569,0
1537383180,Prod-EcsStagingCluster-EcsCluster-1AAGQRFIOE9AE,Service_beiakklem1vi3j5fejsg,1000,2,0.0615261162,0
1537408500,Prod-EcsStagingCluster-EcsCluster-1AAGQRFIOE9AE,Service_beiakklem1vi3j5fejsg,1000,2,0.0740566584,0
1537405320,Prod-EcsStagingCluster-EcsCluster-1AAGQRFIOE9AE,Service_beiakklem1vi3j5fejsg,1000,2,0.0535956508,0
1537366020,Prod-EcsStagingCluster-EcsCluster-1AAGQRFIOE9AE,Service_beiakklem1vi3j5fejsg,1000,2,0.0684676041,0
1537430760,Prod-EcsStagingCluster-EcsCluster-1AAGQRFIOE9AE,Service_beiakklem1vi3j5fejsg,1000,2,0.0551979997,0
1537362840,Prod-EcsStagingCluster-EcsCluster-1AAGQRFIOE9AE,Service_beiakklem1vi3j5fejsg,1000,2,0.0662154972,0
1537357500,Prod-EcsStagingCluster-EcsCluster-1AAGQRFIOE9AE,Service_beiakklem1vi3j5fejsg,1000,2,0.0664341189,0
1537367040,Prod-EcsStagingCluster-EcsCluster-1AAGQRFIOE9AE,Service_beiakklem1vi3j5fejsg,1000,2,0.0585610792,0
1537391460,Prod-EcsStagingCluster-EcsCluster-1AAGQRFIOE9AE,Service_beiakklem1vi3j5fejsg,1000,2,0.0628775871,0
1537388280,Prod-EcsStagingCluster-EcsCluster-1AAGQRFIOE9AE,Service_beiakklem1vi3j5fejsg,1000,2,0.0602807436,0
1537391340,Prod-EcsStagingCluster-EcsCluster-1AAGQRFIOE9AE,Service_beiakklem1vi3j5fejsg,1000,2,0.0627951106,0
1537416780,Prod-EcsStagingCluster-EcsCluster-1AAGQRFIOE9AE,Service_beiakklem1vi3j5fejsg,1000,2,0.0553401933,0
1537400880,Prod-EcsStagingCluster-EcsCluster-1AAGQRFIOE9AE,Service_beiakklem1vi3j5fejsg,1000,2,0.0662716784,0
1537426320,Prod-EcsStagingCluster-EcsCluster-1AAGQRFIOE9AE,Service_beiakklem1vi3j5fejsg,1000,2,0.0548771653,0
1537365780,Prod-EcsStagingCluster-EcsCluster-1AAGQRFIOE9AE,Service_beiakklem1vi3j5fejsg,1000,2,0.0675462411,0
1537401840,Prod-EcsStagingCluster-EcsCluster-1AAGQRFIOE9AE,Service_beiakklem1vi3j5fejsg,1000,2,0.0604172873,0
1537427280,Prod-EcsStagingCluster-EcsCluster-1AAGQRFIOE9AE,Service_beiakklem1vi3j5fejsg,1000,2,0.0525935128,0
1537363560,Prod-EcsStagingCluster-EcsCluster-1AAGQRFIOE9AE,Service_beiakklem1vi3j5fejsg,1000,2,0.0665873641,0
1537399620,Prod-EcsStagingCluster-EcsCluster-1AAGQRFIOE9AE,Service_beiakklem1vi3j5fejsg,1000,2,0.0601843087,0
1537365660,Prod-EcsStagingCluster-EcsCluster-1AAGQRFIOE9AE,Service_beiakklem1vi3j5fejsg,1000,2,0.0688908595,0
1537391100,Prod-EcsStagingCluster-EcsCluster-1AAGQRFIOE9AE,Service_beiakklem1vi3j5fejsg,1000,2,0.0632850485,0
1537425060,Prod-EcsStagingCluster-EcsCluster-1AAGQRFIOE9AE,Service_beiakklem1vi3j5fejsg,1000,2,0.0590751732,0
1537348620,Prod-EcsStagingCluster-EcsCluster-1AAGQRFIOE9AE,Service_beiakklem1vi3j5fejsg,1000,2,0.0734571106,0
1537376160,Prod-EcsStagingCluster-EcsCluster-1AAGQRFIOE9AE,Service_beiakklem1vi3j5fejsg,1000,2,0.0678088807,0
1537397400,Prod-EcsStagingCluster-EcsCluster-1AAGQRFIOE9AE,Service_beiakklem1vi3j5fejsg,1000,2,0.0634516502,0
1537401600,Prod-EcsStagingCluster-EcsCluster-1AAGQRFIOE9AE,Service_beiakklem1vi3j5fejsg,1000,2,0.0626246583,0
1537424940,Prod-EcsStagingCluster-EcsCluster-1AAGQRFIOE9AE,Service_beiakklem1vi3j5fejsg,1000,2,0.0570467892,0
1537422840,Prod-EcsStagingCluster-EcsCluster-1AAGQRFIOE9AE,Service_beiakklem1vi3j5fejsg,1000,2,0.0874992241,0
1537359120,Prod-EcsStagingCluster-EcsCluster-1AAGQRFIOE9AE,Service_beiakklem1vi3j5fejsg,1000,2,0.0622356018,0
1537373940,Prod-EcsStagingCluster-EcsCluster-1AAGQRFIOE9AE,Service_beiakklem1vi3j5fejsg,1000,2,0.0659743835,0
1537399380,Prod-EcsStagingCluster-EcsCluster-1AAGQRFIOE9AE,Service_beiakklem1vi3j5fejsg,1000,2,0.0612646046,0
1537356900,Prod-EcsStagingCluster-EcsCluster-1AAGQRFIOE9AE,Service_beiakklem1vi3j5fejsg,1000,2,0.0746180391,0
1537371720,Prod-EcsStagingCluster-EcsCluster-1AAGQRFIOE9AE,Service_beiakklem1vi3j5fejsg,1000,2,0.0663996147,0
1537397160,Prod-EcsStagingCluster-EcsCluster-1AAGQRFIOE9AE,Service_beiakklem1vi3j5fejsg,1000,2,0.0604096900,0
1537354680,Prod-EcsStagingCluster-EcsCluster-1AAGQRFIOE9AE,Service_beiakklem1vi3j5fejsg,1000,2,0.0686395181,0
1537399260,Prod-EcsStagingCluster-EcsCluster-1AAGQRFIOE9AE,Service_beiakklem1vi3j5fejsg,1000,2,0.0586305389,0
1537369500,Prod-EcsStagingCluster-EcsCluster-1AAGQRFIOE9AE,Service_beiakklem1vi3j5fejsg,1000,2,0.0617827289,0
1537427880,Prod-EcsStagingCluster-EcsCluster-1AAGQRFIOE9AE,Service_beiakklem1vi3j5fejsg,1000,2,0.0542546148,0
1537431060,Prod-EcsStagingCluster-EcsCluster-1AAGQRFIOE9AE,Service_beiakklem1vi3j5fejsg,1000,2,0.0570943292,0
1537356780,Prod-EcsStagingCluster-EcsCluster-1AAGQRFIOE9AE,Service_beiakklem1vi3j5fejsg,1000,2,0.0735533881,0
1537394940,Prod-EcsStagingCluster-EcsCluster-1AAGQRFIOE9AE,Service_beiakklem1vi3j5fejsg,1000,2,0.0617129348,0
1537382220,Prod-EcsStagingCluster-EcsCluster-1AAGQRFIOE9AE,Service_beiakklem1vi3j5fejsg,1000,2,0.0691521150,0
1537355640,Prod-EcsStagingCluster-EcsCluster-1AAGQRFIOE9AE,Service_beiakklem1vi3j5fejsg,1000,2,0.0701778497,0
1537358820,Prod-EcsStagingCluster-EcsCluster-1AAGQRFIOE9AE,Service_beiakklem1vi3j5fejsg,1000,2,0.0660994848,0
1537362000,Prod-EcsStagingCluster-EcsCluster-1AAGQRFIOE9AE,Service_beiakklem1vi3j5fejsg,1000,2,0.0698381329,0
1537359720,Prod-EcsStagingCluster-EcsCluster-1AAGQRFIOE9AE,Service_beiakklem1vi3j5fejsg,1000,2,0.0613739896,0
1537362900,Prod-EcsStagingCluster-EcsCluster-1AAGQRFIOE9AE,Service_beiakklem1vi3j5fejsg,1000,2,0.0709380397,0
1537366080,Prod-EcsStagingCluster-EcsCluster-1AAGQRFIOE9AE,Service_beiakklem1vi3j5fejsg,1000,2,0.0731374342,0
1537390380,Prod-EcsStagingCluster-EcsCluster-1AAGQRFIOE9AE,Service_beiakklem1vi3j5fejsg,1000,2,0.0747425977,0
1537415820,Prod-EcsStagingCluster-EcsCluster-1AAGQRFIOE9AE,Service_beiakklem1vi3j5fejsg,1000,2,0.0542379859,0
1537403100,Prod-EcsStagingCluster-EcsCluster-1AAGQRFIOE9AE,Service_beiakklem1vi3j5fejsg,1000,2,0.0617108831,0
1537366980,Prod-EcsStagingCluster-EcsCluster-1AAGQRFIOE9AE,Service_beiakklem1vi3j5fejsg,1000,2,0.0579528440,0
1537370160,Prod-EcsStagingCluster-EcsCluster-1AAGQRFIOE9AE,Service_beiakklem1vi3j5fejsg,1000,2,0.0680761152,0
1537428540,Prod-EcsStagingCluster-EcsCluster-1AAGQRFIOE9AE,Service_beiakklem1vi3j5fejsg,1000,2,0.0579640921,0
1537363800,Prod-EcsStagingCluster-EcsCluster-1AAGQRFIOE9AE,Service_beiakklem1vi3j5fejsg,1000,2,0.0679812935,0
1537392420,Prod-EcsStagingCluster-EcsCluster-1AAGQRFIOE9AE,Service_beiakklem1vi3j5fejsg,1000,2,0.0719214434,0
1537395600,Prod-EcsStagingCluster-EcsCluster-1AAGQRFIOE9AE,Service_beiakklem1vi3j5fejsg,1000,2,0.0586490373,0
1537389240,Prod-EcsStagingCluster-EcsCluster-1AAGQRFIOE9AE,Service_beiakklem1vi3j5fejsg,1000,2,0.0637283003,0
1537396560,Prod-EcsStagingCluster-EcsCluster-1AAGQRFIOE9AE,Service_beiakklem1vi3j5fejsg,1000,2,0.0648744115,0
1537390200,Prod-EcsStagingCluster-EcsCluster-1AAGQRFIOE9AE,Service_beiakklem1vi3j5fejsg,1000,2,0.0752242415,0
1537371060,Prod-EcsStagingCluster-EcsCluster-1AAGQRFIOE9AE,Service_beiakklem1vi3j5fejsg,1000,2,0.0683295474,0
1537396500,Prod-EcsStagingCluster-EcsCluster-1AAGQRFIOE9AE,Service_beiakklem1vi3j5fejsg,1000,2,0.0611896877,0
1537360380,Prod-EcsStagingCluster-EcsCluster-1AAGQRFIOE9AE,Service_beiakklem1vi3j5fejsg,1000,2,0.0590061422,0
1537347660,Prod-EcsStagingCluster-EcsCluster-1AAGQRFIOE9AE,Service_beiakklem1vi3j5fejsg,1000,2,0.0706165701,0
1537375200,Prod-EcsStagingCluster-EcsCluster-1AAGQRFIOE9AE,Service_beiakklem1vi3j5fejsg,1000,2,0.0600409983,0
1537368840,Prod-EcsStagingCluster-EcsCluster-1AAGQRFIOE9AE,Service_beiakklem1vi3j5fejsg,1000,2,0.0637362579,0
1537400640,Prod-EcsStagingCluster-EcsCluster-1AAGQRFIOE9AE,Service_beiakklem1vi3j5fejsg,1000,2,0.0582746140,0
1537423980,Prod-EcsStagingCluster-EcsCluster-1AAGQRFIOE9AE,Service_beiakklem1vi3j5fejsg,1000,2,0.0616680584,0
1537394280,Prod-EcsStagingCluster-EcsCluster-1AAGQRFIOE9AE,Service_beiakklem1vi3j5fejsg,1000,2,0.0594817607,0
1537400580,Prod-EcsStagingCluster-EcsCluster-1AAGQRFIOE9AE,Service_beiakklem1vi3j5fejsg,1000,2,0.0588119858,0
1537426020,Prod-EcsStagingCluster-EcsCluster-1AAGQRFIOE9AE,Service_beiakklem1vi3j5fejsg,1000,2,0.0568754808,0
1537404720,Prod-EcsStagingCluster-EcsCluster-1AAGQRFIOE9AE,Service_beiakklem1vi3j5fejsg,1000,2,0.0554584724,0
1537398360,Prod-EcsStagingCluster-EcsCluster-1AAGQRFIOE9AE,Service_beiakklem1vi3j5fejsg,1000,2,0.0576485246,0
1537423800,Prod-EcsStagingCluster-EcsCluster-1AAGQRFIOE9AE,Service_beiakklem1vi3j5fejsg,1000,2,0.0981657837,0
1537430160,Prod-EcsStagingCluster-EcsCluster-1AAGQRFIOE9AE,Service_beiakklem1vi3j5fejsg,1000,2,0.0557753610,0
1537404660,Prod-EcsStagingCluster-EcsCluster-1AAGQRFIOE9AE,Service_beiakklem1vi3j5fejsg,1000,2,0.0562635118,0
1537430100,Prod-EcsStagingCluster-EcsCluster-1AAGQRFIOE9AE,Service_beiakklem1vi3j5fejsg,1000,2,0.0551553542,0
1537355820,Prod-EcsStagingCluster-EcsCluster-1AAGQRFIOE9AE,Service_beiakklem1vi3j5fejsg,1000,2,0.0722804330,0
1537368540,Prod-EcsStagingCluster-EcsCluster-1AAGQRFIOE9AE,Service_beiakklem1vi3j5fejsg,1000,2,0.0628666577,0
1537393980,Prod-EcsStagingCluster-EcsCluster-1AAGQRFIOE9AE,Service_beiakklem1vi3j5fejsg,1000,2,0.0599404171,0
1537381260,Prod-EcsStagingCluster-EcsCluster-1AAGQRFIOE9AE,Service_beiakklem1vi3j5fejsg,1000,2,0.0719030607,0
1537357860,Prod-EcsStagingCluster-EcsCluster-1AAGQRFIOE9AE,Service_beiakklem1vi3j5fejsg,1000,2,0.0695493560,0
1537408800,Prod-EcsStagingCluster-EcsCluster-1AAGQRFIOE9AE,Service_beiakklem1vi3j5fejsg,1000,2,0.0736587636,0
1537402440,Prod-EcsStagingCluster-EcsCluster-1AAGQRFIOE9AE,Service_beiakklem1vi3j5fejsg,1000,2,0.0597218391,0
1537403400,Prod-EcsStagingCluster-EcsCluster-1AAGQRFIOE9AE,Service_beiakklem1vi3j5fejsg,1000,2,0.0679677905,0
1537406580,Prod-EcsStagingCluster-EcsCluster-1AAGQRFIOE9AE,Service_beiakklem1vi3j5fejsg,1000,2,0.0563312386,0
1537428840,Prod-EcsStagingCluster-EcsCluster-1AAGQRFIOE9AE,Service_beiakklem1vi3j5fejsg,1000,2,0.0577745610,0
1537365120,Prod-EcsStagingCluster-EcsCluster-1AAGQRFIOE9AE,Service_beiakklem1vi3j5fejsg,1000,2,0.0611810987,0
1537356600,Prod-EcsStagingCluster-EcsCluster-1AAGQRFIOE9AE,Service_beiakklem1vi3j5fejsg,1000,2,0.0734705968,0
1537359780,Prod-EcsStagingCluster-EcsCluster-1AAGQRFIOE9AE,Service_beiakklem1vi3j5fejsg,1000,2,0.0603020455,0
1537389420,Prod-EcsStagingCluster-EcsCluster-1AAGQRFIOE9AE,Service_beiakklem1vi3j5fejsg,1000,2,0.0599410619,0
1537414860,Prod-EcsStagingCluster-EcsCluster-1AAGQRFIOE9AE,Service_beiakklem1vi3j5fejsg,1000,2,0.0542159544,0
1537402140,Prod-EcsStagingCluster-EcsCluster-1AAGQRFIOE9AE,Service_beiakklem1vi3j5fejsg,1000,2,0.0650881098,0
1537369200,Prod-EcsStagingCluster-EcsCluster-1AAGQRFIOE9AE,Service_beiakklem1vi3j5fejsg,1000,2,0.0668137049,0
1537427580,Prod-EcsStagingCluster-EcsCluster-1AAGQRFIOE9AE,Service_beiakklem1vi3j5fejsg,1000,2,0.0506379582,0
1537394640,Prod-EcsStagingCluster-EcsCluster-1AAGQRFIOE9AE,Service_beiakklem1vi3j5fejsg,1000,2,0.0607637399,0
1537360680,Prod-EcsStagingCluster-EcsCluster-1AAGQRFIOE9AE,Service_beiakklem1vi3j5fejsg,1000,2,0.0598716674,0
1537363860,Prod-EcsStagingCluster-EcsCluster-1AAGQRFIOE9AE,Service_beiakklem1vi3j5fejsg,1000,2,0.0690237453,0
1537373280,Prod-EcsStagingCluster-EcsCluster-1AAGQRFIOE9AE,Service_beiakklem1vi3j5fejsg,1000,2,0.0699182466,0
1537398720,Prod-EcsStagingCluster-EcsCluster-1AAGQRFIOE9AE,Service_beiakklem1vi3j5fejsg,1000,2,0.0593596082,0
1537367940,Prod-EcsStagingCluster-EcsCluster-1AAGQRFIOE9AE,Service_beiakklem1vi3j5fejsg,1000,2,0.0568712088,0
1537364760,Prod-EcsStagingCluster-EcsCluster-1AAGQRFIOE9AE,Service_beiakklem1vi3j5fejsg,1000,2,0.0692983863,0
1537393380,Prod-EcsStagingCluster-EcsCluster-1AAGQRFIOE9AE,Service_beiakklem1vi3j5fejsg,1000,2,0.0584824761,0
1537359420,Prod-EcsStagingCluster-EcsCluster-1AAGQRFIOE9AE,Service_beiakklem1vi3j5fejsg,1000,2,0.0593180246,0
1537346700,Prod-EcsStagingCluster-EcsCluster-1AAGQRFIOE9AE,Service_beiakklem1vi3j5fejsg,1000,2,0.0702745251,0
1537374240,Prod-EcsStagingCluster-EcsCluster-1AAGQRFIOE9AE,Service_beiakklem1vi3j5fejsg,1000,2,0.0624147684,0
1537399680,Prod-EcsStagingCluster-EcsCluster-1AAGQRFIOE9AE,Service_beiakklem1vi3j5fejsg,1000,2,0.0604594477,0
1537423020,Prod-EcsStagingCluster-EcsCluster-1AAGQRFIOE9AE,Service_beiakklem1vi3j5fejsg,1000,2,0.0614140116,0
1537365720,Prod-EcsStagingCluster-EcsCluster-1AAGQRFIOE9AE,Service_beiakklem1vi3j5fejsg,1000,2,0.0685355942,0
1537391160,Prod-EcsStagingCluster-EcsCluster-1AAGQRFIOE9AE,Service_beiakklem1vi3j5fejsg,1000,2,0.0772133375,0
1537372020,Prod-EcsStagingCluster-EcsCluster-1AAGQRFIOE9AE,Service_beiakklem1vi3j5fejsg,1000,2,0.0670152941,0
1537397460,Prod-EcsStagingCluster-EcsCluster-1AAGQRFIOE9AE,Service_beiakklem1vi3j5fejsg,1000,2,0.0613052163,0
1537369800,Prod-EcsStagingCluster-EcsCluster-1AAGQRFIOE9AE,Service_beiakklem1vi3j5fejsg,1000,2,0.0628128898,0
1537403760,Prod-EcsStagingCluster-EcsCluster-1AAGQRFIOE9AE,Service_beiakklem1vi3j5fejsg,1000,2,0.0635811734,0
1537395240,Prod-EcsStagingCluster-EcsCluster-1AAGQRFIOE9AE,Service_beiakklem1vi3j5fejsg,1000,2,0.0623162104,0
1537429200,Prod-EcsStagingCluster-EcsCluster-1AAGQRFIOE9AE,Service_beiakklem1vi3j5fejsg,1000,2,0.0575084059,0
1537380300,Prod-EcsStagingCluster-EcsCluster-1AAGQRFIOE9AE,Service_beiakklem1vi3j5fejsg,1000,2,0.0721706905,0
1537401540,Prod-EcsStagingCluster-EcsCluster-1AAGQRFIOE9AE,Service_beiakklem1vi3j5fejsg,1000,2,0.0600800444,0
1537354860,Prod-EcsStagingCluster-EcsCluster-1AAGQRFIOE9AE,Service_beiakklem1vi3j5fejsg,1000,2,0.0726119576,0
1537367580,Prod-EcsStagingCluster-EcsCluster-1AAGQRFIOE9AE,Service_beiakklem1vi3j5fejsg,1000,2,0.0578836516,0
1537393020,Prod-EcsStagingCluster-EcsCluster-1AAGQRFIOE9AE,Service_beiakklem1vi3j5fejsg,1000,2,0.0599463864,0
1537426980,Prod-EcsStagingCluster-EcsCluster-1AAGQRFIOE9AE,Service_beiakklem1vi3j5fejsg,1000,2,0.0511891033,0
1537407840,Prod-EcsStagingCluster-EcsCluster-1AAGQRFIOE9AE,Service_beiakklem1vi3j5fejsg,1000,2,0.0526805858,0
1537399320,Prod-EcsStagingCluster-EcsCluster-1AAGQRFIOE9AE,Service_beiakklem1vi3j5fejsg,1000,2,0.0588048062,0
1537424760,Prod-EcsStagingCluster-EcsCluster-1AAGQRFIOE9AE,Service_beiakklem1vi3j5fejsg,1000,2,0.0573725628,0
1537361040,Prod-EcsStagingCluster-EcsCluster-1AAGQRFIOE9AE,Service_beiakklem1vi3j5fejsg,1000,2,0.0622612878,0
1537405620,Prod-EcsStagingCluster-EcsCluster-1AAGQRFIOE9AE,Service_beiakklem1vi3j5fejsg,1000,2,0.0538375397,0
1537406640,Prod-EcsStagingCluster-EcsCluster-1AAGQRFIOE9AE,Service_beiakklem1vi3j5fejsg,1000,2,0.0573199319,0
1537400280,Prod-EcsStagingCluster-EcsCluster-1AAGQRFIOE9AE,Service_beiakklem1vi3j5fejsg,1000,2,0.0610670537,0
1537403460,Prod-EcsStagingCluster-EcsCluster-1AAGQRFIOE9AE,Service_beiakklem1vi3j5fejsg,1000,2,0.0738996247,0
1537422540,Prod-EcsStagingCluster-EcsCluster-1AAGQRFIOE9AE,Service_beiakklem1vi3j5fejsg,1000,2,0.0645662004,0
1537430940,Prod-EcsStagingCluster-EcsCluster-1AAGQRFIOE9AE,Service_beiakklem1vi3j5fejsg,1000,2,0.0555098123,0
1537388460,Prod-EcsStagingCluster-EcsCluster-1AAGQRFIOE9AE,Service_beiakklem1vi3j5fejsg,1000,2,0.0630333666,0
1537417080,Prod-EcsStagingCluster-EcsCluster-1AAGQRFIOE9AE,Service_beiakklem1vi3j5fejsg,1000,2,0.0837296899,0
1537420260,Prod-EcsStagingCluster-EcsCluster-1AAGQRFIOE9AE,Service_beiakklem1vi3j5fejsg,1000,2,0.0878774013,0
1537423440,Prod-EcsStagingCluster-EcsCluster-1AAGQRFIOE9AE,Service_beiakklem1vi3j5fejsg,1000,2,0.0634621245,0
1537396860,Prod-EcsStagingCluster-EcsCluster-1AAGQRFIOE9AE,Service_beiakklem1vi3j5fejsg,1000,2,0.0585945555,0
1537400040,Prod-EcsStagingCluster-EcsCluster-1AAGQRFIOE9AE,Service_beiakklem1vi3j5fejsg,1000,2,0.0696036493,0
1537403220,Prod-EcsStagingCluster-EcsCluster-1AAGQRFIOE9AE,Service_beiakklem1vi3j5fejsg,1000,2,0.0654724359,0
1537406400,Prod-EcsStagingCluster-EcsCluster-1AAGQRFIOE9AE,Service_beiakklem1vi3j5fejsg,1000,2,0.0569833164,0
1537354380,Prod-EcsStagingCluster-EcsCluster-1AAGQRFIOE9AE,Service_beiakklem1vi3j5fejsg,1000,2,0.0606257312,0
1537372320,Prod-EcsStagingCluster-EcsCluster-1AAGQRFIOE9AE,Service_beiakklem1vi3j5fejsg,1000,2,0.0678470027,0
1537362780,Prod-EcsStagingCluster-EcsCluster-1AAGQRFIOE9AE,Service_beiakklem1vi3j5fejsg,1000,2,0.0654532373,0
1537365960,Prod-EcsStagingCluster-EcsCluster-1AAGQRFIOE9AE,Service_beiakklem1vi3j5fejsg,1000,2,0.0687068625,0
1537369140,Prod-EcsStagingCluster-EcsCluster-1AAGQRFIOE9AE,Service_beiakklem1vi3j5fejsg,1000,2,0.0726139940,0
1537355280,Prod-EcsStagingCluster-EcsCluster-1AAGQRFIOE9AE,Service_beiakklem1vi3j5fejsg,1000,2,0.0861288109,0
1537348920,Prod-EcsStagingCluster-EcsCluster-1AAGQRFIOE9AE,Service_beiakklem1vi3j5fejsg,1000,2,0.0673449202,0
1537352100,Prod-EcsStagingCluster-EcsCluster-1AAGQRFIOE9AE,Service_beiakklem1vi3j5fejsg,1000,2,0.0618182932,0
1537422060,Prod-EcsStagingCluster-EcsCluster-1AAGQRFIOE9AE,Service_beiakklem1vi3j5fejsg,1000,2,0.0683496895,0
1537356240,Prod-EcsStagingCluster-EcsCluster-1AAGQRFIOE9AE,Service_beiakklem1vi3j5fejsg,1000,2,0.0722916216,0
1537349880,Prod-EcsStagingCluster-EcsCluster-1AAGQRFIOE9AE,Service_beiakklem1vi3j5fejsg,1000,2,0.0765189779,0
1537368900,Prod-EcsStagingCluster-EcsCluster-1AAGQRFIOE9AE,Service_beiakklem1vi3j5fejsg,1000,2,0.0702304057,0
1537430460,Prod-EcsStagingCluster-EcsCluster-1AAGQRFIOE9AE,Service_beiakklem1vi3j5fejsg,1000,2,0.0555946701,0
1537387980,Prod-EcsStagingCluster-EcsCluster-1AAGQRFIOE9AE,Service_beiakklem1vi3j5fejsg,1000,2,0.0667682663,0
1537396380,Prod-EcsStagingCluster-EcsCluster-1AAGQRFIOE9AE,Service_beiakklem1vi3j5fejsg,1000,2,0.0587597432,0
1537366680,Prod-EcsStagingCluster-EcsCluster-1AAGQRFIOE9AE,Service_beiakklem1vi3j5fejsg,1000,2,0.0651731937,0
1537373040,Prod-EcsStagingCluster-EcsCluster-1AAGQRFIOE9AE,Service_beiakklem1vi3j5fejsg,1000,2,0.0625370396,0
1537353900,Prod-EcsStagingCluster-EcsCluster-1AAGQRFIOE9AE,Service_beiakklem1vi3j5fejsg,1000,2,0.0660931968,0
1537402740,Prod-EcsStagingCluster-EcsCluster-1AAGQRFIOE9AE,Service_beiakklem1vi3j5fejsg,1000,2,0.0660838504,0
1537385700,Prod-EcsStagingCluster-EcsCluster-1AAGQRFIOE9AE,Service_beiakklem1vi3j5fejsg,1000,2,0.0624971162,0
1537362300,Prod-EcsStagingCluster-EcsCluster-1AAGQRFIOE9AE,Service_beiakklem1vi3j5fejsg,1000,2,0.0652063242,0
1537400520,Prod-EcsStagingCluster-EcsCluster-1AAGQRFIOE9AE,Service_beiakklem1vi3j5fejsg,1000,2,0.0625092998,0
1537406880,Prod-EcsStagingCluster-EcsCluster-1AAGQRFIOE9AE,Service_beiakklem1vi3j5fejsg,1000,2,0.0575013693,0
1537368660,Prod-EcsStagingCluster-EcsCluster-1AAGQRFIOE9AE,Service_beiakklem1vi3j5fejsg,1000,2,0.0621091094,0
1537389840,Prod-EcsStagingCluster-EcsCluster-1AAGQRFIOE9AE,Service_beiakklem1vi3j5fejsg,1000,2,0.0701719623,0
1537383480,Prod-EcsStagingCluster-EcsCluster-1AAGQRFIOE9AE,Service_beiakklem1vi3j5fejsg,1000,2,0.0594852313,0
1537366440,Prod-EcsStagingCluster-EcsCluster-1AAGQRFIOE9AE,Service_beiakklem1vi3j5fejsg,1000,2,0.0666511396,0
1537402500,Prod-EcsStagingCluster-EcsCluster-1AAGQRFIOE9AE,Service_beiakklem1vi3j5fejsg,1000,2,0.0630722645,0
1537372800,Prod-EcsStagingCluster-EcsCluster-1AAGQRFIOE9AE,Service_beiakklem1vi3j5fejsg,1000,2,0.0645748579,0
1537421580,Prod-EcsStagingCluster-EcsCluster-1AAGQRFIOE9AE,Service_beiakklem1vi3j5fejsg,1000,2,0.0676112343,0
1537429980,Prod-EcsStagingCluster-EcsCluster-1AAGQRFIOE9AE,Service_beiakklem1vi3j5fejsg,1000,2,0.0584482925,0
1537367400,Prod-EcsStagingCluster-EcsCluster-1AAGQRFIOE9AE,Service_beiakklem1vi3j5fejsg,1000,2,0.0556135975,0
1537370580,Prod-EcsStagingCluster-EcsCluster-1AAGQRFIOE9AE,Service_beiakklem1vi3j5fejsg,1000,2,0.0693445101,0
1537387500,Prod-EcsStagingCluster-EcsCluster-1AAGQRFIOE9AE,Service_beiakklem1vi3j5fejsg,1000,2,0.0593868542,0
1537404420,Prod-EcsStagingCluster-EcsCluster-1AAGQRFIOE9AE,Service_beiakklem1vi3j5fejsg,1000,2,0.0543278060,0
1537401240,Prod-EcsStagingCluster-EcsCluster-1AAGQRFIOE9AE,Service_beiakklem1vi3j5fejsg,1000,2,0.0590032525,0
1537422480,Prod-EcsStagingCluster-EcsCluster-1AAGQRFIOE9AE,Service_beiakklem1vi3j5fejsg,1000,2,0.0653702159,0
1537395900,Prod-EcsStagingCluster-EcsCluster-1AAGQRFIOE9AE,Service_beiakklem1vi3j5fejsg,1000,2,0.0608120930,0
1537405440,Prod-EcsStagingCluster-EcsCluster-1AAGQRFIOE9AE,Service_beiakklem1vi3j5fejsg,1000,2,0.0545200559,0
1537353420,Prod-EcsStagingCluster-EcsCluster-1AAGQRFIOE9AE,Service_beiakklem1vi3j5fejsg,1000,2,0.0659115375,0
1537418040,Prod-EcsStagingCluster-EcsCluster-1AAGQRFIOE9AE,Service_beiakklem1vi3j5fejsg,1000,2,0.0842161399,0
1537371360,Prod-EcsStagingCluster-EcsCluster-1AAGQRFIOE9AE,Service_beiakklem1vi3j5fejsg,1000,2,0.0807588085,0
1537361820,Prod-EcsStagingCluster-EcsCluster-1AAGQRFIOE9AE,Service_beiakklem1vi3j5fejsg,1000,2,0.0660282097,0
1537421220,Prod-EcsStagingCluster-EcsCluster-1AAGQRFIOE9AE,Service_beiakklem1vi3j5fejsg,1000,2,0.0702307113,0
1537401000,Prod-EcsStagingCluster-EcsCluster-1AAGQRFIOE9AE,Service_beiakklem1vi3j5fejsg,1000,2,0.0597564458,0
1537404180,Prod-EcsStagingCluster-EcsCluster-1AAGQRFIOE9AE,Service_beiakklem1vi3j5fejsg,1000,2,0.0598158479,0
1537354320,Prod-EcsStagingCluster-EcsCluster-1AAGQRFIOE9AE,Service_beiakklem1vi3j5fejsg,1000,2,0.0599425843,0
1537421100,Prod-EcsStagingCluster-EcsCluster-1AAGQRFIOE9AE,Service_beiakklem1vi3j5fejsg,1000,2,0.0689626733,0
1537366920,Prod-EcsStagingCluster-EcsCluster-1AAGQRFIOE9AE,Service_beiakklem1vi3j5fejsg,1000,2,0.0581745461,0
1537370100,Prod-EcsStagingCluster-EcsCluster-1AAGQRFIOE9AE,Service_beiakklem1vi3j5fejsg,1000,2,0.0672348473,0
1537371120,Prod-EcsStagingCluster-EcsCluster-1AAGQRFIOE9AE,Service_beiakklem1vi3j5fejsg,1000,2,0.0687031830,0
1537429500,Prod-EcsStagingCluster-EcsCluster-1AAGQRFIOE9AE,Service_beiakklem1vi3j5fejsg,1000,2,0.0567801442,0
1537353060,Prod-EcsStagingCluster-EcsCluster-1AAGQRFIOE9AE,Service_beiakklem1vi3j5fejsg,1000,2,0.0588798558,0
1537387020,Prod-EcsStagingCluster-EcsCluster-1AAGQRFIOE9AE,Service_beiakklem1vi3j5fejsg,1000,2,0.0610788386,0
1537367880,Prod-EcsStagingCluster-EcsCluster-1AAGQRFIOE9AE,Service_beiakklem1vi3j5fejsg,1000,2,0.0565162057,0
1537395420,Prod-EcsStagingCluster-EcsCluster-1AAGQRFIOE9AE,Service_beiakklem1vi3j5fejsg,1000,2,0.0595011723,0
1537372080,Prod-EcsStagingCluster-EcsCluster-1AAGQRFIOE9AE,Service_beiakklem1vi3j5fejsg,1000,2,0.0673103115,0
1537352940,Prod-EcsStagingCluster-EcsCluster-1AAGQRFIOE9AE,Service_beiakklem1vi3j5fejsg,1000,2,0.0578252075,0
1537350840,Prod-EcsStagingCluster-EcsCluster-1AAGQRFIOE9AE,Service_beiakklem1vi3j5fejsg,1000,2,0.0614327284,0
1537369860,Prod-EcsStagingCluster-EcsCluster-1AAGQRFIOE9AE,Service_beiakklem1vi3j5fejsg,1000,2,0.0628482873,0
1537361340,Prod-EcsStagingCluster-EcsCluster-1AAGQRFIOE9AE,Service_beiakklem1vi3j5fejsg,1000,2,0.0667662066,0
1537405920,Prod-EcsStagingCluster-EcsCluster-1AAGQRFIOE9AE,Service_beiakklem1vi3j5fejsg,1000,2,0.0561195174,0
1537367640,Prod-EcsStagingCluster-EcsCluster-1AAGQRFIOE9AE,Service_beiakklem1vi3j5fejsg,1000,2,0.0594617693,0
1537388880,Prod-EcsStagingCluster-EcsCluster-1AAGQRFIOE9AE,Service_beiakklem1vi3j5fejsg,1000,2,0.0679449433,0
1537403700,Prod-EcsStagingCluster-EcsCluster-1AAGQRFIOE9AE,Service_beiakklem1vi3j5fejsg,1000,2,0.0641539263,0
1537371840,Prod-EcsStagingCluster-EcsCluster-1AAGQRFIOE9AE,Service_beiakklem1vi3j5fejsg,1000,2,0.0665290323,0
1537420620,Prod-EcsStagingCluster-EcsCluster-1AAGQRFIOE9AE,Service_beiakklem1vi3j5fejsg,1000,2,0.0724176223,0
1537386660,Prod-EcsStagingCluster-EcsCluster-1AAGQRFIOE9AE,Service_beiakklem1vi3j5fejsg,1000,2,0.0610914446,0
1537401480,Prod-EcsStagingCluster-EcsCluster-1AAGQRFIOE9AE,Service_beiakklem1vi3j5fejsg,1000,2,0.0623556986,0
1537405680,Prod-EcsStagingCluster-EcsCluster-1AAGQRFIOE9AE,Service_beiakklem1vi3j5fejsg,1000,2,0.0531822488,0
1537429020,Prod-EcsStagingCluster-EcsCluster-1AAGQRFIOE9AE,Service_beiakklem1vi3j5fejsg,1000,2,0.0578173596,0
1537369620,Prod-EcsStagingCluster-EcsCluster-1AAGQRFIOE9AE,Service_beiakklem1vi3j5fejsg,1000,2,0.0623471250,0
1537386540,Prod-EcsStagingCluster-EcsCluster-1AAGQRFIOE9AE,Service_beiakklem1vi3j5fejsg,1000,2,0.0600561347,0
1537384440,Prod-EcsStagingCluster-EcsCluster-1AAGQRFIOE9AE,Service_beiakklem1vi3j5fejsg,1000,2,0.0652582682,0
1537404480,Prod-EcsStagingCluster-EcsCluster-1AAGQRFIOE9AE,Service_beiakklem1vi3j5fejsg,1000,2,0.0554227781,0
1537401300,Prod-EcsStagingCluster-EcsCluster-1AAGQRFIOE9AE,Service_beiakklem1vi3j5fejsg,1000,2,0.0595000857,0
1537398120,Prod-EcsStagingCluster-EcsCluster-1AAGQRFIOE9AE,Service_beiakklem1vi3j5fejsg,1000,2,0.0592689161,0
1537388580,Prod-EcsStagingCluster-EcsCluster-1AAGQRFIOE9AE,Service_beiakklem1vi3j5fejsg,1000,2,0.0645018369,0
1537391760,Prod-EcsStagingCluster-EcsCluster-1AAGQRFIOE9AE,Service_beiakklem1vi3j5fejsg,1000,2,0.0746922627,0
1537385400,Prod-EcsStagingCluster-EcsCluster-1AAGQRFIOE9AE,Service_beiakklem1vi3j5fejsg,1000,2,0.0655302017,0
1537352460,Prod-EcsStagingCluster-EcsCluster-1AAGQRFIOE9AE,Service_beiakklem1vi3j5fejsg,1000,2,0.0604161639,0
1537365180,Prod-EcsStagingCluster-EcsCluster-1AAGQRFIOE9AE,Service_beiakklem1vi3j5fejsg,1000,2,0.0620748030,0
1537364040,Prod-EcsStagingCluster-EcsCluster-1AAGQRFIOE9AE,Service_beiakklem1vi3j5fejsg,1000,2,0.0823456177,0
1537367220,Prod-EcsStagingCluster-EcsCluster-1AAGQRFIOE9AE,Service_beiakklem1vi3j5fejsg,1000,2,0.0577419828,0
1537370400,Prod-EcsStagingCluster-EcsCluster-1AAGQRFIOE9AE,Service_beiakklem1vi3j5fejsg,1000,2,0.0680551964,0
1537408560,Prod-EcsStagingCluster-EcsCluster-1AAGQRFIOE9AE,Service_beiakklem1vi3j5fejsg,1000,2,0.0724448103,0
1537405380,Prod-EcsStagingCluster-EcsCluster-1AAGQRFIOE9AE,Service_beiakklem1vi3j5fejsg,1000,2,0.0543376045,0
1537402200,Prod-EcsStagingCluster-EcsCluster-1AAGQRFIOE9AE,Service_beiakklem1vi3j5fejsg,1000,2,0.0612619640,0
1537420140,Prod-EcsStagingCluster-EcsCluster-1AAGQRFIOE9AE,Service_beiakklem1vi3j5fejsg,1000,2,0.0850871649,0
1537419000,Prod-EcsStagingCluster-EcsCluster-1AAGQRFIOE9AE,Service_beiakklem1vi3j5fejsg,1000,2,0.1066085188,0
1537425360,Prod-EcsStagingCluster-EcsCluster-1AAGQRFIOE9AE,Service_beiakklem1vi3j5fejsg,1000,2,0.0591686139,0
1537422180,Prod-EcsStagingCluster-EcsCluster-1AAGQRFIOE9AE,Service_beiakklem1vi3j5fejsg,1000,2,0.0633084957,0
1537398780,Prod-EcsStagingCluster-EcsCluster-1AAGQRFIOE9AE,Service_beiakklem1vi3j5fejsg,1000,2,0.0614376135,0
1537386060,Prod-EcsStagingCluster-EcsCluster-1AAGQRFIOE9AE,Service_beiakklem1vi3j5fejsg,1000,2,0.0647575008,0
1537397640,Prod-EcsStagingCluster-EcsCluster-1AAGQRFIOE9AE,Service_beiakklem1vi3j5fejsg,1000,2,0.0594073205,0
1537351980,Prod-EcsStagingCluster-EcsCluster-1AAGQRFIOE9AE,Service_beiakklem1vi3j5fejsg,1000,2,0.0609287837,0
1537400820,Prod-EcsStagingCluster-EcsCluster-1AAGQRFIOE9AE,Service_beiakklem1vi3j5fejsg,1000,2,0.0620550524,0
1537364700,Prod-EcsStagingCluster-EcsCluster-1AAGQRFIOE9AE,Service_beiakklem1vi3j5fejsg,1000,2,0.0689563279,0
1537354020,Prod-EcsStagingCluster-EcsCluster-1AAGQRFIOE9AE,Service_beiakklem1vi3j5fejsg,1000,2,0.0658296851,0
1537366740,Prod-EcsStagingCluster-EcsCluster-1AAGQRFIOE9AE,Service_beiakklem1vi3j5fejsg,1000,2,0.0618681283,0
1537398600,Prod-EcsStagingCluster-EcsCluster-1AAGQRFIOE9AE,Service_beiakklem1vi3j5fejsg,1000,2,0.0601632287,0
1537404960,Prod-EcsStagingCluster-EcsCluster-1AAGQRFIOE9AE,Service_beiakklem1vi3j5fejsg,1000,2,0.0548611842,0
1537358160,Prod-EcsStagingCluster-EcsCluster-1AAGQRFIOE9AE,Service_beiakklem1vi3j5fejsg,1000,2,0.0651755055,0
1537364520,Prod-EcsStagingCluster-EcsCluster-1AAGQRFIOE9AE,Service_beiakklem1vi3j5fejsg,1000,2,0.0680831653,0
1537351800,Prod-EcsStagingCluster-EcsCluster-1AAGQRFIOE9AE,Service_beiakklem1vi3j5fejsg,1000,2,0.0622714671,0
1537370880,Prod-EcsStagingCluster-EcsCluster-1AAGQRFIOE9AE,Service_beiakklem1vi3j5fejsg,1000,2,0.0678862718,0
1537370820,Prod-EcsStagingCluster-EcsCluster-1AAGQRFIOE9AE,Service_beiakklem1vi3j5fejsg,1000,2,0.0676996369,0
1537419660,Prod-EcsStagingCluster-EcsCluster-1AAGQRFIOE9AE,Service_beiakklem1vi3j5fejsg,1000,2,0.0868132283,0
1537368600,Prod-EcsStagingCluster-EcsCluster-1AAGQRFIOE9AE,Service_beiakklem1vi3j5fejsg,1000,2,0.0631228436,0
1537374960,Prod-EcsStagingCluster-EcsCluster-1AAGQRFIOE9AE,Service_beiakklem1vi3j5fejsg,1000,2,0.0586227952,0
1537385580,Prod-EcsStagingCluster-EcsCluster-1AAGQRFIOE9AE,Service_beiakklem1vi3j5fejsg,1000,2,0.0653959780,0
1537398300,Prod-EcsStagingCluster-EcsCluster-1AAGQRFIOE9AE,Service_beiakklem1vi3j5fejsg,1000,2,0.0586322116,0
1537400340,Prod-EcsStagingCluster-EcsCluster-1AAGQRFIOE9AE,Service_beiakklem1vi3j5fejsg,1000,2,0.0774576017,0
1537387620,Prod-EcsStagingCluster-EcsCluster-1AAGQRFIOE9AE,Service_beiakklem1vi3j5fejsg,1000,2,0.0594293384,0
1537364220,Prod-EcsStagingCluster-EcsCluster-1AAGQRFIOE9AE,Service_beiakklem1vi3j5fejsg,1000,2,0.0672581092,0
1537351500,Prod-EcsStagingCluster-EcsCluster-1AAGQRFIOE9AE,Service_beiakklem1vi3j5fejsg,1000,2,0.0634907542,0
1537369440,Prod-EcsStagingCluster-EcsCluster-1AAGQRFIOE9AE,Service_beiakklem1vi3j5fejsg,1000,2,0.0617065467,0
1537407600,Prod-EcsStagingCluster-EcsCluster-1AAGQRFIOE9AE,Service_beiakklem1vi3j5fejsg,1000,2,0.0547750452,0
1537399080,Prod-EcsStagingCluster-EcsCluster-1AAGQRFIOE9AE,Service_beiakklem1vi3j5fejsg,1000,2,0.0583979397,0
1537402260,Prod-EcsStagingCluster-EcsCluster-1AAGQRFIOE9AE,Service_beiakklem1vi3j5fejsg,1000,2,0.0607158879,0
1537389540,Prod-EcsStagingCluster-EcsCluster-1AAGQRFIOE9AE,Service_beiakklem1vi3j5fejsg,1000,2,0.0735758882,0
1537386360,Prod-EcsStagingCluster-EcsCluster-1AAGQRFIOE9AE,Service_beiakklem1vi3j5fejsg,1000,2,0.0728198785,0
1537419180,Prod-EcsStagingCluster-EcsCluster-1AAGQRFIOE9AE,Service_beiakklem1vi3j5fejsg,1000,2,0.0800118176,0
1537365000,Prod-EcsStagingCluster-EcsCluster-1AAGQRFIOE9AE,Service_beiakklem1vi3j5fejsg,1000,2,0.0616839165,0
1537368180,Prod-EcsStagingCluster-EcsCluster-1AAGQRFIOE9AE,Service_beiakklem1vi3j5fejsg,1000,2,0.0578516200,0
1537406340,Prod-EcsStagingCluster-EcsCluster-1AAGQRFIOE9AE,Service_beiakklem1vi3j5fejsg,1000,2,0.0575543670,0
1537403160,Prod-EcsStagingCluster-EcsCluster-1AAGQRFIOE9AE,Service_beiakklem1vi3j5fejsg,1000,2,0.0615174807,0
1537424400,Prod-EcsStagingCluster-EcsCluster-1AAGQRFIOE9AE,Service_beiakklem1vi3j5fejsg,1000,2,0.0632753071,0
1537397820,Prod-EcsStagingCluster-EcsCluster-1AAGQRFIOE9AE,Service_beiakklem1vi3j5fejsg,1000,2,0.0585698679,0
1537385100,Prod-EcsStagingCluster-EcsCluster-1AAGQRFIOE9AE,Service_beiakklem1vi3j5fejsg,1000,2,0.0623838119,0
1537351020,Prod-EcsStagingCluster-EcsCluster-1AAGQRFIOE9AE,Service_beiakklem1vi3j5fejsg,1000,2,0.0628532544,0
1537403040,Prod-EcsStagingCluster-EcsCluster-1AAGQRFIOE9AE,Service_beiakklem1vi3j5fejsg,1000,2,0.0556268478,0
1537363740,Prod-EcsStagingCluster-EcsCluster-1AAGQRFIOE9AE,Service_beiakklem1vi3j5fejsg,1000,2,0.0673333633,0
1537419960,Prod-EcsStagingCluster-EcsCluster-1AAGQRFIOE9AE,Service_beiakklem1vi3j5fejsg,1000,2,0.0812637878,0
1537423140,Prod-EcsStagingCluster-EcsCluster-1AAGQRFIOE9AE,Service_beiakklem1vi3j5fejsg,1000,2,0.0626553515,0
1537404000,Prod-EcsStagingCluster-EcsCluster-1AAGQRFIOE9AE,Service_beiakklem1vi3j5fejsg,1000,2,0.0602648791,0
1537420920,Prod-EcsStagingCluster-EcsCluster-1AAGQRFIOE9AE,Service_beiakklem1vi3j5fejsg,1000,2,0.0641305896,0
1537357200,Prod-EcsStagingCluster-EcsCluster-1AAGQRFIOE9AE,Service_beiakklem1vi3j5fejsg,1000,2,0.0693124935,0
1537401780,Prod-EcsStagingCluster-EcsCluster-1AAGQRFIOE9AE,Service_beiakklem1vi3j5fejsg,1000,2,0.0608026883,0
1537369920,Prod-EcsStagingCluster-EcsCluster-1AAGQRFIOE9AE,Service_beiakklem1vi3j5fejsg,1000,2,0.0692908274,0
1537418700,Prod-EcsStagingCluster-EcsCluster-1AAGQRFIOE9AE,Service_beiakklem1vi3j5fejsg,1000,2,0.0866446344,0
1537431420,Prod-EcsStagingCluster-EcsCluster-1AAGQRFIOE9AE,Service_beiakklem1vi3j5fejsg,1000,2,0.0567083938,0
1537354980,Prod-EcsStagingCluster-EcsCluster-1AAGQRFIOE9AE,Service_beiakklem1vi3j5fejsg,1000,2,0.0699047410,0
1537367700,Prod-EcsStagingCluster-EcsCluster-1AAGQRFIOE9AE,Service_beiakklem1vi3j5fejsg,1000,2,0.0593571444,0
1537399560,Prod-EcsStagingCluster-EcsCluster-1AAGQRFIOE9AE,Service_beiakklem1vi3j5fejsg,1000,2,0.0600170015,0
1537374000,Prod-EcsStagingCluster-EcsCluster-1AAGQRFIOE9AE,Service_beiakklem1vi3j5fejsg,1000,2,0.0642301535,0
1537384620,Prod-EcsStagingCluster-EcsCluster-1AAGQRFIOE9AE,Service_beiakklem1vi3j5fejsg,1000,2,0.0608483431,0
1537365480,Prod-EcsStagingCluster-EcsCluster-1AAGQRFIOE9AE,Service_beiakklem1vi3j5fejsg,1000,2,0.0667884939,0
1537397340,Prod-EcsStagingCluster-EcsCluster-1AAGQRFIOE9AE,Service_beiakklem1vi3j5fejsg,1000,2,0.0618864674,0
1537352760,Prod-EcsStagingCluster-EcsCluster-1AAGQRFIOE9AE,Service_beiakklem1vi3j5fejsg,1000,2,0.0622727729,0
1537371780,Prod-EcsStagingCluster-EcsCluster-1AAGQRFIOE9AE,Service_beiakklem1vi3j5fejsg,1000,2,0.0675281675,0
1537363260,Prod-EcsStagingCluster-EcsCluster-1AAGQRFIOE9AE,Service_beiakklem1vi3j5fejsg,1000,2,0.0638989327,0
1537350540,Prod-EcsStagingCluster-EcsCluster-1AAGQRFIOE9AE,Service_beiakklem1vi3j5fejsg,1000,2,0.0612637063,0
1537403520,Prod-EcsStagingCluster-EcsCluster-1AAGQRFIOE9AE,Service_beiakklem1vi3j5fejsg,1000,2,0.0699308352,0
1537369560,Prod-EcsStagingCluster-EcsCluster-1AAGQRFIOE9AE,Service_beiakklem1vi3j5fejsg,1000,2,0.0614663857,0
1537390800,Prod-EcsStagingCluster-EcsCluster-1AAGQRFIOE9AE,Service_beiakklem1vi3j5fejsg,1000,2,0.0815800070,0
1537413000,Prod-EcsStagingCluster-EcsCluster-1AAGQRFIOE9AE,Service_beiakklem1vi3j5fejsg,1000,2,0.0570496149,0
1537390740,Prod-EcsStagingCluster-EcsCluster-1AAGQRFIOE9AE,Service_beiakklem1vi3j5fejsg,1000,2,0.0717248813,0
1537367340,Prod-EcsStagingCluster-EcsCluster-1AAGQRFIOE9AE,Service_beiakklem1vi3j5fejsg,1000,2,0.0983531967,0
1537370520,Prod-EcsStagingCluster-EcsCluster-1AAGQRFIOE9AE,Service_beiakklem1vi3j5fejsg,1000,2,0.0692501843,0
1537419360,Prod-EcsStagingCluster-EcsCluster-1AAGQRFIOE9AE,Service_beiakklem1vi3j5fejsg,1000,2,0.0735029462,0
1537351440,Prod-EcsStagingCluster-EcsCluster-1AAGQRFIOE9AE,Service_beiakklem1vi3j5fejsg,1000,2,0.0616085519,0
1537395960,Prod-EcsStagingCluster-EcsCluster-1AAGQRFIOE9AE,Service_beiakklem1vi3j5fejsg,1000,2,0.0584748854,0
1537376880,Prod-EcsStagingCluster-EcsCluster-1AAGQRFIOE9AE,Service_beiakklem1vi3j5fejsg,1000,2,0.0607191161,0
1537427760,Prod-EcsStagingCluster-EcsCluster-1AAGQRFIOE9AE,Service_beiakklem1vi3j5fejsg,1000,2,0.0478860147,0
1537402320,Prod-EcsStagingCluster-EcsCluster-1AAGQRFIOE9AE,Service_beiakklem1vi3j5fejsg,1000,2,0.0607469563,0
1537418220,Prod-EcsStagingCluster-EcsCluster-1AAGQRFIOE9AE,Service_beiakklem1vi3j5fejsg,1000,2,0.0984063901,0
1537421400,Prod-EcsStagingCluster-EcsCluster-1AAGQRFIOE9AE,Service_beiakklem1vi3j5fejsg,1000,2,0.0681534969,0
1537348020,Prod-EcsStagingCluster-EcsCluster-1AAGQRFIOE9AE,Service_beiakklem1vi3j5fejsg,1000,2,0.0896671552,0
1537392540,Prod-EcsStagingCluster-EcsCluster-1AAGQRFIOE9AE,Service_beiakklem1vi3j5fejsg,1000,2,0.0674769233,0
1537370280,Prod-EcsStagingCluster-EcsCluster-1AAGQRFIOE9AE,Service_beiakklem1vi3j5fejsg,1000,2,0.0690358511,0
1537376640,Prod-EcsStagingCluster-EcsCluster-1AAGQRFIOE9AE,Service_beiakklem1vi3j5fejsg,1000,2,0.0617950335,0
1537421160,Prod-EcsStagingCluster-EcsCluster-1AAGQRFIOE9AE,Service_beiakklem1vi3j5fejsg,1000,2,0.0696475770,0
1537398900,Prod-EcsStagingCluster-EcsCluster-1AAGQRFIOE9AE,Service_beiakklem1vi3j5fejsg,1000,2,0.0608841301,0
1537375500,Prod-EcsStagingCluster-EcsCluster-1AAGQRFIOE9AE,Service_beiakklem1vi3j5fejsg,1000,2,0.0587633061,0
1537381860,Prod-EcsStagingCluster-EcsCluster-1AAGQRFIOE9AE,Service_beiakklem1vi3j5fejsg,1000,2,0.0754396133,0
1537427520,Prod-EcsStagingCluster-EcsCluster-1AAGQRFIOE9AE,Service_beiakklem1vi3j5fejsg,1000,2,0.0499390271,0
1537356420,Prod-EcsStagingCluster-EcsCluster-1AAGQRFIOE9AE,Service_beiakklem1vi3j5fejsg,1000,2,0.0711694134,0
1537407300,Prod-EcsStagingCluster-EcsCluster-1AAGQRFIOE9AE,Service_beiakklem1vi3j5fejsg,1000,2,0.0684437366,0
1537426380,Prod-EcsStagingCluster-EcsCluster-1AAGQRFIOE9AE,Service_beiakklem1vi3j5fejsg,1000,2,0.0555394075,0
1537430520,Prod-EcsStagingCluster-EcsCluster-1AAGQRFIOE9AE,Service_beiakklem1vi3j5fejsg,1000,2,0.0544808177,0
1537349820,Prod-EcsStagingCluster-EcsCluster-1AAGQRFIOE9AE,Service_beiakklem1vi3j5fejsg,1000,2,0.0664621046,0
1537356180,Prod-EcsStagingCluster-EcsCluster-1AAGQRFIOE9AE,Service_beiakklem1vi3j5fejsg,1000,2,0.0714448977,0
1537400700,Prod-EcsStagingCluster-EcsCluster-1AAGQRFIOE9AE,Service_beiakklem1vi3j5fejsg,1000,2,0.0489210644,0
1537407060,Prod-EcsStagingCluster-EcsCluster-1AAGQRFIOE9AE,Service_beiakklem1vi3j5fejsg,1000,2,0.0575002561,0
1537360320,Prod-EcsStagingCluster-EcsCluster-1AAGQRFIOE9AE,Service_beiakklem1vi3j5fejsg,1000,2,0.0602266732,0
1537383660,Prod-EcsStagingCluster-EcsCluster-1AAGQRFIOE9AE,Service_beiakklem1vi3j5fejsg,1000,2,0.0608068078,0
1537353960,Prod-EcsStagingCluster-EcsCluster-1AAGQRFIOE9AE,Service_beiakklem1vi3j5fejsg,1000,2,0.0655412311,0
1537404840,Prod-EcsStagingCluster-EcsCluster-1AAGQRFIOE9AE,Service_beiakklem1vi3j5fejsg,1000,2,0.0540659030,0
1537411200,Prod-EcsStagingCluster-EcsCluster-1AAGQRFIOE9AE,Service_beiakklem1vi3j5fejsg,1000,2,0.0710090042,0
1537357980,Prod-EcsStagingCluster-EcsCluster-1AAGQRFIOE9AE,Service_beiakklem1vi3j5fejsg,1000,2,0.0645806708,0
1537364340,Prod-EcsStagingCluster-EcsCluster-1AAGQRFIOE9AE,Service_beiakklem1vi3j5fejsg,1000,2,0.0686931204,0
1537408860,Prod-EcsStagingCluster-EcsCluster-1AAGQRFIOE9AE,Service_beiakklem1vi3j5fejsg,1000,2,0.0737182039,0
1537415220,Prod-EcsStagingCluster-EcsCluster-1AAGQRFIOE9AE,Service_beiakklem1vi3j5fejsg,1000,2,0.0522430925,0
1537372740,Prod-EcsStagingCluster-EcsCluster-1AAGQRFIOE9AE,Service_beiakklem1vi3j5fejsg,1000,2,0.0642300351,0
1537347300,Prod-EcsStagingCluster-EcsCluster-1AAGQRFIOE9AE,Service_beiakklem1vi3j5fejsg,1000,2,0.0731775325,0
1537391820,Prod-EcsStagingCluster-EcsCluster-1AAGQRFIOE9AE,Service_beiakklem1vi3j5fejsg,1000,2,0.0668264536,0
1537398180,Prod-EcsStagingCluster-EcsCluster-1AAGQRFIOE9AE,Service_beiakklem1vi3j5fejsg,1000,2,0.0600081632,0
1537362120,Prod-EcsStagingCluster-EcsCluster-1AAGQRFIOE9AE,Service_beiakklem1vi3j5fejsg,1000,2,0.0726391750,0
1537368480,Prod-EcsStagingCluster-EcsCluster-1AAGQRFIOE9AE,Service_beiakklem1vi3j5fejsg,1000,2,0.0629503768,0
1537366260,Prod-EcsStagingCluster-EcsCluster-1AAGQRFIOE9AE,Service_beiakklem1vi3j5fejsg,1000,2,0.0684031335,0
1537417140,Prod-EcsStagingCluster-EcsCluster-1AAGQRFIOE9AE,Service_beiakklem1vi3j5fejsg,1000,2,0.0825225794,0
1537388520,Prod-EcsStagingCluster-EcsCluster-1AAGQRFIOE9AE,Service_beiakklem1vi3j5fejsg,1000,2,0.0641753371,0
1537374660,Prod-EcsStagingCluster-EcsCluster-1AAGQRFIOE9AE,Service_beiakklem1vi3j5fejsg,1000,2,0.0571541996,0
1537349220,Prod-EcsStagingCluster-EcsCluster-1AAGQRFIOE9AE,Service_beiakklem1vi3j5fejsg,1000,2,0.0702635949,0
1537400100,Prod-EcsStagingCluster-EcsCluster-1AAGQRFIOE9AE,Service_beiakklem1vi3j5fejsg,1000,2,0.0752664078,0
1537366140,Prod-EcsStagingCluster-EcsCluster-1AAGQRFIOE9AE,Service_beiakklem1vi3j5fejsg,1000,2,0.0682176723,0
1537350240,Prod-EcsStagingCluster-EcsCluster-1AAGQRFIOE9AE,Service_beiakklem1vi3j5fejsg,1000,2,0.0682949818,0
1537425540,Prod-EcsStagingCluster-EcsCluster-1AAGQRFIOE9AE,Service_beiakklem1vi3j5fejsg,1000,2,0.0579984322,0
1537417020,Prod-EcsStagingCluster-EcsCluster-1AAGQRFIOE9AE,Service_beiakklem1vi3j5fejsg,1000,2,0.0894920193,0
1537349100,Prod-EcsStagingCluster-EcsCluster-1AAGQRFIOE9AE,Service_beiakklem1vi3j5fejsg,1000,2,0.0697270293,0
1537401120,Prod-EcsStagingCluster-EcsCluster-1AAGQRFIOE9AE,Service_beiakklem1vi3j5fejsg,1000,2,0.0592567036,0
1537358640,Prod-EcsStagingCluster-EcsCluster-1AAGQRFIOE9AE,Service_beiakklem1vi3j5fejsg,1000,2,0.0656104578,0
1537409520,Prod-EcsStagingCluster-EcsCluster-1AAGQRFIOE9AE,Service_beiakklem1vi3j5fejsg,1000,2,0.0681912126,0
1537399980,Prod-EcsStagingCluster-EcsCluster-1AAGQRFIOE9AE,Service_beiakklem1vi3j5fejsg,1000,2,0.0618053906,0
1537384080,Prod-EcsStagingCluster-EcsCluster-1AAGQRFIOE9AE,Service_beiakklem1vi3j5fejsg,1000,2,0.0674827204,0
1537345800,Prod-EcsStagingCluster-EcsCluster-1AAGQRFIOE9AE,Service_beiakklem1vi3j5fejsg,1000,2,0.0640633751,0
1537396680,Prod-EcsStagingCluster-EcsCluster-1AAGQRFIOE9AE,Service_beiakklem1vi3j5fejsg,1000,2,0.0588072671,0
1537374420,Prod-EcsStagingCluster-EcsCluster-1AAGQRFIOE9AE,Service_beiakklem1vi3j5fejsg,1000,2,0.0621988066,0
1537354200,Prod-EcsStagingCluster-EcsCluster-1AAGQRFIOE9AE,Service_beiakklem1vi3j5fejsg,1000,2,0.0679814492,0
1537379640,Prod-EcsStagingCluster-EcsCluster-1AAGQRFIOE9AE,Service_beiakklem1vi3j5fejsg,1000,2,0.0672400550,0
1537425300,Prod-EcsStagingCluster-EcsCluster-1AAGQRFIOE9AE,Service_beiakklem1vi3j5fejsg,1000,2,0.0726750636,0
1537405080,Prod-EcsStagingCluster-EcsCluster-1AAGQRFIOE9AE,Service_beiakklem1vi3j5fejsg,1000,2,0.0682272738,0
1537374300,Prod-EcsStagingCluster-EcsCluster-1AAGQRFIOE9AE,Service_beiakklem1vi3j5fejsg,1000,2,0.0631147895,0
1537358400,Prod-EcsStagingCluster-EcsCluster-1AAGQRFIOE9AE,Service_beiakklem1vi3j5fejsg,1000,2,0.0654250759,0
1537423080,Prod-EcsStagingCluster-EcsCluster-1AAGQRFIOE9AE,Service_beiakklem1vi3j5fejsg,1000,2,0.0615028080,0
1537357260,Prod-EcsStagingCluster-EcsCluster-1AAGQRFIOE9AE,Service_beiakklem1vi3j5fejsg,1000,2,0.0665761967,0
1537425180,Prod-EcsStagingCluster-EcsCluster-1AAGQRFIOE9AE,Service_beiakklem1vi3j5fejsg,1000,2,0.0607033325,0
1537408140,Prod-EcsStagingCluster-EcsCluster-1AAGQRFIOE9AE,Service_beiakklem1vi3j5fejsg,1000,2,0.0598978358,0
1537384800,Prod-EcsStagingCluster-EcsCluster-1AAGQRFIOE9AE,Service_beiakklem1vi3j5fejsg,1000,2,0.0627995419,0
1537393200,Prod-EcsStagingCluster-EcsCluster-1AAGQRFIOE9AE,Service_beiakklem1vi3j5fejsg,1000,2,0.0588583805,0
1537367760,Prod-EcsStagingCluster-EcsCluster-1AAGQRFIOE9AE,Service_beiakklem1vi3j5fejsg,1000,2,0.0572832176,0
1537418640,Prod-EcsStagingCluster-EcsCluster-1AAGQRFIOE9AE,Service_beiakklem1vi3j5fejsg,1000,2,0.0887788047,0
1537382580,Prod-EcsStagingCluster-EcsCluster-1AAGQRFIOE9AE,Service_beiakklem1vi3j5fejsg,1000,2,0.0633293696,0
1537390980,Prod-EcsStagingCluster-EcsCluster-1AAGQRFIOE9AE,Service_beiakklem1vi3j5fejsg,1000,2,0.0731377863,0
1537365540,Prod-EcsStagingCluster-EcsCluster-1AAGQRFIOE9AE,Service_beiakklem1vi3j5fejsg,1000,2,0.0665603948,0
1537416420,Prod-EcsStagingCluster-EcsCluster-1AAGQRFIOE9AE,Service_beiakklem1vi3j5fejsg,1000,2,0.0528205586,0
1537382460,Prod-EcsStagingCluster-EcsCluster-1AAGQRFIOE9AE,Service_beiakklem1vi3j5fejsg,1000,2,0.0633584816,0
1537380360,Prod-EcsStagingCluster-EcsCluster-1AAGQRFIOE9AE,Service_beiakklem1vi3j5fejsg,1000,2,0.0713839682,0
1537431240,Prod-EcsStagingCluster-EcsCluster-1AAGQRFIOE9AE,Service_beiakklem1vi3j5fejsg,1000,2,0.0555173932,0
1537388760,Prod-EcsStagingCluster-EcsCluster-1AAGQRFIOE9AE,Service_beiakklem1vi3j5fejsg,1000,2,0.0757096662,0
1537365420,Prod-EcsStagingCluster-EcsCluster-1AAGQRFIOE9AE,Service_beiakklem1vi3j5fejsg,1000,2,0.0666607759,0
1537363320,Prod-EcsStagingCluster-EcsCluster-1AAGQRFIOE9AE,Service_beiakklem1vi3j5fejsg,1000,2,0.0675824249,0
1537414200,Prod-EcsStagingCluster-EcsCluster-1AAGQRFIOE9AE,Service_beiakklem1vi3j5fejsg,1000,2,0.0530998333,0
1537392960,Prod-EcsStagingCluster-EcsCluster-1AAGQRFIOE9AE,Service_beiakklem1vi3j5fejsg,1000,2,0.0608216386,0
1537416300,Prod-EcsStagingCluster-EcsCluster-1AAGQRFIOE9AE,Service_beiakklem1vi3j5fejsg,1000,2,0.0555939267,0
1537346100,Prod-EcsStagingCluster-EcsCluster-1AAGQRFIOE9AE,Service_beiakklem1vi3j5fejsg,1000,2,0.0644607144,0
1537396980,Prod-EcsStagingCluster-EcsCluster-1AAGQRFIOE9AE,Service_beiakklem1vi3j5fejsg,1000,2,0.0603620413,0
1537368360,Prod-EcsStagingCluster-EcsCluster-1AAGQRFIOE9AE,Service_beiakklem1vi3j5fejsg,1000,2,0.0625440881,0
1537374720,Prod-EcsStagingCluster-EcsCluster-1AAGQRFIOE9AE,Service_beiakklem1vi3j5fejsg,1000,2,0.0575515665,0
1537425600,Prod-EcsStagingCluster-EcsCluster-1AAGQRFIOE9AE,Service_beiakklem1vi3j5fejsg,1000,2,0.0682921992,0
1537419240,Prod-EcsStagingCluster-EcsCluster-1AAGQRFIOE9AE,Service_beiakklem1vi3j5fejsg,1000,2,0.0756450087,0
1537373580,Prod-EcsStagingCluster-EcsCluster-1AAGQRFIOE9AE,Service_beiakklem1vi3j5fejsg,1000,2,0.0654144266,0
1537386300,Prod-EcsStagingCluster-EcsCluster-1AAGQRFIOE9AE,Service_beiakklem1vi3j5fejsg,1000,2,0.0623855694,0
1537372440,Prod-EcsStagingCluster-EcsCluster-1AAGQRFIOE9AE,Service_beiakklem1vi3j5fejsg,1000,2,0.0668552016,0
1537424460,Prod-EcsStagingCluster-EcsCluster-1AAGQRFIOE9AE,Service_beiakklem1vi3j5fejsg,1000,2,0.0583089963,0
1537347000,Prod-EcsStagingCluster-EcsCluster-1AAGQRFIOE9AE,Service_beiakklem1vi3j5fejsg,1000,2,0.0713343764,0
1537353360,Prod-EcsStagingCluster-EcsCluster-1AAGQRFIOE9AE,Service_beiakklem1vi3j5fejsg,1000,2,0.0629279177,0
1537397880,Prod-EcsStagingCluster-EcsCluster-1AAGQRFIOE9AE,Service_beiakklem1vi3j5fejsg,1000,2,0.0695435598,0
1537378800,Prod-EcsStagingCluster-EcsCluster-1AAGQRFIOE9AE,Service_beiakklem1vi3j5fejsg,1000,2,0.0691962654,0
1537423320,Prod-EcsStagingCluster-EcsCluster-1AAGQRFIOE9AE,Service_beiakklem1vi3j5fejsg,1000,2,0.0633818417,0
1537429680,Prod-EcsStagingCluster-EcsCluster-1AAGQRFIOE9AE,Service_beiakklem1vi3j5fejsg,1000,2,0.0555869401,0
1537404240,Prod-EcsStagingCluster-EcsCluster-1AAGQRFIOE9AE,Service_beiakklem1vi3j5fejsg,1000,2,0.0601236793,0
1537376520,Prod-EcsStagingCluster-EcsCluster-1AAGQRFIOE9AE,Service_beiakklem1vi3j5fejsg,1000,2,0.0585986257,0
1537354260,Prod-EcsStagingCluster-EcsCluster-1AAGQRFIOE9AE,Service_beiakklem1vi3j5fejsg,1000,2,0.0607471393,0
1537405140,Prod-EcsStagingCluster-EcsCluster-1AAGQRFIOE9AE,Service_beiakklem1vi3j5fejsg,1000,2,0.0534162897,0
1537382880,Prod-EcsStagingCluster-EcsCluster-1AAGQRFIOE9AE,Service_beiakklem1vi3j5fejsg,1000,2,0.0685107373,0
1537427400,Prod-EcsStagingCluster-EcsCluster-1AAGQRFIOE9AE,Service_beiakklem1vi3j5fejsg,1000,2,0.0502941908,0
1537394460,Prod-EcsStagingCluster-EcsCluster-1AAGQRFIOE9AE,Service_beiakklem1vi3j5fejsg,1000,2,0.0617800429,0
1537381740,Prod-EcsStagingCluster-EcsCluster-1AAGQRFIOE9AE,Service_beiakklem1vi3j5fejsg,1000,2,0.0887952297,0
1537402920,Prod-EcsStagingCluster-EcsCluster-1AAGQRFIOE9AE,Service_beiakklem1vi3j5fejsg,1000,2,0.0609640004,0
1537409280,Prod-EcsStagingCluster-EcsCluster-1AAGQRFIOE9AE,Service_beiakklem1vi3j5fejsg,1000,2,0.0697819618,0
1537358340,Prod-EcsStagingCluster-EcsCluster-1AAGQRFIOE9AE,Service_beiakklem1vi3j5fejsg,1000,2,0.0728137598,0
1537409220,Prod-EcsStagingCluster-EcsCluster-1AAGQRFIOE9AE,Service_beiakklem1vi3j5fejsg,1000,2,0.0731195516,0
1537383780,Prod-EcsStagingCluster-EcsCluster-1AAGQRFIOE9AE,Service_beiakklem1vi3j5fejsg,1000,2,0.0627590298,0
1537356120,Prod-EcsStagingCluster-EcsCluster-1AAGQRFIOE9AE,Service_beiakklem1vi3j5fejsg,1000,2,0.0712293949,0
1537362480,Prod-EcsStagingCluster-EcsCluster-1AAGQRFIOE9AE,Service_beiakklem1vi3j5fejsg,1000,2,0.0631882450,0
1537407000,Prod-EcsStagingCluster-EcsCluster-1AAGQRFIOE9AE,Service_beiakklem1vi3j5fejsg,1000,2,0.0578116386,0
1537413360,Prod-EcsStagingCluster-EcsCluster-1AAGQRFIOE9AE,Service_beiakklem1vi3j5fejsg,1000,2,0.0569653117,0
1537381560,Prod-EcsStagingCluster-EcsCluster-1AAGQRFIOE9AE,Service_beiakklem1vi3j5fejsg,1000,2,0.0755360654,0
1537387920,Prod-EcsStagingCluster-EcsCluster-1AAGQRFIOE9AE,Service_beiakklem1vi3j5fejsg,1000,2,0.0678579853,0
1537362420,Prod-EcsStagingCluster-EcsCluster-1AAGQRFIOE9AE,Service_beiakklem1vi3j5fejsg,1000,2,0.0601719773,0
1537413300,Prod-EcsStagingCluster-EcsCluster-1AAGQRFIOE9AE,Service_beiakklem1vi3j5fejsg,1000,2,0.0554320210,0
1537351740,Prod-EcsStagingCluster-EcsCluster-1AAGQRFIOE9AE,Service_beiakklem1vi3j5fejsg,1000,2,0.0620594220,0
1537402620,Prod-EcsStagingCluster-EcsCluster-1AAGQRFIOE9AE,Service_beiakklem1vi3j5fejsg,1000,2,0.0682588756,0
1537389900,Prod-EcsStagingCluster-EcsCluster-1AAGQRFIOE9AE,Service_beiakklem1vi3j5fejsg,1000,2,0.0703857540,0
1537360200,Prod-EcsStagingCluster-EcsCluster-1AAGQRFIOE9AE,Service_beiakklem1vi3j5fejsg,1000,2,0.0598461818,0
1537366560,Prod-EcsStagingCluster-EcsCluster-1AAGQRFIOE9AE,Service_beiakklem1vi3j5fejsg,1000,2,0.0635701277,0
1537417440,Prod-EcsStagingCluster-EcsCluster-1AAGQRFIOE9AE,Service_beiakklem1vi3j5fejsg,1000,2,0.0826883740,0
1537411080,Prod-EcsStagingCluster-EcsCluster-1AAGQRFIOE9AE,Service_beiakklem1vi3j5fejsg,1000,2,0.0703453664,0
1537399200,Prod-EcsStagingCluster-EcsCluster-1AAGQRFIOE9AE,Service_beiakklem1vi3j5fejsg,1000,2,0.0629354744,0
1537390680,Prod-EcsStagingCluster-EcsCluster-1AAGQRFIOE9AE,Service_beiakklem1vi3j5fejsg,1000,2,0.0717885846,0
1537347180,Prod-EcsStagingCluster-EcsCluster-1AAGQRFIOE9AE,Service_beiakklem1vi3j5fejsg,1000,2,0.0708676381,0
1537365240,Prod-EcsStagingCluster-EcsCluster-1AAGQRFIOE9AE,Service_beiakklem1vi3j5fejsg,1000,2,0.0610247542,0
1537416120,Prod-EcsStagingCluster-EcsCluster-1AAGQRFIOE9AE,Service_beiakklem1vi3j5fejsg,1000,2,0.0539691968,0
1537359900,Prod-EcsStagingCluster-EcsCluster-1AAGQRFIOE9AE,Service_beiakklem1vi3j5fejsg,1000,2,0.0609708046,0
1537410780,Prod-EcsStagingCluster-EcsCluster-1AAGQRFIOE9AE,Service_beiakklem1vi3j5fejsg,1000,2,0.0692171588,0
1537398060,Prod-EcsStagingCluster-EcsCluster-1AAGQRFIOE9AE,Service_beiakklem1vi3j5fejsg,1000,2,0.0594251582,0
1537394760,Prod-EcsStagingCluster-EcsCluster-1AAGQRFIOE9AE,Service_beiakklem1vi3j5fejsg,1000,2,0.0611777726,0
1537372500,Prod-EcsStagingCluster-EcsCluster-1AAGQRFIOE9AE,Service_beiakklem1vi3j5fejsg,1000,2,0.0652421892,0
1537423380,Prod-EcsStagingCluster-EcsCluster-1AAGQRFIOE9AE,Service_beiakklem1vi3j5fejsg,1000,2,0.0568849590,0
1537356480,Prod-EcsStagingCluster-EcsCluster-1AAGQRFIOE9AE,Service_beiakklem1vi3j5fejsg,1000,2,0.0709688484,0
1537351140,Prod-EcsStagingCluster-EcsCluster-1AAGQRFIOE9AE,Service_beiakklem1vi3j5fejsg,1000,2,0.0634896458,0
1537355340,Prod-EcsStagingCluster-EcsCluster-1AAGQRFIOE9AE,Service_beiakklem1vi3j5fejsg,1000,2,0.0696421204,0
1537407360,Prod-EcsStagingCluster-EcsCluster-1AAGQRFIOE9AE,Service_beiakklem1vi3j5fejsg,1000,2,0.0539652984,0
1537376580,Prod-EcsStagingCluster-EcsCluster-1AAGQRFIOE9AE,Service_beiakklem1vi3j5fejsg,1000,2,0.0588907137,0
1537427460,Prod-EcsStagingCluster-EcsCluster-1AAGQRFIOE9AE,Service_beiakklem1vi3j5fejsg,1000,2,0.0505026364,0
1537402020,Prod-EcsStagingCluster-EcsCluster-1AAGQRFIOE9AE,Service_beiakklem1vi3j5fejsg,1000,2,0.0610971315,0
1537368060,Prod-EcsStagingCluster-EcsCluster-1AAGQRFIOE9AE,Service_beiakklem1vi3j5fejsg,1000,2,0.0563511252,0
1537418940,Prod-EcsStagingCluster-EcsCluster-1AAGQRFIOE9AE,Service_beiakklem1vi3j5fejsg,1000,2,0.0871693095,0
1537406220,Prod-EcsStagingCluster-EcsCluster-1AAGQRFIOE9AE,Service_beiakklem1vi3j5fejsg,1000,2,0.0547141915,0
1537360560,Prod-EcsStagingCluster-EcsCluster-1AAGQRFIOE9AE,Service_beiakklem1vi3j5fejsg,1000,2,0.0619179590,0
1537411440,Prod-EcsStagingCluster-EcsCluster-1AAGQRFIOE9AE,Service_beiakklem1vi3j5fejsg,1000,2,0.0708382956,0
1537352040,Prod-EcsStagingCluster-EcsCluster-1AAGQRFIOE9AE,Service_beiakklem1vi3j5fejsg,1000,2,0.0622318282,0
1537386000,Prod-EcsStagingCluster-EcsCluster-1AAGQRFIOE9AE,Service_beiakklem1vi3j5fejsg,1000,2,0.0648307239,0
1537380660,Prod-EcsStagingCluster-EcsCluster-1AAGQRFIOE9AE,Service_beiakklem1vi3j5fejsg,1000,2,0.0665248809,0
1537431540,Prod-EcsStagingCluster-EcsCluster-1AAGQRFIOE9AE,Service_beiakklem1vi3j5fejsg,1000,2,0.0576836006,0
1537378440,Prod-EcsStagingCluster-EcsCluster-1AAGQRFIOE9AE,Service_beiakklem1vi3j5fejsg,1000,2,0.0641828462,0
1537429320,Prod-EcsStagingCluster-EcsCluster-1AAGQRFIOE9AE,Service_beiakklem1vi3j5fejsg,1000,2,0.0564153758,0
1537376220,Prod-EcsStagingCluster-EcsCluster-1AAGQRFIOE9AE,Service_beiakklem1vi3j5fejsg,1000,2,0.0602953759,0
1537363500,Prod-EcsStagingCluster-EcsCluster-1AAGQRFIOE9AE,Service_beiakklem1vi3j5fejsg,1000,2,0.0665078684,0
1537427100,Prod-EcsStagingCluster-EcsCluster-1AAGQRFIOE9AE,Service_beiakklem1vi3j5fejsg,1000,2,0.0526791924,0
1537391040,Prod-EcsStagingCluster-EcsCluster-1AAGQRFIOE9AE,Service_beiakklem1vi3j5fejsg,1000,2,0.0701219119,0
1537414380,Prod-EcsStagingCluster-EcsCluster-1AAGQRFIOE9AE,Service_beiakklem1vi3j5fejsg,1000,2,0.0531584437,0
1537388820,Prod-EcsStagingCluster-EcsCluster-1AAGQRFIOE9AE,Service_beiakklem1vi3j5fejsg,1000,2,0.0667462353,0
1537369680,Prod-EcsStagingCluster-EcsCluster-1AAGQRFIOE9AE,Service_beiakklem1vi3j5fejsg,1000,2,0.0616734917,0
1537420560,Prod-EcsStagingCluster-EcsCluster-1AAGQRFIOE9AE,Service_beiakklem1vi3j5fejsg,1000,2,0.0789954162,0
1537395120,Prod-EcsStagingCluster-EcsCluster-1AAGQRFIOE9AE,Service_beiakklem1vi3j5fejsg,1000,2,0.0602714073,0
1537386600,Prod-EcsStagingCluster-EcsCluster-1AAGQRFIOE9AE,Service_beiakklem1vi3j5fejsg,1000,2,0.0612972717,0
1537392900,Prod-EcsStagingCluster-EcsCluster-1AAGQRFIOE9AE,Service_beiakklem1vi3j5fejsg,1000,2,0.0596021803,0
1537367460,Prod-EcsStagingCluster-EcsCluster-1AAGQRFIOE9AE,Service_beiakklem1vi3j5fejsg,1000,2,0.0552305904,0
1537418340,Prod-EcsStagingCluster-EcsCluster-1AAGQRFIOE9AE,Service_beiakklem1vi3j5fejsg,1000,2,0.0837966224,0
1537371660,Prod-EcsStagingCluster-EcsCluster-1AAGQRFIOE9AE,Service_beiakklem1vi3j5fejsg,1000,2,0.0673392489,0
1537384380,Prod-EcsStagingCluster-EcsCluster-1AAGQRFIOE9AE,Service_beiakklem1vi3j5fejsg,1000,2,0.0617224822,0
1537348320,Prod-EcsStagingCluster-EcsCluster-1AAGQRFIOE9AE,Service_beiakklem1vi3j5fejsg,1000,2,0.0721378188,0
1537357800,Prod-EcsStagingCluster-EcsCluster-1AAGQRFIOE9AE,Service_beiakklem1vi3j5fejsg,1000,2,0.0698000648,0
1537364160,Prod-EcsStagingCluster-EcsCluster-1AAGQRFIOE9AE,Service_beiakklem1vi3j5fejsg,1000,2,0.0678471349,0
1537428900,Prod-EcsStagingCluster-EcsCluster-1AAGQRFIOE9AE,Service_beiakklem1vi3j5fejsg,1000,2,0.0571443976,0
1537415040,Prod-EcsStagingCluster-EcsCluster-1AAGQRFIOE9AE,Service_beiakklem1vi3j5fejsg,1000,2,0.0537369436,0
1537408680,Prod-EcsStagingCluster-EcsCluster-1AAGQRFIOE9AE,Service_beiakklem1vi3j5fejsg,1000,2,0.0731318160,0
1537363020,Prod-EcsStagingCluster-EcsCluster-1AAGQRFIOE9AE,Service_beiakklem1vi3j5fejsg,1000,2,0.0718415128,0
1537413900,Prod-EcsStagingCluster-EcsCluster-1AAGQRFIOE9AE,Service_beiakklem1vi3j5fejsg,1000,2,0.0552167625,0
1537394820,Prod-EcsStagingCluster-EcsCluster-1AAGQRFIOE9AE,Service_beiakklem1vi3j5fejsg,1000,2,0.0614272562,0
1537374600,Prod-EcsStagingCluster-EcsCluster-1AAGQRFIOE9AE,Service_beiakklem1vi3j5fejsg,1000,2,0.0580285770,0
1537380960,Prod-EcsStagingCluster-EcsCluster-1AAGQRFIOE9AE,Service_beiakklem1vi3j5fejsg,1000,2,0.0738843191,0
1537357560,Prod-EcsStagingCluster-EcsCluster-1AAGQRFIOE9AE,Service_beiakklem1vi3j5fejsg,1000,2,0.0659222329,0
1537363920,Prod-EcsStagingCluster-EcsCluster-1AAGQRFIOE9AE,Service_beiakklem1vi3j5fejsg,1000,2,0.0690190629,0
1537425480,Prod-EcsStagingCluster-EcsCluster-1AAGQRFIOE9AE,Service_beiakklem1vi3j5fejsg,1000,2,0.0602367611,0
1537379820,Prod-EcsStagingCluster-EcsCluster-1AAGQRFIOE9AE,Service_beiakklem1vi3j5fejsg,1000,2,0.0700602944,0
1537414800,Prod-EcsStagingCluster-EcsCluster-1AAGQRFIOE9AE,Service_beiakklem1vi3j5fejsg,1000,2,0.0526567096,0
1537408440,Prod-EcsStagingCluster-EcsCluster-1AAGQRFIOE9AE,Service_beiakklem1vi3j5fejsg,1000,2,0.0684424650,0
1537430700,Prod-EcsStagingCluster-EcsCluster-1AAGQRFIOE9AE,Service_beiakklem1vi3j5fejsg,1000,2,0.0557425040,0
1537394580,Prod-EcsStagingCluster-EcsCluster-1AAGQRFIOE9AE,Service_beiakklem1vi3j5fejsg,1000,2,0.0616649171,0
1537388220,Prod-EcsStagingCluster-EcsCluster-1AAGQRFIOE9AE,Service_beiakklem1vi3j5fejsg,1000,2,0.0656808422,0
1537374360,Prod-EcsStagingCluster-EcsCluster-1AAGQRFIOE9AE,Service_beiakklem1vi3j5fejsg,1000,2,0.0637925333,0
1537380720,Prod-EcsStagingCluster-EcsCluster-1AAGQRFIOE9AE,Service_beiakklem1vi3j5fejsg,1000,2,0.0659319354,0
1537425240,Prod-EcsStagingCluster-EcsCluster-1AAGQRFIOE9AE,Service_beiakklem1vi3j5fejsg,1000,2,0.0610149053,0
1537431600,Prod-EcsStagingCluster-EcsCluster-1AAGQRFIOE9AE,Service_beiakklem1vi3j5fejsg,1000,2,0.0539700500,0
1537354140,Prod-EcsStagingCluster-EcsCluster-1AAGQRFIOE9AE,Service_beiakklem1vi3j5fejsg,1000,2,0.0659188099,0
1537360500,Prod-EcsStagingCluster-EcsCluster-1AAGQRFIOE9AE,Service_beiakklem1vi3j5fejsg,1000,2,0.0637275548,0
1537411380,Prod-EcsStagingCluster-EcsCluster-1AAGQRFIOE9AE,Service_beiakklem1vi3j5fejsg,1000,2,0.0719386290,0
1537405020,Prod-EcsStagingCluster-EcsCluster-1AAGQRFIOE9AE,Service_beiakklem1vi3j5fejsg,1000,2,0.0541155700,0
1537358280,Prod-EcsStagingCluster-EcsCluster-1AAGQRFIOE9AE,Service_beiakklem1vi3j5fejsg,1000,2,0.0694352043,0
1537394340,Prod-EcsStagingCluster-EcsCluster-1AAGQRFIOE9AE,Service_beiakklem1vi3j5fejsg,1000,2,0.0590435944,0
1537364640,Prod-EcsStagingCluster-EcsCluster-1AAGQRFIOE9AE,Service_beiakklem1vi3j5fejsg,1000,2,0.0731902873,0
1537409160,Prod-EcsStagingCluster-EcsCluster-1AAGQRFIOE9AE,Service_beiakklem1vi3j5fejsg,1000,2,0.0743350887,0
1537415520,Prod-EcsStagingCluster-EcsCluster-1AAGQRFIOE9AE,Service_beiakklem1vi3j5fejsg,1000,2,0.0526446313,0
1537347600,Prod-EcsStagingCluster-EcsCluster-1AAGQRFIOE9AE,Service_beiakklem1vi3j5fejsg,1000,2,0.0712377957,0
1537398480,Prod-EcsStagingCluster-EcsCluster-1AAGQRFIOE9AE,Service_beiakklem1vi3j5fejsg,1000,2,0.0597309036,0
1537392120,Prod-EcsStagingCluster-EcsCluster-1AAGQRFIOE9AE,Service_beiakklem1vi3j5fejsg,1000,2,0.0706675759,0
1537379340,Prod-EcsStagingCluster-EcsCluster-1AAGQRFIOE9AE,Service_beiakklem1vi3j5fejsg,1000,2,0.0662105344,0
1537360260,Prod-EcsStagingCluster-EcsCluster-1AAGQRFIOE9AE,Service_beiakklem1vi3j5fejsg,1000,2,0.0583103669,0
1537411140,Prod-EcsStagingCluster-EcsCluster-1AAGQRFIOE9AE,Service_beiakklem1vi3j5fejsg,1000,2,0.0703301597,0
1537430220,Prod-EcsStagingCluster-EcsCluster-1AAGQRFIOE9AE,Service_beiakklem1vi3j5fejsg,1000,2,0.0555023931,0
1537358040,Prod-EcsStagingCluster-EcsCluster-1AAGQRFIOE9AE,Service_beiakklem1vi3j5fejsg,1000,2,0.0651230835,0
1537364400,Prod-EcsStagingCluster-EcsCluster-1AAGQRFIOE9AE,Service_beiakklem1vi3j5fejsg,1000,2,0.0692391332,0
1537408920,Prod-EcsStagingCluster-EcsCluster-1AAGQRFIOE9AE,Service_beiakklem1vi3j5fejsg,1000,2,0.0739551399,0
1537415280,Prod-EcsStagingCluster-EcsCluster-1AAGQRFIOE9AE,Service_beiakklem1vi3j5fejsg,1000,2,0.0532469251,0
1537396140,Prod-EcsStagingCluster-EcsCluster-1AAGQRFIOE9AE,Service_beiakklem1vi3j5fejsg,1000,2,0.0581834193,0
1537360020,Prod-EcsStagingCluster-EcsCluster-1AAGQRFIOE9AE,Service_beiakklem1vi3j5fejsg,1000,2,0.0644746476,0
1537353660,Prod-EcsStagingCluster-EcsCluster-1AAGQRFIOE9AE,Service_beiakklem1vi3j5fejsg,1000,2,0.0665212817,0
1537392840,Prod-EcsStagingCluster-EcsCluster-1AAGQRFIOE9AE,Service_beiakklem1vi3j5fejsg,1000,2,0.0606764956,0
1537404540,Prod-EcsStagingCluster-EcsCluster-1AAGQRFIOE9AE,Service_beiakklem1vi3j5fejsg,1000,2,0.0571684795,0
1537346160,Prod-EcsStagingCluster-EcsCluster-1AAGQRFIOE9AE,Service_beiakklem1vi3j5fejsg,1000,2,0.0661276574,0
1537375800,Prod-EcsStagingCluster-EcsCluster-1AAGQRFIOE9AE,Service_beiakklem1vi3j5fejsg,1000,2,0.0623126779,0
1537397040,Prod-EcsStagingCluster-EcsCluster-1AAGQRFIOE9AE,Service_beiakklem1vi3j5fejsg,1000,2,0.0610691890,0
1537370460,Prod-EcsStagingCluster-EcsCluster-1AAGQRFIOE9AE,Service_beiakklem1vi3j5fejsg,1000,2,0.0695053218,0
1537361940,Prod-EcsStagingCluster-EcsCluster-1AAGQRFIOE9AE,Service_beiakklem1vi3j5fejsg,1000,2,0.0696743592,0
1537426680,Prod-EcsStagingCluster-EcsCluster-1AAGQRFIOE9AE,Service_beiakklem1vi3j5fejsg,1000,2,0.0486199566,0
1537421340,Prod-EcsStagingCluster-EcsCluster-1AAGQRFIOE9AE,Service_beiakklem1vi3j5fejsg,1000,2,0.0667057066,0
1537412820,Prod-EcsStagingCluster-EcsCluster-1AAGQRFIOE9AE,Service_beiakklem1vi3j5fejsg,1000,2,0.0550507182,0
1537392600,Prod-EcsStagingCluster-EcsCluster-1AAGQRFIOE9AE,Service_beiakklem1vi3j5fejsg,1000,2,0.0673355500,0
1537345920,Prod-EcsStagingCluster-EcsCluster-1AAGQRFIOE9AE,Service_beiakklem1vi3j5fejsg,1000,2,0.0650868448,0
1537378740,Prod-EcsStagingCluster-EcsCluster-1AAGQRFIOE9AE,Service_beiakklem1vi3j5fejsg,1000,2,0.0683592035,0
1537396800,Prod-EcsStagingCluster-EcsCluster-1AAGQRFIOE9AE,Service_beiakklem1vi3j5fejsg,1000,2,0.0610702661,0
1537395660,Prod-EcsStagingCluster-EcsCluster-1AAGQRFIOE9AE,Service_beiakklem1vi3j5fejsg,1000,2,0.0597217969,0
1537429620,Prod-EcsStagingCluster-EcsCluster-1AAGQRFIOE9AE,Service_beiakklem1vi3j5fejsg,1000,2,0.0558580430,0
1537361700,Prod-EcsStagingCluster-EcsCluster-1AAGQRFIOE9AE,Service_beiakklem1vi3j5fejsg,1000,2,0.0735581499,0
1537412580,Prod-EcsStagingCluster-EcsCluster-1AAGQRFIOE9AE,Service_beiakklem1vi3j5fejsg,1000,2,0.0554904841,0
1537362720,Prod-EcsStagingCluster-EcsCluster-1AAGQRFIOE9AE,Service_beiakklem1vi3j5fejsg,1000,2,0.0658100649,0
1537413600,Prod-EcsStagingCluster-EcsCluster-1AAGQRFIOE9AE,Service_beiakklem1vi3j5fejsg,1000,2,0.0555235303,0
1537392360,Prod-EcsStagingCluster-EcsCluster-1AAGQRFIOE9AE,Service_beiakklem1vi3j5fejsg,1000,2,0.0711128977,0
1537345680,Prod-EcsStagingCluster-EcsCluster-1AAGQRFIOE9AE,Service_beiakklem1vi3j5fejsg,1000,2,0.0589976954,0
1537361580,Prod-EcsStagingCluster-EcsCluster-1AAGQRFIOE9AE,Service_beiakklem1vi3j5fejsg,1000,2,0.0689405243,0
1537410360,Prod-EcsStagingCluster-EcsCluster-1AAGQRFIOE9AE,Service_beiakklem1vi3j5fejsg,1000,2,0.0687605365,0
1537412460,Prod-EcsStagingCluster-EcsCluster-1AAGQRFIOE9AE,Service_beiakklem1vi3j5fejsg,1000,2,0.0528720707,0
1537378500,Prod-EcsStagingCluster-EcsCluster-1AAGQRFIOE9AE,Service_beiakklem1vi3j5fejsg,1000,2,0.0686854325,0
1537429380,Prod-EcsStagingCluster-EcsCluster-1AAGQRFIOE9AE,Service_beiakklem1vi3j5fejsg,1000,2,0.0570678496,0
1537369980,Prod-EcsStagingCluster-EcsCluster-1AAGQRFIOE9AE,Service_beiakklem1vi3j5fejsg,1000,2,0.0700832808,0
1537420860,Prod-EcsStagingCluster-EcsCluster-1AAGQRFIOE9AE,Service_beiakklem1vi3j5fejsg,1000,2,0.0644689021,0
1537376280,Prod-EcsStagingCluster-EcsCluster-1AAGQRFIOE9AE,Service_beiakklem1vi3j5fejsg,1000,2,0.0585642974,0
1537427160,Prod-EcsStagingCluster-EcsCluster-1AAGQRFIOE9AE,Service_beiakklem1vi3j5fejsg,1000,2,0.0512427588,0
1537380480,Prod-EcsStagingCluster-EcsCluster-1AAGQRFIOE9AE,Service_beiakklem1vi3j5fejsg,1000,2,0.0673697783,0
1537431360,Prod-EcsStagingCluster-EcsCluster-1AAGQRFIOE9AE,Service_beiakklem1vi3j5fejsg,1000,2,0.0578531386,0
1537386780,Prod-EcsStagingCluster-EcsCluster-1AAGQRFIOE9AE,Service_beiakklem1vi3j5fejsg,1000,2,0.0628059482,0
1537378260,Prod-EcsStagingCluster-EcsCluster-1AAGQRFIOE9AE,Service_beiakklem1vi3j5fejsg,1000,2,0.0630380646,0
1537346400,Prod-EcsStagingCluster-EcsCluster-1AAGQRFIOE9AE,Service_beiakklem1vi3j5fejsg,1000,2,0.0688196353,0
1537397280,Prod-EcsStagingCluster-EcsCluster-1AAGQRFIOE9AE,Service_beiakklem1vi3j5fejsg,1000,2,0.0598764395,0
1537429140,Prod-EcsStagingCluster-EcsCluster-1AAGQRFIOE9AE,Service_beiakklem1vi3j5fejsg,1000,2,0.0551495540,0
1537376040,Prod-EcsStagingCluster-EcsCluster-1AAGQRFIOE9AE,Service_beiakklem1vi3j5fejsg,1000,2,0.0600910065,0
1537380240,Prod-EcsStagingCluster-EcsCluster-1AAGQRFIOE9AE,Service_beiakklem1vi3j5fejsg,1000,2,0.0716851784,0
1537395060,Prod-EcsStagingCluster-EcsCluster-1AAGQRFIOE9AE,Service_beiakklem1vi3j5fejsg,1000,2,0.0606035411,0
1537361100,Prod-EcsStagingCluster-EcsCluster-1AAGQRFIOE9AE,Service_beiakklem1vi3j5fejsg,1000,2,0.0612372289,0
1537426920,Prod-EcsStagingCluster-EcsCluster-1AAGQRFIOE9AE,Service_beiakklem1vi3j5fejsg,1000,2,0.0502722395,0
1537431120,Prod-EcsStagingCluster-EcsCluster-1AAGQRFIOE9AE,Service_beiakklem1vi3j5fejsg,1000,2,0.0560369356,0
1537411980,Prod-EcsStagingCluster-EcsCluster-1AAGQRFIOE9AE,Service_beiakklem1vi3j5fejsg,1000,2,0.0531939118,0
1537378020,Prod-EcsStagingCluster-EcsCluster-1AAGQRFIOE9AE,Service_beiakklem1vi3j5fejsg,1000,2,0.0616263743,0
1537372680,Prod-EcsStagingCluster-EcsCluster-1AAGQRFIOE9AE,Service_beiakklem1vi3j5fejsg,1000,2,0.0624075658,0
1537379040,Prod-EcsStagingCluster-EcsCluster-1AAGQRFIOE9AE,Service_beiakklem1vi3j5fejsg,1000,2,0.0634196858,0
1537424700,Prod-EcsStagingCluster-EcsCluster-1AAGQRFIOE9AE,Service_beiakklem1vi3j5fejsg,1000,2,0.0572595837,0
1537359960,Prod-EcsStagingCluster-EcsCluster-1AAGQRFIOE9AE,Service_beiakklem1vi3j5fejsg,1000,2,0.0611322021,0
1537366320,Prod-EcsStagingCluster-EcsCluster-1AAGQRFIOE9AE,Service_beiakklem1vi3j5fejsg,1000,2,0.0687344252,0
1537410840,Prod-EcsStagingCluster-EcsCluster-1AAGQRFIOE9AE,Service_beiakklem1vi3j5fejsg,1000,2,0.0692301003,0
1537429920,Prod-EcsStagingCluster-EcsCluster-1AAGQRFIOE9AE,Service_beiakklem1vi3j5fejsg,1000,2,0.0577636237,0
1537423560,Prod-EcsStagingCluster-EcsCluster-1AAGQRFIOE9AE,Service_beiakklem1vi3j5fejsg,1000,2,0.0636671837,0
1537417200,Prod-EcsStagingCluster-EcsCluster-1AAGQRFIOE9AE,Service_beiakklem1vi3j5fejsg,1000,2,0.0856594623,0
1537390620,Prod-EcsStagingCluster-EcsCluster-1AAGQRFIOE9AE,Service_beiakklem1vi3j5fejsg,1000,2,0.0723449240,0
1537377900,Prod-EcsStagingCluster-EcsCluster-1AAGQRFIOE9AE,Service_beiakklem1vi3j5fejsg,1000,2,0.0672079190,0
1537428780,Prod-EcsStagingCluster-EcsCluster-1AAGQRFIOE9AE,Service_beiakklem1vi3j5fejsg,1000,2,0.0587677170,0
1537379940,Prod-EcsStagingCluster-EcsCluster-1AAGQRFIOE9AE,Service_beiakklem1vi3j5fejsg,1000,2,0.0693150301,0
1537392660,Prod-EcsStagingCluster-EcsCluster-1AAGQRFIOE9AE,Service_beiakklem1vi3j5fejsg,1000,2,0.0616058549,0
1537430820,Prod-EcsStagingCluster-EcsCluster-1AAGQRFIOE9AE,Service_beiakklem1vi3j5fejsg,1000,2,0.0536879885,0
1537358580,Prod-EcsStagingCluster-EcsCluster-1AAGQRFIOE9AE,Service_beiakklem1vi3j5fejsg,1000,2,0.0650234803,0
1537345860,Prod-EcsStagingCluster-EcsCluster-1AAGQRFIOE9AE,Service_beiakklem1vi3j5fejsg,1000,2,0.0632712456,0
1537409460,Prod-EcsStagingCluster-EcsCluster-1AAGQRFIOE9AE,Service_beiakklem1vi3j5fejsg,1000,2,0.0680651529,0
1537396740,Prod-EcsStagingCluster-EcsCluster-1AAGQRFIOE9AE,Service_beiakklem1vi3j5fejsg,1000,2,0.0584144556,0
1537359480,Prod-EcsStagingCluster-EcsCluster-1AAGQRFIOE9AE,Service_beiakklem1vi3j5fejsg,1000,2,0.0591933294,0
1537378560,Prod-EcsStagingCluster-EcsCluster-1AAGQRFIOE9AE,Service_beiakklem1vi3j5fejsg,1000,2,0.0675555139,0
1537365840,Prod-EcsStagingCluster-EcsCluster-1AAGQRFIOE9AE,Service_beiakklem1vi3j5fejsg,1000,2,0.0678080200,0
1537372200,Prod-EcsStagingCluster-EcsCluster-1AAGQRFIOE9AE,Service_beiakklem1vi3j5fejsg,1000,2,0.0684455419,0
1537377420,Prod-EcsStagingCluster-EcsCluster-1AAGQRFIOE9AE,Service_beiakklem1vi3j5fejsg,1000,2,0.0560830594,0
1537390140,Prod-EcsStagingCluster-EcsCluster-1AAGQRFIOE9AE,Service_beiakklem1vi3j5fejsg,1000,2,0.0696922921,0
1537428300,Prod-EcsStagingCluster-EcsCluster-1AAGQRFIOE9AE,Service_beiakklem1vi3j5fejsg,1000,2,0.0531501738,0
1537356060,Prod-EcsStagingCluster-EcsCluster-1AAGQRFIOE9AE,Service_beiakklem1vi3j5fejsg,1000,2,0.0725497305,0
1537406940,Prod-EcsStagingCluster-EcsCluster-1AAGQRFIOE9AE,Service_beiakklem1vi3j5fejsg,1000,2,0.0577694206,0
1537394220,Prod-EcsStagingCluster-EcsCluster-1AAGQRFIOE9AE,Service_beiakklem1vi3j5fejsg,1000,2,0.0594506670,0
1537345380,Prod-EcsStagingCluster-EcsCluster-1AAGQRFIOE9AE,Service_beiakklem1vi3j5fejsg,1000,2,0.0601678169,0
1537358100,Prod-EcsStagingCluster-EcsCluster-1AAGQRFIOE9AE,Service_beiakklem1vi3j5fejsg,1000,2,0.0657623776,0
1537396260,Prod-EcsStagingCluster-EcsCluster-1AAGQRFIOE9AE,Service_beiakklem1vi3j5fejsg,1000,2,0.0578493712,0
1537408980,Prod-EcsStagingCluster-EcsCluster-1AAGQRFIOE9AE,Service_beiakklem1vi3j5fejsg,1000,2,0.0730342346,0
1537362240,Prod-EcsStagingCluster-EcsCluster-1AAGQRFIOE9AE,Service_beiakklem1vi3j5fejsg,1000,2,0.0702156597,0
1537349520,Prod-EcsStagingCluster-EcsCluster-1AAGQRFIOE9AE,Service_beiakklem1vi3j5fejsg,1000,2,0.0644880480,0
1537355880,Prod-EcsStagingCluster-EcsCluster-1AAGQRFIOE9AE,Service_beiakklem1vi3j5fejsg,1000,2,0.0719557705,0
1537400400,Prod-EcsStagingCluster-EcsCluster-1AAGQRFIOE9AE,Service_beiakklem1vi3j5fejsg,1000,2,0.0613309070,0
1537394040,Prod-EcsStagingCluster-EcsCluster-1AAGQRFIOE9AE,Service_beiakklem1vi3j5fejsg,1000,2,0.0593425794,0
1537374900,Prod-EcsStagingCluster-EcsCluster-1AAGQRFIOE9AE,Service_beiakklem1vi3j5fejsg,1000,2,0.0589397535,0
1537413120,Prod-EcsStagingCluster-EcsCluster-1AAGQRFIOE9AE,Service_beiakklem1vi3j5fejsg,1000,2,0.0547063234,0
1537406760,Prod-EcsStagingCluster-EcsCluster-1AAGQRFIOE9AE,Service_beiakklem1vi3j5fejsg,1000,2,0.0577533933,0
1537362180,Prod-EcsStagingCluster-EcsCluster-1AAGQRFIOE9AE,Service_beiakklem1vi3j5fejsg,1000,2,0.0705398365,0
1537413060,Prod-EcsStagingCluster-EcsCluster-1AAGQRFIOE9AE,Service_beiakklem1vi3j5fejsg,1000,2,0.0552347588,0
1537425780,Prod-EcsStagingCluster-EcsCluster-1AAGQRFIOE9AE,Service_beiakklem1vi3j5fejsg,1000,2,0.0544321881,0
1537410900,Prod-EcsStagingCluster-EcsCluster-1AAGQRFIOE9AE,Service_beiakklem1vi3j5fejsg,1000,2,0.0730980507,0
1537382160,Prod-EcsStagingCluster-EcsCluster-1AAGQRFIOE9AE,Service_beiakklem1vi3j5fejsg,1000,2,0.0657914908,0
1537376820,Prod-EcsStagingCluster-EcsCluster-1AAGQRFIOE9AE,Service_beiakklem1vi3j5fejsg,1000,2,0.0614637930,0
1537394880,Prod-EcsStagingCluster-EcsCluster-1AAGQRFIOE9AE,Service_beiakklem1vi3j5fejsg,1000,2,0.0605096163,0
1537364100,Prod-EcsStagingCluster-EcsCluster-1AAGQRFIOE9AE,Service_beiakklem1vi3j5fejsg,1000,2,0.0679499878,0
1537355580,Prod-EcsStagingCluster-EcsCluster-1AAGQRFIOE9AE,Service_beiakklem1vi3j5fejsg,1000,2,0.0707047167,0
1537393740,Prod-EcsStagingCluster-EcsCluster-1AAGQRFIOE9AE,Service_beiakklem1vi3j5fejsg,1000,2,0.0578829078,0
1537427700,Prod-EcsStagingCluster-EcsCluster-1AAGQRFIOE9AE,Service_beiakklem1vi3j5fejsg,1000,2,0.0594316031,0
1537414980,Prod-EcsStagingCluster-EcsCluster-1AAGQRFIOE9AE,Service_beiakklem1vi3j5fejsg,1000,2,0.0541548903,0
1537348080,Prod-EcsStagingCluster-EcsCluster-1AAGQRFIOE9AE,Service_beiakklem1vi3j5fejsg,1000,2,0.0722979700,0
1537360800,Prod-EcsStagingCluster-EcsCluster-1AAGQRFIOE9AE,Service_beiakklem1vi3j5fejsg,1000,2,0.0608147293,0
1537406460,Prod-EcsStagingCluster-EcsCluster-1AAGQRFIOE9AE,Service_beiakklem1vi3j5fejsg,1000,2,0.0577510036,0
1537411680,Prod-EcsStagingCluster-EcsCluster-1AAGQRFIOE9AE,Service_beiakklem1vi3j5fejsg,1000,2,0.0785346134,0
1537377720,Prod-EcsStagingCluster-EcsCluster-1AAGQRFIOE9AE,Service_beiakklem1vi3j5fejsg,1000,2,0.0633061914,0
1537398960,Prod-EcsStagingCluster-EcsCluster-1AAGQRFIOE9AE,Service_beiakklem1vi3j5fejsg,1000,2,0.0576149197,0
1537372380,Prod-EcsStagingCluster-EcsCluster-1AAGQRFIOE9AE,Service_beiakklem1vi3j5fejsg,1000,2,0.0667579848,0
1537390440,Prod-EcsStagingCluster-EcsCluster-1AAGQRFIOE9AE,Service_beiakklem1vi3j5fejsg,1000,2,0.0775906792,0
1537359660,Prod-EcsStagingCluster-EcsCluster-1AAGQRFIOE9AE,Service_beiakklem1vi3j5fejsg,1000,2,0.0603974489,0
1537410540,Prod-EcsStagingCluster-EcsCluster-1AAGQRFIOE9AE,Service_beiakklem1vi3j5fejsg,1000,2,0.0668524323,0
1537428600,Prod-EcsStagingCluster-EcsCluster-1AAGQRFIOE9AE,Service_beiakklem1vi3j5fejsg,1000,2,0.0549185401,0
1537423260,Prod-EcsStagingCluster-EcsCluster-1AAGQRFIOE9AE,Service_beiakklem1vi3j5fejsg,1000,2,0.0624444409,0
1537356360,Prod-EcsStagingCluster-EcsCluster-1AAGQRFIOE9AE,Service_beiakklem1vi3j5fejsg,1000,2,0.0708295717,0
1537407240,Prod-EcsStagingCluster-EcsCluster-1AAGQRFIOE9AE,Service_beiakklem1vi3j5fejsg,1000,2,0.0564562253,0
1537394520,Prod-EcsStagingCluster-EcsCluster-1AAGQRFIOE9AE,Service_beiakklem1vi3j5fejsg,1000,2,0.0612962011,0
1537416720,Prod-EcsStagingCluster-EcsCluster-1AAGQRFIOE9AE,Service_beiakklem1vi3j5fejsg,1000,2,0.0595661597,0
1537429440,Prod-EcsStagingCluster-EcsCluster-1AAGQRFIOE9AE,Service_beiakklem1vi3j5fejsg,1000,2,0.0535239044,0
1537363620,Prod-EcsStagingCluster-EcsCluster-1AAGQRFIOE9AE,Service_beiakklem1vi3j5fejsg,1000,2,0.0684331941,0
1537376340,Prod-EcsStagingCluster-EcsCluster-1AAGQRFIOE9AE,Service_beiakklem1vi3j5fejsg,1000,2,0.0598202775,0
1537414500,Prod-EcsStagingCluster-EcsCluster-1AAGQRFIOE9AE,Service_beiakklem1vi3j5fejsg,1000,2,0.0540681563,0
1537395360,Prod-EcsStagingCluster-EcsCluster-1AAGQRFIOE9AE,Service_beiakklem1vi3j5fejsg,1000,2,0.0613750690,0
1537361400,Prod-EcsStagingCluster-EcsCluster-1AAGQRFIOE9AE,Service_beiakklem1vi3j5fejsg,1000,2,0.0671597798,0
1537427220,Prod-EcsStagingCluster-EcsCluster-1AAGQRFIOE9AE,Service_beiakklem1vi3j5fejsg,1000,2,0.0524925340,0
1537382640,Prod-EcsStagingCluster-EcsCluster-1AAGQRFIOE9AE,Service_beiakklem1vi3j5fejsg,1000,2,0.0674525113,0
1537374120,Prod-EcsStagingCluster-EcsCluster-1AAGQRFIOE9AE,Service_beiakklem1vi3j5fejsg,1000,2,0.0623422819,0
1537412280,Prod-EcsStagingCluster-EcsCluster-1AAGQRFIOE9AE,Service_beiakklem1vi3j5fejsg,1000,2,0.0499997225,0
1537393140,Prod-EcsStagingCluster-EcsCluster-1AAGQRFIOE9AE,Service_beiakklem1vi3j5fejsg,1000,2,0.0694765676,0
1537359180,Prod-EcsStagingCluster-EcsCluster-1AAGQRFIOE9AE,Service_beiakklem1vi3j5fejsg,1000,2,0.0742903080,0
1537425000,Prod-EcsStagingCluster-EcsCluster-1AAGQRFIOE9AE,Service_beiakklem1vi3j5fejsg,1000,2,0.0590337510,0
1537380420,Prod-EcsStagingCluster-EcsCluster-1AAGQRFIOE9AE,Service_beiakklem1vi3j5fejsg,1000,2,0.0694244161,0
1537431300,Prod-EcsStagingCluster-EcsCluster-1AAGQRFIOE9AE,Service_beiakklem1vi3j5fejsg,1000,2,0.0574491836,0
1537371900,Prod-EcsStagingCluster-EcsCluster-1AAGQRFIOE9AE,Service_beiakklem1vi3j5fejsg,1000,2,0.0667830917,0
1537410060,Prod-EcsStagingCluster-EcsCluster-1AAGQRFIOE9AE,Service_beiakklem1vi3j5fejsg,1000,2,0.0673666157,0
1537422780,Prod-EcsStagingCluster-EcsCluster-1AAGQRFIOE9AE,Service_beiakklem1vi3j5fejsg,1000,2,0.0665540595,0
1537390920,Prod-EcsStagingCluster-EcsCluster-1AAGQRFIOE9AE,Service_beiakklem1vi3j5fejsg,1000,2,0.0696455456,0
1537378200,Prod-EcsStagingCluster-EcsCluster-1AAGQRFIOE9AE,Service_beiakklem1vi3j5fejsg,1000,2,0.0622058159,0
1537429080,Prod-EcsStagingCluster-EcsCluster-1AAGQRFIOE9AE,Service_beiakklem1vi3j5fejsg,1000,2,0.0580345277,0
1537388700,Prod-EcsStagingCluster-EcsCluster-1AAGQRFIOE9AE,Service_beiakklem1vi3j5fejsg,1000,2,0.0648257946,0
1537375980,Prod-EcsStagingCluster-EcsCluster-1AAGQRFIOE9AE,Service_beiakklem1vi3j5fejsg,1000,2,0.0601086628,0
1537350300,Prod-EcsStagingCluster-EcsCluster-1AAGQRFIOE9AE,Service_beiakklem1vi3j5fejt0,150,2,0.0054028331,0
1537353480,Prod-EcsStagingCluster-EcsCluster-1AAGQRFIOE9AE,Service_beiakklem1vi3j5fejt0,150,2,0.0055840629,0
1537356660,Prod-EcsStagingCluster-EcsCluster-1AAGQRFIOE9AE,Service_beiakklem1vi3j5fejt0,150,2,0.0059603198,0
1537359840,Prod-EcsStagingCluster-EcsCluster-1AAGQRFIOE9AE,Service_beiakklem1vi3j5fejt0,150,2,0.0040775927,0
1537378920,Prod-EcsStagingCluster-EcsCluster-1AAGQRFIOE9AE,Service_beiakklem1vi3j5fejt0,150,2,0.0041466566,0
1537382100,Prod-EcsStagingCluster-EcsCluster-1AAGQRFIOE9AE,Service_beiakklem1vi3j5fejt0,150,2,0.0073855698,0
1537385280,Prod-EcsStagingCluster-EcsCluster-1AAGQRFIOE9AE,Service_beiakklem1vi3j5fejt0,150,2,0.0053161390,0
1537375740,Prod-EcsStagingCluster-EcsCluster-1AAGQRFIOE9AE,Service_beiakklem1vi3j5fejt0,150,2,0.0054445717,0
1537409580,Prod-EcsStagingCluster-EcsCluster-1AAGQRFIOE9AE,Service_beiakklem1vi3j5fejt0,150,2,0.0051910203,0
1537412760,Prod-EcsStagingCluster-EcsCluster-1AAGQRFIOE9AE,Service_beiakklem1vi3j5fejt0,150,2,0.0053468994,0
1537415940,Prod-EcsStagingCluster-EcsCluster-1AAGQRFIOE9AE,Service_beiakklem1vi3j5fejt0,150,2,0.0057038028,0
1537419120,Prod-EcsStagingCluster-EcsCluster-1AAGQRFIOE9AE,Service_beiakklem1vi3j5fejt0,150,2,0.0059032763,0
1537390260,Prod-EcsStagingCluster-EcsCluster-1AAGQRFIOE9AE,Service_beiakklem1vi3j5fejt0,150,2,0.0055044909,0
1537393440,Prod-EcsStagingCluster-EcsCluster-1AAGQRFIOE9AE,Service_beiakklem1vi3j5fejt0,150,2,0.0068916606,0
1537383900,Prod-EcsStagingCluster-EcsCluster-1AAGQRFIOE9AE,Service_beiakklem1vi3j5fejt0,150,2,0.0052227667,0
1537387080,Prod-EcsStagingCluster-EcsCluster-1AAGQRFIOE9AE,Service_beiakklem1vi3j5fejt0,150,2,0.0043602908,0
1537350960,Prod-EcsStagingCluster-EcsCluster-1AAGQRFIOE9AE,Service_beiakklem1vi3j5fejt0,150,2,0.0058106691,0
1537347780,Prod-EcsStagingCluster-EcsCluster-1AAGQRFIOE9AE,Service_beiakklem1vi3j5fejt0,150,2,0.0056133309,0
1537415700,Prod-EcsStagingCluster-EcsCluster-1AAGQRFIOE9AE,Service_beiakklem1vi3j5fejt0,150,2,0.0054706196,0
1537418880,Prod-EcsStagingCluster-EcsCluster-1AAGQRFIOE9AE,Service_beiakklem1vi3j5fejt0,150,2,0.0081613899,0
1537409340,Prod-EcsStagingCluster-EcsCluster-1AAGQRFIOE9AE,Service_beiakklem1vi3j5fejt0,150,2,0.0068533457,0
1537412520,Prod-EcsStagingCluster-EcsCluster-1AAGQRFIOE9AE,Service_beiakklem1vi3j5fejt0,150,2,0.0055431449,0
1537373220,Prod-EcsStagingCluster-EcsCluster-1AAGQRFIOE9AE,Service_beiakklem1vi3j5fejt0,150,2,0.0070160559,0
1537366860,Prod-EcsStagingCluster-EcsCluster-1AAGQRFIOE9AE,Service_beiakklem1vi3j5fejt0,150,2,0.0054239845,0
1537394400,Prod-EcsStagingCluster-EcsCluster-1AAGQRFIOE9AE,Service_beiakklem1vi3j5fejt0,150,2,0.0052301027,0
1537388040,Prod-EcsStagingCluster-EcsCluster-1AAGQRFIOE9AE,Service_beiakklem1vi3j5fejt0,150,2,0.0054901983,0
1537351920,Prod-EcsStagingCluster-EcsCluster-1AAGQRFIOE9AE,Service_beiakklem1vi3j5fejt0,150,2,0.0055944811,0
1537419840,Prod-EcsStagingCluster-EcsCluster-1AAGQRFIOE9AE,Service_beiakklem1vi3j5fejt0,150,2,0.0058173929,0
1537345560,Prod-EcsStagingCluster-EcsCluster-1AAGQRFIOE9AE,Service_beiakklem1vi3j5fejt0,150,2,0.0054060735,0
1537413480,Prod-EcsStagingCluster-EcsCluster-1AAGQRFIOE9AE,Service_beiakklem1vi3j5fejt0,150,2,0.0056201551,0
1537377360,Prod-EcsStagingCluster-EcsCluster-1AAGQRFIOE9AE,Service_beiakklem1vi3j5fejt0,150,2,0.0050390403,0
1537371000,Prod-EcsStagingCluster-EcsCluster-1AAGQRFIOE9AE,Service_beiakklem1vi3j5fejt0,150,2,0.0050035308,0
1537347540,Prod-EcsStagingCluster-EcsCluster-1AAGQRFIOE9AE,Service_beiakklem1vi3j5fejt0,150,2,0.0058575259,0
1537345320,Prod-EcsStagingCluster-EcsCluster-1AAGQRFIOE9AE,Service_beiakklem1vi3j5fejt0,150,2,0.0055757765,0
1537417500,Prod-EcsStagingCluster-EcsCluster-1AAGQRFIOE9AE,Service_beiakklem1vi3j5fejt0,150,2,0.0056915648,0
1537423860,Prod-EcsStagingCluster-EcsCluster-1AAGQRFIOE9AE,Service_beiakklem1vi3j5fejt0,150,2,0.0055017419,0
1537351680,Prod-EcsStagingCluster-EcsCluster-1AAGQRFIOE9AE,Service_beiakklem1vi3j5fejt0,150,2,0.0054644795,0
1537375020,Prod-EcsStagingCluster-EcsCluster-1AAGQRFIOE9AE,Service_beiakklem1vi3j5fejt0,150,2,0.0060717164,0
1537381380,Prod-EcsStagingCluster-EcsCluster-1AAGQRFIOE9AE,Service_beiakklem1vi3j5fejt0,150,2,0.0055097087,0
1537400460,Prod-EcsStagingCluster-EcsCluster-1AAGQRFIOE9AE,Service_beiakklem1vi3j5fejt0,150,2,0.0034003901,0
1537406820,Prod-EcsStagingCluster-EcsCluster-1AAGQRFIOE9AE,Service_beiakklem1vi3j5fejt0,150,2,0.0054022670,0
1537428000,Prod-EcsStagingCluster-EcsCluster-1AAGQRFIOE9AE,Service_beiakklem1vi3j5fejt0,150,2,0.0053861944,0
1537421640,Prod-EcsStagingCluster-EcsCluster-1AAGQRFIOE9AE,Service_beiakklem1vi3j5fejt0,150,2,0.0039393342,0
1537385520,Prod-EcsStagingCluster-EcsCluster-1AAGQRFIOE9AE,Service_beiakklem1vi3j5fejt0,150,2,0.0056009076,0
1537379160,Prod-EcsStagingCluster-EcsCluster-1AAGQRFIOE9AE,Service_beiakklem1vi3j5fejt0,150,2,0.0040417337,0
1537404600,Prod-EcsStagingCluster-EcsCluster-1AAGQRFIOE9AE,Service_beiakklem1vi3j5fejt0,150,2,0.0053152671,0
1537410960,Prod-EcsStagingCluster-EcsCluster-1AAGQRFIOE9AE,Service_beiakklem1vi3j5fejt0,150,2,0.0057998615,0
1537358880,Prod-EcsStagingCluster-EcsCluster-1AAGQRFIOE9AE,Service_beiakklem1vi3j5fejt0,150,2,0.0055579416,0
1537349340,Prod-EcsStagingCluster-EcsCluster-1AAGQRFIOE9AE,Service_beiakklem1vi3j5fejt0,150,2,0.0053601410,0
1537380120,Prod-EcsStagingCluster-EcsCluster-1AAGQRFIOE9AE,Service_beiakklem1vi3j5fejt0,150,2,0.0053965199,0
1537383300,Prod-EcsStagingCluster-EcsCluster-1AAGQRFIOE9AE,Service_beiakklem1vi3j5fejt0,150,2,0.0053921103,0
1537384320,Prod-EcsStagingCluster-EcsCluster-1AAGQRFIOE9AE,Service_beiakklem1vi3j5fejt0,150,2,0.0039276471,0
1537374780,Prod-EcsStagingCluster-EcsCluster-1AAGQRFIOE9AE,Service_beiakklem1vi3j5fejt0,150,2,0.0053222431,0
1537405560,Prod-EcsStagingCluster-EcsCluster-1AAGQRFIOE9AE,Service_beiakklem1vi3j5fejt0,150,2,0.0065895634,0
1537408740,Prod-EcsStagingCluster-EcsCluster-1AAGQRFIOE9AE,Service_beiakklem1vi3j5fejt0,150,2,0.0057142424,0
1537408620,Prod-EcsStagingCluster-EcsCluster-1AAGQRFIOE9AE,Service_beiakklem1vi3j5fejt0,150,2,0.0054060014,0
1537418160,Prod-EcsStagingCluster-EcsCluster-1AAGQRFIOE9AE,Service_beiakklem1vi3j5fejt0,150,2,0.0057044377,0
1537354440,Prod-EcsStagingCluster-EcsCluster-1AAGQRFIOE9AE,Service_beiakklem1vi3j5fejt0,150,2,0.0054762071,0
1537357620,Prod-EcsStagingCluster-EcsCluster-1AAGQRFIOE9AE,Service_beiakklem1vi3j5fejt0,150,2,0.0040025848,0
1537379880,Prod-EcsStagingCluster-EcsCluster-1AAGQRFIOE9AE,Service_beiakklem1vi3j5fejt0,150,2,0.0057978614,0
1537383060,Prod-EcsStagingCluster-EcsCluster-1AAGQRFIOE9AE,Service_beiakklem1vi3j5fejt0,150,2,0.0056721306,0
1537392480,Prod-EcsStagingCluster-EcsCluster-1AAGQRFIOE9AE,Service_beiakklem1vi3j5fejt0,150,2,0.0053052893,0
1537382940,Prod-EcsStagingCluster-EcsCluster-1AAGQRFIOE9AE,Service_beiakklem1vi3j5fejt0,150,2,0.0056419757,0
1537413720,Prod-EcsStagingCluster-EcsCluster-1AAGQRFIOE9AE,Service_beiakklem1vi3j5fejt0,150,2,0.0042280516,0
1537416900,Prod-EcsStagingCluster-EcsCluster-1AAGQRFIOE9AE,Service_beiakklem1vi3j5fejt0,150,2,0.0055402320,0
1537350000,Prod-EcsStagingCluster-EcsCluster-1AAGQRFIOE9AE,Service_beiakklem1vi3j5fejt0,150,2,0.0055580106,0
1537417920,Prod-EcsStagingCluster-EcsCluster-1AAGQRFIOE9AE,Service_beiakklem1vi3j5fejt0,150,2,0.0054691894,0
1537408380,Prod-EcsStagingCluster-EcsCluster-1AAGQRFIOE9AE,Service_beiakklem1vi3j5fejt0,150,2,0.0056427151,0
1537375440,Prod-EcsStagingCluster-EcsCluster-1AAGQRFIOE9AE,Service_beiakklem1vi3j5fejt0,150,2,0.0051585342,0
1537365900,Prod-EcsStagingCluster-EcsCluster-1AAGQRFIOE9AE,Service_beiakklem1vi3j5fejt0,150,2,0.0040720224,0
1537376400,Prod-EcsStagingCluster-EcsCluster-1AAGQRFIOE9AE,Service_beiakklem1vi3j5fejt0,150,2,0.0058615360,0
1537391220,Prod-EcsStagingCluster-EcsCluster-1AAGQRFIOE9AE,Service_beiakklem1vi3j5fejt0,150,2,0.0051925444,0
1537348740,Prod-EcsStagingCluster-EcsCluster-1AAGQRFIOE9AE,Service_beiakklem1vi3j5fejt0,150,2,0.0055358993,0
1537416660,Prod-EcsStagingCluster-EcsCluster-1AAGQRFIOE9AE,Service_beiakklem1vi3j5fejt0,150,2,0.0053783659,0
1537374180,Prod-EcsStagingCluster-EcsCluster-1AAGQRFIOE9AE,Service_beiakklem1vi3j5fejt0,150,2,0.0054923180,0
1537389000,Prod-EcsStagingCluster-EcsCluster-1AAGQRFIOE9AE,Service_beiakklem1vi3j5fejt0,150,2,0.0054316458,0
1537346520,Prod-EcsStagingCluster-EcsCluster-1AAGQRFIOE9AE,Service_beiakklem1vi3j5fejt0,150,2,0.0055161621,0
1537414440,Prod-EcsStagingCluster-EcsCluster-1AAGQRFIOE9AE,Service_beiakklem1vi3j5fejt0,150,2,0.0043387181,0
1537371960,Prod-EcsStagingCluster-EcsCluster-1AAGQRFIOE9AE,Service_beiakklem1vi3j5fejt0,150,2,0.0051706077,0
1537416540,Prod-EcsStagingCluster-EcsCluster-1AAGQRFIOE9AE,Service_beiakklem1vi3j5fejt0,150,2,0.0050919372,0
1537350720,Prod-EcsStagingCluster-EcsCluster-1AAGQRFIOE9AE,Service_beiakklem1vi3j5fejt0,150,2,0.0054320805,0
1537374060,Prod-EcsStagingCluster-EcsCluster-1AAGQRFIOE9AE,Service_beiakklem1vi3j5fejt0,150,2,0.0077473036,0
1537399500,Prod-EcsStagingCluster-EcsCluster-1AAGQRFIOE9AE,Service_beiakklem1vi3j5fejt0,150,2,0.0058747193,0
1537348500,Prod-EcsStagingCluster-EcsCluster-1AAGQRFIOE9AE,Service_beiakklem1vi3j5fejt0,150,2,0.0054251804,0
1537427040,Prod-EcsStagingCluster-EcsCluster-1AAGQRFIOE9AE,Service_beiakklem1vi3j5fejt0,150,2,0.0053439638,0
1537384560,Prod-EcsStagingCluster-EcsCluster-1AAGQRFIOE9AE,Service_beiakklem1vi3j5fejt0,150,2,0.0041141192,0
1537410000,Prod-EcsStagingCluster-EcsCluster-1AAGQRFIOE9AE,Service_beiakklem1vi3j5fejt0,150,2,0.0054234942,0
1537346280,Prod-EcsStagingCluster-EcsCluster-1AAGQRFIOE9AE,Service_beiakklem1vi3j5fejt0,150,2,0.0054613736,0
1537424820,Prod-EcsStagingCluster-EcsCluster-1AAGQRFIOE9AE,Service_beiakklem1vi3j5fejt0,150,2,0.0055457798,0
1537348380,Prod-EcsStagingCluster-EcsCluster-1AAGQRFIOE9AE,Service_beiakklem1vi3j5fejt0,150,2,0.0060685837,0
1537382340,Prod-EcsStagingCluster-EcsCluster-1AAGQRFIOE9AE,Service_beiakklem1vi3j5fejt0,150,2,0.0058916704,0
1537373820,Prod-EcsStagingCluster-EcsCluster-1AAGQRFIOE9AE,Service_beiakklem1vi3j5fejt0,150,2,0.0055272196,0
1537407780,Prod-EcsStagingCluster-EcsCluster-1AAGQRFIOE9AE,Service_beiakklem1vi3j5fejt0,150,2,0.0059697135,0
1537422600,Prod-EcsStagingCluster-EcsCluster-1AAGQRFIOE9AE,Service_beiakklem1vi3j5fejt0,150,2,0.0038927697,0
1537407660,Prod-EcsStagingCluster-EcsCluster-1AAGQRFIOE9AE,Service_beiakklem1vi3j5fejt0,150,2,0.0054649962,0
1537420380,Prod-EcsStagingCluster-EcsCluster-1AAGQRFIOE9AE,Service_beiakklem1vi3j5fejt0,150,2,0.0058324761,0
1537387440,Prod-EcsStagingCluster-EcsCluster-1AAGQRFIOE9AE,Service_beiakklem1vi3j5fejt0,150,2,0.0050562903,0
1537381080,Prod-EcsStagingCluster-EcsCluster-1AAGQRFIOE9AE,Service_beiakklem1vi3j5fejt0,150,2,0.0069487948,0
1537384260,Prod-EcsStagingCluster-EcsCluster-1AAGQRFIOE9AE,Service_beiakklem1vi3j5fejt0,150,2,0.0051862335,0
1537412880,Prod-EcsStagingCluster-EcsCluster-1AAGQRFIOE9AE,Service_beiakklem1vi3j5fejt0,150,2,0.0054583838,0
1537406520,Prod-EcsStagingCluster-EcsCluster-1AAGQRFIOE9AE,Service_beiakklem1vi3j5fejt0,150,2,0.0150730909,0
1537409700,Prod-EcsStagingCluster-EcsCluster-1AAGQRFIOE9AE,Service_beiakklem1vi3j5fejt0,150,2,0.0054777799,0
1537391520,Prod-EcsStagingCluster-EcsCluster-1AAGQRFIOE9AE,Service_beiakklem1vi3j5fejt0,150,2,0.0053239648,0
1537385160,Prod-EcsStagingCluster-EcsCluster-1AAGQRFIOE9AE,Service_beiakklem1vi3j5fejt0,150,2,0.0054150984,0
1537388340,Prod-EcsStagingCluster-EcsCluster-1AAGQRFIOE9AE,Service_beiakklem1vi3j5fejt0,150,2,0.0055219492,0
1537352220,Prod-EcsStagingCluster-EcsCluster-1AAGQRFIOE9AE,Service_beiakklem1vi3j5fejt0,150,2,0.0057195675,0
1537416960,Prod-EcsStagingCluster-EcsCluster-1AAGQRFIOE9AE,Service_beiakklem1vi3j5fejt0,150,2,0.0056991729,0
1537410600,Prod-EcsStagingCluster-EcsCluster-1AAGQRFIOE9AE,Service_beiakklem1vi3j5fejt0,150,2,0.0056242967,0
1537413780,Prod-EcsStagingCluster-EcsCluster-1AAGQRFIOE9AE,Service_beiakklem1vi3j5fejt0,150,2,0.0045392730,0
1537377660,Prod-EcsStagingCluster-EcsCluster-1AAGQRFIOE9AE,Service_beiakklem1vi3j5fejt0,150,2,0.0074229200,0
1537364940,Prod-EcsStagingCluster-EcsCluster-1AAGQRFIOE9AE,Service_beiakklem1vi3j5fejt0,150,2,0.0041042841,0
1537414680,Prod-EcsStagingCluster-EcsCluster-1AAGQRFIOE9AE,Service_beiakklem1vi3j5fejt0,150,2,0.0028735286,0
1537417860,Prod-EcsStagingCluster-EcsCluster-1AAGQRFIOE9AE,Service_beiakklem1vi3j5fejt0,150,2,0.0067551114,0
1537421040,Prod-EcsStagingCluster-EcsCluster-1AAGQRFIOE9AE,Service_beiakklem1vi3j5fejt0,150,2,0.0039850368,30
1537345620,Prod-EcsStagingCluster-EcsCluster-1AAGQRFIOE9AE,Service_beiakklem1vi3j5fejt0,150,2,0.0056145001,0
1537415640,Prod-EcsStagingCluster-EcsCluster-1AAGQRFIOE9AE,Service_beiakklem1vi3j5fejt0,150,2,0.0051938540,0
1537422000,Prod-EcsStagingCluster-EcsCluster-1AAGQRFIOE9AE,Service_beiakklem1vi3j5fejt0,150,2,0.0059047068,0
1537349760,Prod-EcsStagingCluster-EcsCluster-1AAGQRFIOE9AE,Service_beiakklem1vi3j5fejt0,150,2,0.0054535553,0
1537373100,Prod-EcsStagingCluster-EcsCluster-1AAGQRFIOE9AE,Service_beiakklem1vi3j5fejt0,150,2,0.0057369254,0
1537421940,Prod-EcsStagingCluster-EcsCluster-1AAGQRFIOE9AE,Service_beiakklem1vi3j5fejt0,150,2,0.0057843808,0
1537398540,Prod-EcsStagingCluster-EcsCluster-1AAGQRFIOE9AE,Service_beiakklem1vi3j5fejt0,150,2,0.0204407489,0
1537385820,Prod-EcsStagingCluster-EcsCluster-1AAGQRFIOE9AE,Service_beiakklem1vi3j5fejt0,150,2,0.0038171198,0
1537349700,Prod-EcsStagingCluster-EcsCluster-1AAGQRFIOE9AE,Service_beiakklem1vi3j5fejt0,150,2,0.0056554140,0
1537411260,Prod-EcsStagingCluster-EcsCluster-1AAGQRFIOE9AE,Service_beiakklem1vi3j5fejt0,150,2,0.0053701325,0
1537375140,Prod-EcsStagingCluster-EcsCluster-1AAGQRFIOE9AE,Service_beiakklem1vi3j5fejt0,150,2,0.0052099923,0
1537419720,Prod-EcsStagingCluster-EcsCluster-1AAGQRFIOE9AE,Service_beiakklem1vi3j5fejt0,150,2,0.0053339073,0
1537426080,Prod-EcsStagingCluster-EcsCluster-1AAGQRFIOE9AE,Service_beiakklem1vi3j5fejt0,150,2,0.0056000530,0
1537353840,Prod-EcsStagingCluster-EcsCluster-1AAGQRFIOE9AE,Service_beiakklem1vi3j5fejt0,150,2,0.0055623628,0
1537347480,Prod-EcsStagingCluster-EcsCluster-1AAGQRFIOE9AE,Service_beiakklem1vi3j5fejt0,150,2,0.0052605518,0
1537372920,Prod-EcsStagingCluster-EcsCluster-1AAGQRFIOE9AE,Service_beiakklem1vi3j5fejt0,150,2,0.0053874625,0
1537379280,Prod-EcsStagingCluster-EcsCluster-1AAGQRFIOE9AE,Service_beiakklem1vi3j5fejt0,150,2,0.0039724303,0
1537353780,Prod-EcsStagingCluster-EcsCluster-1AAGQRFIOE9AE,Service_beiakklem1vi3j5fejt0,150,2,0.0058345381,0
1537379220,Prod-EcsStagingCluster-EcsCluster-1AAGQRFIOE9AE,Service_beiakklem1vi3j5fejt0,150,2,0.0046792729,0
1537351560,Prod-EcsStagingCluster-EcsCluster-1AAGQRFIOE9AE,Service_beiakklem1vi3j5fejt0,150,2,0.0056615044,0
1537357920,Prod-EcsStagingCluster-EcsCluster-1AAGQRFIOE9AE,Service_beiakklem1vi3j5fejt0,150,2,0.0039839520,0
1537377000,Prod-EcsStagingCluster-EcsCluster-1AAGQRFIOE9AE,Service_beiakklem1vi3j5fejt0,150,2,0.0055266134,0
1537383360,Prod-EcsStagingCluster-EcsCluster-1AAGQRFIOE9AE,Service_beiakklem1vi3j5fejt0,150,2,0.0051503750,0
1537406700,Prod-EcsStagingCluster-EcsCluster-1AAGQRFIOE9AE,Service_beiakklem1vi3j5fejt0,150,2,0.0055871455,0
1537419420,Prod-EcsStagingCluster-EcsCluster-1AAGQRFIOE9AE,Service_beiakklem1vi3j5fejt0,150,2,0.0073036827,0
1537352520,Prod-EcsStagingCluster-EcsCluster-1AAGQRFIOE9AE,Service_beiakklem1vi3j5fejt0,150,2,0.0053798302,0
1537355700,Prod-EcsStagingCluster-EcsCluster-1AAGQRFIOE9AE,Service_beiakklem1vi3j5fejt0,150,2,0.0069704804,0
1537386480,Prod-EcsStagingCluster-EcsCluster-1AAGQRFIOE9AE,Service_beiakklem1vi3j5fejt0,150,2,0.0043581148,0
1537377960,Prod-EcsStagingCluster-EcsCluster-1AAGQRFIOE9AE,Service_beiakklem1vi3j5fejt0,150,2,0.0058646388,0
1537381140,Prod-EcsStagingCluster-EcsCluster-1AAGQRFIOE9AE,Service_beiakklem1vi3j5fejt0,150,2,0.0054791331,0
1537411920,Prod-EcsStagingCluster-EcsCluster-1AAGQRFIOE9AE,Service_beiakklem1vi3j5fejt0,150,2,0.0059200493,0
1537390560,Prod-EcsStagingCluster-EcsCluster-1AAGQRFIOE9AE,Service_beiakklem1vi3j5fejt0,150,2,0.0051046090,0
1537351260,Prod-EcsStagingCluster-EcsCluster-1AAGQRFIOE9AE,Service_beiakklem1vi3j5fejt0,150,2,0.0054051216,0
1537385220,Prod-EcsStagingCluster-EcsCluster-1AAGQRFIOE9AE,Service_beiakklem1vi3j5fejt0,150,2,0.0052772215,0
1537382040,Prod-EcsStagingCluster-EcsCluster-1AAGQRFIOE9AE,Service_beiakklem1vi3j5fejt0,150,2,0.0056689319,0
1537416000,Prod-EcsStagingCluster-EcsCluster-1AAGQRFIOE9AE,Service_beiakklem1vi3j5fejt0,150,2,0.0057248307,0
1537376700,Prod-EcsStagingCluster-EcsCluster-1AAGQRFIOE9AE,Service_beiakklem1vi3j5fejt0,150,2,0.0056497756,0
1537410660,Prod-EcsStagingCluster-EcsCluster-1AAGQRFIOE9AE,Service_beiakklem1vi3j5fejt0,150,2,0.0060283708,0
1537363980,Prod-EcsStagingCluster-EcsCluster-1AAGQRFIOE9AE,Service_beiakklem1vi3j5fejt0,150,2,0.0055136099,0
1537407480,Prod-EcsStagingCluster-EcsCluster-1AAGQRFIOE9AE,Service_beiakklem1vi3j5fejt0,150,2,0.0055448601,0
1537389300,Prod-EcsStagingCluster-EcsCluster-1AAGQRFIOE9AE,Service_beiakklem1vi3j5fejt0,150,2,0.0056725866,0
1537386120,Prod-EcsStagingCluster-EcsCluster-1AAGQRFIOE9AE,Service_beiakklem1vi3j5fejt0,150,2,0.0040192083,0
1537420080,Prod-EcsStagingCluster-EcsCluster-1AAGQRFIOE9AE,Service_beiakklem1vi3j5fejt0,150,2,0.0057038775,0
1537411560,Prod-EcsStagingCluster-EcsCluster-1AAGQRFIOE9AE,Service_beiakklem1vi3j5fejt0,150,2,0.0051737375,0
1537414740,Prod-EcsStagingCluster-EcsCluster-1AAGQRFIOE9AE,Service_beiakklem1vi3j5fejt0,150,2,0.0044479218,0
1537347840,Prod-EcsStagingCluster-EcsCluster-1AAGQRFIOE9AE,Service_beiakklem1vi3j5fejt0,150,2,0.0054688614,0
1537348800,Prod-EcsStagingCluster-EcsCluster-1AAGQRFIOE9AE,Service_beiakklem1vi3j5fejt0,150,2,0.0069827703,0
1537372140,Prod-EcsStagingCluster-EcsCluster-1AAGQRFIOE9AE,Service_beiakklem1vi3j5fejt0,150,2,0.0057200288,0
1537397580,Prod-EcsStagingCluster-EcsCluster-1AAGQRFIOE9AE,Service_beiakklem1vi3j5fejt0,150,2,0.0054055740,0
1537384860,Prod-EcsStagingCluster-EcsCluster-1AAGQRFIOE9AE,Service_beiakklem1vi3j5fejt0,150,2,0.0051210519,0
1537418820,Prod-EcsStagingCluster-EcsCluster-1AAGQRFIOE9AE,Service_beiakklem1vi3j5fejt0,150,2,0.0056020915,0
1537410300,Prod-EcsStagingCluster-EcsCluster-1AAGQRFIOE9AE,Service_beiakklem1vi3j5fejt0,150,2,0.0055409752,0
1537346580,Prod-EcsStagingCluster-EcsCluster-1AAGQRFIOE9AE,Service_beiakklem1vi3j5fejt0,150,2,0.0052937444,0
1537425120,Prod-EcsStagingCluster-EcsCluster-1AAGQRFIOE9AE,Service_beiakklem1vi3j5fejt0,150,2,0.0053863427,0
1537416600,Prod-EcsStagingCluster-EcsCluster-1AAGQRFIOE9AE,Service_beiakklem1vi3j5fejt0,150,2,0.0052046901,0
1537352880,Prod-EcsStagingCluster-EcsCluster-1AAGQRFIOE9AE,Service_beiakklem1vi3j5fejt0,150,2,0.0055992761,0
1537378320,Prod-EcsStagingCluster-EcsCluster-1AAGQRFIOE9AE,Service_beiakklem1vi3j5fejt0,150,2,0.0064472787,0
1537422900,Prod-EcsStagingCluster-EcsCluster-1AAGQRFIOE9AE,Service_beiakklem1vi3j5fejt0,150,2,0.0045081136,0
1537350660,Prod-EcsStagingCluster-EcsCluster-1AAGQRFIOE9AE,Service_beiakklem1vi3j5fejt0,150,2,0.0057300608,0
1537376100,Prod-EcsStagingCluster-EcsCluster-1AAGQRFIOE9AE,Service_beiakklem1vi3j5fejt0,150,2,0.0053986572,0
1537420680,Prod-EcsStagingCluster-EcsCluster-1AAGQRFIOE9AE,Service_beiakklem1vi3j5fejt0,150,2,0.0057124243,0
1537356960,Prod-EcsStagingCluster-EcsCluster-1AAGQRFIOE9AE,Service_beiakklem1vi3j5fejt0,150,2,0.0056329950,0
1537348440,Prod-EcsStagingCluster-EcsCluster-1AAGQRFIOE9AE,Service_beiakklem1vi3j5fejt0,150,2,0.0052810620,0
1537382400,Prod-EcsStagingCluster-EcsCluster-1AAGQRFIOE9AE,Service_beiakklem1vi3j5fejt0,150,2,0.0056945724,0
1537405740,Prod-EcsStagingCluster-EcsCluster-1AAGQRFIOE9AE,Service_beiakklem1vi3j5fejt0,150,2,0.0050701855,0
1537373880,Prod-EcsStagingCluster-EcsCluster-1AAGQRFIOE9AE,Service_beiakklem1vi3j5fejt0,150,2,0.0050628804,0
1537431180,Prod-EcsStagingCluster-EcsCluster-1AAGQRFIOE9AE,Service_beiakklem1vi3j5fejt0,150,2,0.0053501279,0
1537418460,Prod-EcsStagingCluster-EcsCluster-1AAGQRFIOE9AE,Service_beiakklem1vi3j5fejt0,150,2,0.0056360530,0
1537354740,Prod-EcsStagingCluster-EcsCluster-1AAGQRFIOE9AE,Service_beiakklem1vi3j5fejt0,150,2,0.0056118020,0
1537380180,Prod-EcsStagingCluster-EcsCluster-1AAGQRFIOE9AE,Service_beiakklem1vi3j5fejt0,150,2,0.0053499334,0
1537380060,Prod-EcsStagingCluster-EcsCluster-1AAGQRFIOE9AE,Service_beiakklem1vi3j5fejt0,150,2,0.0054645213,0
1537383240,Prod-EcsStagingCluster-EcsCluster-1AAGQRFIOE9AE,Service_beiakklem1vi3j5fejt0,150,2,0.0052165567,0
1537386420,Prod-EcsStagingCluster-EcsCluster-1AAGQRFIOE9AE,Service_beiakklem1vi3j5fejt0,150,2,0.0041294306,0
1537389600,Prod-EcsStagingCluster-EcsCluster-1AAGQRFIOE9AE,Service_beiakklem1vi3j5fejt0,150,2,0.0058140958,0
1537366200,Prod-EcsStagingCluster-EcsCluster-1AAGQRFIOE9AE,Service_beiakklem1vi3j5fejt0,150,2,0.0054550792,0
1537369380,Prod-EcsStagingCluster-EcsCluster-1AAGQRFIOE9AE,Service_beiakklem1vi3j5fejt0,150,2,0.0053049838,0
1537372560,Prod-EcsStagingCluster-EcsCluster-1AAGQRFIOE9AE,Service_beiakklem1vi3j5fejt0,150,2,0.0053022011,0
1537345980,Prod-EcsStagingCluster-EcsCluster-1AAGQRFIOE9AE,Service_beiakklem1vi3j5fejt0,150,2,0.0057376433,0
1537349160,Prod-EcsStagingCluster-EcsCluster-1AAGQRFIOE9AE,Service_beiakklem1vi3j5fejt0,150,2,0.0055342640,0
1537352340,Prod-EcsStagingCluster-EcsCluster-1AAGQRFIOE9AE,Service_beiakklem1vi3j5fejt0,150,2,0.0057633564,0
1537355520,Prod-EcsStagingCluster-EcsCluster-1AAGQRFIOE9AE,Service_beiakklem1vi3j5fejt0,150,2,0.0054944018,0
1537386180,Prod-EcsStagingCluster-EcsCluster-1AAGQRFIOE9AE,Service_beiakklem1vi3j5fejt0,150,2,0.0038674076,0
1537389360,Prod-EcsStagingCluster-EcsCluster-1AAGQRFIOE9AE,Service_beiakklem1vi3j5fejt0,150,2,0.0053207288,0
1537383000,Prod-EcsStagingCluster-EcsCluster-1AAGQRFIOE9AE,Service_beiakklem1vi3j5fejt0,150,2,0.0054318573,0
1537405260,Prod-EcsStagingCluster-EcsCluster-1AAGQRFIOE9AE,Service_beiakklem1vi3j5fejt0,150,2,0.0050917871,0
1537413660,Prod-EcsStagingCluster-EcsCluster-1AAGQRFIOE9AE,Service_beiakklem1vi3j5fejt0,150,2,0.0043140697,0
1537371180,Prod-EcsStagingCluster-EcsCluster-1AAGQRFIOE9AE,Service_beiakklem1vi3j5fejt0,150,2,0.0053814559,0
1537416840,Prod-EcsStagingCluster-EcsCluster-1AAGQRFIOE9AE,Service_beiakklem1vi3j5fejt0,150,2,0.0059400451,0
1537420020,Prod-EcsStagingCluster-EcsCluster-1AAGQRFIOE9AE,Service_beiakklem1vi3j5fejt0,150,2,0.0056194443,0
1537423200,Prod-EcsStagingCluster-EcsCluster-1AAGQRFIOE9AE,Service_beiakklem1vi3j5fejt0,150,2,0.0037833998,0
1537399800,Prod-EcsStagingCluster-EcsCluster-1AAGQRFIOE9AE,Service_beiakklem1vi3j5fejt0,150,2,0.0056779194,0
1537402980,Prod-EcsStagingCluster-EcsCluster-1AAGQRFIOE9AE,Service_beiakklem1vi3j5fejt0,150,2,0.0059009733,0
1537406160,Prod-EcsStagingCluster-EcsCluster-1AAGQRFIOE9AE,Service_beiakklem1vi3j5fejt0,150,2,0.0057154003,0
1537379580,Prod-EcsStagingCluster-EcsCluster-1AAGQRFIOE9AE,Service_beiakklem1vi3j5fejt0,150,2,0.0042291543,0
1537385940,Prod-EcsStagingCluster-EcsCluster-1AAGQRFIOE9AE,Service_beiakklem1vi3j5fejt0,150,2,0.0037538275,0
1537417800,Prod-EcsStagingCluster-EcsCluster-1AAGQRFIOE9AE,Service_beiakklem1vi3j5fejt0,150,2,0.0057786826,0
1537424160,Prod-EcsStagingCluster-EcsCluster-1AAGQRFIOE9AE,Service_beiakklem1vi3j5fejt0,150,2,0.0054500369,0
1537400760,Prod-EcsStagingCluster-EcsCluster-1AAGQRFIOE9AE,Service_beiakklem1vi3j5fejt0,150,2,0.0030456713,0
1537407120,Prod-EcsStagingCluster-EcsCluster-1AAGQRFIOE9AE,Service_beiakklem1vi3j5fejt0,150,2,0.0055635077,0
1537383720,Prod-EcsStagingCluster-EcsCluster-1AAGQRFIOE9AE,Service_beiakklem1vi3j5fejt0,150,2,0.0053020466,0
1537351860,Prod-EcsStagingCluster-EcsCluster-1AAGQRFIOE9AE,Service_beiakklem1vi3j5fejt0,150,2,0.0056707058,0
1537345500,Prod-EcsStagingCluster-EcsCluster-1AAGQRFIOE9AE,Service_beiakklem1vi3j5fejt0,150,2,0.0055471920,0
1537390080,Prod-EcsStagingCluster-EcsCluster-1AAGQRFIOE9AE,Service_beiakklem1vi3j5fejt0,150,2,0.0051471192,0
1537419780,Prod-EcsStagingCluster-EcsCluster-1AAGQRFIOE9AE,Service_beiakklem1vi3j5fejt0,150,2,0.0058175860,0
1537356000,Prod-EcsStagingCluster-EcsCluster-1AAGQRFIOE9AE,Service_beiakklem1vi3j5fejt0,150,2,0.0056738057,0
1537423920,Prod-EcsStagingCluster-EcsCluster-1AAGQRFIOE9AE,Service_beiakklem1vi3j5fejt0,150,2,0.0054197934,0
1537349640,Prod-EcsStagingCluster-EcsCluster-1AAGQRFIOE9AE,Service_beiakklem1vi3j5fejt0,150,2,0.0060619522,0
1537417560,Prod-EcsStagingCluster-EcsCluster-1AAGQRFIOE9AE,Service_beiakklem1vi3j5fejt0,150,2,0.0054806710,0
1537404780,Prod-EcsStagingCluster-EcsCluster-1AAGQRFIOE9AE,Service_beiakklem1vi3j5fejt0,150,2,0.0054333799,0
1537351620,Prod-EcsStagingCluster-EcsCluster-1AAGQRFIOE9AE,Service_beiakklem1vi3j5fejt0,150,2,0.0054966582,0
1537419540,Prod-EcsStagingCluster-EcsCluster-1AAGQRFIOE9AE,Service_beiakklem1vi3j5fejt0,150,2,0.0057102711,0
1537413180,Prod-EcsStagingCluster-EcsCluster-1AAGQRFIOE9AE,Service_beiakklem1vi3j5fejt0,150,2,0.0027362300,0
1537370700,Prod-EcsStagingCluster-EcsCluster-1AAGQRFIOE9AE,Service_beiakklem1vi3j5fejt0,150,2,0.0054858959,0
1537355760,Prod-EcsStagingCluster-EcsCluster-1AAGQRFIOE9AE,Service_beiakklem1vi3j5fejt0,150,2,0.0055950160,0
1537349400,Prod-EcsStagingCluster-EcsCluster-1AAGQRFIOE9AE,Service_beiakklem1vi3j5fejt0,150,2,0.0058818181,0
1537417320,Prod-EcsStagingCluster-EcsCluster-1AAGQRFIOE9AE,Service_beiakklem1vi3j5fejt0,150,2,0.0054646536,0
1537423680,Prod-EcsStagingCluster-EcsCluster-1AAGQRFIOE9AE,Service_beiakklem1vi3j5fejt0,150,2,0.0060797860,0
1537379100,Prod-EcsStagingCluster-EcsCluster-1AAGQRFIOE9AE,Service_beiakklem1vi3j5fejt0,150,2,0.0061839863,0
1537385460,Prod-EcsStagingCluster-EcsCluster-1AAGQRFIOE9AE,Service_beiakklem1vi3j5fejt0,150,2,0.0052578683,0
1537353540,Prod-EcsStagingCluster-EcsCluster-1AAGQRFIOE9AE,Service_beiakklem1vi3j5fejt0,150,2,0.0056943799,0
1537350360,Prod-EcsStagingCluster-EcsCluster-1AAGQRFIOE9AE,Service_beiakklem1vi3j5fejt0,150,2,0.0055879281,0
1537418280,Prod-EcsStagingCluster-EcsCluster-1AAGQRFIOE9AE,Service_beiakklem1vi3j5fejt0,150,2,0.0056350303,0
1537421460,Prod-EcsStagingCluster-EcsCluster-1AAGQRFIOE9AE,Service_beiakklem1vi3j5fejt0,150,2,0.0039400910,0
1537371600,Prod-EcsStagingCluster-EcsCluster-1AAGQRFIOE9AE,Service_beiakklem1vi3j5fejt0,150,2,0.0050838552,0
1537354560,Prod-EcsStagingCluster-EcsCluster-1AAGQRFIOE9AE,Service_beiakklem1vi3j5fejt0,150,2,0.0057850805,0
1537384200,Prod-EcsStagingCluster-EcsCluster-1AAGQRFIOE9AE,Service_beiakklem1vi3j5fejt0,150,2,0.0037839602,0
1537387380,Prod-EcsStagingCluster-EcsCluster-1AAGQRFIOE9AE,Service_beiakklem1vi3j5fejt0,150,2,0.0060690281,0
1537388400,Prod-EcsStagingCluster-EcsCluster-1AAGQRFIOE9AE,Service_beiakklem1vi3j5fejt0,150,2,0.0052849312,0
1537367160,Prod-EcsStagingCluster-EcsCluster-1AAGQRFIOE9AE,Service_beiakklem1vi3j5fejt0,150,2,0.0054484797,0
1537370340,Prod-EcsStagingCluster-EcsCluster-1AAGQRFIOE9AE,Service_beiakklem1vi3j5fejt0,150,2,0.0052272315,0
1537404300,Prod-EcsStagingCluster-EcsCluster-1AAGQRFIOE9AE,Service_beiakklem1vi3j5fejt0,150,2,0.0054542730,0
1537412700,Prod-EcsStagingCluster-EcsCluster-1AAGQRFIOE9AE,Service_beiakklem1vi3j5fejt0,150,2,0.0052205253,0
1537350120,Prod-EcsStagingCluster-EcsCluster-1AAGQRFIOE9AE,Service_beiakklem1vi3j5fejt0,150,2,0.0058719396,0
1537353300,Prod-EcsStagingCluster-EcsCluster-1AAGQRFIOE9AE,Service_beiakklem1vi3j5fejt0,150,2,0.0057526894,0
1537370220,Prod-EcsStagingCluster-EcsCluster-1AAGQRFIOE9AE,Service_beiakklem1vi3j5fejt0,150,2,0.0054241480,0
1537422240,Prod-EcsStagingCluster-EcsCluster-1AAGQRFIOE9AE,Service_beiakklem1vi3j5fejt0,150,2,0.0051648547,0
1537383960,Prod-EcsStagingCluster-EcsCluster-1AAGQRFIOE9AE,Service_beiakklem1vi3j5fejt0,150,2,0.0052481390,0
1537387140,Prod-EcsStagingCluster-EcsCluster-1AAGQRFIOE9AE,Service_beiakklem1vi3j5fejt0,150,2,0.0037447188,0
1537405200,Prod-EcsStagingCluster-EcsCluster-1AAGQRFIOE9AE,Service_beiakklem1vi3j5fejt0,150,2,0.0051054219,0
1537378620,Prod-EcsStagingCluster-EcsCluster-1AAGQRFIOE9AE,Service_beiakklem1vi3j5fejt0,150,2,0.0047379835,0
1537388160,Prod-EcsStagingCluster-EcsCluster-1AAGQRFIOE9AE,Service_beiakklem1vi3j5fejt0,150,2,0.0056492350,0
1537420980,Prod-EcsStagingCluster-EcsCluster-1AAGQRFIOE9AE,Service_beiakklem1vi3j5fejt0,150,2,0.0039613445,0
1537389120,Prod-EcsStagingCluster-EcsCluster-1AAGQRFIOE9AE,Service_beiakklem1vi3j5fejt0,150,2,0.0055339957,0
1537403940,Prod-EcsStagingCluster-EcsCluster-1AAGQRFIOE9AE,Service_beiakklem1vi3j5fejt0,150,2,0.0055909841,0
1537386900,Prod-EcsStagingCluster-EcsCluster-1AAGQRFIOE9AE,Service_beiakklem1vi3j5fejt0,150,2,0.0039951998,0
1537418760,Prod-EcsStagingCluster-EcsCluster-1AAGQRFIOE9AE,Service_beiakklem1vi3j5fejt0,150,2,0.0058166687,0
1537355040,Prod-EcsStagingCluster-EcsCluster-1AAGQRFIOE9AE,Service_beiakklem1vi3j5fejt0,150,2,0.0054638713,0
1537422960,Prod-EcsStagingCluster-EcsCluster-1AAGQRFIOE9AE,Service_beiakklem1vi3j5fejt0,150,2,0.0037072493,0
1537403820,Prod-EcsStagingCluster-EcsCluster-1AAGQRFIOE9AE,Service_beiakklem1vi3j5fejt0,150,2,0.0048817951,0
1537401720,Prod-EcsStagingCluster-EcsCluster-1AAGQRFIOE9AE,Service_beiakklem1vi3j5fejt0,150,2,0.0043231774,0
1537384680,Prod-EcsStagingCluster-EcsCluster-1AAGQRFIOE9AE,Service_beiakklem1vi3j5fejt0,150,2,0.0051590487,0
1537352820,Prod-EcsStagingCluster-EcsCluster-1AAGQRFIOE9AE,Service_beiakklem1vi3j5fejt0,150,2,0.0068992534,0
1537420740,Prod-EcsStagingCluster-EcsCluster-1AAGQRFIOE9AE,Service_beiakklem1vi3j5fejt0,150,2,0.0043872712,0
1537412220,Prod-EcsStagingCluster-EcsCluster-1AAGQRFIOE9AE,Service_beiakklem1vi3j5fejt0,150,2,0.0054905306,0
1537369740,Prod-EcsStagingCluster-EcsCluster-1AAGQRFIOE9AE,Service_beiakklem1vi3j5fejt0,150,2,0.0052573202,0
1537350600,Prod-EcsStagingCluster-EcsCluster-1AAGQRFIOE9AE,Service_beiakklem1vi3j5fejt0,150,2,0.0055302158,0
1537418520,Prod-EcsStagingCluster-EcsCluster-1AAGQRFIOE9AE,Service_beiakklem1vi3j5fejt0,150,2,0.0059219438,0
1537354800,Prod-EcsStagingCluster-EcsCluster-1AAGQRFIOE9AE,Service_beiakklem1vi3j5fejt0,150,2,0.0056200464,0
1537422720,Prod-EcsStagingCluster-EcsCluster-1AAGQRFIOE9AE,Service_beiakklem1vi3j5fejt0,150,2,0.0037553756,0
1537378140,Prod-EcsStagingCluster-EcsCluster-1AAGQRFIOE9AE,Service_beiakklem1vi3j5fejt0,150,2,0.0053656335,0
1537352580,Prod-EcsStagingCluster-EcsCluster-1AAGQRFIOE9AE,Service_beiakklem1vi3j5fejt0,150,2,0.0053565802,0
1537420500,Prod-EcsStagingCluster-EcsCluster-1AAGQRFIOE9AE,Service_beiakklem1vi3j5fejt0,150,2,0.0059571374,0
1537388640,Prod-EcsStagingCluster-EcsCluster-1AAGQRFIOE9AE,Service_beiakklem1vi3j5fejt0,150,2,0.0057947936,0
1537350420,Prod-EcsStagingCluster-EcsCluster-1AAGQRFIOE9AE,Service_beiakklem1vi3j5fejt0,150,2,0.0053125742,0
1537353600,Prod-EcsStagingCluster-EcsCluster-1AAGQRFIOE9AE,Service_beiakklem1vi3j5fejt0,150,2,0.0074027047,0
1537351320,Prod-EcsStagingCluster-EcsCluster-1AAGQRFIOE9AE,Service_beiakklem1vi3j5fejt0,150,2,0.0057452108,0
1537354500,Prod-EcsStagingCluster-EcsCluster-1AAGQRFIOE9AE,Service_beiakklem1vi3j5fejt0,150,2,0.0062288553,0
1537416060,Prod-EcsStagingCluster-EcsCluster-1AAGQRFIOE9AE,Service_beiakklem1vi3j5fejt0,150,2,0.0053791270,0
1537403340,Prod-EcsStagingCluster-EcsCluster-1AAGQRFIOE9AE,Service_beiakklem1vi3j5fejt0,150,2,0.0057909908,0
1537357680,Prod-EcsStagingCluster-EcsCluster-1AAGQRFIOE9AE,Service_beiakklem1vi3j5fejt0,150,2,0.0048178736,0
1537414920,Prod-EcsStagingCluster-EcsCluster-1AAGQRFIOE9AE,Service_beiakklem1vi3j5fejt0,150,2,0.0043757743,0
1537369260,Prod-EcsStagingCluster-EcsCluster-1AAGQRFIOE9AE,Service_beiakklem1vi3j5fejt0,150,2,0.0051282584,0
1537418100,Prod-EcsStagingCluster-EcsCluster-1AAGQRFIOE9AE,Service_beiakklem1vi3j5fejt0,150,2,0.0055822406,0
1537421280,Prod-EcsStagingCluster-EcsCluster-1AAGQRFIOE9AE,Service_beiakklem1vi3j5fejt0,150,2,0.0045883977,0
1537381980,Prod-EcsStagingCluster-EcsCluster-1AAGQRFIOE9AE,Service_beiakklem1vi3j5fejt0,150,2,0.0056602886,0
1537374480,Prod-EcsStagingCluster-EcsCluster-1AAGQRFIOE9AE,Service_beiakklem1vi3j5fejt0,150,2,0.0053465652,0
1537380840,Prod-EcsStagingCluster-EcsCluster-1AAGQRFIOE9AE,Service_beiakklem1vi3j5fejt0,150,2,0.0060008321,0
1537384020,Prod-EcsStagingCluster-EcsCluster-1AAGQRFIOE9AE,Service_beiakklem1vi3j5fejt0,150,2,0.0057544851,0
1537387200,Prod-EcsStagingCluster-EcsCluster-1AAGQRFIOE9AE,Service_beiakklem1vi3j5fejt0,150,2,0.0042815390,0
1537368120,Prod-EcsStagingCluster-EcsCluster-1AAGQRFIOE9AE,Service_beiakklem1vi3j5fejt0,150,2,0.0050040241,0
1537371300,Prod-EcsStagingCluster-EcsCluster-1AAGQRFIOE9AE,Service_beiakklem1vi3j5fejt0,150,2,0.0055623919,0
1537347900,Prod-EcsStagingCluster-EcsCluster-1AAGQRFIOE9AE,Service_beiakklem1vi3j5fejt0,150,2,0.0054300645,0
1537353120,Prod-EcsStagingCluster-EcsCluster-1AAGQRFIOE9AE,Service_beiakklem1vi3j5fejt0,150,2,0.0057262552,0
1537346760,Prod-EcsStagingCluster-EcsCluster-1AAGQRFIOE9AE,Service_beiakklem1vi3j5fejt0,150,2,0.0057756039,0
1537349940,Prod-EcsStagingCluster-EcsCluster-1AAGQRFIOE9AE,Service_beiakklem1vi3j5fejt0,150,2,0.0059038211,0
1537384920,Prod-EcsStagingCluster-EcsCluster-1AAGQRFIOE9AE,Service_beiakklem1vi3j5fejt0,150,2,0.0036808498,0
1537388100,Prod-EcsStagingCluster-EcsCluster-1AAGQRFIOE9AE,Service_beiakklem1vi3j5fejt0,150,2,0.0057312436,0
1537391280,Prod-EcsStagingCluster-EcsCluster-1AAGQRFIOE9AE,Service_beiakklem1vi3j5fejt0,150,2,0.0062595336,0
1537354080,Prod-EcsStagingCluster-EcsCluster-1AAGQRFIOE9AE,Service_beiakklem1vi3j5fejt0,150,2,0.0056311086,0
1537347720,Prod-EcsStagingCluster-EcsCluster-1AAGQRFIOE9AE,Service_beiakklem1vi3j5fejt0,150,2,0.0056508525,0
1537385880,Prod-EcsStagingCluster-EcsCluster-1AAGQRFIOE9AE,Service_beiakklem1vi3j5fejt0,150,2,0.0037679702,0
1537392240,Prod-EcsStagingCluster-EcsCluster-1AAGQRFIOE9AE,Service_beiakklem1vi3j5fejt0,150,2,0.0050432250,0
1537402860,Prod-EcsStagingCluster-EcsCluster-1AAGQRFIOE9AE,Service_beiakklem1vi3j5fejt0,150,2,0.0060060894,0
1537415580,Prod-EcsStagingCluster-EcsCluster-1AAGQRFIOE9AE,Service_beiakklem1vi3j5fejt0,150,2,0.0057350552,0
1537417620,Prod-EcsStagingCluster-EcsCluster-1AAGQRFIOE9AE,Service_beiakklem1vi3j5fejt0,150,2,0.0054157361,0
1537404900,Prod-EcsStagingCluster-EcsCluster-1AAGQRFIOE9AE,Service_beiakklem1vi3j5fejt0,150,2,0.0052086269,0
1537381500,Prod-EcsStagingCluster-EcsCluster-1AAGQRFIOE9AE,Service_beiakklem1vi3j5fejt0,150,2,0.0060910267,0
1537368780,Prod-EcsStagingCluster-EcsCluster-1AAGQRFIOE9AE,Service_beiakklem1vi3j5fejt0,150,2,0.0053595651,0
1537415400,Prod-EcsStagingCluster-EcsCluster-1AAGQRFIOE9AE,Service_beiakklem1vi3j5fejt0,150,2,0.0054179337,0
1537421760,Prod-EcsStagingCluster-EcsCluster-1AAGQRFIOE9AE,Service_beiakklem1vi3j5fejt0,150,2,0.0052689004,0
1537402680,Prod-EcsStagingCluster-EcsCluster-1AAGQRFIOE9AE,Service_beiakklem1vi3j5fejt0,150,2,0.0030450136,0
1537409040,Prod-EcsStagingCluster-EcsCluster-1AAGQRFIOE9AE,Service_beiakklem1vi3j5fejt0,150,2,0.0054777583,0
1537383540,Prod-EcsStagingCluster-EcsCluster-1AAGQRFIOE9AE,Service_beiakklem1vi3j5fejt0,150,2,0.0053325893,0
1537347420,Prod-EcsStagingCluster-EcsCluster-1AAGQRFIOE9AE,Service_beiakklem1vi3j5fejt0,150,2,0.0053784359,0
1537421700,Prod-EcsStagingCluster-EcsCluster-1AAGQRFIOE9AE,Service_beiakklem1vi3j5fejt0,150,2,0.0040747420,0
1537381320,Prod-EcsStagingCluster-EcsCluster-1AAGQRFIOE9AE,Service_beiakklem1vi3j5fejt0,150,2,0.0054499194,0
1537387680,Prod-EcsStagingCluster-EcsCluster-1AAGQRFIOE9AE,Service_beiakklem1vi3j5fejt0,150,2,0.0055212282,0
1537425840,Prod-EcsStagingCluster-EcsCluster-1AAGQRFIOE9AE,Service_beiakklem1vi3j5fejt0,150,2,0.0052160189,0
1537349460,Prod-EcsStagingCluster-EcsCluster-1AAGQRFIOE9AE,Service_beiakklem1vi3j5fejt0,150,2,0.0053081063,0
1537419480,Prod-EcsStagingCluster-EcsCluster-1AAGQRFIOE9AE,Service_beiakklem1vi3j5fejt0,150,2,0.0055620999,0
1537347240,Prod-EcsStagingCluster-EcsCluster-1AAGQRFIOE9AE,Service_beiakklem1vi3j5fejt0,150,2,0.0056386923,0
1537423620,Prod-EcsStagingCluster-EcsCluster-1AAGQRFIOE9AE,Service_beiakklem1vi3j5fejt0,150,2,0.0038611181,0
1537420440,Prod-EcsStagingCluster-EcsCluster-1AAGQRFIOE9AE,Service_beiakklem1vi3j5fejt0,150,2,0.0054350488,0
1537356720,Prod-EcsStagingCluster-EcsCluster-1AAGQRFIOE9AE,Service_beiakklem1vi3j5fejt0,150,2,0.0057685928,0
1537415100,Prod-EcsStagingCluster-EcsCluster-1AAGQRFIOE9AE,Service_beiakklem1vi3j5fejt0,150,2,0.0052809355,0
1537402380,Prod-EcsStagingCluster-EcsCluster-1AAGQRFIOE9AE,Service_beiakklem1vi3j5fejt0,150,2,0.0052012022,19
1537348200,Prod-EcsStagingCluster-EcsCluster-1AAGQRFIOE9AE,Service_beiakklem1vi3j5fejt0,150,2,0.0053293472,0
1537351380,Prod-EcsStagingCluster-EcsCluster-1AAGQRFIOE9AE,Service_beiakklem1vi3j5fejt0,150,2,0.0054893471,0
1537368300,Prod-EcsStagingCluster-EcsCluster-1AAGQRFIOE9AE,Service_beiakklem1vi3j5fejt0,150,2,0.0050380349,0
1537420320,Prod-EcsStagingCluster-EcsCluster-1AAGQRFIOE9AE,Service_beiakklem1vi3j5fejt0,150,2,0.0057837236,0
1537381020,Prod-EcsStagingCluster-EcsCluster-1AAGQRFIOE9AE,Service_beiakklem1vi3j5fejt0,150,2,0.0059918461,0
1537352280,Prod-EcsStagingCluster-EcsCluster-1AAGQRFIOE9AE,Service_beiakklem1vi3j5fejt0,150,2,0.0058024908,0
1537355460,Prod-EcsStagingCluster-EcsCluster-1AAGQRFIOE9AE,Service_beiakklem1vi3j5fejt0,150,2,0.0053716909,0
1537386240,Prod-EcsStagingCluster-EcsCluster-1AAGQRFIOE9AE,Service_beiakklem1vi3j5fejt0,150,2,0.0038544127,0
1537373520,Prod-EcsStagingCluster-EcsCluster-1AAGQRFIOE9AE,Service_beiakklem1vi3j5fejt0,150,2,0.0054766369,0
1537346940,Prod-EcsStagingCluster-EcsCluster-1AAGQRFIOE9AE,Service_beiakklem1vi3j5fejt0,150,2,0.0055121562,0
1537415880,Prod-EcsStagingCluster-EcsCluster-1AAGQRFIOE9AE,Service_beiakklem1vi3j5fejt0,150,2,0.0057490999,0
1537419060,Prod-EcsStagingCluster-EcsCluster-1AAGQRFIOE9AE,Service_beiakklem1vi3j5fejt0,150,2,0.0058808355,0
1537352160,Prod-EcsStagingCluster-EcsCluster-1AAGQRFIOE9AE,Service_beiakklem1vi3j5fejt0,150,2,0.0057059327,0
1537390320,Prod-EcsStagingCluster-EcsCluster-1AAGQRFIOE9AE,Service_beiakklem1vi3j5fejt0,150,2,0.0055345504,0
1537381800,Prod-EcsStagingCluster-EcsCluster-1AAGQRFIOE9AE,Service_beiakklem1vi3j5fejt0,150,2,0.0057557630,0
1537384980,Prod-EcsStagingCluster-EcsCluster-1AAGQRFIOE9AE,Service_beiakklem1vi3j5fejt0,150,2,0.0049099271,0
1537369080,Prod-EcsStagingCluster-EcsCluster-1AAGQRFIOE9AE,Service_beiakklem1vi3j5fejt0,150,2,0.0051448380,0
1537372260,Prod-EcsStagingCluster-EcsCluster-1AAGQRFIOE9AE,Service_beiakklem1vi3j5fejt0,150,2,0.0057241944,0
1537401900,Prod-EcsStagingCluster-EcsCluster-1AAGQRFIOE9AE,Service_beiakklem1vi3j5fejt0,150,2,0.0028355284,0
1537414620,Prod-EcsStagingCluster-EcsCluster-1AAGQRFIOE9AE,Service_beiakklem1vi3j5fejt0,150,2,0.0044734248,0
1537382760,Prod-EcsStagingCluster-EcsCluster-1AAGQRFIOE9AE,Service_beiakklem1vi3j5fejt0,150,2,0.0056980699,0
1537370040,Prod-EcsStagingCluster-EcsCluster-1AAGQRFIOE9AE,Service_beiakklem1vi3j5fejt0,150,2,0.0057080788,0
1537350900,Prod-EcsStagingCluster-EcsCluster-1AAGQRFIOE9AE,Service_beiakklem1vi3j5fejt0,150,2,0.0056219531,0
1537389060,Prod-EcsStagingCluster-EcsCluster-1AAGQRFIOE9AE,Service_beiakklem1vi3j5fejt0,150,2,0.0053714701,0
1537380540,Prod-EcsStagingCluster-EcsCluster-1AAGQRFIOE9AE,Service_beiakklem1vi3j5fejt0,150,2,0.0053097440,0
1537367820,Prod-EcsStagingCluster-EcsCluster-1AAGQRFIOE9AE,Service_beiakklem1vi3j5fejt0,150,2,0.0051774880,0
1537348680,Prod-EcsStagingCluster-EcsCluster-1AAGQRFIOE9AE,Service_beiakklem1vi3j5fejt0,150,2,0.0056411073,0
1537386840,Prod-EcsStagingCluster-EcsCluster-1AAGQRFIOE9AE,Service_beiakklem1vi3j5fejt0,150,2,0.0039962489,0
1537420800,Prod-EcsStagingCluster-EcsCluster-1AAGQRFIOE9AE,Service_beiakklem1vi3j5fejt0,150,2,0.0043991077,0
1537408080,Prod-EcsStagingCluster-EcsCluster-1AAGQRFIOE9AE,Service_beiakklem1vi3j5fejt0,150,2,0.0056155644,0
1537346460,Prod-EcsStagingCluster-EcsCluster-1AAGQRFIOE9AE,Service_beiakklem1vi3j5fejt0,150,2,0.0070632464,0
1537418580,Prod-EcsStagingCluster-EcsCluster-1AAGQRFIOE9AE,Service_beiakklem1vi3j5fejt0,150,2,0.0077142796,0
1537405860,Prod-EcsStagingCluster-EcsCluster-1AAGQRFIOE9AE,Service_beiakklem1vi3j5fejt0,150,2,0.0057634222,0
1537386720,Prod-EcsStagingCluster-EcsCluster-1AAGQRFIOE9AE,Service_beiakklem1vi3j5fejt0,150,2,0.0039627667,0
1537424880,Prod-EcsStagingCluster-EcsCluster-1AAGQRFIOE9AE,Service_beiakklem1vi3j5fejt0,150,2,0.0055200393,0
1537416360,Prod-EcsStagingCluster-EcsCluster-1AAGQRFIOE9AE,Service_beiakklem1vi3j5fejt0,150,2,0.0061052611,0
1537403640,Prod-EcsStagingCluster-EcsCluster-1AAGQRFIOE9AE,Service_beiakklem1vi3j5fejt0,150,2,0.0054084082,0
1537384500,Prod-EcsStagingCluster-EcsCluster-1AAGQRFIOE9AE,Service_beiakklem1vi3j5fejt0,150,2,0.0050853419,0
1537422660,Prod-EcsStagingCluster-EcsCluster-1AAGQRFIOE9AE,Service_beiakklem1vi3j5fejt0,150,2,0.0040085505,0
1537352640,Prod-EcsStagingCluster-EcsCluster-1AAGQRFIOE9AE,Service_beiakklem1vi3j5fejt0,150,2,0.0052331454,0
1537414140,Prod-EcsStagingCluster-EcsCluster-1AAGQRFIOE9AE,Service_beiakklem1vi3j5fejt0,150,2,0.0043338412,0
1537401420,Prod-EcsStagingCluster-EcsCluster-1AAGQRFIOE9AE,Service_beiakklem1vi3j5fejt0,150,2,0.0039413083,0
1537382280,Prod-EcsStagingCluster-EcsCluster-1AAGQRFIOE9AE,Service_beiakklem1vi3j5fejt0,150,2,0.0062268930,0
1537409820,Prod-EcsStagingCluster-EcsCluster-1AAGQRFIOE9AE,Service_beiakklem1vi3j5fejt0,150,2,0.0056683189,0
1537416180,Prod-EcsStagingCluster-EcsCluster-1AAGQRFIOE9AE,Service_beiakklem1vi3j5fejt0,150,2,0.0052783485,0
1537387560,Prod-EcsStagingCluster-EcsCluster-1AAGQRFIOE9AE,Service_beiakklem1vi3j5fejt0,150,2,0.0053972255,0
1537393920,Prod-EcsStagingCluster-EcsCluster-1AAGQRFIOE9AE,Service_beiakklem1vi3j5fejt0,150,2,0.0050956565,0
1537373700,Prod-EcsStagingCluster-EcsCluster-1AAGQRFIOE9AE,Service_beiakklem1vi3j5fejt0,150,2,0.0055074441,0
1537348260,Prod-EcsStagingCluster-EcsCluster-1AAGQRFIOE9AE,Service_beiakklem1vi3j5fejt0,150,2,0.0054560047,0
1537392780,Prod-EcsStagingCluster-EcsCluster-1AAGQRFIOE9AE,Service_beiakklem1vi3j5fejt0,150,2,0.0053035569,0
1537399140,Prod-EcsStagingCluster-EcsCluster-1AAGQRFIOE9AE,Service_beiakklem1vi3j5fejt0,150,2,0.0056256234,0
1537424580,Prod-EcsStagingCluster-EcsCluster-1AAGQRFIOE9AE,Service_beiakklem1vi3j5fejt0,150,2,0.0052519467,0
1537351200,Prod-EcsStagingCluster-EcsCluster-1AAGQRFIOE9AE,Service_beiakklem1vi3j5fejt0,150,2,0.0056165259,0
1537395720,Prod-EcsStagingCluster-EcsCluster-1AAGQRFIOE9AE,Service_beiakklem1vi3j5fejt0,150,2,0.0055760364,0
1537373460,Prod-EcsStagingCluster-EcsCluster-1AAGQRFIOE9AE,Service_beiakklem1vi3j5fejt0,150,2,0.0053638102,0
1537367100,Prod-EcsStagingCluster-EcsCluster-1AAGQRFIOE9AE,Service_beiakklem1vi3j5fejt0,150,2,0.0052362375,0
1537350060,Prod-EcsStagingCluster-EcsCluster-1AAGQRFIOE9AE,Service_beiakklem1vi3j5fejt0,150,2,0.0058183145,0
1537353240,Prod-EcsStagingCluster-EcsCluster-1AAGQRFIOE9AE,Service_beiakklem1vi3j5fejt0,150,2,0.0054703089,0
1537417980,Prod-EcsStagingCluster-EcsCluster-1AAGQRFIOE9AE,Service_beiakklem1vi3j5fejt0,150,2,0.0053939902,0
1537424340,Prod-EcsStagingCluster-EcsCluster-1AAGQRFIOE9AE,Service_beiakklem1vi3j5fejt0,150,2,0.0049531109,0
1537402080,Prod-EcsStagingCluster-EcsCluster-1AAGQRFIOE9AE,Service_beiakklem1vi3j5fejt0,150,2,0.0059042547,0
1537378680,Prod-EcsStagingCluster-EcsCluster-1AAGQRFIOE9AE,Service_beiakklem1vi3j5fejt0,150,2,0.0044983717,0
1537359600,Prod-EcsStagingCluster-EcsCluster-1AAGQRFIOE9AE,Service_beiakklem1vi3j5fejt0,150,2,0.0040460380,0
1537404120,Prod-EcsStagingCluster-EcsCluster-1AAGQRFIOE9AE,Service_beiakklem1vi3j5fejt0,150,2,0.0056012797,0
1537410480,Prod-EcsStagingCluster-EcsCluster-1AAGQRFIOE9AE,Service_beiakklem1vi3j5fejt0,150,2,0.0055659789,0
1537385040,Prod-EcsStagingCluster-EcsCluster-1AAGQRFIOE9AE,Service_beiakklem1vi3j5fejt0,150,2,0.0068368048,0
1537400940,Prod-EcsStagingCluster-EcsCluster-1AAGQRFIOE9AE,Service_beiakklem1vi3j5fejt0,150,2,0.0029440531,0
1537429560,Prod-EcsStagingCluster-EcsCluster-1AAGQRFIOE9AE,Service_beiakklem1vi3j5fejt0,150,2,0.0053377660,0
1537375260,Prod-EcsStagingCluster-EcsCluster-1AAGQRFIOE9AE,Service_beiakklem1vi3j5fejt0,150,2,0.0054018092,0
1537381620,Prod-EcsStagingCluster-EcsCluster-1AAGQRFIOE9AE,Service_beiakklem1vi3j5fejt0,150,2,0.0057543630,0
1537358220,Prod-EcsStagingCluster-EcsCluster-1AAGQRFIOE9AE,Service_beiakklem1vi3j5fejt0,150,2,0.0037743709,0
1537426140,Prod-EcsStagingCluster-EcsCluster-1AAGQRFIOE9AE,Service_beiakklem1vi3j5fejt0,150,2,0.0051480597,0
1537390020,Prod-EcsStagingCluster-EcsCluster-1AAGQRFIOE9AE,Service_beiakklem1vi3j5fejt0,150,2,0.0053819869,0
1537364580,Prod-EcsStagingCluster-EcsCluster-1AAGQRFIOE9AE,Service_beiakklem1vi3j5fejt0,150,2,0.0046878584,0
1537409100,Prod-EcsStagingCluster-EcsCluster-1AAGQRFIOE9AE,Service_beiakklem1vi3j5fejt0,150,2,0.0056489361,0
1537415460,Prod-EcsStagingCluster-EcsCluster-1AAGQRFIOE9AE,Service_beiakklem1vi3j5fejt0,150,2,0.0056499150,0
1537379400,Prod-EcsStagingCluster-EcsCluster-1AAGQRFIOE9AE,Service_beiakklem1vi3j5fejt0,150,2,0.0041686394,0
1537385760,Prod-EcsStagingCluster-EcsCluster-1AAGQRFIOE9AE,Service_beiakklem1vi3j5fejt0,150,2,0.0057566585,0
1537362360,Prod-EcsStagingCluster-EcsCluster-1AAGQRFIOE9AE,Service_beiakklem1vi3j5fejt0,150,2,0.0051725564,0
1537430280,Prod-EcsStagingCluster-EcsCluster-1AAGQRFIOE9AE,Service_beiakklem1vi3j5fejt0,150,2,0.0056811561,0
1537387800,Prod-EcsStagingCluster-EcsCluster-1AAGQRFIOE9AE,Service_beiakklem1vi3j5fejt0,150,2,0.0054504726,0
1537394160,Prod-EcsStagingCluster-EcsCluster-1AAGQRFIOE9AE,Service_beiakklem1vi3j5fejt0,150,2,0.0051997409,0
1537368720,Prod-EcsStagingCluster-EcsCluster-1AAGQRFIOE9AE,Service_beiakklem1vi3j5fejt0,150,2,0.0053503177,0
1537413240,Prod-EcsStagingCluster-EcsCluster-1AAGQRFIOE9AE,Service_beiakklem1vi3j5fejt0,150,2,0.0053748869,0
1537419600,Prod-EcsStagingCluster-EcsCluster-1AAGQRFIOE9AE,Service_beiakklem1vi3j5fejt0,150,2,0.0059140096,0
1537383420,Prod-EcsStagingCluster-EcsCluster-1AAGQRFIOE9AE,Service_beiakklem1vi3j5fejt0,150,2,0.0055499965,0
1537389780,Prod-EcsStagingCluster-EcsCluster-1AAGQRFIOE9AE,Service_beiakklem1vi3j5fejt0,150,2,0.0054540014,0
1537366380,Prod-EcsStagingCluster-EcsCluster-1AAGQRFIOE9AE,Service_beiakklem1vi3j5fejt0,150,2,0.0052745771,0
1537426800,Prod-EcsStagingCluster-EcsCluster-1AAGQRFIOE9AE,Service_beiakklem1vi3j5fejt0,150,2,0.0071075137,0
1537417260,Prod-EcsStagingCluster-EcsCluster-1AAGQRFIOE9AE,Service_beiakklem1vi3j5fejt0,150,2,0.0053039740,0
1537363080,Prod-EcsStagingCluster-EcsCluster-1AAGQRFIOE9AE,Service_beiakklem1vi3j5fejt0,150,2,0.0054862373,0
1537413960,Prod-EcsStagingCluster-EcsCluster-1AAGQRFIOE9AE,Service_beiakklem1vi3j5fejt0,150,2,0.0042192261,0
1537391700,Prod-EcsStagingCluster-EcsCluster-1AAGQRFIOE9AE,Service_beiakklem1vi3j5fejt0,150,2,0.0051907606,0
1537371480,Prod-EcsStagingCluster-EcsCluster-1AAGQRFIOE9AE,Service_beiakklem1vi3j5fejt0,150,2,0.0054235384,0
1537346040,Prod-EcsStagingCluster-EcsCluster-1AAGQRFIOE9AE,Service_beiakklem1vi3j5fejt0,150,2,0.0057279608,0
1537396920,Prod-EcsStagingCluster-EcsCluster-1AAGQRFIOE9AE,Service_beiakklem1vi3j5fejt0,150,2,0.0057551537,0
1537391580,Prod-EcsStagingCluster-EcsCluster-1AAGQRFIOE9AE,Service_beiakklem1vi3j5fejt0,150,2,0.0052715072,0
1537422360,Prod-EcsStagingCluster-EcsCluster-1AAGQRFIOE9AE,Service_beiakklem1vi3j5fejt0,150,2,0.0038303214,0
1537375680,Prod-EcsStagingCluster-EcsCluster-1AAGQRFIOE9AE,Service_beiakklem1vi3j5fejt0,150,2,0.0052891108,0
1537374540,Prod-EcsStagingCluster-EcsCluster-1AAGQRFIOE9AE,Service_beiakklem1vi3j5fejt0,150,2,0.0052930353,0
1537426560,Prod-EcsStagingCluster-EcsCluster-1AAGQRFIOE9AE,Service_beiakklem1vi3j5fejt0,150,2,0.0056025063,0
1537425420,Prod-EcsStagingCluster-EcsCluster-1AAGQRFIOE9AE,Service_beiakklem1vi3j5fejt0,150,2,0.0051558014,0
1537348980,Prod-EcsStagingCluster-EcsCluster-1AAGQRFIOE9AE,Service_beiakklem1vi3j5fejt0,150,2,0.0055706816,0
1537371240,Prod-EcsStagingCluster-EcsCluster-1AAGQRFIOE9AE,Service_beiakklem1vi3j5fejt0,150,2,0.0053999827,0
1537422120,Prod-EcsStagingCluster-EcsCluster-1AAGQRFIOE9AE,Service_beiakklem1vi3j5fejt0,150,2,0.0058200905,0
1537399860,Prod-EcsStagingCluster-EcsCluster-1AAGQRFIOE9AE,Service_beiakklem1vi3j5fejt0,150,2,0.0055757941,0
1537357380,Prod-EcsStagingCluster-EcsCluster-1AAGQRFIOE9AE,Service_beiakklem1vi3j5fejt0,150,2,0.0052864332,0
1537408260,Prod-EcsStagingCluster-EcsCluster-1AAGQRFIOE9AE,Service_beiakklem1vi3j5fejt0,150,2,0.0059047202,0
1537348860,Prod-EcsStagingCluster-EcsCluster-1AAGQRFIOE9AE,Service_beiakklem1vi3j5fejt0,150,2,0.0055392246,0
1537382820,Prod-EcsStagingCluster-EcsCluster-1AAGQRFIOE9AE,Service_beiakklem1vi3j5fejt0,150,2,0.0052815293,0
1537355160,Prod-EcsStagingCluster-EcsCluster-1AAGQRFIOE9AE,Service_beiakklem1vi3j5fejt0,150,2,0.0059521237,0
1537399740,Prod-EcsStagingCluster-EcsCluster-1AAGQRFIOE9AE,Service_beiakklem1vi3j5fejt0,150,2,0.0061906694,0
1537380600,Prod-EcsStagingCluster-EcsCluster-1AAGQRFIOE9AE,Service_beiakklem1vi3j5fejt0,150,2,0.0057837678,0
1537406040,Prod-EcsStagingCluster-EcsCluster-1AAGQRFIOE9AE,Service_beiakklem1vi3j5fejt0,150,2,0.0052870015,0
1537359360,Prod-EcsStagingCluster-EcsCluster-1AAGQRFIOE9AE,Service_beiakklem1vi3j5fejt0,150,2,0.0042166906,0
1537382700,Prod-EcsStagingCluster-EcsCluster-1AAGQRFIOE9AE,Service_beiakklem1vi3j5fejt0,150,2,0.0057001802,0
1537431480,Prod-EcsStagingCluster-EcsCluster-1AAGQRFIOE9AE,Service_beiakklem1vi3j5fejt0,150,2,0.0051887266,0
1537410240,Prod-EcsStagingCluster-EcsCluster-1AAGQRFIOE9AE,Service_beiakklem1vi3j5fejt0,150,2,0.0055100938,0
1537357140,Prod-EcsStagingCluster-EcsCluster-1AAGQRFIOE9AE,Service_beiakklem1vi3j5fejt0,150,2,0.0055354911,0
1537408020,Prod-EcsStagingCluster-EcsCluster-1AAGQRFIOE9AE,Service_beiakklem1vi3j5fejt0,150,2,0.0066038653,0
1537357020,Prod-EcsStagingCluster-EcsCluster-1AAGQRFIOE9AE,Service_beiakklem1vi3j5fejt0,150,2,0.0053123586,0
1537354920,Prod-EcsStagingCluster-EcsCluster-1AAGQRFIOE9AE,Service_beiakklem1vi3j5fejt0,150,2,0.0055439333,0
1537407900,Prod-EcsStagingCluster-EcsCluster-1AAGQRFIOE9AE,Service_beiakklem1vi3j5fejt0,150,2,0.0034242999,0
1537405800,Prod-EcsStagingCluster-EcsCluster-1AAGQRFIOE9AE,Service_beiakklem1vi3j5fejt0,150,2,0.0056463931,0
1537390860,Prod-EcsStagingCluster-EcsCluster-1AAGQRFIOE9AE,Service_beiakklem1vi3j5fejt0,150,2,0.0054078393,0
1537367520,Prod-EcsStagingCluster-EcsCluster-1AAGQRFIOE9AE,Service_beiakklem1vi3j5fejt0,150,2,0.0065685268,0
1537418400,Prod-EcsStagingCluster-EcsCluster-1AAGQRFIOE9AE,Service_beiakklem1vi3j5fejt0,150,2,0.0057467125,0
1537375920,Prod-EcsStagingCluster-EcsCluster-1AAGQRFIOE9AE,Service_beiakklem1vi3j5fejt0,150,2,0.0057372493,0
1537350480,Prod-EcsStagingCluster-EcsCluster-1AAGQRFIOE9AE,Service_beiakklem1vi3j5fejt0,150,2,0.0056803400,0
1537401360,Prod-EcsStagingCluster-EcsCluster-1AAGQRFIOE9AE,Service_beiakklem1vi3j5fejt0,150,2,0.0042436674,0
1537365300,Prod-EcsStagingCluster-EcsCluster-1AAGQRFIOE9AE,Service_beiakklem1vi3j5fejt0,150,2,0.0050641603,0
1537421520,Prod-EcsStagingCluster-EcsCluster-1AAGQRFIOE9AE,Service_beiakklem1vi3j5fejt0,150,2,0.0043108466,0
1537349280,Prod-EcsStagingCluster-EcsCluster-1AAGQRFIOE9AE,Service_beiakklem1vi3j5fejt0,150,2,0.0053338834,0
1537393800,Prod-EcsStagingCluster-EcsCluster-1AAGQRFIOE9AE,Service_beiakklem1vi3j5fejt0,150,2,0.0065038298,0
1537371540,Prod-EcsStagingCluster-EcsCluster-1AAGQRFIOE9AE,Service_beiakklem1vi3j5fejt0,150,2,0.0055972549,0
1537348140,Prod-EcsStagingCluster-EcsCluster-1AAGQRFIOE9AE,Service_beiakklem1vi3j5fejt0,150,2,0.0055394821,0
1537422420,Prod-EcsStagingCluster-EcsCluster-1AAGQRFIOE9AE,Service_beiakklem1vi3j5fejt0,150,2,0.0038131615,0
1537400160,Prod-EcsStagingCluster-EcsCluster-1AAGQRFIOE9AE,Service_beiakklem1vi3j5fejt0,150,2,0.0039953885,0
1537360860,Prod-EcsStagingCluster-EcsCluster-1AAGQRFIOE9AE,Service_beiakklem1vi3j5fejt0,150,2,0.0052957026,0
1537411740,Prod-EcsStagingCluster-EcsCluster-1AAGQRFIOE9AE,Service_beiakklem1vi3j5fejt0,150,2,0.0052799715,0
1537399020,Prod-EcsStagingCluster-EcsCluster-1AAGQRFIOE9AE,Service_beiakklem1vi3j5fejt0,150,2,0.0053216799,0
1537350180,Prod-EcsStagingCluster-EcsCluster-1AAGQRFIOE9AE,Service_beiakklem1vi3j5fejt0,150,2,0.0066300513,0
1537401060,Prod-EcsStagingCluster-EcsCluster-1AAGQRFIOE9AE,Service_beiakklem1vi3j5fejt0,150,2,0.0027609818,2
1537375620,Prod-EcsStagingCluster-EcsCluster-1AAGQRFIOE9AE,Service_beiakklem1vi3j5fejt0,150,2,0.0054947245,0
1537426500,Prod-EcsStagingCluster-EcsCluster-1AAGQRFIOE9AE,Service_beiakklem1vi3j5fejt0,150,2,0.0055293945,0
1537379700,Prod-EcsStagingCluster-EcsCluster-1AAGQRFIOE9AE,Service_beiakklem1vi3j5fejt0,150,2,0.0043183227,0
1537357440,Prod-EcsStagingCluster-EcsCluster-1AAGQRFIOE9AE,Service_beiakklem1vi3j5fejt0,150,2,0.0059352385,0
1537351080,Prod-EcsStagingCluster-EcsCluster-1AAGQRFIOE9AE,Service_beiakklem1vi3j5fejt0,150,2,0.0071646008,0
1537401960,Prod-EcsStagingCluster-EcsCluster-1AAGQRFIOE9AE,Service_beiakklem1vi3j5fejt0,150,2,0.0043642388,0
1537356300,Prod-EcsStagingCluster-EcsCluster-1AAGQRFIOE9AE,Service_beiakklem1vi3j5fejt0,150,2,0.0073557902,0
1537430580,Prod-EcsStagingCluster-EcsCluster-1AAGQRFIOE9AE,Service_beiakklem1vi3j5fejt0,150,2,0.0069871866,0
1537408320,Prod-EcsStagingCluster-EcsCluster-1AAGQRFIOE9AE,Service_beiakklem1vi3j5fejt0,150,2,0.0054855629,0
1537369020,Prod-EcsStagingCluster-EcsCluster-1AAGQRFIOE9AE,Service_beiakklem1vi3j5fejt0,150,2,0.0051890632,0
1537419900,Prod-EcsStagingCluster-EcsCluster-1AAGQRFIOE9AE,Service_beiakklem1vi3j5fejt0,150,2,0.0054691781,0
1537383840,Prod-EcsStagingCluster-EcsCluster-1AAGQRFIOE9AE,Service_beiakklem1vi3j5fejt0,150,2,0.0050725187,0
1537407180,Prod-EcsStagingCluster-EcsCluster-1AAGQRFIOE9AE,Service_beiakklem1vi3j5fejt0,150,2,0.0055683538,0
1537428360,Prod-EcsStagingCluster-EcsCluster-1AAGQRFIOE9AE,Service_beiakklem1vi3j5fejt0,150,2,0.0054179543,0
1537387860,Prod-EcsStagingCluster-EcsCluster-1AAGQRFIOE9AE,Service_beiakklem1vi3j5fejt0,150,2,0.0065785889,0
1537364460,Prod-EcsStagingCluster-EcsCluster-1AAGQRFIOE9AE,Service_beiakklem1vi3j5fejt0,150,2,0.0043295665,0
1537377180,Prod-EcsStagingCluster-EcsCluster-1AAGQRFIOE9AE,Service_beiakklem1vi3j5fejt0,150,2,0.0051908989,0
1537385640,Prod-EcsStagingCluster-EcsCluster-1AAGQRFIOE9AE,Service_beiakklem1vi3j5fejt0,150,2,0.0052551556,0
1537428060,Prod-EcsStagingCluster-EcsCluster-1AAGQRFIOE9AE,Service_beiakklem1vi3j5fejt0,150,2,0.0054469716,0
1537392000,Prod-EcsStagingCluster-EcsCluster-1AAGQRFIOE9AE,Service_beiakklem1vi3j5fejt0,150,2,0.0053279336,0
1537415340,Prod-EcsStagingCluster-EcsCluster-1AAGQRFIOE9AE,Service_beiakklem1vi3j5fejt0,150,2,0.0057316056,0
1537391940,Prod-EcsStagingCluster-EcsCluster-1AAGQRFIOE9AE,Service_beiakklem1vi3j5fejt0,150,2,0.0064478729,0
1537366500,Prod-EcsStagingCluster-EcsCluster-1AAGQRFIOE9AE,Service_beiakklem1vi3j5fejt0,150,2,0.0053667008,0
1537417380,Prod-EcsStagingCluster-EcsCluster-1AAGQRFIOE9AE,Service_beiakklem1vi3j5fejt0,150,2,0.0059986255,0
1537389720,Prod-EcsStagingCluster-EcsCluster-1AAGQRFIOE9AE,Service_beiakklem1vi3j5fejt0,150,2,0.0053237654,0
1537364280,Prod-EcsStagingCluster-EcsCluster-1AAGQRFIOE9AE,Service_beiakklem1vi3j5fejt0,150,2,0.0043848466,0
1537370640,Prod-EcsStagingCluster-EcsCluster-1AAGQRFIOE9AE,Service_beiakklem1vi3j5fejt0,150,2,0.0051517509,0
1537415160,Prod-EcsStagingCluster-EcsCluster-1AAGQRFIOE9AE,Service_beiakklem1vi3j5fejt0,150,2,0.0057768514,0
1537396080,Prod-EcsStagingCluster-EcsCluster-1AAGQRFIOE9AE,Service_beiakklem1vi3j5fejt0,150,2,0.0067933989,0
1537373760,Prod-EcsStagingCluster-EcsCluster-1AAGQRFIOE9AE,Service_beiakklem1vi3j5fejt0,150,2,0.0054097405,0
1537393860,Prod-EcsStagingCluster-EcsCluster-1AAGQRFIOE9AE,Service_beiakklem1vi3j5fejt0,150,2,0.0052471329,0
1537424640,Prod-EcsStagingCluster-EcsCluster-1AAGQRFIOE9AE,Service_beiakklem1vi3j5fejt0,150,2,0.0051348091,0
1537368420,Prod-EcsStagingCluster-EcsCluster-1AAGQRFIOE9AE,Service_beiakklem1vi3j5fejt0,150,2,0.0052399619,0
1537372620,Prod-EcsStagingCluster-EcsCluster-1AAGQRFIOE9AE,Service_beiakklem1vi3j5fejt0,150,2,0.0054946627,0
1537419300,Prod-EcsStagingCluster-EcsCluster-1AAGQRFIOE9AE,Service_beiakklem1vi3j5fejt0,150,2,0.0063219797,0
1537385340,Prod-EcsStagingCluster-EcsCluster-1AAGQRFIOE9AE,Service_beiakklem1vi3j5fejt0,150,2,0.0054836129,0
1537352400,Prod-EcsStagingCluster-EcsCluster-1AAGQRFIOE9AE,Service_beiakklem1vi3j5fejt0,150,2,0.0059680855,0
1537423500,Prod-EcsStagingCluster-EcsCluster-1AAGQRFIOE9AE,Service_beiakklem1vi3j5fejt0,150,2,0.0038788364,0
1537347060,Prod-EcsStagingCluster-EcsCluster-1AAGQRFIOE9AE,Service_beiakklem1vi3j5fejt0,150,2,0.0056519745,0
1537377840,Prod-EcsStagingCluster-EcsCluster-1AAGQRFIOE9AE,Service_beiakklem1vi3j5fejt0,150,2,0.0056373389,0
1537397940,Prod-EcsStagingCluster-EcsCluster-1AAGQRFIOE9AE,Service_beiakklem1vi3j5fejt0,150,2,0.0053191965,0
1537428720,Prod-EcsStagingCluster-EcsCluster-1AAGQRFIOE9AE,Service_beiakklem1vi3j5fejt0,150,2,0.0052473184,0
1537369320,Prod-EcsStagingCluster-EcsCluster-1AAGQRFIOE9AE,Service_beiakklem1vi3j5fejt0,150,2,0.0053982165,0
1537403280,Prod-EcsStagingCluster-EcsCluster-1AAGQRFIOE9AE,Service_beiakklem1vi3j5fejt0,150,2,0.0058823340,0
1537420200,Prod-EcsStagingCluster-EcsCluster-1AAGQRFIOE9AE,Service_beiakklem1vi3j5fejt0,150,2,0.0049668144,0
1537373400,Prod-EcsStagingCluster-EcsCluster-1AAGQRFIOE9AE,Service_beiakklem1vi3j5fejt0,150,2,0.0057940643,0
1537347960,Prod-EcsStagingCluster-EcsCluster-1AAGQRFIOE9AE,Service_beiakklem1vi3j5fejt0,150,2,0.0071363734,0
1537381920,Prod-EcsStagingCluster-EcsCluster-1AAGQRFIOE9AE,Service_beiakklem1vi3j5fejt0,150,2,0.0056441835,0
1537398840,Prod-EcsStagingCluster-EcsCluster-1AAGQRFIOE9AE,Service_beiakklem1vi3j5fejt0,150,2,0.0054269970,0
1537393500,Prod-EcsStagingCluster-EcsCluster-1AAGQRFIOE9AE,Service_beiakklem1vi3j5fejt0,150,2,0.0053978479,0
1537424280,Prod-EcsStagingCluster-EcsCluster-1AAGQRFIOE9AE,Service_beiakklem1vi3j5fejt0,150,2,0.0051744090,0
1537380780,Prod-EcsStagingCluster-EcsCluster-1AAGQRFIOE9AE,Service_beiakklem1vi3j5fejt0,150,2,0.0061889191,0
1537431660,Prod-EcsStagingCluster-EcsCluster-1AAGQRFIOE9AE,Service_beiakklem1vi3j5fejt0,150,2,0.0051308095,0
1537377480,Prod-EcsStagingCluster-EcsCluster-1AAGQRFIOE9AE,Service_beiakklem1vi3j5fejt0,150,2,0.0053030828,0
1537355220,Prod-EcsStagingCluster-EcsCluster-1AAGQRFIOE9AE,Service_beiakklem1vi3j5fejt0,150,2,0.0058274131,0
1537361520,Prod-EcsStagingCluster-EcsCluster-1AAGQRFIOE9AE,Service_beiakklem1vi3j5fejt0,150,2,0.0053136114,0
1537406100,Prod-EcsStagingCluster-EcsCluster-1AAGQRFIOE9AE,Service_beiakklem1vi3j5fejt0,150,2,0.0057376509,0
1537412400,Prod-EcsStagingCluster-EcsCluster-1AAGQRFIOE9AE,Service_beiakklem1vi3j5fejt0,150,2,0.0053557297,0
1537353000,Prod-EcsStagingCluster-EcsCluster-1AAGQRFIOE9AE,Service_beiakklem1vi3j5fejt0,150,2,0.0054673948,0
1537386960,Prod-EcsStagingCluster-EcsCluster-1AAGQRFIOE9AE,Service_beiakklem1vi3j5fejt0,150,2,0.0038196410,0
1537403880,Prod-EcsStagingCluster-EcsCluster-1AAGQRFIOE9AE,Service_beiakklem1vi3j5fejt0,150,2,0.0050894762,0
1537359300,Prod-EcsStagingCluster-EcsCluster-1AAGQRFIOE9AE,Service_beiakklem1vi3j5fejt0,150,2,0.0054969921,0
1537410180,Prod-EcsStagingCluster-EcsCluster-1AAGQRFIOE9AE,Service_beiakklem1vi3j5fejt0,150,2,0.0054927240,0
1537350780,Prod-EcsStagingCluster-EcsCluster-1AAGQRFIOE9AE,Service_beiakklem1vi3j5fejt0,150,2,0.0053599358,0
1537384740,Prod-EcsStagingCluster-EcsCluster-1AAGQRFIOE9AE,Service_beiakklem1vi3j5fejt0,150,2,0.0054951171,0
1537401660,Prod-EcsStagingCluster-EcsCluster-1AAGQRFIOE9AE,Service_beiakklem1vi3j5fejt0,150,2,0.0040924826,0
1537365600,Prod-EcsStagingCluster-EcsCluster-1AAGQRFIOE9AE,Service_beiakklem1vi3j5fejt0,150,2,0.0041212943,0
1537388940,Prod-EcsStagingCluster-EcsCluster-1AAGQRFIOE9AE,Service_beiakklem1vi3j5fejt0,150,2,0.0060681553,0
1537416480,Prod-EcsStagingCluster-EcsCluster-1AAGQRFIOE9AE,Service_beiakklem1vi3j5fejt0,150,2,0.0054841110,0
1537357080,Prod-EcsStagingCluster-EcsCluster-1AAGQRFIOE9AE,Service_beiakklem1vi3j5fejt0,150,2,0.0062689662,0
1537407960,Prod-EcsStagingCluster-EcsCluster-1AAGQRFIOE9AE,Service_beiakklem1vi3j5fejt0,150,2,0.0091790351,0
1537382520,Prod-EcsStagingCluster-EcsCluster-1AAGQRFIOE9AE,Service_beiakklem1vi3j5fejt0,150,2,0.0051130927,0
1537363380,Prod-EcsStagingCluster-EcsCluster-1AAGQRFIOE9AE,Service_beiakklem1vi3j5fejt0,150,2,0.0056328159,0
1537414260,Prod-EcsStagingCluster-EcsCluster-1AAGQRFIOE9AE,Service_beiakklem1vi3j5fejt0,150,2,0.0043996929,0
1537361160,Prod-EcsStagingCluster-EcsCluster-1AAGQRFIOE9AE,Service_beiakklem1vi3j5fejt0,150,2,0.0051914466,0
1537412040,Prod-EcsStagingCluster-EcsCluster-1AAGQRFIOE9AE,Service_beiakklem1vi3j5fejt0,150,2,0.0055796692,0
1537346220,Prod-EcsStagingCluster-EcsCluster-1AAGQRFIOE9AE,Service_beiakklem1vi3j5fejt0,150,2,0.0056029043,0
1537358940,Prod-EcsStagingCluster-EcsCluster-1AAGQRFIOE9AE,Service_beiakklem1vi3j5fejt0,150,2,0.0055366826,0
1537397100,Prod-EcsStagingCluster-EcsCluster-1AAGQRFIOE9AE,Service_beiakklem1vi3j5fejt0,150,2,0.0057327390,0
1537360980,Prod-EcsStagingCluster-EcsCluster-1AAGQRFIOE9AE,Service_beiakklem1vi3j5fejt0,150,2,0.0059896677,0
1537354620,Prod-EcsStagingCluster-EcsCluster-1AAGQRFIOE9AE,Service_beiakklem1vi3j5fejt0,150,2,0.0055274053,0
1537425720,Prod-EcsStagingCluster-EcsCluster-1AAGQRFIOE9AE,Service_beiakklem1vi3j5fejt0,150,2,0.0052142101,0
1537347120,Prod-EcsStagingCluster-EcsCluster-1AAGQRFIOE9AE,Service_beiakklem1vi3j5fejt0,150,2,0.0055329824,0
1537405500,Prod-EcsStagingCluster-EcsCluster-1AAGQRFIOE9AE,Service_beiakklem1vi3j5fejt0,150,2,0.0052170549,0
1537411860,Prod-EcsStagingCluster-EcsCluster-1AAGQRFIOE9AE,Service_beiakklem1vi3j5fejt0,150,2,0.0055630196,0
1537391640,Prod-EcsStagingCluster-EcsCluster-1AAGQRFIOE9AE,Service_beiakklem1vi3j5fejt0,150,2,0.0052452619,0
1537398000,Prod-EcsStagingCluster-EcsCluster-1AAGQRFIOE9AE,Service_beiakklem1vi3j5fejt0,150,2,0.0057795067,0
1537371420,Prod-EcsStagingCluster-EcsCluster-1AAGQRFIOE9AE,Service_beiakklem1vi3j5fejt0,150,2,0.0055843720,0
1537377780,Prod-EcsStagingCluster-EcsCluster-1AAGQRFIOE9AE,Service_beiakklem1vi3j5fejt0,150,2,0.0055175203,0
1537360740,Prod-EcsStagingCluster-EcsCluster-1AAGQRFIOE9AE,Service_beiakklem1vi3j5fejt0,150,2,0.0040420861,0
1537428660,Prod-EcsStagingCluster-EcsCluster-1AAGQRFIOE9AE,Service_beiakklem1vi3j5fejt0,150,2,0.0053454556,0
1537422300,Prod-EcsStagingCluster-EcsCluster-1AAGQRFIOE9AE,Service_beiakklem1vi3j5fejt0,150,2,0.0039074602,0
1537346880,Prod-EcsStagingCluster-EcsCluster-1AAGQRFIOE9AE,Service_beiakklem1vi3j5fejt0,150,2,0.0052604589,0
1537411620,Prod-EcsStagingCluster-EcsCluster-1AAGQRFIOE9AE,Service_beiakklem1vi3j5fejt0,150,2,0.0053883215,0
1537397760,Prod-EcsStagingCluster-EcsCluster-1AAGQRFIOE9AE,Service_beiakklem1vi3j5fejt0,150,2,0.0052473539,0
1537391400,Prod-EcsStagingCluster-EcsCluster-1AAGQRFIOE9AE,Service_beiakklem1vi3j5fejt0,150,2,0.0050432058,0
1537345740,Prod-EcsStagingCluster-EcsCluster-1AAGQRFIOE9AE,Service_beiakklem1vi3j5fejt0,150,2,0.0055724911,0
1537396620,Prod-EcsStagingCluster-EcsCluster-1AAGQRFIOE9AE,Service_beiakklem1vi3j5fejt0,150,2,0.0056064651,0
1537377540,Prod-EcsStagingCluster-EcsCluster-1AAGQRFIOE9AE,Service_beiakklem1vi3j5fejt0,150,2,0.0053159365,0
1537357320,Prod-EcsStagingCluster-EcsCluster-1AAGQRFIOE9AE,Service_beiakklem1vi3j5fejt0,150,2,0.0055430084,0
1537428420,Prod-EcsStagingCluster-EcsCluster-1AAGQRFIOE9AE,Service_beiakklem1vi3j5fejt0,150,2,0.0053124495,0
1537375320,Prod-EcsStagingCluster-EcsCluster-1AAGQRFIOE9AE,Service_beiakklem1vi3j5fejt0,150,2,0.0053196169,0
1537381680,Prod-EcsStagingCluster-EcsCluster-1AAGQRFIOE9AE,Service_beiakklem1vi3j5fejt0,150,2,0.0054745751,0
1537426200,Prod-EcsStagingCluster-EcsCluster-1AAGQRFIOE9AE,Service_beiakklem1vi3j5fejt0,150,2,0.0053086110,0
1537362540,Prod-EcsStagingCluster-EcsCluster-1AAGQRFIOE9AE,Service_beiakklem1vi3j5fejt0,150,2,0.0056248860,0
1537413420,Prod-EcsStagingCluster-EcsCluster-1AAGQRFIOE9AE,Service_beiakklem1vi3j5fejt0,150,2,0.0052802377,0
1537370940,Prod-EcsStagingCluster-EcsCluster-1AAGQRFIOE9AE,Service_beiakklem1vi3j5fejt0,150,2,0.0053139748,0
1537377300,Prod-EcsStagingCluster-EcsCluster-1AAGQRFIOE9AE,Service_beiakklem1vi3j5fejt0,150,2,0.0049914792,0
1537421820,Prod-EcsStagingCluster-EcsCluster-1AAGQRFIOE9AE,Service_beiakklem1vi3j5fejt0,150,2,0.0052659625,0
1537428180,Prod-EcsStagingCluster-EcsCluster-1AAGQRFIOE9AE,Service_beiakklem1vi3j5fejt0,150,2,0.0052590221,0
1537381440,Prod-EcsStagingCluster-EcsCluster-1AAGQRFIOE9AE,Service_beiakklem1vi3j5fejt0,150,2,0.0051538650,0
1537375080,Prod-EcsStagingCluster-EcsCluster-1AAGQRFIOE9AE,Service_beiakklem1vi3j5fejt0,150,2,0.0056374336,0
1537387740,Prod-EcsStagingCluster-EcsCluster-1AAGQRFIOE9AE,Service_beiakklem1vi3j5fejt0,150,2,0.0065166520,0
1537394100,Prod-EcsStagingCluster-EcsCluster-1AAGQRFIOE9AE,Service_beiakklem1vi3j5fejt0,150,2,0.0051474520,0
1537425960,Prod-EcsStagingCluster-EcsCluster-1AAGQRFIOE9AE,Service_beiakklem1vi3j5fejt0,150,2,0.0052677621,0
1537377060,Prod-EcsStagingCluster-EcsCluster-1AAGQRFIOE9AE,Service_beiakklem1vi3j5fejt0,150,2,0.0053277982,0
1537347360,Prod-EcsStagingCluster-EcsCluster-1AAGQRFIOE9AE,Service_beiakklem1vi3j5fejt0,150,2,0.0057004604,0
1537391880,Prod-EcsStagingCluster-EcsCluster-1AAGQRFIOE9AE,Service_beiakklem1vi3j5fejt0,150,2,0.0050632144,0
1537398240,Prod-EcsStagingCluster-EcsCluster-1AAGQRFIOE9AE,Service_beiakklem1vi3j5fejt0,150,2,0.0053739631,0
1537427940,Prod-EcsStagingCluster-EcsCluster-1AAGQRFIOE9AE,Service_beiakklem1vi3j5fejt0,150,2,0.0055556185,0
1537374840,Prod-EcsStagingCluster-EcsCluster-1AAGQRFIOE9AE,Service_beiakklem1vi3j5fejt0,150,2,0.0055594603,0
1537381200,Prod-EcsStagingCluster-EcsCluster-1AAGQRFIOE9AE,Service_beiakklem1vi3j5fejt0,150,2,0.0054190600,0
1537396020,Prod-EcsStagingCluster-EcsCluster-1AAGQRFIOE9AE,Service_beiakklem1vi3j5fejt0,150,2,0.0055649586,0
1537414080,Prod-EcsStagingCluster-EcsCluster-1AAGQRFIOE9AE,Service_beiakklem1vi3j5fejt0,150,2,0.0041607867,0
1537362060,Prod-EcsStagingCluster-EcsCluster-1AAGQRFIOE9AE,Service_beiakklem1vi3j5fejt0,150,2,0.0055008109,0
1537378980,Prod-EcsStagingCluster-EcsCluster-1AAGQRFIOE9AE,Service_beiakklem1vi3j5fejt0,150,2,0.0042961344,0
1537412940,Prod-EcsStagingCluster-EcsCluster-1AAGQRFIOE9AE,Service_beiakklem1vi3j5fejt0,150,2,0.0057570853,0
1537380000,Prod-EcsStagingCluster-EcsCluster-1AAGQRFIOE9AE,Service_beiakklem1vi3j5fejt0,150,2,0.0053965358,0
1537358760,Prod-EcsStagingCluster-EcsCluster-1AAGQRFIOE9AE,Service_beiakklem1vi3j5fejt0,150,2,0.0054772383,0
1537429860,Prod-EcsStagingCluster-EcsCluster-1AAGQRFIOE9AE,Service_beiakklem1vi3j5fejt0,150,2,0.0052823814,0
1537362960,Prod-EcsStagingCluster-EcsCluster-1AAGQRFIOE9AE,Service_beiakklem1vi3j5fejt0,150,2,0.0053658679,0
1537430880,Prod-EcsStagingCluster-EcsCluster-1AAGQRFIOE9AE,Service_beiakklem1vi3j5fejt0,150,2,0.0053602305,0
1537378860,Prod-EcsStagingCluster-EcsCluster-1AAGQRFIOE9AE,Service_beiakklem1vi3j5fejt0,150,2,0.0042549972,0
1537409640,Prod-EcsStagingCluster-EcsCluster-1AAGQRFIOE9AE,Service_beiakklem1vi3j5fejt0,150,2,0.0051704437,0
1537413840,Prod-EcsStagingCluster-EcsCluster-1AAGQRFIOE9AE,Service_beiakklem1vi3j5fejt0,150,2,0.0043710332,0
1537429740,Prod-EcsStagingCluster-EcsCluster-1AAGQRFIOE9AE,Service_beiakklem1vi3j5fejt0,150,2,0.0051100295,0
1537395780,Prod-EcsStagingCluster-EcsCluster-1AAGQRFIOE9AE,Service_beiakklem1vi3j5fejt0,150,2,0.0059342697,0
1537375560,Prod-EcsStagingCluster-EcsCluster-1AAGQRFIOE9AE,Service_beiakklem1vi3j5fejt0,150,2,0.0057793169,0
1537387260,Prod-EcsStagingCluster-EcsCluster-1AAGQRFIOE9AE,Service_beiakklem1vi3j5fejt0,150,2,0.0037705435,0
1537358520,Prod-EcsStagingCluster-EcsCluster-1AAGQRFIOE9AE,Service_beiakklem1vi3j5fejt0,150,2,0.0053877199,0
1537426440,Prod-EcsStagingCluster-EcsCluster-1AAGQRFIOE9AE,Service_beiakklem1vi3j5fejt0,150,2,0.0055127990,0
1537379760,Prod-EcsStagingCluster-EcsCluster-1AAGQRFIOE9AE,Service_beiakklem1vi3j5fejt0,150,2,0.0058446750,0
1537353180,Prod-EcsStagingCluster-EcsCluster-1AAGQRFIOE9AE,Service_beiakklem1vi3j5fejt0,150,2,0.0055270566,0
1537430640,Prod-EcsStagingCluster-EcsCluster-1AAGQRFIOE9AE,Service_beiakklem1vi3j5fejt0,150,2,0.0057282669,0
1537409400,Prod-EcsStagingCluster-EcsCluster-1AAGQRFIOE9AE,Service_beiakklem1vi3j5fejt0,150,2,0.0057507453,0
1537404060,Prod-EcsStagingCluster-EcsCluster-1AAGQRFIOE9AE,Service_beiakklem1vi3j5fejt0,150,2,0.0052266834,0
1537395540,Prod-EcsStagingCluster-EcsCluster-1AAGQRFIOE9AE,Service_beiakklem1vi3j5fejt0,150,2,0.0055172070,0
1537363680,Prod-EcsStagingCluster-EcsCluster-1AAGQRFIOE9AE,Service_beiakklem1vi3j5fejt0,150,2,0.0056678549,0
1537414560,Prod-EcsStagingCluster-EcsCluster-1AAGQRFIOE9AE,Service_beiakklem1vi3j5fejt0,150,2,0.0041372481,0
1537346640,Prod-EcsStagingCluster-EcsCluster-1AAGQRFIOE9AE,Service_beiakklem1vi3j5fejt0,150,2,0.0068004014,0
1537393320,Prod-EcsStagingCluster-EcsCluster-1AAGQRFIOE9AE,Service_beiakklem1vi3j5fejt0,150,2,0.0053120039,0
1537397520,Prod-EcsStagingCluster-EcsCluster-1AAGQRFIOE9AE,Service_beiakklem1vi3j5fejt0,150,2,0.0052935309,0
1537361460,Prod-EcsStagingCluster-EcsCluster-1AAGQRFIOE9AE,Service_beiakklem1vi3j5fejt0,150,2,0.0054415369,0
1537378380,Prod-EcsStagingCluster-EcsCluster-1AAGQRFIOE9AE,Service_beiakklem1vi3j5fejt0,150,2,0.0056658172,0
1537412340,Prod-EcsStagingCluster-EcsCluster-1AAGQRFIOE9AE,Service_beiakklem1vi3j5fejt0,150,2,0.0052795147,0
1537359240,Prod-EcsStagingCluster-EcsCluster-1AAGQRFIOE9AE,Service_beiakklem1vi3j5fejt0,150,2,0.0054246310,0
1537395300,Prod-EcsStagingCluster-EcsCluster-1AAGQRFIOE9AE,Service_beiakklem1vi3j5fejt0,150,2,0.0054199054,0
1537429260,Prod-EcsStagingCluster-EcsCluster-1AAGQRFIOE9AE,Service_beiakklem1vi3j5fejt0,150,2,0.0055171341,0
1537410120,Prod-EcsStagingCluster-EcsCluster-1AAGQRFIOE9AE,Service_beiakklem1vi3j5fejt0,150,2,0.0055555616,0
1537363440,Prod-EcsStagingCluster-EcsCluster-1AAGQRFIOE9AE,Service_beiakklem1vi3j5fejt0,150,2,0.0058785994,0
1537393080,Prod-EcsStagingCluster-EcsCluster-1AAGQRFIOE9AE,Service_beiakklem1vi3j5fejt0,150,2,0.0051808634,0
1537414320,Prod-EcsStagingCluster-EcsCluster-1AAGQRFIOE9AE,Service_beiakklem1vi3j5fejt0,150,2,0.0042550365,0
1537361220,Prod-EcsStagingCluster-EcsCluster-1AAGQRFIOE9AE,Service_beiakklem1vi3j5fejt0,150,2,0.0055043712,0
1537395180,Prod-EcsStagingCluster-EcsCluster-1AAGQRFIOE9AE,Service_beiakklem1vi3j5fejt0,150,2,0.0056709750,0
1537412100,Prod-EcsStagingCluster-EcsCluster-1AAGQRFIOE9AE,Service_beiakklem1vi3j5fejt0,150,2,0.0051229999,0
1537352700,Prod-EcsStagingCluster-EcsCluster-1AAGQRFIOE9AE,Service_beiakklem1vi3j5fejt0,150,2,0.0056875869,0
1537403580,Prod-EcsStagingCluster-EcsCluster-1AAGQRFIOE9AE,Service_beiakklem1vi3j5fejt0,150,2,0.0047085961,1
1537359000,Prod-EcsStagingCluster-EcsCluster-1AAGQRFIOE9AE,Service_beiakklem1vi3j5fejt0,150,2,0.0056471879,0
1537363200,Prod-EcsStagingCluster-EcsCluster-1AAGQRFIOE9AE,Service_beiakklem1vi3j5fejt0,150,2,0.0053865838,0
1537409880,Prod-EcsStagingCluster-EcsCluster-1AAGQRFIOE9AE,Service_beiakklem1vi3j5fejt0,150,2,0.0060012412,0
1537375860,Prod-EcsStagingCluster-EcsCluster-1AAGQRFIOE9AE,Service_beiakklem1vi3j5fejt0,150,2,0.0053096872,0
1537363140,Prod-EcsStagingCluster-EcsCluster-1AAGQRFIOE9AE,Service_beiakklem1vi3j5fejt0,150,2,0.0052651970,0
1537414020,Prod-EcsStagingCluster-EcsCluster-1AAGQRFIOE9AE,Service_beiakklem1vi3j5fejt0,150,2,0.0043178410,0
1537426740,Prod-EcsStagingCluster-EcsCluster-1AAGQRFIOE9AE,Service_beiakklem1vi3j5fejt0,150,2,0.0055067864,0
1537376760,Prod-EcsStagingCluster-EcsCluster-1AAGQRFIOE9AE,Service_beiakklem1vi3j5fejt0,150,2,0.0055478311,0
1537383120,Prod-EcsStagingCluster-EcsCluster-1AAGQRFIOE9AE,Service_beiakklem1vi3j5fejt0,150,2,0.0050929087,0
1537389480,Prod-EcsStagingCluster-EcsCluster-1AAGQRFIOE9AE,Service_beiakklem1vi3j5fejt0,150,2,0.0051033007,0
1537395840,Prod-EcsStagingCluster-EcsCluster-1AAGQRFIOE9AE,Service_beiakklem1vi3j5fejt0,150,2,0.0054063459,0
1537356540,Prod-EcsStagingCluster-EcsCluster-1AAGQRFIOE9AE,Service_beiakklem1vi3j5fejt0,150,2,0.0055513195,0
1537427640,Prod-EcsStagingCluster-EcsCluster-1AAGQRFIOE9AE,Service_beiakklem1vi3j5fejt0,150,2,0.0056702934,0
1537394700,Prod-EcsStagingCluster-EcsCluster-1AAGQRFIOE9AE,Service_beiakklem1vi3j5fejt0,150,2,0.0054813460,0
1537355400,Prod-EcsStagingCluster-EcsCluster-1AAGQRFIOE9AE,Service_beiakklem1vi3j5fejt0,150,2,0.0054540700,0
1537349040,Prod-EcsStagingCluster-EcsCluster-1AAGQRFIOE9AE,Service_beiakklem1vi3j5fejt0,150,2,0.0056904128,0
1537361760,Prod-EcsStagingCluster-EcsCluster-1AAGQRFIOE9AE,Service_beiakklem1vi3j5fejt0,150,2,0.0055132954,0
1537407420,Prod-EcsStagingCluster-EcsCluster-1AAGQRFIOE9AE,Service_beiakklem1vi3j5fejt0,150,2,0.0052707110,0
1537412640,Prod-EcsStagingCluster-EcsCluster-1AAGQRFIOE9AE,Service_beiakklem1vi3j5fejt0,150,2,0.0058368146,0
1537393560,Prod-EcsStagingCluster-EcsCluster-1AAGQRFIOE9AE,Service_beiakklem1vi3j5fejt0,150,2,0.0057228522,0
1537399920,Prod-EcsStagingCluster-EcsCluster-1AAGQRFIOE9AE,Service_beiakklem1vi3j5fejt0,150,2,0.0053095235,0
1537406280,Prod-EcsStagingCluster-EcsCluster-1AAGQRFIOE9AE,Service_beiakklem1vi3j5fejt0,150,2,0.0053498951,0
1537373340,Prod-EcsStagingCluster-EcsCluster-1AAGQRFIOE9AE,Service_beiakklem1vi3j5fejt0,150,2,0.0054956028,0
1537360620,Prod-EcsStagingCluster-EcsCluster-1AAGQRFIOE9AE,Service_beiakklem1vi3j5fejt0,150,2,0.0037665518,0
1537362660,Prod-EcsStagingCluster-EcsCluster-1AAGQRFIOE9AE,Service_beiakklem1vi3j5fejt0,150,2,0.0055444748,0
1537411500,Prod-EcsStagingCluster-EcsCluster-1AAGQRFIOE9AE,Service_beiakklem1vi3j5fejt0,150,2,0.0060065730,4
1537424220,Prod-EcsStagingCluster-EcsCluster-1AAGQRFIOE9AE,Service_beiakklem1vi3j5fejt0,150,2,0.0051081298,0
1537375380,Prod-EcsStagingCluster-EcsCluster-1AAGQRFIOE9AE,Service_beiakklem1vi3j5fejt0,150,2,0.0067240362,0
1537413540,Prod-EcsStagingCluster-EcsCluster-1AAGQRFIOE9AE,Service_beiakklem1vi3j5fejt0,150,2,0.0054686017,0
1537360440,Prod-EcsStagingCluster-EcsCluster-1AAGQRFIOE9AE,Service_beiakklem1vi3j5fejt0,150,2,0.0040581954,0
1537426260,Prod-EcsStagingCluster-EcsCluster-1AAGQRFIOE9AE,Service_beiakklem1vi3j5fejt0,150,2,0.0052983151,0
1537379520,Prod-EcsStagingCluster-EcsCluster-1AAGQRFIOE9AE,Service_beiakklem1vi3j5fejt0,150,2,0.0044005629,0
1537373160,Prod-EcsStagingCluster-EcsCluster-1AAGQRFIOE9AE,Service_beiakklem1vi3j5fejt0,150,2,0.0054133053,0
1537366800,Prod-EcsStagingCluster-EcsCluster-1AAGQRFIOE9AE,Service_beiakklem1vi3j5fejt0,150,2,0.0056363647,0
1537411320,Prod-EcsStagingCluster-EcsCluster-1AAGQRFIOE9AE,Service_beiakklem1vi3j5fejt0,150,2,0.0056072586,0
1537417680,Prod-EcsStagingCluster-EcsCluster-1AAGQRFIOE9AE,Service_beiakklem1vi3j5fejt0,150,2,0.0062325608,0
1537392180,Prod-EcsStagingCluster-EcsCluster-1AAGQRFIOE9AE,Service_beiakklem1vi3j5fejt0,150,2,0.0051267491,1
1537379460,Prod-EcsStagingCluster-EcsCluster-1AAGQRFIOE9AE,Service_beiakklem1vi3j5fejt0,150,2,0.0042377264,0
1537424040,Prod-EcsStagingCluster-EcsCluster-1AAGQRFIOE9AE,Service_beiakklem1vi3j5fejt0,150,2,0.0052091348,0
1537430400,Prod-EcsStagingCluster-EcsCluster-1AAGQRFIOE9AE,Service_beiakklem1vi3j5fejt0,150,2,0.0053398448,0
1537430340,Prod-EcsStagingCluster-EcsCluster-1AAGQRFIOE9AE,Service_beiakklem1vi3j5fejt0,150,2,0.0054226427,0
1537345440,Prod-EcsStagingCluster-EcsCluster-1AAGQRFIOE9AE,Service_beiakklem1vi3j5fejt0,150,2,0.0055030681,0
1537389960,Prod-EcsStagingCluster-EcsCluster-1AAGQRFIOE9AE,Service_beiakklem1vi3j5fejt0,150,2,0.0051905062,0
1537396320,Prod-EcsStagingCluster-EcsCluster-1AAGQRFIOE9AE,Service_beiakklem1vi3j5fejt0,150,2,0.0060307564,0
1537377240,Prod-EcsStagingCluster-EcsCluster-1AAGQRFIOE9AE,Service_beiakklem1vi3j5fejt0,150,2,0.0051550891,0
1537383600,Prod-EcsStagingCluster-EcsCluster-1AAGQRFIOE9AE,Service_beiakklem1vi3j5fejt0,150,2,0.0068132475,0
1537428120,Prod-EcsStagingCluster-EcsCluster-1AAGQRFIOE9AE,Service_beiakklem1vi3j5fejt0,150,2,0.0068580231,0
1537360140,Prod-EcsStagingCluster-EcsCluster-1AAGQRFIOE9AE,Service_beiakklem1vi3j5fejt0,150,2,0.0039339409,0
1537372860,Prod-EcsStagingCluster-EcsCluster-1AAGQRFIOE9AE,Service_beiakklem1vi3j5fejt0,150,2,0.0053645963,0
1537411020,Prod-EcsStagingCluster-EcsCluster-1AAGQRFIOE9AE,Service_beiakklem1vi3j5fejt0,150,2,0.0055873708,0
1537423740,Prod-EcsStagingCluster-EcsCluster-1AAGQRFIOE9AE,Service_beiakklem1vi3j5fejt0,150,2,0.0066551338,0
1537389660,Prod-EcsStagingCluster-EcsCluster-1AAGQRFIOE9AE,Service_beiakklem1vi3j5fejt0,150,2,0.0052943857,0
1537376940,Prod-EcsStagingCluster-EcsCluster-1AAGQRFIOE9AE,Service_beiakklem1vi3j5fejt0,150,2,0.0060941338,0
1537407720,Prod-EcsStagingCluster-EcsCluster-1AAGQRFIOE9AE,Service_beiakklem1vi3j5fejt0,150,2,0.0070985177,0
1537427820,Prod-EcsStagingCluster-EcsCluster-1AAGQRFIOE9AE,Service_beiakklem1vi3j5fejt0,150,2,0.0053208313,0
1537373640,Prod-EcsStagingCluster-EcsCluster-1AAGQRFIOE9AE,Service_beiakklem1vi3j5fejt0,150,2,0.0052075791,0
1537360920,Prod-EcsStagingCluster-EcsCluster-1AAGQRFIOE9AE,Service_beiakklem1vi3j5fejt0,150,2,0.0043570489,0
1537411800,Prod-EcsStagingCluster-EcsCluster-1AAGQRFIOE9AE,Service_beiakklem1vi3j5fejt0,150,2,0.0054374955,0
1537424520,Prod-EcsStagingCluster-EcsCluster-1AAGQRFIOE9AE,Service_beiakklem1vi3j5fejt0,150,2,0.0055832943,0
1537380900,Prod-EcsStagingCluster-EcsCluster-1AAGQRFIOE9AE,Service_beiakklem1vi3j5fejt0,150,2,0.0055276558,0
1537393620,Prod-EcsStagingCluster-EcsCluster-1AAGQRFIOE9AE,Service_beiakklem1vi3j5fejt0,150,2,0.0052631191,0
1537346820,Prod-EcsStagingCluster-EcsCluster-1AAGQRFIOE9AE,Service_beiakklem1vi3j5fejt0,150,2,0.0056565886,0
1537359540,Prod-EcsStagingCluster-EcsCluster-1AAGQRFIOE9AE,Service_beiakklem1vi3j5fejt0,150,2,0.0049278592,0
1537364880,Prod-EcsStagingCluster-EcsCluster-1AAGQRFIOE9AE,Service_beiakklem1vi3j5fejt0,150,2,0.0039959808,0
1537377600,Prod-EcsStagingCluster-EcsCluster-1AAGQRFIOE9AE,Service_beiakklem1vi3j5fejt0,150,2,0.0056768878,0
1537415760,Prod-EcsStagingCluster-EcsCluster-1AAGQRFIOE9AE,Service_beiakklem1vi3j5fejt0,150,2,0.0051918843,0
1537376460,Prod-EcsStagingCluster-EcsCluster-1AAGQRFIOE9AE,Service_beiakklem1vi3j5fejt0,150,2,0.0055501017,0
1537410420,Prod-EcsStagingCluster-EcsCluster-1AAGQRFIOE9AE,Service_beiakklem1vi3j5fejt0,150,2,0.0056281263,0
1537397700,Prod-EcsStagingCluster-EcsCluster-1AAGQRFIOE9AE,Service_beiakklem1vi3j5fejt0,150,2,0.0056008062,0
1537428480,Prod-EcsStagingCluster-EcsCluster-1AAGQRFIOE9AE,Service_beiakklem1vi3j5fejt0,150,2,0.0063771846,0
1537389180,Prod-EcsStagingCluster-EcsCluster-1AAGQRFIOE9AE,Service_beiakklem1vi3j5fejt0,150,2,0.0059487452,0
1537427340,Prod-EcsStagingCluster-EcsCluster-1AAGQRFIOE9AE,Service_beiakklem1vi3j5fejt0,150,2,0.0051643774,0
1537408200,Prod-EcsStagingCluster-EcsCluster-1AAGQRFIOE9AE,Service_beiakklem1vi3j5fejt0,150,2,0.0056459968,0
1537395480,Prod-EcsStagingCluster-EcsCluster-1AAGQRFIOE9AE,Service_beiakklem1vi3j5fejt0,150,2,0.0081074649,0
1537355100,Prod-EcsStagingCluster-EcsCluster-1AAGQRFIOE9AE,Service_beiakklem1vi3j5fejt0,150,2,0.0060191124,0
1537393260,Prod-EcsStagingCluster-EcsCluster-1AAGQRFIOE9AE,Service_beiakklem1vi3j5fejt0,150,2,0.0051555513,0
1537405980,Prod-EcsStagingCluster-EcsCluster-1AAGQRFIOE9AE,Service_beiakklem1vi3j5fejt0,150,2,0.0053548478,0
1537361280,Prod-EcsStagingCluster-EcsCluster-1AAGQRFIOE9AE,Service_beiakklem1vi3j5fejt0,150,2,0.0054531735,0
1537348560,Prod-EcsStagingCluster-EcsCluster-1AAGQRFIOE9AE,Service_beiakklem1vi3j5fejt0,150,2,0.0054532807,0
1537399440,Prod-EcsStagingCluster-EcsCluster-1AAGQRFIOE9AE,Service_beiakklem1vi3j5fejt0,150,2,0.0055523949,0
1537412160,Prod-EcsStagingCluster-EcsCluster-1AAGQRFIOE9AE,Service_beiakklem1vi3j5fejt0,150,2,0.0053769774,0
1537359060,Prod-EcsStagingCluster-EcsCluster-1AAGQRFIOE9AE,Service_beiakklem1vi3j5fejt0,150,2,0.0054222182,0
1537346340,Prod-EcsStagingCluster-EcsCluster-1AAGQRFIOE9AE,Service_beiakklem1vi3j5fejt0,150,2,0.0054780571,0
1537397220,Prod-EcsStagingCluster-EcsCluster-1AAGQRFIOE9AE,Service_beiakklem1vi3j5fejt0,150,2,0.0053666844,0
1537378080,Prod-EcsStagingCluster-EcsCluster-1AAGQRFIOE9AE,Service_beiakklem1vi3j5fejt0,150,2,0.0051549186,0
1537365360,Prod-EcsStagingCluster-EcsCluster-1AAGQRFIOE9AE,Service_beiakklem1vi3j5fejt0,150,2,0.0040949752,0
1537409940,Prod-EcsStagingCluster-EcsCluster-1AAGQRFIOE9AE,Service_beiakklem1vi3j5fejt0,150,2,0.0067148451,0
1537356840,Prod-EcsStagingCluster-EcsCluster-1AAGQRFIOE9AE,Service_beiakklem1vi3j5fejt0,150,2,0.0056067653,0
1537395000,Prod-EcsStagingCluster-EcsCluster-1AAGQRFIOE9AE,Service_beiakklem1vi3j5fejt0,150,2,0.0057700862,0
1537428960,Prod-EcsStagingCluster-EcsCluster-1AAGQRFIOE9AE,Service_beiakklem1vi3j5fejt0,150,2,0.0052717043,0
1537416240,Prod-EcsStagingCluster-EcsCluster-1AAGQRFIOE9AE,Service_beiakklem1vi3j5fejt0,150,2,0.0055533062,0
1537410720,Prod-EcsStagingCluster-EcsCluster-1AAGQRFIOE9AE,Service_beiakklem1vi3j5fejt0,150,2,0.0056287918,0
1537401180,Prod-EcsStagingCluster-EcsCluster-1AAGQRFIOE9AE,Service_beiakklem1vi3j5fejt0,150,2,0.0028078911,0
1537404360,Prod-EcsStagingCluster-EcsCluster-1AAGQRFIOE9AE,Service_beiakklem1vi3j5fejt0,150,2,0.0058183458,0
1537407540,Prod-EcsStagingCluster-EcsCluster-1AAGQRFIOE9AE,Service_beiakklem1vi3j5fejt0,150,2,0.0059692001,0
1537368240,Prod-EcsStagingCluster-EcsCluster-1AAGQRFIOE9AE,Service_beiakklem1vi3j5fejt0,150,2,0.0061363277,0
1537358700,Prod-EcsStagingCluster-EcsCluster-1AAGQRFIOE9AE,Service_beiakklem1vi3j5fejt0,150,2,0.0057690821,0
1537361880,Prod-EcsStagingCluster-EcsCluster-1AAGQRFIOE9AE,Service_beiakklem1vi3j5fejt0,150,2,0.0056121145,22
1537365060,Prod-EcsStagingCluster-EcsCluster-1AAGQRFIOE9AE,Service_beiakklem1vi3j5fejt0,150,2,0.0041020622,0
1537426620,Prod-EcsStagingCluster-EcsCluster-1AAGQRFIOE9AE,Service_beiakklem1vi3j5fejt0,150,2,0.0051439406,0
1537429800,Prod-EcsStagingCluster-EcsCluster-1AAGQRFIOE9AE,Service_beiakklem1vi3j5fejt0,150,2,0.0055261914,0
1537393680,Prod-EcsStagingCluster-EcsCluster-1AAGQRFIOE9AE,Service_beiakklem1vi3j5fejt0,150,2,0.0055911112,0
1537384140,Prod-EcsStagingCluster-EcsCluster-1AAGQRFIOE9AE,Service_beiakklem1vi3j5fejt0,150,2,0.0039163304,0
1537387320,Prod-EcsStagingCluster-EcsCluster-1AAGQRFIOE9AE,Service_beiakklem1vi3j5fejt0,150,2,0.0038088639,0
1537390500,Prod-EcsStagingCluster-EcsCluster-1AAGQRFIOE9AE,Service_beiakklem1vi3j5fejt0,150,2,0.0053226559,0
1537358460,Prod-EcsStagingCluster-EcsCluster-1AAGQRFIOE9AE,Service_beiakklem1vi3j5fejt0,150,2,0.0039500959,0
1537361640,Prod-EcsStagingCluster-EcsCluster-1AAGQRFIOE9AE,Service_beiakklem1vi3j5fejt0,150,2,0.0055024321,0
1537364820,Prod-EcsStagingCluster-EcsCluster-1AAGQRFIOE9AE,Service_beiakklem1vi3j5fejt0,150,2,0.0040187116,0
1537368000,Prod-EcsStagingCluster-EcsCluster-1AAGQRFIOE9AE,Service_beiakklem1vi3j5fejt0,150,2,0.0048964594,0
1537368960,Prod-EcsStagingCluster-EcsCluster-1AAGQRFIOE9AE,Service_beiakklem1vi3j5fejt0,150,2,0.0052799423,0
1537362600,Prod-EcsStagingCluster-EcsCluster-1AAGQRFIOE9AE,Service_beiakklem1vi3j5fejt0,150,2,0.0057267012,0
1537417740,Prod-EcsStagingCluster-EcsCluster-1AAGQRFIOE9AE,Service_beiakklem1vi3j5fejt0,150,2,0.0055878496,0
1537392300,Prod-EcsStagingCluster-EcsCluster-1AAGQRFIOE9AE,Service_beiakklem1vi3j5fejt0,150,2,0.0062803913,0
1537398660,Prod-EcsStagingCluster-EcsCluster-1AAGQRFIOE9AE,Service_beiakklem1vi3j5fejt0,150,2,0.0064392011,0
1537424100,Prod-EcsStagingCluster-EcsCluster-1AAGQRFIOE9AE,Service_beiakklem1vi3j5fejt0,150,2,0.0052626745,0
1537396440,Prod-EcsStagingCluster-EcsCluster-1AAGQRFIOE9AE,Service_beiakklem1vi3j5fejt0,150,2,0.0053059591,0
1537402800,Prod-EcsStagingCluster-EcsCluster-1AAGQRFIOE9AE,Service_beiakklem1vi3j5fejt0,150,2,0.0057775250,0
1537421880,Prod-EcsStagingCluster-EcsCluster-1AAGQRFIOE9AE,Service_beiakklem1vi3j5fejt0,150,2,0.0059437300,0
1537428240,Prod-EcsStagingCluster-EcsCluster-1AAGQRFIOE9AE,Service_beiakklem1vi3j5fejt0,150,2,0.0053214210,0
1537372980,Prod-EcsStagingCluster-EcsCluster-1AAGQRFIOE9AE,Service_beiakklem1vi3j5fejt0,150,2,0.0059692017,0
1537366620,Prod-EcsStagingCluster-EcsCluster-1AAGQRFIOE9AE,Service_beiakklem1vi3j5fejt0,150,2,0.0051136785,0
1537398420,Prod-EcsStagingCluster-EcsCluster-1AAGQRFIOE9AE,Service_beiakklem1vi3j5fejt0,150,2,0.0050848805,0
1537392060,Prod-EcsStagingCluster-EcsCluster-1AAGQRFIOE9AE,Service_beiakklem1vi3j5fejt0,150,2,0.0053622864,0
1537355940,Prod-EcsStagingCluster-EcsCluster-1AAGQRFIOE9AE,Service_beiakklem1vi3j5fejt0,150,2,0.0054583214,0
1537349580,Prod-EcsStagingCluster-EcsCluster-1AAGQRFIOE9AE,Service_beiakklem1vi3j5fejt0,150,2,0.0055791838,0
1537370760,Prod-EcsStagingCluster-EcsCluster-1AAGQRFIOE9AE,Service_beiakklem1vi3j5fejt0,150,2,0.0052006632,0
1537377120,Prod-EcsStagingCluster-EcsCluster-1AAGQRFIOE9AE,Service_beiakklem1vi3j5fejt0,150,2,0.0055646283,0
1537396200,Prod-EcsStagingCluster-EcsCluster-1AAGQRFIOE9AE,Service_beiakklem1vi3j5fejt0,150,2,0.0056880959,0
1537402560,Prod-EcsStagingCluster-EcsCluster-1AAGQRFIOE9AE,Service_beiakklem1vi3j5fejt0,150,2,0.0057122533,0
1537425900,Prod-EcsStagingCluster-EcsCluster-1AAGQRFIOE9AE,Service_beiakklem1vi3j5fejt0,150,2,0.0055009768,0
1537353720,Prod-EcsStagingCluster-EcsCluster-1AAGQRFIOE9AE,Service_beiakklem1vi3j5fejt0,150,2,0.0054608329,0
1537360080,Prod-EcsStagingCluster-EcsCluster-1AAGQRFIOE9AE,Service_beiakklem1vi3j5fejt0,150,2,0.0040995873,0
1537430040,Prod-EcsStagingCluster-EcsCluster-1AAGQRFIOE9AE,Service_beiakklem1vi3j5fejt0,150,2,0.0055327992,0
1537409760,Prod-EcsStagingCluster-EcsCluster-1AAGQRFIOE9AE,Service_beiakklem1vi3j5fejt0,150,2,0.0057429762,0
1537400220,Prod-EcsStagingCluster-EcsCluster-1AAGQRFIOE9AE,Service_beiakklem1vi3j5fejt0,150,2,0.0044454455,0
1537431000,Prod-EcsStagingCluster-EcsCluster-1AAGQRFIOE9AE,Service_beiakklem1vi3j5fejt0,150,2,0.0054910994,0
1537367280,Prod-EcsStagingCluster-EcsCluster-1AAGQRFIOE9AE,Service_beiakklem1vi3j5fejt0,150,2,0.0054038546,0
1537357740,Prod-EcsStagingCluster-EcsCluster-1AAGQRFIOE9AE,Service_beiakklem1vi3j5fejt0,150,2,0.0041079033,0
1537425660,Prod-EcsStagingCluster-EcsCluster-1AAGQRFIOE9AE,Service_beiakklem1vi3j5fejt0,150,2,0.0054927419,0
1537392720,Prod-EcsStagingCluster-EcsCluster-1AAGQRFIOE9AE,Service_beiakklem1vi3j5fejt0,150,2,0.0052782905,0
1537383180,Prod-EcsStagingCluster-EcsCluster-1AAGQRFIOE9AE,Service_beiakklem1vi3j5fejt0,150,2,0.0055341487,0
1537408500,Prod-EcsStagingCluster-EcsCluster-1AAGQRFIOE9AE,Service_beiakklem1vi3j5fejt0,150,2,0.0068340974,0
1537405320,Prod-EcsStagingCluster-EcsCluster-1AAGQRFIOE9AE,Service_beiakklem1vi3j5fejt0,150,2,0.0052329693,0
1537366020,Prod-EcsStagingCluster-EcsCluster-1AAGQRFIOE9AE,Service_beiakklem1vi3j5fejt0,150,2,0.0059347116,0
1537362840,Prod-EcsStagingCluster-EcsCluster-1AAGQRFIOE9AE,Service_beiakklem1vi3j5fejt0,150,2,0.0053430151,0
1537430760,Prod-EcsStagingCluster-EcsCluster-1AAGQRFIOE9AE,Service_beiakklem1vi3j5fejt0,150,2,0.0054641132,0
1537357500,Prod-EcsStagingCluster-EcsCluster-1AAGQRFIOE9AE,Service_beiakklem1vi3j5fejt0,150,2,0.0055621166,0
1537367040,Prod-EcsStagingCluster-EcsCluster-1AAGQRFIOE9AE,Service_beiakklem1vi3j5fejt0,150,2,0.0056741108,0
1537388280,Prod-EcsStagingCluster-EcsCluster-1AAGQRFIOE9AE,Service_beiakklem1vi3j5fejt0,150,2,0.0058033309,0
1537391460,Prod-EcsStagingCluster-EcsCluster-1AAGQRFIOE9AE,Service_beiakklem1vi3j5fejt0,150,2,0.0050301970,0
1537391340,Prod-EcsStagingCluster-EcsCluster-1AAGQRFIOE9AE,Service_beiakklem1vi3j5fejt0,150,2,0.0055752188,0
1537416780,Prod-EcsStagingCluster-EcsCluster-1AAGQRFIOE9AE,Service_beiakklem1vi3j5fejt0,150,2,0.0066615220,0
1537400880,Prod-EcsStagingCluster-EcsCluster-1AAGQRFIOE9AE,Service_beiakklem1vi3j5fejt0,150,2,0.0026912366,0
1537426320,Prod-EcsStagingCluster-EcsCluster-1AAGQRFIOE9AE,Service_beiakklem1vi3j5fejt0,150,2,0.0053898186,0
1537365780,Prod-EcsStagingCluster-EcsCluster-1AAGQRFIOE9AE,Service_beiakklem1vi3j5fejt0,150,2,0.0043226532,0
1537401840,Prod-EcsStagingCluster-EcsCluster-1AAGQRFIOE9AE,Service_beiakklem1vi3j5fejt0,150,2,0.0042158213,0
1537427280,Prod-EcsStagingCluster-EcsCluster-1AAGQRFIOE9AE,Service_beiakklem1vi3j5fejt0,150,2,0.0052454420,0
1537363560,Prod-EcsStagingCluster-EcsCluster-1AAGQRFIOE9AE,Service_beiakklem1vi3j5fejt0,150,2,0.0054300614,0
1537365660,Prod-EcsStagingCluster-EcsCluster-1AAGQRFIOE9AE,Service_beiakklem1vi3j5fejt0,150,2,0.0042093749,0
1537399620,Prod-EcsStagingCluster-EcsCluster-1AAGQRFIOE9AE,Service_beiakklem1vi3j5fejt0,150,2,0.0057186740,0
1537391100,Prod-EcsStagingCluster-EcsCluster-1AAGQRFIOE9AE,Service_beiakklem1vi3j5fejt0,150,2,0.0051680544,0
1537425060,Prod-EcsStagingCluster-EcsCluster-1AAGQRFIOE9AE,Service_beiakklem1vi3j5fejt0,150,2,0.0054070494,0
1537348620,Prod-EcsStagingCluster-EcsCluster-1AAGQRFIOE9AE,Service_beiakklem1vi3j5fejt0,150,2,0.0052035292,0
1537376160,Prod-EcsStagingCluster-EcsCluster-1AAGQRFIOE9AE,Service_beiakklem1vi3j5fejt0,150,2,0.0056354089,0
1537397400,Prod-EcsStagingCluster-EcsCluster-1AAGQRFIOE9AE,Service_beiakklem1vi3j5fejt0,150,2,0.0068831717,0
1537401600,Prod-EcsStagingCluster-EcsCluster-1AAGQRFIOE9AE,Service_beiakklem1vi3j5fejt0,150,2,0.0047687679,0
1537424940,Prod-EcsStagingCluster-EcsCluster-1AAGQRFIOE9AE,Service_beiakklem1vi3j5fejt0,150,2,0.0051064720,0
1537422840,Prod-EcsStagingCluster-EcsCluster-1AAGQRFIOE9AE,Service_beiakklem1vi3j5fejt0,150,2,0.0038374209,0
1537359120,Prod-EcsStagingCluster-EcsCluster-1AAGQRFIOE9AE,Service_beiakklem1vi3j5fejt0,150,2,0.0056459297,0
1537373940,Prod-EcsStagingCluster-EcsCluster-1AAGQRFIOE9AE,Service_beiakklem1vi3j5fejt0,150,2,0.0051541627,0
1537399380,Prod-EcsStagingCluster-EcsCluster-1AAGQRFIOE9AE,Service_beiakklem1vi3j5fejt0,150,2,0.0067545809,0
1537356900,Prod-EcsStagingCluster-EcsCluster-1AAGQRFIOE9AE,Service_beiakklem1vi3j5fejt0,150,2,0.0055867188,0
1537371720,Prod-EcsStagingCluster-EcsCluster-1AAGQRFIOE9AE,Service_beiakklem1vi3j5fejt0,150,2,0.0054118809,0
1537397160,Prod-EcsStagingCluster-EcsCluster-1AAGQRFIOE9AE,Service_beiakklem1vi3j5fejt0,150,2,0.0055362477,0
1537354680,Prod-EcsStagingCluster-EcsCluster-1AAGQRFIOE9AE,Service_beiakklem1vi3j5fejt0,150,2,0.0058215004,0
1537399260,Prod-EcsStagingCluster-EcsCluster-1AAGQRFIOE9AE,Service_beiakklem1vi3j5fejt0,150,2,0.0057112850,0
1537369500,Prod-EcsStagingCluster-EcsCluster-1AAGQRFIOE9AE,Service_beiakklem1vi3j5fejt0,150,2,0.0054644763,0
1537356780,Prod-EcsStagingCluster-EcsCluster-1AAGQRFIOE9AE,Service_beiakklem1vi3j5fejt0,150,2,0.0053821480,0
1537427880,Prod-EcsStagingCluster-EcsCluster-1AAGQRFIOE9AE,Service_beiakklem1vi3j5fejt0,150,2,0.0052412389,0
1537431060,Prod-EcsStagingCluster-EcsCluster-1AAGQRFIOE9AE,Service_beiakklem1vi3j5fejt0,150,2,0.0052212526,0
1537394940,Prod-EcsStagingCluster-EcsCluster-1AAGQRFIOE9AE,Service_beiakklem1vi3j5fejt0,150,2,0.0055576670,0
1537382220,Prod-EcsStagingCluster-EcsCluster-1AAGQRFIOE9AE,Service_beiakklem1vi3j5fejt0,150,2,0.0054237146,0
1537355640,Prod-EcsStagingCluster-EcsCluster-1AAGQRFIOE9AE,Service_beiakklem1vi3j5fejt0,150,2,0.0052456066,0
1537358820,Prod-EcsStagingCluster-EcsCluster-1AAGQRFIOE9AE,Service_beiakklem1vi3j5fejt0,150,2,0.0056685086,0
1537362000,Prod-EcsStagingCluster-EcsCluster-1AAGQRFIOE9AE,Service_beiakklem1vi3j5fejt0,150,2,0.0057812525,0
1537359720,Prod-EcsStagingCluster-EcsCluster-1AAGQRFIOE9AE,Service_beiakklem1vi3j5fejt0,150,2,0.0038894764,0
1537362900,Prod-EcsStagingCluster-EcsCluster-1AAGQRFIOE9AE,Service_beiakklem1vi3j5fejt0,150,2,0.0068226250,0
1537366080,Prod-EcsStagingCluster-EcsCluster-1AAGQRFIOE9AE,Service_beiakklem1vi3j5fejt0,150,2,0.0057260136,0
1537390380,Prod-EcsStagingCluster-EcsCluster-1AAGQRFIOE9AE,Service_beiakklem1vi3j5fejt0,150,2,0.0055053015,0
1537415820,Prod-EcsStagingCluster-EcsCluster-1AAGQRFIOE9AE,Service_beiakklem1vi3j5fejt0,150,2,0.0066276356,0
1537403100,Prod-EcsStagingCluster-EcsCluster-1AAGQRFIOE9AE,Service_beiakklem1vi3j5fejt0,150,2,0.0060059244,0
1537366980,Prod-EcsStagingCluster-EcsCluster-1AAGQRFIOE9AE,Service_beiakklem1vi3j5fejt0,150,2,0.0054662899,0
1537370160,Prod-EcsStagingCluster-EcsCluster-1AAGQRFIOE9AE,Service_beiakklem1vi3j5fejt0,150,2,0.0055408225,0
1537363800,Prod-EcsStagingCluster-EcsCluster-1AAGQRFIOE9AE,Service_beiakklem1vi3j5fejt0,150,2,0.0056068850,0
1537428540,Prod-EcsStagingCluster-EcsCluster-1AAGQRFIOE9AE,Service_beiakklem1vi3j5fejt0,150,2,0.0053053857,0
1537392420,Prod-EcsStagingCluster-EcsCluster-1AAGQRFIOE9AE,Service_beiakklem1vi3j5fejt0,150,2,0.0052031345,0
1537395600,Prod-EcsStagingCluster-EcsCluster-1AAGQRFIOE9AE,Service_beiakklem1vi3j5fejt0,150,2,0.0057810202,0
1537389240,Prod-EcsStagingCluster-EcsCluster-1AAGQRFIOE9AE,Service_beiakklem1vi3j5fejt0,150,2,0.0052847075,0
1537396560,Prod-EcsStagingCluster-EcsCluster-1AAGQRFIOE9AE,Service_beiakklem1vi3j5fejt0,150,2,0.0059305750,0
1537390200,Prod-EcsStagingCluster-EcsCluster-1AAGQRFIOE9AE,Service_beiakklem1vi3j5fejt0,150,2,0.0052968261,0
1537371060,Prod-EcsStagingCluster-EcsCluster-1AAGQRFIOE9AE,Service_beiakklem1vi3j5fejt0,150,2,0.0055613933,0
1537396500,Prod-EcsStagingCluster-EcsCluster-1AAGQRFIOE9AE,Service_beiakklem1vi3j5fejt0,150,2,0.0055050300,0
1537360380,Prod-EcsStagingCluster-EcsCluster-1AAGQRFIOE9AE,Service_beiakklem1vi3j5fejt0,150,2,0.0038691114,0
1537347660,Prod-EcsStagingCluster-EcsCluster-1AAGQRFIOE9AE,Service_beiakklem1vi3j5fejt0,150,2,0.0053089031,0
1537375200,Prod-EcsStagingCluster-EcsCluster-1AAGQRFIOE9AE,Service_beiakklem1vi3j5fejt0,150,2,0.0056088317,0
1537368840,Prod-EcsStagingCluster-EcsCluster-1AAGQRFIOE9AE,Service_beiakklem1vi3j5fejt0,150,2,0.0065103055,0
1537400640,Prod-EcsStagingCluster-EcsCluster-1AAGQRFIOE9AE,Service_beiakklem1vi3j5fejt0,150,2,0.0030664972,0
1537423980,Prod-EcsStagingCluster-EcsCluster-1AAGQRFIOE9AE,Service_beiakklem1vi3j5fejt0,150,2,0.0071774749,0
1537394280,Prod-EcsStagingCluster-EcsCluster-1AAGQRFIOE9AE,Service_beiakklem1vi3j5fejt0,150,2,0.0053489050,0
1537400580,Prod-EcsStagingCluster-EcsCluster-1AAGQRFIOE9AE,Service_beiakklem1vi3j5fejt0,150,2,0.0028091446,0
1537426020,Prod-EcsStagingCluster-EcsCluster-1AAGQRFIOE9AE,Service_beiakklem1vi3j5fejt0,150,2,0.0062628554,0
1537404720,Prod-EcsStagingCluster-EcsCluster-1AAGQRFIOE9AE,Service_beiakklem1vi3j5fejt0,150,2,0.0070018898,0
1537398360,Prod-EcsStagingCluster-EcsCluster-1AAGQRFIOE9AE,Service_beiakklem1vi3j5fejt0,150,2,0.0058429807,0
1537423800,Prod-EcsStagingCluster-EcsCluster-1AAGQRFIOE9AE,Service_beiakklem1vi3j5fejt0,150,2,0.0051924466,0
1537430160,Prod-EcsStagingCluster-EcsCluster-1AAGQRFIOE9AE,Service_beiakklem1vi3j5fejt0,150,2,0.0052386272,0
1537404660,Prod-EcsStagingCluster-EcsCluster-1AAGQRFIOE9AE,Service_beiakklem1vi3j5fejt0,150,2,0.0053222510,0
1537355820,Prod-EcsStagingCluster-EcsCluster-1AAGQRFIOE9AE,Service_beiakklem1vi3j5fejt0,150,2,0.0054546614,0
1537368540,Prod-EcsStagingCluster-EcsCluster-1AAGQRFIOE9AE,Service_beiakklem1vi3j5fejt0,150,2,0.0053000938,0
1537430100,Prod-EcsStagingCluster-EcsCluster-1AAGQRFIOE9AE,Service_beiakklem1vi3j5fejt0,150,2,0.0058134327,0
1537381260,Prod-EcsStagingCluster-EcsCluster-1AAGQRFIOE9AE,Service_beiakklem1vi3j5fejt0,150,2,0.0069204884,0
1537393980,Prod-EcsStagingCluster-EcsCluster-1AAGQRFIOE9AE,Service_beiakklem1vi3j5fejt0,150,2,0.0052739451,0
1537357860,Prod-EcsStagingCluster-EcsCluster-1AAGQRFIOE9AE,Service_beiakklem1vi3j5fejt0,150,2,0.0052661780,0
1537402440,Prod-EcsStagingCluster-EcsCluster-1AAGQRFIOE9AE,Service_beiakklem1vi3j5fejt0,150,2,0.0061742180,0
1537408800,Prod-EcsStagingCluster-EcsCluster-1AAGQRFIOE9AE,Service_beiakklem1vi3j5fejt0,150,2,0.0055291950,0
1537403400,Prod-EcsStagingCluster-EcsCluster-1AAGQRFIOE9AE,Service_beiakklem1vi3j5fejt0,150,2,0.0056479460,0
1537406580,Prod-EcsStagingCluster-EcsCluster-1AAGQRFIOE9AE,Service_beiakklem1vi3j5fejt0,150,2,0.0479806203,0
1537428840,Prod-EcsStagingCluster-EcsCluster-1AAGQRFIOE9AE,Service_beiakklem1vi3j5fejt0,150,2,0.0053366055,0
1537365120,Prod-EcsStagingCluster-EcsCluster-1AAGQRFIOE9AE,Service_beiakklem1vi3j5fejt0,150,2,0.0042331441,0
1537359780,Prod-EcsStagingCluster-EcsCluster-1AAGQRFIOE9AE,Service_beiakklem1vi3j5fejt0,150,2,0.0038631087,0
1537356600,Prod-EcsStagingCluster-EcsCluster-1AAGQRFIOE9AE,Service_beiakklem1vi3j5fejt0,150,2,0.0054280655,0
1537389420,Prod-EcsStagingCluster-EcsCluster-1AAGQRFIOE9AE,Service_beiakklem1vi3j5fejt0,150,2,0.0055899058,0
1537414860,Prod-EcsStagingCluster-EcsCluster-1AAGQRFIOE9AE,Service_beiakklem1vi3j5fejt0,150,2,0.0048012634,0
1537402140,Prod-EcsStagingCluster-EcsCluster-1AAGQRFIOE9AE,Service_beiakklem1vi3j5fejt0,150,2,0.0055679820,0
1537369200,Prod-EcsStagingCluster-EcsCluster-1AAGQRFIOE9AE,Service_beiakklem1vi3j5fejt0,150,2,0.0051823178,0
1537427580,Prod-EcsStagingCluster-EcsCluster-1AAGQRFIOE9AE,Service_beiakklem1vi3j5fejt0,150,2,0.0057492054,0
1537360680,Prod-EcsStagingCluster-EcsCluster-1AAGQRFIOE9AE,Service_beiakklem1vi3j5fejt0,150,2,0.0039200671,0
1537363860,Prod-EcsStagingCluster-EcsCluster-1AAGQRFIOE9AE,Service_beiakklem1vi3j5fejt0,150,2,0.0056552074,0
1537394640,Prod-EcsStagingCluster-EcsCluster-1AAGQRFIOE9AE,Service_beiakklem1vi3j5fejt0,150,2,0.0060845732,0
1537373280,Prod-EcsStagingCluster-EcsCluster-1AAGQRFIOE9AE,Service_beiakklem1vi3j5fejt0,150,2,0.0050606961,0
1537367940,Prod-EcsStagingCluster-EcsCluster-1AAGQRFIOE9AE,Service_beiakklem1vi3j5fejt0,150,2,0.0063577033,0
1537398720,Prod-EcsStagingCluster-EcsCluster-1AAGQRFIOE9AE,Service_beiakklem1vi3j5fejt0,150,2,0.0055272291,0
1537364760,Prod-EcsStagingCluster-EcsCluster-1AAGQRFIOE9AE,Service_beiakklem1vi3j5fejt0,150,2,0.0038453226,0
1537359420,Prod-EcsStagingCluster-EcsCluster-1AAGQRFIOE9AE,Service_beiakklem1vi3j5fejt0,150,2,0.0040084828,0
1537393380,Prod-EcsStagingCluster-EcsCluster-1AAGQRFIOE9AE,Service_beiakklem1vi3j5fejt0,150,2,0.0054950421,0
1537346700,Prod-EcsStagingCluster-EcsCluster-1AAGQRFIOE9AE,Service_beiakklem1vi3j5fejt0,150,2,0.0062858984,0
1537374240,Prod-EcsStagingCluster-EcsCluster-1AAGQRFIOE9AE,Service_beiakklem1vi3j5fejt0,150,2,0.0052511938,0
1537365720,Prod-EcsStagingCluster-EcsCluster-1AAGQRFIOE9AE,Service_beiakklem1vi3j5fejt0,150,2,0.0041641716,0
1537399680,Prod-EcsStagingCluster-EcsCluster-1AAGQRFIOE9AE,Service_beiakklem1vi3j5fejt0,150,2,0.0058693073,0
1537423020,Prod-EcsStagingCluster-EcsCluster-1AAGQRFIOE9AE,Service_beiakklem1vi3j5fejt0,150,2,0.0031213585,0
1537391160,Prod-EcsStagingCluster-EcsCluster-1AAGQRFIOE9AE,Service_beiakklem1vi3j5fejt0,150,2,0.0054574291,0
1537372020,Prod-EcsStagingCluster-EcsCluster-1AAGQRFIOE9AE,Service_beiakklem1vi3j5fejt0,150,2,0.0056327342,0
1537397460,Prod-EcsStagingCluster-EcsCluster-1AAGQRFIOE9AE,Service_beiakklem1vi3j5fejt0,150,2,0.0052252562,0
1537369800,Prod-EcsStagingCluster-EcsCluster-1AAGQRFIOE9AE,Service_beiakklem1vi3j5fejt0,150,2,0.0051919594,0
1537403760,Prod-EcsStagingCluster-EcsCluster-1AAGQRFIOE9AE,Service_beiakklem1vi3j5fejt0,150,2,0.0050029351,0
1537395240,Prod-EcsStagingCluster-EcsCluster-1AAGQRFIOE9AE,Service_beiakklem1vi3j5fejt0,150,2,0.0053134753,0
1537429200,Prod-EcsStagingCluster-EcsCluster-1AAGQRFIOE9AE,Service_beiakklem1vi3j5fejt0,150,2,0.0065866293,0
1537380300,Prod-EcsStagingCluster-EcsCluster-1AAGQRFIOE9AE,Service_beiakklem1vi3j5fejt0,150,2,0.0052776020,0
1537354860,Prod-EcsStagingCluster-EcsCluster-1AAGQRFIOE9AE,Service_beiakklem1vi3j5fejt0,150,2,0.0055297366,0
1537367580,Prod-EcsStagingCluster-EcsCluster-1AAGQRFIOE9AE,Service_beiakklem1vi3j5fejt0,150,2,0.0053072812,0
1537401540,Prod-EcsStagingCluster-EcsCluster-1AAGQRFIOE9AE,Service_beiakklem1vi3j5fejt0,150,2,0.0066793950,0
1537393020,Prod-EcsStagingCluster-EcsCluster-1AAGQRFIOE9AE,Service_beiakklem1vi3j5fejt0,150,2,0.0051913080,0
1537426980,Prod-EcsStagingCluster-EcsCluster-1AAGQRFIOE9AE,Service_beiakklem1vi3j5fejt0,150,2,0.0052743340,0
1537407840,Prod-EcsStagingCluster-EcsCluster-1AAGQRFIOE9AE,Service_beiakklem1vi3j5fejt0,150,2,0.0058400365,0
1537399320,Prod-EcsStagingCluster-EcsCluster-1AAGQRFIOE9AE,Service_beiakklem1vi3j5fejt0,150,2,0.0059708419,0
1537424760,Prod-EcsStagingCluster-EcsCluster-1AAGQRFIOE9AE,Service_beiakklem1vi3j5fejt0,150,2,0.0052387211,0
1537361040,Prod-EcsStagingCluster-EcsCluster-1AAGQRFIOE9AE,Service_beiakklem1vi3j5fejt0,150,2,0.0052898338,0
1537405620,Prod-EcsStagingCluster-EcsCluster-1AAGQRFIOE9AE,Service_beiakklem1vi3j5fejt0,150,2,0.0054760360,0
1537406640,Prod-EcsStagingCluster-EcsCluster-1AAGQRFIOE9AE,Service_beiakklem1vi3j5fejt0,150,2,0.0100300765,0
1537400280,Prod-EcsStagingCluster-EcsCluster-1AAGQRFIOE9AE,Service_beiakklem1vi3j5fejt0,150,2,0.0043322821,0
1537403460,Prod-EcsStagingCluster-EcsCluster-1AAGQRFIOE9AE,Service_beiakklem1vi3j5fejt0,150,2,0.0057864508,0
1537422540,Prod-EcsStagingCluster-EcsCluster-1AAGQRFIOE9AE,Service_beiakklem1vi3j5fejt0,150,2,0.0038163148,0
1537430940,Prod-EcsStagingCluster-EcsCluster-1AAGQRFIOE9AE,Service_beiakklem1vi3j5fejt0,150,2,0.0051576126,0
1537388460,Prod-EcsStagingCluster-EcsCluster-1AAGQRFIOE9AE,Service_beiakklem1vi3j5fejt0,150,2,0.0050919131,0
1537417080,Prod-EcsStagingCluster-EcsCluster-1AAGQRFIOE9AE,Service_beiakklem1vi3j5fejt0,150,2,0.0059189002,4
1537420260,Prod-EcsStagingCluster-EcsCluster-1AAGQRFIOE9AE,Service_beiakklem1vi3j5fejt0,150,2,0.0055874839,0
1537423440,Prod-EcsStagingCluster-EcsCluster-1AAGQRFIOE9AE,Service_beiakklem1vi3j5fejt0,150,2,0.0037321235,0
1537396860,Prod-EcsStagingCluster-EcsCluster-1AAGQRFIOE9AE,Service_beiakklem1vi3j5fejt0,150,2,0.0060093924,0
1537400040,Prod-EcsStagingCluster-EcsCluster-1AAGQRFIOE9AE,Service_beiakklem1vi3j5fejt0,150,2,0.0041919002,0
1537403220,Prod-EcsStagingCluster-EcsCluster-1AAGQRFIOE9AE,Service_beiakklem1vi3j5fejt0,150,2,0.0061236923,0
1537406400,Prod-EcsStagingCluster-EcsCluster-1AAGQRFIOE9AE,Service_beiakklem1vi3j5fejt0,150,2,0.0050398206,0
1537354380,Prod-EcsStagingCluster-EcsCluster-1AAGQRFIOE9AE,Service_beiakklem1vi3j5fejt0,150,2,0.0056597929,0
1537372320,Prod-EcsStagingCluster-EcsCluster-1AAGQRFIOE9AE,Service_beiakklem1vi3j5fejt0,150,2,0.0054575800,0
1537362780,Prod-EcsStagingCluster-EcsCluster-1AAGQRFIOE9AE,Service_beiakklem1vi3j5fejt0,150,2,0.0053200366,0
1537365960,Prod-EcsStagingCluster-EcsCluster-1AAGQRFIOE9AE,Service_beiakklem1vi3j5fejt0,150,2,0.0058147749,0
1537369140,Prod-EcsStagingCluster-EcsCluster-1AAGQRFIOE9AE,Service_beiakklem1vi3j5fejt0,150,2,0.0050862969,0
1537355280,Prod-EcsStagingCluster-EcsCluster-1AAGQRFIOE9AE,Service_beiakklem1vi3j5fejt0,150,2,0.0057605678,0
1537348920,Prod-EcsStagingCluster-EcsCluster-1AAGQRFIOE9AE,Service_beiakklem1vi3j5fejt0,150,2,0.0053721306,0
1537352100,Prod-EcsStagingCluster-EcsCluster-1AAGQRFIOE9AE,Service_beiakklem1vi3j5fejt0,150,2,0.0065005900,0
1537422060,Prod-EcsStagingCluster-EcsCluster-1AAGQRFIOE9AE,Service_beiakklem1vi3j5fejt0,150,2,0.0053797295,0
1537356240,Prod-EcsStagingCluster-EcsCluster-1AAGQRFIOE9AE,Service_beiakklem1vi3j5fejt0,150,2,0.0058238050,0
1537349880,Prod-EcsStagingCluster-EcsCluster-1AAGQRFIOE9AE,Service_beiakklem1vi3j5fejt0,150,2,0.0056885510,0
1537368900,Prod-EcsStagingCluster-EcsCluster-1AAGQRFIOE9AE,Service_beiakklem1vi3j5fejt0,150,2,0.0053576467,0
1537430460,Prod-EcsStagingCluster-EcsCluster-1AAGQRFIOE9AE,Service_beiakklem1vi3j5fejt0,150,2,0.0054760922,0
1537387980,Prod-EcsStagingCluster-EcsCluster-1AAGQRFIOE9AE,Service_beiakklem1vi3j5fejt0,150,2,0.0055714008,0
1537366680,Prod-EcsStagingCluster-EcsCluster-1AAGQRFIOE9AE,Service_beiakklem1vi3j5fejt0,150,2,0.0050538242,0
1537373040,Prod-EcsStagingCluster-EcsCluster-1AAGQRFIOE9AE,Service_beiakklem1vi3j5fejt0,150,2,0.0057838249,0
1537396380,Prod-EcsStagingCluster-EcsCluster-1AAGQRFIOE9AE,Service_beiakklem1vi3j5fejt0,150,2,0.0062176950,0
1537353900,Prod-EcsStagingCluster-EcsCluster-1AAGQRFIOE9AE,Service_beiakklem1vi3j5fejt0,150,2,0.0056876202,0
1537402740,Prod-EcsStagingCluster-EcsCluster-1AAGQRFIOE9AE,Service_beiakklem1vi3j5fejt0,150,2,0.0055927890,0
1537385700,Prod-EcsStagingCluster-EcsCluster-1AAGQRFIOE9AE,Service_beiakklem1vi3j5fejt0,150,2,0.0055233782,0
1537362300,Prod-EcsStagingCluster-EcsCluster-1AAGQRFIOE9AE,Service_beiakklem1vi3j5fejt0,150,2,0.0053438101,0
1537400520,Prod-EcsStagingCluster-EcsCluster-1AAGQRFIOE9AE,Service_beiakklem1vi3j5fejt0,150,2,0.0028467233,0
1537406880,Prod-EcsStagingCluster-EcsCluster-1AAGQRFIOE9AE,Service_beiakklem1vi3j5fejt0,150,2,0.0060464896,0
1537368660,Prod-EcsStagingCluster-EcsCluster-1AAGQRFIOE9AE,Service_beiakklem1vi3j5fejt0,150,2,0.0049925310,0
1537383480,Prod-EcsStagingCluster-EcsCluster-1AAGQRFIOE9AE,Service_beiakklem1vi3j5fejt0,150,2,0.0055175927,0
1537389840,Prod-EcsStagingCluster-EcsCluster-1AAGQRFIOE9AE,Service_beiakklem1vi3j5fejt0,150,2,0.0053612783,0
1537366440,Prod-EcsStagingCluster-EcsCluster-1AAGQRFIOE9AE,Service_beiakklem1vi3j5fejt0,150,2,0.0056597641,0
1537372800,Prod-EcsStagingCluster-EcsCluster-1AAGQRFIOE9AE,Service_beiakklem1vi3j5fejt0,150,2,0.0053980440,0
1537402500,Prod-EcsStagingCluster-EcsCluster-1AAGQRFIOE9AE,Service_beiakklem1vi3j5fejt0,150,2,0.0054649354,0
1537421580,Prod-EcsStagingCluster-EcsCluster-1AAGQRFIOE9AE,Service_beiakklem1vi3j5fejt0,150,2,0.0044480999,0
1537429980,Prod-EcsStagingCluster-EcsCluster-1AAGQRFIOE9AE,Service_beiakklem1vi3j5fejt0,150,2,0.0071899897,0
1537367400,Prod-EcsStagingCluster-EcsCluster-1AAGQRFIOE9AE,Service_beiakklem1vi3j5fejt0,150,2,0.0059859067,0
1537370580,Prod-EcsStagingCluster-EcsCluster-1AAGQRFIOE9AE,Service_beiakklem1vi3j5fejt0,150,2,0.0054604164,0
1537387500,Prod-EcsStagingCluster-EcsCluster-1AAGQRFIOE9AE,Service_beiakklem1vi3j5fejt0,150,2,0.0053829974,0
1537404420,Prod-EcsStagingCluster-EcsCluster-1AAGQRFIOE9AE,Service_beiakklem1vi3j5fejt0,150,2,0.0055483214,0
1537401240,Prod-EcsStagingCluster-EcsCluster-1AAGQRFIOE9AE,Service_beiakklem1vi3j5fejt0,150,2,0.0028466174,0
1537422480,Prod-EcsStagingCluster-EcsCluster-1AAGQRFIOE9AE,Service_beiakklem1vi3j5fejt0,150,2,0.0040016430,0
1537395900,Prod-EcsStagingCluster-EcsCluster-1AAGQRFIOE9AE,Service_beiakklem1vi3j5fejt0,150,2,0.0060979809,0
1537405440,Prod-EcsStagingCluster-EcsCluster-1AAGQRFIOE9AE,Service_beiakklem1vi3j5fejt0,150,2,0.0053672189,0
1537353420,Prod-EcsStagingCluster-EcsCluster-1AAGQRFIOE9AE,Service_beiakklem1vi3j5fejt0,150,2,0.0054454542,0
1537371360,Prod-EcsStagingCluster-EcsCluster-1AAGQRFIOE9AE,Service_beiakklem1vi3j5fejt0,150,2,0.0052121805,0
1537418040,Prod-EcsStagingCluster-EcsCluster-1AAGQRFIOE9AE,Service_beiakklem1vi3j5fejt0,150,2,0.0060101371,0
1537361820,Prod-EcsStagingCluster-EcsCluster-1AAGQRFIOE9AE,Service_beiakklem1vi3j5fejt0,150,2,0.0053219860,0
1537421220,Prod-EcsStagingCluster-EcsCluster-1AAGQRFIOE9AE,Service_beiakklem1vi3j5fejt0,150,2,0.0044277781,0
1537401000,Prod-EcsStagingCluster-EcsCluster-1AAGQRFIOE9AE,Service_beiakklem1vi3j5fejt0,150,2,0.0028622097,0
1537404180,Prod-EcsStagingCluster-EcsCluster-1AAGQRFIOE9AE,Service_beiakklem1vi3j5fejt0,150,2,0.0097205489,0
1537354320,Prod-EcsStagingCluster-EcsCluster-1AAGQRFIOE9AE,Service_beiakklem1vi3j5fejt0,150,2,0.0057338485,0
1537421100,Prod-EcsStagingCluster-EcsCluster-1AAGQRFIOE9AE,Service_beiakklem1vi3j5fejt0,150,2,0.0039748339,0
1537370100,Prod-EcsStagingCluster-EcsCluster-1AAGQRFIOE9AE,Service_beiakklem1vi3j5fejt0,150,2,0.0057637936,0
1537366920,Prod-EcsStagingCluster-EcsCluster-1AAGQRFIOE9AE,Service_beiakklem1vi3j5fejt0,150,2,0.0053308198,0
1537371120,Prod-EcsStagingCluster-EcsCluster-1AAGQRFIOE9AE,Service_beiakklem1vi3j5fejt0,150,2,0.0061225286,0
1537429500,Prod-EcsStagingCluster-EcsCluster-1AAGQRFIOE9AE,Service_beiakklem1vi3j5fejt0,150,2,0.0051799782,0
1537353060,Prod-EcsStagingCluster-EcsCluster-1AAGQRFIOE9AE,Service_beiakklem1vi3j5fejt0,150,2,0.0054798567,0
1537387020,Prod-EcsStagingCluster-EcsCluster-1AAGQRFIOE9AE,Service_beiakklem1vi3j5fejt0,150,2,0.0039513993,0
1537367880,Prod-EcsStagingCluster-EcsCluster-1AAGQRFIOE9AE,Service_beiakklem1vi3j5fejt0,150,2,0.0053852276,0
1537372080,Prod-EcsStagingCluster-EcsCluster-1AAGQRFIOE9AE,Service_beiakklem1vi3j5fejt0,150,2,0.0058536328,0
1537395420,Prod-EcsStagingCluster-EcsCluster-1AAGQRFIOE9AE,Service_beiakklem1vi3j5fejt0,150,2,0.0057606523,0
1537352940,Prod-EcsStagingCluster-EcsCluster-1AAGQRFIOE9AE,Service_beiakklem1vi3j5fejt0,150,2,0.0055643328,0
1537350840,Prod-EcsStagingCluster-EcsCluster-1AAGQRFIOE9AE,Service_beiakklem1vi3j5fejt0,150,2,0.0059481688,0
1537369860,Prod-EcsStagingCluster-EcsCluster-1AAGQRFIOE9AE,Service_beiakklem1vi3j5fejt0,150,2,0.0052060625,0
1537361340,Prod-EcsStagingCluster-EcsCluster-1AAGQRFIOE9AE,Service_beiakklem1vi3j5fejt0,150,2,0.0057813198,0
1537405920,Prod-EcsStagingCluster-EcsCluster-1AAGQRFIOE9AE,Service_beiakklem1vi3j5fejt0,150,2,0.0055859228,0
1537367640,Prod-EcsStagingCluster-EcsCluster-1AAGQRFIOE9AE,Service_beiakklem1vi3j5fejt0,150,2,0.0052945792,0
1537388880,Prod-EcsStagingCluster-EcsCluster-1AAGQRFIOE9AE,Service_beiakklem1vi3j5fejt0,150,2,0.0053261085,0
1537403700,Prod-EcsStagingCluster-EcsCluster-1AAGQRFIOE9AE,Service_beiakklem1vi3j5fejt0,150,2,0.0064395668,0
1537371840,Prod-EcsStagingCluster-EcsCluster-1AAGQRFIOE9AE,Service_beiakklem1vi3j5fejt0,150,2,0.0054232665,0
1537386660,Prod-EcsStagingCluster-EcsCluster-1AAGQRFIOE9AE,Service_beiakklem1vi3j5fejt0,150,2,0.0038460935,0
1537420620,Prod-EcsStagingCluster-EcsCluster-1AAGQRFIOE9AE,Service_beiakklem1vi3j5fejt0,150,2,0.0054977594,0
1537401480,Prod-EcsStagingCluster-EcsCluster-1AAGQRFIOE9AE,Service_beiakklem1vi3j5fejt0,150,2,0.0041853160,0
1537405680,Prod-EcsStagingCluster-EcsCluster-1AAGQRFIOE9AE,Service_beiakklem1vi3j5fejt0,150,2,0.0052072534,0
1537429020,Prod-EcsStagingCluster-EcsCluster-1AAGQRFIOE9AE,Service_beiakklem1vi3j5fejt0,150,2,0.0050814701,0
1537369620,Prod-EcsStagingCluster-EcsCluster-1AAGQRFIOE9AE,Service_beiakklem1vi3j5fejt0,150,2,0.0054295331,0
1537386540,Prod-EcsStagingCluster-EcsCluster-1AAGQRFIOE9AE,Service_beiakklem1vi3j5fejt0,150,2,0.0040192594,0
1537384440,Prod-EcsStagingCluster-EcsCluster-1AAGQRFIOE9AE,Service_beiakklem1vi3j5fejt0,150,2,0.0058867862,0
1537398120,Prod-EcsStagingCluster-EcsCluster-1AAGQRFIOE9AE,Service_beiakklem1vi3j5fejt0,150,2,0.0054116290,0
1537401300,Prod-EcsStagingCluster-EcsCluster-1AAGQRFIOE9AE,Service_beiakklem1vi3j5fejt0,150,2,0.0040809668,0
1537404480,Prod-EcsStagingCluster-EcsCluster-1AAGQRFIOE9AE,Service_beiakklem1vi3j5fejt0,150,2,0.0055608370,0
1537385400,Prod-EcsStagingCluster-EcsCluster-1AAGQRFIOE9AE,Service_beiakklem1vi3j5fejt0,150,2,0.0058201586,0
1537388580,Prod-EcsStagingCluster-EcsCluster-1AAGQRFIOE9AE,Service_beiakklem1vi3j5fejt0,150,2,0.0054121678,0
1537391760,Prod-EcsStagingCluster-EcsCluster-1AAGQRFIOE9AE,Service_beiakklem1vi3j5fejt0,150,2,0.0053241838,0
1537352460,Prod-EcsStagingCluster-EcsCluster-1AAGQRFIOE9AE,Service_beiakklem1vi3j5fejt0,150,2,0.0060580816,0
1537365180,Prod-EcsStagingCluster-EcsCluster-1AAGQRFIOE9AE,Service_beiakklem1vi3j5fejt0,150,2,0.0055112088,0
1537364040,Prod-EcsStagingCluster-EcsCluster-1AAGQRFIOE9AE,Service_beiakklem1vi3j5fejt0,150,2,0.0056117800,0
1537367220,Prod-EcsStagingCluster-EcsCluster-1AAGQRFIOE9AE,Service_beiakklem1vi3j5fejt0,150,2,0.0054625741,0
1537370400,Prod-EcsStagingCluster-EcsCluster-1AAGQRFIOE9AE,Service_beiakklem1vi3j5fejt0,150,2,0.0051933807,0
1537405380,Prod-EcsStagingCluster-EcsCluster-1AAGQRFIOE9AE,Service_beiakklem1vi3j5fejt0,150,2,0.0057477956,0
1537408560,Prod-EcsStagingCluster-EcsCluster-1AAGQRFIOE9AE,Service_beiakklem1vi3j5fejt0,150,2,0.0054849500,0
1537402200,Prod-EcsStagingCluster-EcsCluster-1AAGQRFIOE9AE,Service_beiakklem1vi3j5fejt0,150,2,0.0058676581,0
1537420140,Prod-EcsStagingCluster-EcsCluster-1AAGQRFIOE9AE,Service_beiakklem1vi3j5fejt0,150,2,0.0060333284,0
1537419000,Prod-EcsStagingCluster-EcsCluster-1AAGQRFIOE9AE,Service_beiakklem1vi3j5fejt0,150,2,0.0056609787,0
1537422180,Prod-EcsStagingCluster-EcsCluster-1AAGQRFIOE9AE,Service_beiakklem1vi3j5fejt0,150,2,0.0049268397,0
1537425360,Prod-EcsStagingCluster-EcsCluster-1AAGQRFIOE9AE,Service_beiakklem1vi3j5fejt0,150,2,0.0053249693,0
1537398780,Prod-EcsStagingCluster-EcsCluster-1AAGQRFIOE9AE,Service_beiakklem1vi3j5fejt0,150,2,0.0067545507,0
1537386060,Prod-EcsStagingCluster-EcsCluster-1AAGQRFIOE9AE,Service_beiakklem1vi3j5fejt0,150,2,0.0037689916,0
1537397640,Prod-EcsStagingCluster-EcsCluster-1AAGQRFIOE9AE,Service_beiakklem1vi3j5fejt0,150,2,0.0053711899,0
1537351980,Prod-EcsStagingCluster-EcsCluster-1AAGQRFIOE9AE,Service_beiakklem1vi3j5fejt0,150,2,0.0053358855,0
1537400820,Prod-EcsStagingCluster-EcsCluster-1AAGQRFIOE9AE,Service_beiakklem1vi3j5fejt0,150,2,0.0027153692,0
1537364700,Prod-EcsStagingCluster-EcsCluster-1AAGQRFIOE9AE,Service_beiakklem1vi3j5fejt0,150,2,0.0046449268,0
1537354020,Prod-EcsStagingCluster-EcsCluster-1AAGQRFIOE9AE,Service_beiakklem1vi3j5fejt0,150,2,0.0058617751,0
1537366740,Prod-EcsStagingCluster-EcsCluster-1AAGQRFIOE9AE,Service_beiakklem1vi3j5fejt0,150,2,0.0052796198,0
1537398600,Prod-EcsStagingCluster-EcsCluster-1AAGQRFIOE9AE,Service_beiakklem1vi3j5fejt0,150,2,0.0093154091,0
1537404960,Prod-EcsStagingCluster-EcsCluster-1AAGQRFIOE9AE,Service_beiakklem1vi3j5fejt0,150,2,0.0058544001,0
1537364520,Prod-EcsStagingCluster-EcsCluster-1AAGQRFIOE9AE,Service_beiakklem1vi3j5fejt0,150,2,0.0039502709,0
1537358160,Prod-EcsStagingCluster-EcsCluster-1AAGQRFIOE9AE,Service_beiakklem1vi3j5fejt0,150,2,0.0036778393,0
1537351800,Prod-EcsStagingCluster-EcsCluster-1AAGQRFIOE9AE,Service_beiakklem1vi3j5fejt0,150,2,0.0056043036,0
1537370880,Prod-EcsStagingCluster-EcsCluster-1AAGQRFIOE9AE,Service_beiakklem1vi3j5fejt0,150,2,0.0054813118,0
1537370820,Prod-EcsStagingCluster-EcsCluster-1AAGQRFIOE9AE,Service_beiakklem1vi3j5fejt0,150,2,0.0056243441,0
1537419660,Prod-EcsStagingCluster-EcsCluster-1AAGQRFIOE9AE,Service_beiakklem1vi3j5fejt0,150,2,0.0056091839,0
1537368600,Prod-EcsStagingCluster-EcsCluster-1AAGQRFIOE9AE,Service_beiakklem1vi3j5fejt0,150,2,0.0053456076,0
1537374960,Prod-EcsStagingCluster-EcsCluster-1AAGQRFIOE9AE,Service_beiakklem1vi3j5fejt0,150,2,0.0057287816,0
1537385580,Prod-EcsStagingCluster-EcsCluster-1AAGQRFIOE9AE,Service_beiakklem1vi3j5fejt0,150,2,0.0055783924,0
1537398300,Prod-EcsStagingCluster-EcsCluster-1AAGQRFIOE9AE,Service_beiakklem1vi3j5fejt0,150,2,0.0056329274,0
1537400340,Prod-EcsStagingCluster-EcsCluster-1AAGQRFIOE9AE,Service_beiakklem1vi3j5fejt0,150,2,0.0042315489,0
1537387620,Prod-EcsStagingCluster-EcsCluster-1AAGQRFIOE9AE,Service_beiakklem1vi3j5fejt0,150,2,0.0055691297,0
1537364220,Prod-EcsStagingCluster-EcsCluster-1AAGQRFIOE9AE,Service_beiakklem1vi3j5fejt0,150,2,0.0043100083,0
1537351500,Prod-EcsStagingCluster-EcsCluster-1AAGQRFIOE9AE,Service_beiakklem1vi3j5fejt0,150,2,0.0074440554,0
1537369440,Prod-EcsStagingCluster-EcsCluster-1AAGQRFIOE9AE,Service_beiakklem1vi3j5fejt0,150,2,0.0052851213,0
1537407600,Prod-EcsStagingCluster-EcsCluster-1AAGQRFIOE9AE,Service_beiakklem1vi3j5fejt0,150,2,0.0053825788,0
1537399080,Prod-EcsStagingCluster-EcsCluster-1AAGQRFIOE9AE,Service_beiakklem1vi3j5fejt0,150,2,0.0057482936,0
1537402260,Prod-EcsStagingCluster-EcsCluster-1AAGQRFIOE9AE,Service_beiakklem1vi3j5fejt0,150,2,0.0058910979,0
1537386360,Prod-EcsStagingCluster-EcsCluster-1AAGQRFIOE9AE,Service_beiakklem1vi3j5fejt0,150,2,0.0037614217,0
1537389540,Prod-EcsStagingCluster-EcsCluster-1AAGQRFIOE9AE,Service_beiakklem1vi3j5fejt0,150,2,0.0069515779,0
1537419180,Prod-EcsStagingCluster-EcsCluster-1AAGQRFIOE9AE,Service_beiakklem1vi3j5fejt0,150,2,0.0053287791,0
1537365000,Prod-EcsStagingCluster-EcsCluster-1AAGQRFIOE9AE,Service_beiakklem1vi3j5fejt0,150,2,0.0039532990,0
1537368180,Prod-EcsStagingCluster-EcsCluster-1AAGQRFIOE9AE,Service_beiakklem1vi3j5fejt0,150,2,0.0054546657,0
1537403160,Prod-EcsStagingCluster-EcsCluster-1AAGQRFIOE9AE,Service_beiakklem1vi3j5fejt0,150,2,0.0075174558,0
1537406340,Prod-EcsStagingCluster-EcsCluster-1AAGQRFIOE9AE,Service_beiakklem1vi3j5fejt0,150,2,0.0071262742,0
1537424400,Prod-EcsStagingCluster-EcsCluster-1AAGQRFIOE9AE,Service_beiakklem1vi3j5fejt0,150,2,0.0056185781,0
1537397820,Prod-EcsStagingCluster-EcsCluster-1AAGQRFIOE9AE,Service_beiakklem1vi3j5fejt0,150,2,0.0052413695,0
1537385100,Prod-EcsStagingCluster-EcsCluster-1AAGQRFIOE9AE,Service_beiakklem1vi3j5fejt0,150,2,0.0054672063,0
1537351020,Prod-EcsStagingCluster-EcsCluster-1AAGQRFIOE9AE,Service_beiakklem1vi3j5fejt0,150,2,0.0054452888,0
1537403040,Prod-EcsStagingCluster-EcsCluster-1AAGQRFIOE9AE,Service_beiakklem1vi3j5fejt0,150,2,0.0058921385,0
1537363740,Prod-EcsStagingCluster-EcsCluster-1AAGQRFIOE9AE,Service_beiakklem1vi3j5fejt0,150,2,0.0038735855,0
1537419960,Prod-EcsStagingCluster-EcsCluster-1AAGQRFIOE9AE,Service_beiakklem1vi3j5fejt0,150,2,0.0055147764,0
1537423140,Prod-EcsStagingCluster-EcsCluster-1AAGQRFIOE9AE,Service_beiakklem1vi3j5fejt0,150,2,0.0036898808,0
1537404000,Prod-EcsStagingCluster-EcsCluster-1AAGQRFIOE9AE,Service_beiakklem1vi3j5fejt0,150,2,0.0053601803,0
1537420920,Prod-EcsStagingCluster-EcsCluster-1AAGQRFIOE9AE,Service_beiakklem1vi3j5fejt0,150,2,0.0048814260,0
1537357200,Prod-EcsStagingCluster-EcsCluster-1AAGQRFIOE9AE,Service_beiakklem1vi3j5fejt0,150,2,0.0051884209,0
1537401780,Prod-EcsStagingCluster-EcsCluster-1AAGQRFIOE9AE,Service_beiakklem1vi3j5fejt0,150,2,0.0044881383,0
1537369920,Prod-EcsStagingCluster-EcsCluster-1AAGQRFIOE9AE,Service_beiakklem1vi3j5fejt0,150,2,0.0056156697,0
1537418700,Prod-EcsStagingCluster-EcsCluster-1AAGQRFIOE9AE,Service_beiakklem1vi3j5fejt0,150,2,0.0055466282,0
1537431420,Prod-EcsStagingCluster-EcsCluster-1AAGQRFIOE9AE,Service_beiakklem1vi3j5fejt0,150,2,0.0058784029,0
1537354980,Prod-EcsStagingCluster-EcsCluster-1AAGQRFIOE9AE,Service_beiakklem1vi3j5fejt0,150,2,0.0056817418,0
1537367700,Prod-EcsStagingCluster-EcsCluster-1AAGQRFIOE9AE,Service_beiakklem1vi3j5fejt0,150,2,0.0061959808,1
1537399560,Prod-EcsStagingCluster-EcsCluster-1AAGQRFIOE9AE,Service_beiakklem1vi3j5fejt0,150,2,0.0055453801,0
1537374000,Prod-EcsStagingCluster-EcsCluster-1AAGQRFIOE9AE,Service_beiakklem1vi3j5fejt0,150,2,0.0052997503,0
1537384620,Prod-EcsStagingCluster-EcsCluster-1AAGQRFIOE9AE,Service_beiakklem1vi3j5fejt0,150,2,0.0038609709,0
1537365480,Prod-EcsStagingCluster-EcsCluster-1AAGQRFIOE9AE,Service_beiakklem1vi3j5fejt0,150,2,0.0043738694,0
1537352760,Prod-EcsStagingCluster-EcsCluster-1AAGQRFIOE9AE,Service_beiakklem1vi3j5fejt0,150,2,0.0059563291,0
1537397340,Prod-EcsStagingCluster-EcsCluster-1AAGQRFIOE9AE,Service_beiakklem1vi3j5fejt0,150,2,0.0055499164,0
1537371780,Prod-EcsStagingCluster-EcsCluster-1AAGQRFIOE9AE,Service_beiakklem1vi3j5fejt0,150,2,0.0053184475,0
1537363260,Prod-EcsStagingCluster-EcsCluster-1AAGQRFIOE9AE,Service_beiakklem1vi3j5fejt0,150,2,0.0053143550,0
1537350540,Prod-EcsStagingCluster-EcsCluster-1AAGQRFIOE9AE,Service_beiakklem1vi3j5fejt0,150,2,0.0055440989,0
1537369560,Prod-EcsStagingCluster-EcsCluster-1AAGQRFIOE9AE,Service_beiakklem1vi3j5fejt0,150,2,0.0076014902,0
1537403520,Prod-EcsStagingCluster-EcsCluster-1AAGQRFIOE9AE,Service_beiakklem1vi3j5fejt0,150,2,0.0054581009,0
1537390800,Prod-EcsStagingCluster-EcsCluster-1AAGQRFIOE9AE,Service_beiakklem1vi3j5fejt0,150,2,0.0053039648,0
1537413000,Prod-EcsStagingCluster-EcsCluster-1AAGQRFIOE9AE,Service_beiakklem1vi3j5fejt0,150,2,0.0054766783,0
1537390740,Prod-EcsStagingCluster-EcsCluster-1AAGQRFIOE9AE,Service_beiakklem1vi3j5fejt0,150,2,0.0056599679,0
1537370520,Prod-EcsStagingCluster-EcsCluster-1AAGQRFIOE9AE,Service_beiakklem1vi3j5fejt0,150,2,0.0055209483,0
1537367340,Prod-EcsStagingCluster-EcsCluster-1AAGQRFIOE9AE,Service_beiakklem1vi3j5fejt0,150,2,0.0053425641,0
1537351440,Prod-EcsStagingCluster-EcsCluster-1AAGQRFIOE9AE,Service_beiakklem1vi3j5fejt0,150,2,0.0058263483,0
1537419360,Prod-EcsStagingCluster-EcsCluster-1AAGQRFIOE9AE,Service_beiakklem1vi3j5fejt0,150,2,0.0059473552,0
1537395960,Prod-EcsStagingCluster-EcsCluster-1AAGQRFIOE9AE,Service_beiakklem1vi3j5fejt0,150,2,0.0055786040,0
1537376880,Prod-EcsStagingCluster-EcsCluster-1AAGQRFIOE9AE,Service_beiakklem1vi3j5fejt0,150,2,0.0057173297,0
1537427760,Prod-EcsStagingCluster-EcsCluster-1AAGQRFIOE9AE,Service_beiakklem1vi3j5fejt0,150,2,0.0052635575,0
1537402320,Prod-EcsStagingCluster-EcsCluster-1AAGQRFIOE9AE,Service_beiakklem1vi3j5fejt0,150,2,0.0074445233,0
1537418220,Prod-EcsStagingCluster-EcsCluster-1AAGQRFIOE9AE,Service_beiakklem1vi3j5fejt0,150,2,0.0060949909,0
1537421400,Prod-EcsStagingCluster-EcsCluster-1AAGQRFIOE9AE,Service_beiakklem1vi3j5fejt0,150,2,0.0040309330,0
1537348020,Prod-EcsStagingCluster-EcsCluster-1AAGQRFIOE9AE,Service_beiakklem1vi3j5fejt0,150,2,0.0055842574,0
1537392540,Prod-EcsStagingCluster-EcsCluster-1AAGQRFIOE9AE,Service_beiakklem1vi3j5fejt0,150,2,0.0052829209,0
1537370280,Prod-EcsStagingCluster-EcsCluster-1AAGQRFIOE9AE,Service_beiakklem1vi3j5fejt0,150,2,0.0063689075,0
1537376640,Prod-EcsStagingCluster-EcsCluster-1AAGQRFIOE9AE,Service_beiakklem1vi3j5fejt0,150,2,0.0052005956,0
1537421160,Prod-EcsStagingCluster-EcsCluster-1AAGQRFIOE9AE,Service_beiakklem1vi3j5fejt0,150,2,0.0041124509,0
1537398900,Prod-EcsStagingCluster-EcsCluster-1AAGQRFIOE9AE,Service_beiakklem1vi3j5fejt0,150,2,0.0052652996,0
1537375500,Prod-EcsStagingCluster-EcsCluster-1AAGQRFIOE9AE,Service_beiakklem1vi3j5fejt0,150,2,0.0053690885,0
1537381860,Prod-EcsStagingCluster-EcsCluster-1AAGQRFIOE9AE,Service_beiakklem1vi3j5fejt0,150,2,0.0053099282,0
1537356420,Prod-EcsStagingCluster-EcsCluster-1AAGQRFIOE9AE,Service_beiakklem1vi3j5fejt0,150,2,0.0054253251,0
1537427520,Prod-EcsStagingCluster-EcsCluster-1AAGQRFIOE9AE,Service_beiakklem1vi3j5fejt0,150,2,0.0055323837,0
1537407300,Prod-EcsStagingCluster-EcsCluster-1AAGQRFIOE9AE,Service_beiakklem1vi3j5fejt0,150,2,0.0058304827,0
1537426380,Prod-EcsStagingCluster-EcsCluster-1AAGQRFIOE9AE,Service_beiakklem1vi3j5fejt0,150,2,0.0053803739,0
1537430520,Prod-EcsStagingCluster-EcsCluster-1AAGQRFIOE9AE,Service_beiakklem1vi3j5fejt0,150,2,0.0056573257,0
1537349820,Prod-EcsStagingCluster-EcsCluster-1AAGQRFIOE9AE,Service_beiakklem1vi3j5fejt0,150,2,0.0057896196,0
1537356180,Prod-EcsStagingCluster-EcsCluster-1AAGQRFIOE9AE,Service_beiakklem1vi3j5fejt0,150,2,0.0053781020,0
1537400700,Prod-EcsStagingCluster-EcsCluster-1AAGQRFIOE9AE,Service_beiakklem1vi3j5fejt0,150,2,0.0029506132,0
1537407060,Prod-EcsStagingCluster-EcsCluster-1AAGQRFIOE9AE,Service_beiakklem1vi3j5fejt0,150,2,0.0053683734,0
1537383660,Prod-EcsStagingCluster-EcsCluster-1AAGQRFIOE9AE,Service_beiakklem1vi3j5fejt0,150,2,0.0059055004,0
1537360320,Prod-EcsStagingCluster-EcsCluster-1AAGQRFIOE9AE,Service_beiakklem1vi3j5fejt0,150,2,0.0038438043,0
1537353960,Prod-EcsStagingCluster-EcsCluster-1AAGQRFIOE9AE,Service_beiakklem1vi3j5fejt0,150,2,0.0052692689,0
1537404840,Prod-EcsStagingCluster-EcsCluster-1AAGQRFIOE9AE,Service_beiakklem1vi3j5fejt0,150,2,0.0051028690,0
1537411200,Prod-EcsStagingCluster-EcsCluster-1AAGQRFIOE9AE,Service_beiakklem1vi3j5fejt0,150,2,0.0057203413,0
1537357980,Prod-EcsStagingCluster-EcsCluster-1AAGQRFIOE9AE,Service_beiakklem1vi3j5fejt0,150,2,0.0041692274,0
1537364340,Prod-EcsStagingCluster-EcsCluster-1AAGQRFIOE9AE,Service_beiakklem1vi3j5fejt0,150,2,0.0055317528,0
1537408860,Prod-EcsStagingCluster-EcsCluster-1AAGQRFIOE9AE,Service_beiakklem1vi3j5fejt0,150,2,0.0057730225,0
1537415220,Prod-EcsStagingCluster-EcsCluster-1AAGQRFIOE9AE,Service_beiakklem1vi3j5fejt0,150,2,0.0056005441,0
1537372740,Prod-EcsStagingCluster-EcsCluster-1AAGQRFIOE9AE,Service_beiakklem1vi3j5fejt0,150,2,0.0052871409,0
1537347300,Prod-EcsStagingCluster-EcsCluster-1AAGQRFIOE9AE,Service_beiakklem1vi3j5fejt0,150,2,0.0058560638,0
1537391820,Prod-EcsStagingCluster-EcsCluster-1AAGQRFIOE9AE,Service_beiakklem1vi3j5fejt0,150,2,0.0052266035,0
1537398180,Prod-EcsStagingCluster-EcsCluster-1AAGQRFIOE9AE,Service_beiakklem1vi3j5fejt0,150,2,0.0068428235,0
1537362120,Prod-EcsStagingCluster-EcsCluster-1AAGQRFIOE9AE,Service_beiakklem1vi3j5fejt0,150,2,0.0055342693,0
1537368480,Prod-EcsStagingCluster-EcsCluster-1AAGQRFIOE9AE,Service_beiakklem1vi3j5fejt0,150,2,0.0051992497,0
1537366260,Prod-EcsStagingCluster-EcsCluster-1AAGQRFIOE9AE,Service_beiakklem1vi3j5fejt0,150,2,0.0055210017,0
1537417140,Prod-EcsStagingCluster-EcsCluster-1AAGQRFIOE9AE,Service_beiakklem1vi3j5fejt0,150,2,0.0057403330,0
1537388520,Prod-EcsStagingCluster-EcsCluster-1AAGQRFIOE9AE,Service_beiakklem1vi3j5fejt0,150,2,0.0076194315,0
1537374660,Prod-EcsStagingCluster-EcsCluster-1AAGQRFIOE9AE,Service_beiakklem1vi3j5fejt0,150,2,0.0054418720,0
1537349220,Prod-EcsStagingCluster-EcsCluster-1AAGQRFIOE9AE,Service_beiakklem1vi3j5fejt0,150,2,0.0055050918,0
1537366140,Prod-EcsStagingCluster-EcsCluster-1AAGQRFIOE9AE,Service_beiakklem1vi3j5fejt0,150,2,0.0054029276,0
1537400100,Prod-EcsStagingCluster-EcsCluster-1AAGQRFIOE9AE,Service_beiakklem1vi3j5fejt0,150,2,0.0051861387,0
1537350240,Prod-EcsStagingCluster-EcsCluster-1AAGQRFIOE9AE,Service_beiakklem1vi3j5fejt0,150,2,0.0056227251,0
1537425540,Prod-EcsStagingCluster-EcsCluster-1AAGQRFIOE9AE,Service_beiakklem1vi3j5fejt0,150,2,0.0056886468,0
1537349100,Prod-EcsStagingCluster-EcsCluster-1AAGQRFIOE9AE,Service_beiakklem1vi3j5fejt0,150,2,0.0055946194,0
1537417020,Prod-EcsStagingCluster-EcsCluster-1AAGQRFIOE9AE,Service_beiakklem1vi3j5fejt0,150,2,0.0064399359,0
1537401120,Prod-EcsStagingCluster-EcsCluster-1AAGQRFIOE9AE,Service_beiakklem1vi3j5fejt0,150,2,0.0028147455,0
1537358640,Prod-EcsStagingCluster-EcsCluster-1AAGQRFIOE9AE,Service_beiakklem1vi3j5fejt0,150,2,0.0070983818,0
1537409520,Prod-EcsStagingCluster-EcsCluster-1AAGQRFIOE9AE,Service_beiakklem1vi3j5fejt0,150,2,0.0055347124,0
1537384080,Prod-EcsStagingCluster-EcsCluster-1AAGQRFIOE9AE,Service_beiakklem1vi3j5fejt0,150,2,0.0053302891,0
1537399980,Prod-EcsStagingCluster-EcsCluster-1AAGQRFIOE9AE,Service_beiakklem1vi3j5fejt0,150,2,0.0047054699,0
1537345800,Prod-EcsStagingCluster-EcsCluster-1AAGQRFIOE9AE,Service_beiakklem1vi3j5fejt0,150,2,0.0058300192,0
1537396680,Prod-EcsStagingCluster-EcsCluster-1AAGQRFIOE9AE,Service_beiakklem1vi3j5fejt0,150,2,0.0056367875,0
1537374420,Prod-EcsStagingCluster-EcsCluster-1AAGQRFIOE9AE,Service_beiakklem1vi3j5fejt0,150,2,0.0055319187,0
1537354200,Prod-EcsStagingCluster-EcsCluster-1AAGQRFIOE9AE,Service_beiakklem1vi3j5fejt0,150,2,0.0056673233,0
1537379640,Prod-EcsStagingCluster-EcsCluster-1AAGQRFIOE9AE,Service_beiakklem1vi3j5fejt0,150,2,0.0039425779,0
1537425300,Prod-EcsStagingCluster-EcsCluster-1AAGQRFIOE9AE,Service_beiakklem1vi3j5fejt0,150,2,0.0066719273,0
1537374300,Prod-EcsStagingCluster-EcsCluster-1AAGQRFIOE9AE,Service_beiakklem1vi3j5fejt0,150,2,0.0054979304,0
1537405080,Prod-EcsStagingCluster-EcsCluster-1AAGQRFIOE9AE,Service_beiakklem1vi3j5fejt0,150,2,0.0051716310,0
1537358400,Prod-EcsStagingCluster-EcsCluster-1AAGQRFIOE9AE,Service_beiakklem1vi3j5fejt0,150,2,0.0040421712,0
1537423080,Prod-EcsStagingCluster-EcsCluster-1AAGQRFIOE9AE,Service_beiakklem1vi3j5fejt0,150,2,0.0042728398,0
1537357260,Prod-EcsStagingCluster-EcsCluster-1AAGQRFIOE9AE,Service_beiakklem1vi3j5fejt0,150,2,0.0056471615,0
1537425180,Prod-EcsStagingCluster-EcsCluster-1AAGQRFIOE9AE,Service_beiakklem1vi3j5fejt0,150,2,0.0054580416,0
1537384800,Prod-EcsStagingCluster-EcsCluster-1AAGQRFIOE9AE,Service_beiakklem1vi3j5fejt0,150,2,0.0038593417,0
1537408140,Prod-EcsStagingCluster-EcsCluster-1AAGQRFIOE9AE,Service_beiakklem1vi3j5fejt0,150,2,0.0054059637,0
1537393200,Prod-EcsStagingCluster-EcsCluster-1AAGQRFIOE9AE,Service_beiakklem1vi3j5fejt0,150,2,0.0054856781,0
1537367760,Prod-EcsStagingCluster-EcsCluster-1AAGQRFIOE9AE,Service_beiakklem1vi3j5fejt0,150,2,0.0061532875,0
1537418640,Prod-EcsStagingCluster-EcsCluster-1AAGQRFIOE9AE,Service_beiakklem1vi3j5fejt0,150,2,0.0057267506,0
1537382580,Prod-EcsStagingCluster-EcsCluster-1AAGQRFIOE9AE,Service_beiakklem1vi3j5fejt0,150,2,0.0067226312,0
1537390980,Prod-EcsStagingCluster-EcsCluster-1AAGQRFIOE9AE,Service_beiakklem1vi3j5fejt0,150,2,0.0052552365,0
1537365540,Prod-EcsStagingCluster-EcsCluster-1AAGQRFIOE9AE,Service_beiakklem1vi3j5fejt0,150,2,0.0040870284,0
1537382460,Prod-EcsStagingCluster-EcsCluster-1AAGQRFIOE9AE,Service_beiakklem1vi3j5fejt0,150,2,0.0057176041,0
1537416420,Prod-EcsStagingCluster-EcsCluster-1AAGQRFIOE9AE,Service_beiakklem1vi3j5fejt0,150,2,0.0054340045,0
1537380360,Prod-EcsStagingCluster-EcsCluster-1AAGQRFIOE9AE,Service_beiakklem1vi3j5fejt0,150,2,0.0055933184,0
1537431240,Prod-EcsStagingCluster-EcsCluster-1AAGQRFIOE9AE,Service_beiakklem1vi3j5fejt0,150,2,0.0054260871,0
1537365420,Prod-EcsStagingCluster-EcsCluster-1AAGQRFIOE9AE,Service_beiakklem1vi3j5fejt0,150,2,0.0041122351,0
1537388760,Prod-EcsStagingCluster-EcsCluster-1AAGQRFIOE9AE,Service_beiakklem1vi3j5fejt0,150,2,0.0055380929,0
1537363320,Prod-EcsStagingCluster-EcsCluster-1AAGQRFIOE9AE,Service_beiakklem1vi3j5fejt0,150,2,0.0054300419,0
1537414200,Prod-EcsStagingCluster-EcsCluster-1AAGQRFIOE9AE,Service_beiakklem1vi3j5fejt0,150,2,0.0043072515,0
1537392960,Prod-EcsStagingCluster-EcsCluster-1AAGQRFIOE9AE,Service_beiakklem1vi3j5fejt0,150,2,0.0059422620,0
1537416300,Prod-EcsStagingCluster-EcsCluster-1AAGQRFIOE9AE,Service_beiakklem1vi3j5fejt0,150,2,0.0056386232,0
1537346100,Prod-EcsStagingCluster-EcsCluster-1AAGQRFIOE9AE,Service_beiakklem1vi3j5fejt0,150,2,0.0056528648,0
1537396980,Prod-EcsStagingCluster-EcsCluster-1AAGQRFIOE9AE,Service_beiakklem1vi3j5fejt0,150,2,0.0053349377,0
1537368360,Prod-EcsStagingCluster-EcsCluster-1AAGQRFIOE9AE,Service_beiakklem1vi3j5fejt0,150,2,0.0052420857,0
1537374720,Prod-EcsStagingCluster-EcsCluster-1AAGQRFIOE9AE,Service_beiakklem1vi3j5fejt0,150,2,0.0066963827,0
1537419240,Prod-EcsStagingCluster-EcsCluster-1AAGQRFIOE9AE,Service_beiakklem1vi3j5fejt0,150,2,0.0058730138,0
1537425600,Prod-EcsStagingCluster-EcsCluster-1AAGQRFIOE9AE,Service_beiakklem1vi3j5fejt0,150,2,0.0050733621,0
1537373580,Prod-EcsStagingCluster-EcsCluster-1AAGQRFIOE9AE,Service_beiakklem1vi3j5fejt0,150,2,0.0054530263,0
1537386300,Prod-EcsStagingCluster-EcsCluster-1AAGQRFIOE9AE,Service_beiakklem1vi3j5fejt0,150,2,0.0042939101,0
1537372440,Prod-EcsStagingCluster-EcsCluster-1AAGQRFIOE9AE,Service_beiakklem1vi3j5fejt0,150,2,0.0056334463,0
1537353360,Prod-EcsStagingCluster-EcsCluster-1AAGQRFIOE9AE,Service_beiakklem1vi3j5fejt0,150,2,0.0054806966,0
1537347000,Prod-EcsStagingCluster-EcsCluster-1AAGQRFIOE9AE,Service_beiakklem1vi3j5fejt0,150,2,0.0057090559,0
1537424460,Prod-EcsStagingCluster-EcsCluster-1AAGQRFIOE9AE,Service_beiakklem1vi3j5fejt0,150,2,0.0053982081,0
1537397880,Prod-EcsStagingCluster-EcsCluster-1AAGQRFIOE9AE,Service_beiakklem1vi3j5fejt0,150,2,0.0053714661,0
1537378800,Prod-EcsStagingCluster-EcsCluster-1AAGQRFIOE9AE,Service_beiakklem1vi3j5fejt0,150,2,0.0041788334,0
1537423320,Prod-EcsStagingCluster-EcsCluster-1AAGQRFIOE9AE,Service_beiakklem1vi3j5fejt0,150,2,0.0038686091,0
1537429680,Prod-EcsStagingCluster-EcsCluster-1AAGQRFIOE9AE,Service_beiakklem1vi3j5fejt0,150,2,0.0053013155,0
1537404240,Prod-EcsStagingCluster-EcsCluster-1AAGQRFIOE9AE,Service_beiakklem1vi3j5fejt0,150,2,0.0057274653,0
1537376520,Prod-EcsStagingCluster-EcsCluster-1AAGQRFIOE9AE,Service_beiakklem1vi3j5fejt0,150,2,0.0057081343,0
1537354260,Prod-EcsStagingCluster-EcsCluster-1AAGQRFIOE9AE,Service_beiakklem1vi3j5fejt0,150,2,0.0070221532,0
1537405140,Prod-EcsStagingCluster-EcsCluster-1AAGQRFIOE9AE,Service_beiakklem1vi3j5fejt0,150,2,0.0050148584,0
1537382880,Prod-EcsStagingCluster-EcsCluster-1AAGQRFIOE9AE,Service_beiakklem1vi3j5fejt0,150,2,0.0058343374,0
1537427400,Prod-EcsStagingCluster-EcsCluster-1AAGQRFIOE9AE,Service_beiakklem1vi3j5fejt0,150,2,0.0052735508,0
1537394460,Prod-EcsStagingCluster-EcsCluster-1AAGQRFIOE9AE,Service_beiakklem1vi3j5fejt0,150,2,0.0054158555,0
1537381740,Prod-EcsStagingCluster-EcsCluster-1AAGQRFIOE9AE,Service_beiakklem1vi3j5fejt0,150,2,0.0058316749,0
1537402920,Prod-EcsStagingCluster-EcsCluster-1AAGQRFIOE9AE,Service_beiakklem1vi3j5fejt0,150,2,0.0062975786,0
1537358340,Prod-EcsStagingCluster-EcsCluster-1AAGQRFIOE9AE,Service_beiakklem1vi3j5fejt0,150,2,0.0041236281,0
1537409280,Prod-EcsStagingCluster-EcsCluster-1AAGQRFIOE9AE,Service_beiakklem1vi3j5fejt0,150,2,0.0056029169,0
1537409220,Prod-EcsStagingCluster-EcsCluster-1AAGQRFIOE9AE,Service_beiakklem1vi3j5fejt0,150,2,0.0055816759,0
1537383780,Prod-EcsStagingCluster-EcsCluster-1AAGQRFIOE9AE,Service_beiakklem1vi3j5fejt0,150,2,0.0051371241,0
1537356120,Prod-EcsStagingCluster-EcsCluster-1AAGQRFIOE9AE,Service_beiakklem1vi3j5fejt0,150,2,0.0055235420,0
1537362480,Prod-EcsStagingCluster-EcsCluster-1AAGQRFIOE9AE,Service_beiakklem1vi3j5fejt0,150,2,0.0053737161,0
1537407000,Prod-EcsStagingCluster-EcsCluster-1AAGQRFIOE9AE,Service_beiakklem1vi3j5fejt0,150,2,0.0068518607,0
1537413360,Prod-EcsStagingCluster-EcsCluster-1AAGQRFIOE9AE,Service_beiakklem1vi3j5fejt0,150,2,0.0057336513,0
1537381560,Prod-EcsStagingCluster-EcsCluster-1AAGQRFIOE9AE,Service_beiakklem1vi3j5fejt0,150,2,0.0062081692,0
1537387920,Prod-EcsStagingCluster-EcsCluster-1AAGQRFIOE9AE,Service_beiakklem1vi3j5fejt0,150,2,0.0054934173,0
1537362420,Prod-EcsStagingCluster-EcsCluster-1AAGQRFIOE9AE,Service_beiakklem1vi3j5fejt0,150,2,0.0052482672,0
1537413300,Prod-EcsStagingCluster-EcsCluster-1AAGQRFIOE9AE,Service_beiakklem1vi3j5fejt0,150,2,0.0054703129,0
1537351740,Prod-EcsStagingCluster-EcsCluster-1AAGQRFIOE9AE,Service_beiakklem1vi3j5fejt0,150,2,0.0057511448,0
1537402620,Prod-EcsStagingCluster-EcsCluster-1AAGQRFIOE9AE,Service_beiakklem1vi3j5fejt0,150,2,0.0057518328,0
1537360200,Prod-EcsStagingCluster-EcsCluster-1AAGQRFIOE9AE,Service_beiakklem1vi3j5fejt0,150,2,0.0053549425,0
1537366560,Prod-EcsStagingCluster-EcsCluster-1AAGQRFIOE9AE,Service_beiakklem1vi3j5fejt0,150,2,0.0057092780,0
1537389900,Prod-EcsStagingCluster-EcsCluster-1AAGQRFIOE9AE,Service_beiakklem1vi3j5fejt0,150,2,0.0053057966,0
1537411080,Prod-EcsStagingCluster-EcsCluster-1AAGQRFIOE9AE,Service_beiakklem1vi3j5fejt0,150,2,0.0054809210,0
1537417440,Prod-EcsStagingCluster-EcsCluster-1AAGQRFIOE9AE,Service_beiakklem1vi3j5fejt0,150,2,0.0058102119,0
1537399200,Prod-EcsStagingCluster-EcsCluster-1AAGQRFIOE9AE,Service_beiakklem1vi3j5fejt0,150,2,0.0056303658,0
1537347180,Prod-EcsStagingCluster-EcsCluster-1AAGQRFIOE9AE,Service_beiakklem1vi3j5fejt0,150,2,0.0056229722,0
1537390680,Prod-EcsStagingCluster-EcsCluster-1AAGQRFIOE9AE,Service_beiakklem1vi3j5fejt0,150,2,0.0054604700,0
1537365240,Prod-EcsStagingCluster-EcsCluster-1AAGQRFIOE9AE,Service_beiakklem1vi3j5fejt0,150,2,0.0040496168,0
1537416120,Prod-EcsStagingCluster-EcsCluster-1AAGQRFIOE9AE,Service_beiakklem1vi3j5fejt0,150,2,0.0050217666,0
1537359900,Prod-EcsStagingCluster-EcsCluster-1AAGQRFIOE9AE,Service_beiakklem1vi3j5fejt0,150,2,0.0041006889,0
1537410780,Prod-EcsStagingCluster-EcsCluster-1AAGQRFIOE9AE,Service_beiakklem1vi3j5fejt0,150,2,0.0057874520,0
1537398060,Prod-EcsStagingCluster-EcsCluster-1AAGQRFIOE9AE,Service_beiakklem1vi3j5fejt0,150,2,0.0057574640,0
1537394760,Prod-EcsStagingCluster-EcsCluster-1AAGQRFIOE9AE,Service_beiakklem1vi3j5fejt0,150,2,0.0051150658,0
1537372500,Prod-EcsStagingCluster-EcsCluster-1AAGQRFIOE9AE,Service_beiakklem1vi3j5fejt0,150,2,0.0063854672,0
1537423380,Prod-EcsStagingCluster-EcsCluster-1AAGQRFIOE9AE,Service_beiakklem1vi3j5fejt0,150,2,0.0039999034,0
1537356480,Prod-EcsStagingCluster-EcsCluster-1AAGQRFIOE9AE,Service_beiakklem1vi3j5fejt0,150,2,0.0052273388,0
1537351140,Prod-EcsStagingCluster-EcsCluster-1AAGQRFIOE9AE,Service_beiakklem1vi3j5fejt0,150,2,0.0055462803,0
1537355340,Prod-EcsStagingCluster-EcsCluster-1AAGQRFIOE9AE,Service_beiakklem1vi3j5fejt0,150,2,0.0054719558,0
1537376580,Prod-EcsStagingCluster-EcsCluster-1AAGQRFIOE9AE,Service_beiakklem1vi3j5fejt0,150,2,0.0058667688,0
1537407360,Prod-EcsStagingCluster-EcsCluster-1AAGQRFIOE9AE,Service_beiakklem1vi3j5fejt0,150,2,0.0053608968,0
1537427460,Prod-EcsStagingCluster-EcsCluster-1AAGQRFIOE9AE,Service_beiakklem1vi3j5fejt0,150,2,0.0055330664,0
1537368060,Prod-EcsStagingCluster-EcsCluster-1AAGQRFIOE9AE,Service_beiakklem1vi3j5fejt0,150,2,0.0048270337,0
1537402020,Prod-EcsStagingCluster-EcsCluster-1AAGQRFIOE9AE,Service_beiakklem1vi3j5fejt0,150,2,0.0043086728,0
1537418940,Prod-EcsStagingCluster-EcsCluster-1AAGQRFIOE9AE,Service_beiakklem1vi3j5fejt0,150,2,0.0063720032,0
1537406220,Prod-EcsStagingCluster-EcsCluster-1AAGQRFIOE9AE,Service_beiakklem1vi3j5fejt0,150,2,0.0055563261,0
1537360560,Prod-EcsStagingCluster-EcsCluster-1AAGQRFIOE9AE,Service_beiakklem1vi3j5fejt0,150,2,0.0043275434,0
1537411440,Prod-EcsStagingCluster-EcsCluster-1AAGQRFIOE9AE,Service_beiakklem1vi3j5fejt0,150,2,0.0053989087,0
1537352040,Prod-EcsStagingCluster-EcsCluster-1AAGQRFIOE9AE,Service_beiakklem1vi3j5fejt0,150,2,0.0055519830,0
1537386000,Prod-EcsStagingCluster-EcsCluster-1AAGQRFIOE9AE,Service_beiakklem1vi3j5fejt0,150,2,0.0041512229,0
1537380660,Prod-EcsStagingCluster-EcsCluster-1AAGQRFIOE9AE,Service_beiakklem1vi3j5fejt0,150,2,0.0054194161,0
1537431540,Prod-EcsStagingCluster-EcsCluster-1AAGQRFIOE9AE,Service_beiakklem1vi3j5fejt0,150,2,0.0051742913,0
1537378440,Prod-EcsStagingCluster-EcsCluster-1AAGQRFIOE9AE,Service_beiakklem1vi3j5fejt0,150,2,0.0041651765,0
1537429320,Prod-EcsStagingCluster-EcsCluster-1AAGQRFIOE9AE,Service_beiakklem1vi3j5fejt0,150,2,0.0055013556,0
1537376220,Prod-EcsStagingCluster-EcsCluster-1AAGQRFIOE9AE,Service_beiakklem1vi3j5fejt0,150,2,0.0056315109,0
1537363500,Prod-EcsStagingCluster-EcsCluster-1AAGQRFIOE9AE,Service_beiakklem1vi3j5fejt0,150,2,0.0059364685,0
1537427100,Prod-EcsStagingCluster-EcsCluster-1AAGQRFIOE9AE,Service_beiakklem1vi3j5fejt0,150,2,0.0057058419,0
1537391040,Prod-EcsStagingCluster-EcsCluster-1AAGQRFIOE9AE,Service_beiakklem1vi3j5fejt0,150,2,0.0050254470,0
1537414380,Prod-EcsStagingCluster-EcsCluster-1AAGQRFIOE9AE,Service_beiakklem1vi3j5fejt0,150,2,0.0041376873,0
1537388820,Prod-EcsStagingCluster-EcsCluster-1AAGQRFIOE9AE,Service_beiakklem1vi3j5fejt0,150,2,0.0054677097,0
1537369680,Prod-EcsStagingCluster-EcsCluster-1AAGQRFIOE9AE,Service_beiakklem1vi3j5fejt0,150,2,0.0053785769,0
1537420560,Prod-EcsStagingCluster-EcsCluster-1AAGQRFIOE9AE,Service_beiakklem1vi3j5fejt0,150,2,0.0059864709,0
1537395120,Prod-EcsStagingCluster-EcsCluster-1AAGQRFIOE9AE,Service_beiakklem1vi3j5fejt0,150,2,0.0055511688,0
1537386600,Prod-EcsStagingCluster-EcsCluster-1AAGQRFIOE9AE,Service_beiakklem1vi3j5fejt0,150,2,0.0042950069,0
1537392900,Prod-EcsStagingCluster-EcsCluster-1AAGQRFIOE9AE,Service_beiakklem1vi3j5fejt0,150,2,0.0053372181,0
1537367460,Prod-EcsStagingCluster-EcsCluster-1AAGQRFIOE9AE,Service_beiakklem1vi3j5fejt0,150,2,0.0054235655,0
1537371660,Prod-EcsStagingCluster-EcsCluster-1AAGQRFIOE9AE,Service_beiakklem1vi3j5fejt0,150,2,0.0054497921,0
1537384380,Prod-EcsStagingCluster-EcsCluster-1AAGQRFIOE9AE,Service_beiakklem1vi3j5fejt0,150,2,0.0067522050,0
1537418340,Prod-EcsStagingCluster-EcsCluster-1AAGQRFIOE9AE,Service_beiakklem1vi3j5fejt0,150,2,0.0053452008,0
1537348320,Prod-EcsStagingCluster-EcsCluster-1AAGQRFIOE9AE,Service_beiakklem1vi3j5fejt0,150,2,0.0055719399,0
1537357800,Prod-EcsStagingCluster-EcsCluster-1AAGQRFIOE9AE,Service_beiakklem1vi3j5fejt0,150,2,0.0040253077,0
1537364160,Prod-EcsStagingCluster-EcsCluster-1AAGQRFIOE9AE,Service_beiakklem1vi3j5fejt0,150,2,0.0059308654,0
1537428900,Prod-EcsStagingCluster-EcsCluster-1AAGQRFIOE9AE,Service_beiakklem1vi3j5fejt0,150,2,0.0053181500,0
1537408680,Prod-EcsStagingCluster-EcsCluster-1AAGQRFIOE9AE,Service_beiakklem1vi3j5fejt0,150,2,0.0056980545,0
1537415040,Prod-EcsStagingCluster-EcsCluster-1AAGQRFIOE9AE,Service_beiakklem1vi3j5fejt0,150,2,0.0041081771,0
1537363020,Prod-EcsStagingCluster-EcsCluster-1AAGQRFIOE9AE,Service_beiakklem1vi3j5fejt0,150,2,0.0056505127,0
1537413900,Prod-EcsStagingCluster-EcsCluster-1AAGQRFIOE9AE,Service_beiakklem1vi3j5fejt0,150,2,0.0044053783,0
1537394820,Prod-EcsStagingCluster-EcsCluster-1AAGQRFIOE9AE,Service_beiakklem1vi3j5fejt0,150,2,0.0067597574,0
1537374600,Prod-EcsStagingCluster-EcsCluster-1AAGQRFIOE9AE,Service_beiakklem1vi3j5fejt0,150,2,0.0054030556,0
1537380960,Prod-EcsStagingCluster-EcsCluster-1AAGQRFIOE9AE,Service_beiakklem1vi3j5fejt0,150,2,0.0054860975,0
1537357560,Prod-EcsStagingCluster-EcsCluster-1AAGQRFIOE9AE,Service_beiakklem1vi3j5fejt0,150,2,0.0040769532,3
1537363920,Prod-EcsStagingCluster-EcsCluster-1AAGQRFIOE9AE,Service_beiakklem1vi3j5fejt0,150,2,0.0056330807,0
1537425480,Prod-EcsStagingCluster-EcsCluster-1AAGQRFIOE9AE,Service_beiakklem1vi3j5fejt0,150,2,0.0057160231,0
1537379820,Prod-EcsStagingCluster-EcsCluster-1AAGQRFIOE9AE,Service_beiakklem1vi3j5fejt0,150,2,0.0042750692,0
1537414800,Prod-EcsStagingCluster-EcsCluster-1AAGQRFIOE9AE,Service_beiakklem1vi3j5fejt0,150,2,0.0040491484,0
1537408440,Prod-EcsStagingCluster-EcsCluster-1AAGQRFIOE9AE,Service_beiakklem1vi3j5fejt0,150,2,0.0059996811,0
1537430700,Prod-EcsStagingCluster-EcsCluster-1AAGQRFIOE9AE,Service_beiakklem1vi3j5fejt0,150,2,0.0054124338,0
1537388220,Prod-EcsStagingCluster-EcsCluster-1AAGQRFIOE9AE,Service_beiakklem1vi3j5fejt0,150,2,0.0054673073,0
1537394580,Prod-EcsStagingCluster-EcsCluster-1AAGQRFIOE9AE,Service_beiakklem1vi3j5fejt0,150,2,0.0055517675,0
1537374360,Prod-EcsStagingCluster-EcsCluster-1AAGQRFIOE9AE,Service_beiakklem1vi3j5fejt0,150,2,0.0056824294,0
1537380720,Prod-EcsStagingCluster-EcsCluster-1AAGQRFIOE9AE,Service_beiakklem1vi3j5fejt0,150,2,0.0057933927,0
1537354140,Prod-EcsStagingCluster-EcsCluster-1AAGQRFIOE9AE,Service_beiakklem1vi3j5fejt0,150,2,0.0059636582,0
1537360500,Prod-EcsStagingCluster-EcsCluster-1AAGQRFIOE9AE,Service_beiakklem1vi3j5fejt0,150,2,0.0048810995,0
1537425240,Prod-EcsStagingCluster-EcsCluster-1AAGQRFIOE9AE,Service_beiakklem1vi3j5fejt0,150,2,0.0055394530,0
1537431600,Prod-EcsStagingCluster-EcsCluster-1AAGQRFIOE9AE,Service_beiakklem1vi3j5fejt0,150,2,0.0048435503,0
1537411380,Prod-EcsStagingCluster-EcsCluster-1AAGQRFIOE9AE,Service_beiakklem1vi3j5fejt0,150,2,0.0056302286,0
1537405020,Prod-EcsStagingCluster-EcsCluster-1AAGQRFIOE9AE,Service_beiakklem1vi3j5fejt0,150,2,0.0053629242,0
1537358280,Prod-EcsStagingCluster-EcsCluster-1AAGQRFIOE9AE,Service_beiakklem1vi3j5fejt0,150,2,0.0040899160,0
1537394340,Prod-EcsStagingCluster-EcsCluster-1AAGQRFIOE9AE,Service_beiakklem1vi3j5fejt0,150,2,0.0053235395,0
1537364640,Prod-EcsStagingCluster-EcsCluster-1AAGQRFIOE9AE,Service_beiakklem1vi3j5fejt0,150,2,0.0043669570,0
1537409160,Prod-EcsStagingCluster-EcsCluster-1AAGQRFIOE9AE,Service_beiakklem1vi3j5fejt0,150,2,0.0056251509,0
1537415520,Prod-EcsStagingCluster-EcsCluster-1AAGQRFIOE9AE,Service_beiakklem1vi3j5fejt0,150,2,0.0054394422,0
1537347600,Prod-EcsStagingCluster-EcsCluster-1AAGQRFIOE9AE,Service_beiakklem1vi3j5fejt0,150,2,0.0056566728,0
1537392120,Prod-EcsStagingCluster-EcsCluster-1AAGQRFIOE9AE,Service_beiakklem1vi3j5fejt0,150,2,0.0054356731,0
1537398480,Prod-EcsStagingCluster-EcsCluster-1AAGQRFIOE9AE,Service_beiakklem1vi3j5fejt0,150,2,0.0122731927,0
1537379340,Prod-EcsStagingCluster-EcsCluster-1AAGQRFIOE9AE,Service_beiakklem1vi3j5fejt0,150,2,0.0041198049,0
1537360260,Prod-EcsStagingCluster-EcsCluster-1AAGQRFIOE9AE,Service_beiakklem1vi3j5fejt0,150,2,0.0040909301,0
1537411140,Prod-EcsStagingCluster-EcsCluster-1AAGQRFIOE9AE,Service_beiakklem1vi3j5fejt0,150,2,0.0059300269,0
1537430220,Prod-EcsStagingCluster-EcsCluster-1AAGQRFIOE9AE,Service_beiakklem1vi3j5fejt0,150,2,0.0051685689,0
1537358040,Prod-EcsStagingCluster-EcsCluster-1AAGQRFIOE9AE,Service_beiakklem1vi3j5fejt0,150,2,0.0040425552,0
1537364400,Prod-EcsStagingCluster-EcsCluster-1AAGQRFIOE9AE,Service_beiakklem1vi3j5fejt0,150,2,0.0043931406,0
1537408920,Prod-EcsStagingCluster-EcsCluster-1AAGQRFIOE9AE,Service_beiakklem1vi3j5fejt0,150,2,0.0055311231,0
1537415280,Prod-EcsStagingCluster-EcsCluster-1AAGQRFIOE9AE,Service_beiakklem1vi3j5fejt0,150,2,0.0054250455,0
1537396140,Prod-EcsStagingCluster-EcsCluster-1AAGQRFIOE9AE,Service_beiakklem1vi3j5fejt0,150,2,0.0056806442,0
1537360020,Prod-EcsStagingCluster-EcsCluster-1AAGQRFIOE9AE,Service_beiakklem1vi3j5fejt0,150,2,0.0041937894,0
1537353660,Prod-EcsStagingCluster-EcsCluster-1AAGQRFIOE9AE,Service_beiakklem1vi3j5fejt0,150,2,0.0054870671,0
1537392840,Prod-EcsStagingCluster-EcsCluster-1AAGQRFIOE9AE,Service_beiakklem1vi3j5fejt0,150,2,0.0054610480,0
1537346160,Prod-EcsStagingCluster-EcsCluster-1AAGQRFIOE9AE,Service_beiakklem1vi3j5fejt0,150,2,0.0052935758,0
1537404540,Prod-EcsStagingCluster-EcsCluster-1AAGQRFIOE9AE,Service_beiakklem1vi3j5fejt0,150,2,0.0051984542,0
1537375800,Prod-EcsStagingCluster-EcsCluster-1AAGQRFIOE9AE,Service_beiakklem1vi3j5fejt0,150,2,0.0051998032,0
1537397040,Prod-EcsStagingCluster-EcsCluster-1AAGQRFIOE9AE,Service_beiakklem1vi3j5fejt0,150,2,0.0054355063,0
1537370460,Prod-EcsStagingCluster-EcsCluster-1AAGQRFIOE9AE,Service_beiakklem1vi3j5fejt0,150,2,0.0050797140,0
1537361940,Prod-EcsStagingCluster-EcsCluster-1AAGQRFIOE9AE,Service_beiakklem1vi3j5fejt0,150,2,0.0054448037,0
1537426680,Prod-EcsStagingCluster-EcsCluster-1AAGQRFIOE9AE,Service_beiakklem1vi3j5fejt0,150,2,0.0055385179,0
1537421340,Prod-EcsStagingCluster-EcsCluster-1AAGQRFIOE9AE,Service_beiakklem1vi3j5fejt0,150,2,0.0042072734,0
1537412820,Prod-EcsStagingCluster-EcsCluster-1AAGQRFIOE9AE,Service_beiakklem1vi3j5fejt0,150,2,0.0068164988,0
1537345920,Prod-EcsStagingCluster-EcsCluster-1AAGQRFIOE9AE,Service_beiakklem1vi3j5fejt0,150,2,0.0054734228,0
1537392600,Prod-EcsStagingCluster-EcsCluster-1AAGQRFIOE9AE,Service_beiakklem1vi3j5fejt0,150,2,0.0051559334,0
1537378740,Prod-EcsStagingCluster-EcsCluster-1AAGQRFIOE9AE,Service_beiakklem1vi3j5fejt0,150,2,0.0051615073,0
1537396800,Prod-EcsStagingCluster-EcsCluster-1AAGQRFIOE9AE,Service_beiakklem1vi3j5fejt0,150,2,0.0056166062,0
1537361700,Prod-EcsStagingCluster-EcsCluster-1AAGQRFIOE9AE,Service_beiakklem1vi3j5fejt0,150,2,0.0054572859,0
1537395660,Prod-EcsStagingCluster-EcsCluster-1AAGQRFIOE9AE,Service_beiakklem1vi3j5fejt0,150,2,0.0053831530,0
1537429620,Prod-EcsStagingCluster-EcsCluster-1AAGQRFIOE9AE,Service_beiakklem1vi3j5fejt0,150,2,0.0054117300,0
1537412580,Prod-EcsStagingCluster-EcsCluster-1AAGQRFIOE9AE,Service_beiakklem1vi3j5fejt0,150,2,0.0051788203,0
1537362720,Prod-EcsStagingCluster-EcsCluster-1AAGQRFIOE9AE,Service_beiakklem1vi3j5fejt0,150,2,0.0056969897,0
1537413600,Prod-EcsStagingCluster-EcsCluster-1AAGQRFIOE9AE,Service_beiakklem1vi3j5fejt0,150,2,0.0055688538,0
1537345680,Prod-EcsStagingCluster-EcsCluster-1AAGQRFIOE9AE,Service_beiakklem1vi3j5fejt0,150,2,0.0054244150,0
1537361580,Prod-EcsStagingCluster-EcsCluster-1AAGQRFIOE9AE,Service_beiakklem1vi3j5fejt0,150,2,0.0067096725,0
1537392360,Prod-EcsStagingCluster-EcsCluster-1AAGQRFIOE9AE,Service_beiakklem1vi3j5fejt0,150,2,0.0052285042,0
1537410360,Prod-EcsStagingCluster-EcsCluster-1AAGQRFIOE9AE,Service_beiakklem1vi3j5fejt0,150,2,0.0054983552,0
1537378500,Prod-EcsStagingCluster-EcsCluster-1AAGQRFIOE9AE,Service_beiakklem1vi3j5fejt0,150,2,0.0058269994,0
1537412460,Prod-EcsStagingCluster-EcsCluster-1AAGQRFIOE9AE,Service_beiakklem1vi3j5fejt0,150,2,0.0053334924,0
1537429380,Prod-EcsStagingCluster-EcsCluster-1AAGQRFIOE9AE,Service_beiakklem1vi3j5fejt0,150,2,0.0053161019,0
1537369980,Prod-EcsStagingCluster-EcsCluster-1AAGQRFIOE9AE,Service_beiakklem1vi3j5fejt0,150,2,0.0052870098,0
1537420860,Prod-EcsStagingCluster-EcsCluster-1AAGQRFIOE9AE,Service_beiakklem1vi3j5fejt0,150,2,0.0043056609,0
1537376280,Prod-EcsStagingCluster-EcsCluster-1AAGQRFIOE9AE,Service_beiakklem1vi3j5fejt0,150,2,0.0052453746,0
1537380480,Prod-EcsStagingCluster-EcsCluster-1AAGQRFIOE9AE,Service_beiakklem1vi3j5fejt0,150,2,0.0062402122,0
1537427160,Prod-EcsStagingCluster-EcsCluster-1AAGQRFIOE9AE,Service_beiakklem1vi3j5fejt0,150,2,0.0052733086,0
1537386780,Prod-EcsStagingCluster-EcsCluster-1AAGQRFIOE9AE,Service_beiakklem1vi3j5fejt0,150,2,0.0040137302,0
1537431360,Prod-EcsStagingCluster-EcsCluster-1AAGQRFIOE9AE,Service_beiakklem1vi3j5fejt0,150,2,0.0067269923,0
1537378260,Prod-EcsStagingCluster-EcsCluster-1AAGQRFIOE9AE,Service_beiakklem1vi3j5fejt0,150,2,0.0052166561,0
1537346400,Prod-EcsStagingCluster-EcsCluster-1AAGQRFIOE9AE,Service_beiakklem1vi3j5fejt0,150,2,0.0058341038,0
1537397280,Prod-EcsStagingCluster-EcsCluster-1AAGQRFIOE9AE,Service_beiakklem1vi3j5fejt0,150,2,0.0053592473,0
1537429140,Prod-EcsStagingCluster-EcsCluster-1AAGQRFIOE9AE,Service_beiakklem1vi3j5fejt0,150,2,0.0055287120,0
1537376040,Prod-EcsStagingCluster-EcsCluster-1AAGQRFIOE9AE,Service_beiakklem1vi3j5fejt0,150,2,0.0054724074,0
1537380240,Prod-EcsStagingCluster-EcsCluster-1AAGQRFIOE9AE,Service_beiakklem1vi3j5fejt0,150,2,0.0052097137,0
1537361100,Prod-EcsStagingCluster-EcsCluster-1AAGQRFIOE9AE,Service_beiakklem1vi3j5fejt0,150,2,0.0055346268,0
1537395060,Prod-EcsStagingCluster-EcsCluster-1AAGQRFIOE9AE,Service_beiakklem1vi3j5fejt0,150,2,0.0058761428,0
1537426920,Prod-EcsStagingCluster-EcsCluster-1AAGQRFIOE9AE,Service_beiakklem1vi3j5fejt0,150,2,0.0054046543,0
1537431120,Prod-EcsStagingCluster-EcsCluster-1AAGQRFIOE9AE,Service_beiakklem1vi3j5fejt0,150,2,0.0051447800,0
1537378020,Prod-EcsStagingCluster-EcsCluster-1AAGQRFIOE9AE,Service_beiakklem1vi3j5fejt0,150,2,0.0053539389,0
1537411980,Prod-EcsStagingCluster-EcsCluster-1AAGQRFIOE9AE,Service_beiakklem1vi3j5fejt0,150,2,0.0057670598,0
1537372680,Prod-EcsStagingCluster-EcsCluster-1AAGQRFIOE9AE,Service_beiakklem1vi3j5fejt0,150,2,0.0050543413,0
1537379040,Prod-EcsStagingCluster-EcsCluster-1AAGQRFIOE9AE,Service_beiakklem1vi3j5fejt0,150,2,0.0044870904,0
1537359960,Prod-EcsStagingCluster-EcsCluster-1AAGQRFIOE9AE,Service_beiakklem1vi3j5fejt0,150,2,0.0038466378,0
1537366320,Prod-EcsStagingCluster-EcsCluster-1AAGQRFIOE9AE,Service_beiakklem1vi3j5fejt0,150,2,0.0054878729,0
1537424700,Prod-EcsStagingCluster-EcsCluster-1AAGQRFIOE9AE,Service_beiakklem1vi3j5fejt0,150,2,0.0067936356,0
1537410840,Prod-EcsStagingCluster-EcsCluster-1AAGQRFIOE9AE,Service_beiakklem1vi3j5fejt0,150,2,0.0056871552,0
1537429920,Prod-EcsStagingCluster-EcsCluster-1AAGQRFIOE9AE,Service_beiakklem1vi3j5fejt0,150,2,0.0057551506,0
1537417200,Prod-EcsStagingCluster-EcsCluster-1AAGQRFIOE9AE,Service_beiakklem1vi3j5fejt0,150,2,0.0073676307,0
1537423560,Prod-EcsStagingCluster-EcsCluster-1AAGQRFIOE9AE,Service_beiakklem1vi3j5fejt0,150,2,0.0039976893,0
1537390620,Prod-EcsStagingCluster-EcsCluster-1AAGQRFIOE9AE,Service_beiakklem1vi3j5fejt0,150,2,0.0056200954,0
1537377900,Prod-EcsStagingCluster-EcsCluster-1AAGQRFIOE9AE,Service_beiakklem1vi3j5fejt0,150,2,0.0053330467,0
1537428780,Prod-EcsStagingCluster-EcsCluster-1AAGQRFIOE9AE,Service_beiakklem1vi3j5fejt0,150,2,0.0049042007,0
1537379940,Prod-EcsStagingCluster-EcsCluster-1AAGQRFIOE9AE,Service_beiakklem1vi3j5fejt0,150,2,0.0058950334,0
1537392660,Prod-EcsStagingCluster-EcsCluster-1AAGQRFIOE9AE,Service_beiakklem1vi3j5fejt0,150,2,0.0056031013,0
1537430820,Prod-EcsStagingCluster-EcsCluster-1AAGQRFIOE9AE,Service_beiakklem1vi3j5fejt0,150,2,0.0050998148,0
1537358580,Prod-EcsStagingCluster-EcsCluster-1AAGQRFIOE9AE,Service_beiakklem1vi3j5fejt0,150,2,0.0057323602,0
1537345860,Prod-EcsStagingCluster-EcsCluster-1AAGQRFIOE9AE,Service_beiakklem1vi3j5fejt0,150,2,0.0056685904,0
1537409460,Prod-EcsStagingCluster-EcsCluster-1AAGQRFIOE9AE,Service_beiakklem1vi3j5fejt0,150,2,0.0058264043,0
1537396740,Prod-EcsStagingCluster-EcsCluster-1AAGQRFIOE9AE,Service_beiakklem1vi3j5fejt0,150,2,0.0052948956,0
1537359480,Prod-EcsStagingCluster-EcsCluster-1AAGQRFIOE9AE,Service_beiakklem1vi3j5fejt0,150,2,0.0042359509,0
1537378560,Prod-EcsStagingCluster-EcsCluster-1AAGQRFIOE9AE,Service_beiakklem1vi3j5fejt0,150,2,0.0042287387,0
1537372200,Prod-EcsStagingCluster-EcsCluster-1AAGQRFIOE9AE,Service_beiakklem1vi3j5fejt0,150,2,0.0055114919,0
1537365840,Prod-EcsStagingCluster-EcsCluster-1AAGQRFIOE9AE,Service_beiakklem1vi3j5fejt0,150,2,0.0042861773,0
1537377420,Prod-EcsStagingCluster-EcsCluster-1AAGQRFIOE9AE,Service_beiakklem1vi3j5fejt0,150,2,0.0053680558,0
1537390140,Prod-EcsStagingCluster-EcsCluster-1AAGQRFIOE9AE,Service_beiakklem1vi3j5fejt0,150,2,0.0052840975,0
1537428300,Prod-EcsStagingCluster-EcsCluster-1AAGQRFIOE9AE,Service_beiakklem1vi3j5fejt0,150,2,0.0050399104,0
1537356060,Prod-EcsStagingCluster-EcsCluster-1AAGQRFIOE9AE,Service_beiakklem1vi3j5fejt0,150,2,0.0053248750,0
1537406940,Prod-EcsStagingCluster-EcsCluster-1AAGQRFIOE9AE,Service_beiakklem1vi3j5fejt0,150,2,0.0053510006,0
1537394220,Prod-EcsStagingCluster-EcsCluster-1AAGQRFIOE9AE,Service_beiakklem1vi3j5fejt0,150,2,0.0051144540,0
1537345380,Prod-EcsStagingCluster-EcsCluster-1AAGQRFIOE9AE,Service_beiakklem1vi3j5fejt0,150,2,0.0059238378,0
1537358100,Prod-EcsStagingCluster-EcsCluster-1AAGQRFIOE9AE,Service_beiakklem1vi3j5fejt0,150,2,0.0045224169,0
1537396260,Prod-EcsStagingCluster-EcsCluster-1AAGQRFIOE9AE,Service_beiakklem1vi3j5fejt0,150,2,0.0057340508,0
1537408980,Prod-EcsStagingCluster-EcsCluster-1AAGQRFIOE9AE,Service_beiakklem1vi3j5fejt0,150,2,0.0056451143,0
1537362240,Prod-EcsStagingCluster-EcsCluster-1AAGQRFIOE9AE,Service_beiakklem1vi3j5fejt0,150,2,0.0059221042,0
1537355880,Prod-EcsStagingCluster-EcsCluster-1AAGQRFIOE9AE,Service_beiakklem1vi3j5fejt0,150,2,0.0058637795,0
1537349520,Prod-EcsStagingCluster-EcsCluster-1AAGQRFIOE9AE,Service_beiakklem1vi3j5fejt0,150,2,0.0055005901,0
1537394040,Prod-EcsStagingCluster-EcsCluster-1AAGQRFIOE9AE,Service_beiakklem1vi3j5fejt0,150,2,0.0064863513,0
1537400400,Prod-EcsStagingCluster-EcsCluster-1AAGQRFIOE9AE,Service_beiakklem1vi3j5fejt0,150,2,0.0045437633,0
1537374900,Prod-EcsStagingCluster-EcsCluster-1AAGQRFIOE9AE,Service_beiakklem1vi3j5fejt0,150,2,0.0054351446,0
1537362180,Prod-EcsStagingCluster-EcsCluster-1AAGQRFIOE9AE,Service_beiakklem1vi3j5fejt0,150,2,0.0067602501,0
1537406760,Prod-EcsStagingCluster-EcsCluster-1AAGQRFIOE9AE,Service_beiakklem1vi3j5fejt0,150,2,0.0055921828,0
1537413120,Prod-EcsStagingCluster-EcsCluster-1AAGQRFIOE9AE,Service_beiakklem1vi3j5fejt0,150,2,0.0058940549,0
1537413060,Prod-EcsStagingCluster-EcsCluster-1AAGQRFIOE9AE,Service_beiakklem1vi3j5fejt0,150,2,0.0056257309,0
1537425780,Prod-EcsStagingCluster-EcsCluster-1AAGQRFIOE9AE,Service_beiakklem1vi3j5fejt0,150,2,0.0054826265,0
1537410900,Prod-EcsStagingCluster-EcsCluster-1AAGQRFIOE9AE,Service_beiakklem1vi3j5fejt0,150,2,0.0056734059,0
1537382160,Prod-EcsStagingCluster-EcsCluster-1AAGQRFIOE9AE,Service_beiakklem1vi3j5fejt0,150,2,0.0054039737,0
1537376820,Prod-EcsStagingCluster-EcsCluster-1AAGQRFIOE9AE,Service_beiakklem1vi3j5fejt0,150,2,0.0060417879,0
1537364100,Prod-EcsStagingCluster-EcsCluster-1AAGQRFIOE9AE,Service_beiakklem1vi3j5fejt0,150,2,0.0059583826,0
1537394880,Prod-EcsStagingCluster-EcsCluster-1AAGQRFIOE9AE,Service_beiakklem1vi3j5fejt0,150,2,0.0055571975,0
1537355580,Prod-EcsStagingCluster-EcsCluster-1AAGQRFIOE9AE,Service_beiakklem1vi3j5fejt0,150,2,0.0055988893,0
1537393740,Prod-EcsStagingCluster-EcsCluster-1AAGQRFIOE9AE,Service_beiakklem1vi3j5fejt0,150,2,0.0051812599,0
1537427700,Prod-EcsStagingCluster-EcsCluster-1AAGQRFIOE9AE,Service_beiakklem1vi3j5fejt0,150,2,0.0061564469,0
1537414980,Prod-EcsStagingCluster-EcsCluster-1AAGQRFIOE9AE,Service_beiakklem1vi3j5fejt0,150,2,0.0041509344,0
1537348080,Prod-EcsStagingCluster-EcsCluster-1AAGQRFIOE9AE,Service_beiakklem1vi3j5fejt0,150,2,0.0055131340,0
1537360800,Prod-EcsStagingCluster-EcsCluster-1AAGQRFIOE9AE,Service_beiakklem1vi3j5fejt0,150,2,0.0040872285,0
1537406460,Prod-EcsStagingCluster-EcsCluster-1AAGQRFIOE9AE,Service_beiakklem1vi3j5fejt0,150,2,0.0055873119,0
1537377720,Prod-EcsStagingCluster-EcsCluster-1AAGQRFIOE9AE,Service_beiakklem1vi3j5fejt0,150,2,0.0052197662,0
1537411680,Prod-EcsStagingCluster-EcsCluster-1AAGQRFIOE9AE,Service_beiakklem1vi3j5fejt0,150,2,0.0057737640,0
1537398960,Prod-EcsStagingCluster-EcsCluster-1AAGQRFIOE9AE,Service_beiakklem1vi3j5fejt0,150,2,0.0055242787,0
1537372380,Prod-EcsStagingCluster-EcsCluster-1AAGQRFIOE9AE,Service_beiakklem1vi3j5fejt0,150,2,0.0053829538,0
1537359660,Prod-EcsStagingCluster-EcsCluster-1AAGQRFIOE9AE,Service_beiakklem1vi3j5fejt0,150,2,0.0040696503,0
1537390440,Prod-EcsStagingCluster-EcsCluster-1AAGQRFIOE9AE,Service_beiakklem1vi3j5fejt0,150,2,0.0051642630,0
1537410540,Prod-EcsStagingCluster-EcsCluster-1AAGQRFIOE9AE,Service_beiakklem1vi3j5fejt0,150,2,0.0058634534,0
1537428600,Prod-EcsStagingCluster-EcsCluster-1AAGQRFIOE9AE,Service_beiakklem1vi3j5fejt0,150,2,0.0051296591,0
1537423260,Prod-EcsStagingCluster-EcsCluster-1AAGQRFIOE9AE,Service_beiakklem1vi3j5fejt0,150,2,0.0038182174,0
1537356360,Prod-EcsStagingCluster-EcsCluster-1AAGQRFIOE9AE,Service_beiakklem1vi3j5fejt0,150,2,0.0066157968,0
1537394520,Prod-EcsStagingCluster-EcsCluster-1AAGQRFIOE9AE,Service_beiakklem1vi3j5fejt0,150,2,0.0071575622,0
1537407240,Prod-EcsStagingCluster-EcsCluster-1AAGQRFIOE9AE,Service_beiakklem1vi3j5fejt0,150,2,0.0027179608,0
1537416720,Prod-EcsStagingCluster-EcsCluster-1AAGQRFIOE9AE,Service_beiakklem1vi3j5fejt0,150,2,0.0081730314,0
1537429440,Prod-EcsStagingCluster-EcsCluster-1AAGQRFIOE9AE,Service_beiakklem1vi3j5fejt0,150,2,0.0054567266,0
1537363620,Prod-EcsStagingCluster-EcsCluster-1AAGQRFIOE9AE,Service_beiakklem1vi3j5fejt0,150,2,0.0053939073,0
1537376340,Prod-EcsStagingCluster-EcsCluster-1AAGQRFIOE9AE,Service_beiakklem1vi3j5fejt0,150,2,0.0055174957,0
1537414500,Prod-EcsStagingCluster-EcsCluster-1AAGQRFIOE9AE,Service_beiakklem1vi3j5fejt0,150,2,0.0044292486,0
1537361400,Prod-EcsStagingCluster-EcsCluster-1AAGQRFIOE9AE,Service_beiakklem1vi3j5fejt0,150,2,0.0053713468,0
1537395360,Prod-EcsStagingCluster-EcsCluster-1AAGQRFIOE9AE,Service_beiakklem1vi3j5fejt0,150,2,0.0056911709,0
1537382640,Prod-EcsStagingCluster-EcsCluster-1AAGQRFIOE9AE,Service_beiakklem1vi3j5fejt0,150,2,0.0057054931,0
1537427220,Prod-EcsStagingCluster-EcsCluster-1AAGQRFIOE9AE,Service_beiakklem1vi3j5fejt0,150,2,0.0054000726,0
1537374120,Prod-EcsStagingCluster-EcsCluster-1AAGQRFIOE9AE,Service_beiakklem1vi3j5fejt0,150,2,0.0058259481,0
1537412280,Prod-EcsStagingCluster-EcsCluster-1AAGQRFIOE9AE,Service_beiakklem1vi3j5fejt0,150,2,0.0055703154,0
1537359180,Prod-EcsStagingCluster-EcsCluster-1AAGQRFIOE9AE,Service_beiakklem1vi3j5fejt0,150,2,0.0053682162,0
1537393140,Prod-EcsStagingCluster-EcsCluster-1AAGQRFIOE9AE,Service_beiakklem1vi3j5fejt0,150,2,0.0050755303,0
1537380420,Prod-EcsStagingCluster-EcsCluster-1AAGQRFIOE9AE,Service_beiakklem1vi3j5fejt0,150,2,0.0053690986,0
1537425000,Prod-EcsStagingCluster-EcsCluster-1AAGQRFIOE9AE,Service_beiakklem1vi3j5fejt0,150,2,0.0052998643,0
1537431300,Prod-EcsStagingCluster-EcsCluster-1AAGQRFIOE9AE,Service_beiakklem1vi3j5fejt0,150,2,0.0052931228,0
1537371900,Prod-EcsStagingCluster-EcsCluster-1AAGQRFIOE9AE,Service_beiakklem1vi3j5fejt0,150,2,0.0064221649,0
1537410060,Prod-EcsStagingCluster-EcsCluster-1AAGQRFIOE9AE,Service_beiakklem1vi3j5fejt0,150,2,0.0056466698,0
1537422780,Prod-EcsStagingCluster-EcsCluster-1AAGQRFIOE9AE,Service_beiakklem1vi3j5fejt0,150,2,0.0038293219,0
1537390920,Prod-EcsStagingCluster-EcsCluster-1AAGQRFIOE9AE,Service_beiakklem1vi3j5fejt0,150,2,0.0051015945,0
1537378200,Prod-EcsStagingCluster-EcsCluster-1AAGQRFIOE9AE,Service_beiakklem1vi3j5fejt0,150,2,0.0053804292,0
1537429080,Prod-EcsStagingCluster-EcsCluster-1AAGQRFIOE9AE,Service_beiakklem1vi3j5fejt0,150,2,0.0055195586,0
1537388700,Prod-EcsStagingCluster-EcsCluster-1AAGQRFIOE9AE,Service_beiakklem1vi3j5fejt0,150,2,0.0054804862,0
1537375980,Prod-EcsStagingCluster-EcsCluster-1AAGQRFIOE9AE,Service_beiakklem1vi3j5fejt0,150,2,0.0068963895,0
1537350300,Prod-EcsStagingCluster-EcsCluster-1AAGQRFIOE9AE,Service_beiakklem1vi3j5fejtg,500,2,0.1121631021,0
1537353480,Prod-EcsStagingCluster-EcsCluster-1AAGQRFIOE9AE,Service_beiakklem1vi3j5fejtg,500,2,0.1125514540,0
1537356660,Prod-EcsStagingCluster-EcsCluster-1AAGQRFIOE9AE,Service_beiakklem1vi3j5fejtg,500,2,0.1225443959,0
1537359840,Prod-EcsStagingCluster-EcsCluster-1AAGQRFIOE9AE,Service_beiakklem1vi3j5fejtg,500,2,0.0985265138,0
1537378920,Prod-EcsStagingCluster-EcsCluster-1AAGQRFIOE9AE,Service_beiakklem1vi3j5fejtg,500,2,0.1070324263,0
1537382100,Prod-EcsStagingCluster-EcsCluster-1AAGQRFIOE9AE,Service_beiakklem1vi3j5fejtg,500,2,0.1068727272,0
1537385280,Prod-EcsStagingCluster-EcsCluster-1AAGQRFIOE9AE,Service_beiakklem1vi3j5fejtg,500,2,0.1432126725,0
1537375740,Prod-EcsStagingCluster-EcsCluster-1AAGQRFIOE9AE,Service_beiakklem1vi3j5fejtg,500,2,0.0933412819,0
1537409580,Prod-EcsStagingCluster-EcsCluster-1AAGQRFIOE9AE,Service_beiakklem1vi3j5fejtg,500,2,0.1318561560,0
1537412760,Prod-EcsStagingCluster-EcsCluster-1AAGQRFIOE9AE,Service_beiakklem1vi3j5fejtg,500,2,0.0981641786,0
1537415940,Prod-EcsStagingCluster-EcsCluster-1AAGQRFIOE9AE,Service_beiakklem1vi3j5fejtg,500,2,0.1277502961,0
1537419120,Prod-EcsStagingCluster-EcsCluster-1AAGQRFIOE9AE,Service_beiakklem1vi3j5fejtg,500,2,0.1424504999,0
1537393440,Prod-EcsStagingCluster-EcsCluster-1AAGQRFIOE9AE,Service_beiakklem1vi3j5fejtg,500,2,0.0877791673,0
1537390260,Prod-EcsStagingCluster-EcsCluster-1AAGQRFIOE9AE,Service_beiakklem1vi3j5fejtg,500,2,0.1212744806,0
1537383900,Prod-EcsStagingCluster-EcsCluster-1AAGQRFIOE9AE,Service_beiakklem1vi3j5fejtg,500,2,0.0989015337,0
1537387080,Prod-EcsStagingCluster-EcsCluster-1AAGQRFIOE9AE,Service_beiakklem1vi3j5fejtg,500,2,0.0938737646,0
1537415700,Prod-EcsStagingCluster-EcsCluster-1AAGQRFIOE9AE,Service_beiakklem1vi3j5fejtg,500,2,0.1168437424,0
1537418880,Prod-EcsStagingCluster-EcsCluster-1AAGQRFIOE9AE,Service_beiakklem1vi3j5fejtg,500,2,0.1386587452,0
1537347780,Prod-EcsStagingCluster-EcsCluster-1AAGQRFIOE9AE,Service_beiakklem1vi3j5fejtg,500,2,0.1092627493,0
1537350960,Prod-EcsStagingCluster-EcsCluster-1AAGQRFIOE9AE,Service_beiakklem1vi3j5fejtg,500,2,0.1003145031,0
1537409340,Prod-EcsStagingCluster-EcsCluster-1AAGQRFIOE9AE,Service_beiakklem1vi3j5fejtg,500,2,0.1324076834,0
1537412520,Prod-EcsStagingCluster-EcsCluster-1AAGQRFIOE9AE,Service_beiakklem1vi3j5fejtg,500,2,0.0971447023,0
1537373220,Prod-EcsStagingCluster-EcsCluster-1AAGQRFIOE9AE,Service_beiakklem1vi3j5fejtg,500,2,0.1049838358,0
1537366860,Prod-EcsStagingCluster-EcsCluster-1AAGQRFIOE9AE,Service_beiakklem1vi3j5fejtg,500,2,0.1105657372,0
1537394400,Prod-EcsStagingCluster-EcsCluster-1AAGQRFIOE9AE,Service_beiakklem1vi3j5fejtg,500,2,0.1329830402,0
1537388040,Prod-EcsStagingCluster-EcsCluster-1AAGQRFIOE9AE,Service_beiakklem1vi3j5fejtg,500,2,0.1198754029,0
1537419840,Prod-EcsStagingCluster-EcsCluster-1AAGQRFIOE9AE,Service_beiakklem1vi3j5fejtg,500,2,0.1577602312,0
1537351920,Prod-EcsStagingCluster-EcsCluster-1AAGQRFIOE9AE,Service_beiakklem1vi3j5fejtg,500,2,0.1003815326,0
1537413480,Prod-EcsStagingCluster-EcsCluster-1AAGQRFIOE9AE,Service_beiakklem1vi3j5fejtg,500,2,0.1021608957,0
1537345560,Prod-EcsStagingCluster-EcsCluster-1AAGQRFIOE9AE,Service_beiakklem1vi3j5fejtg,500,2,0.1038900477,0
1537377360,Prod-EcsStagingCluster-EcsCluster-1AAGQRFIOE9AE,Service_beiakklem1vi3j5fejtg,500,2,0.0917591886,0
1537371000,Prod-EcsStagingCluster-EcsCluster-1AAGQRFIOE9AE,Service_beiakklem1vi3j5fejtg,500,2,0.1169558600,0
1537347540,Prod-EcsStagingCluster-EcsCluster-1AAGQRFIOE9AE,Service_beiakklem1vi3j5fejtg,500,2,0.1067493787,0
1537345320,Prod-EcsStagingCluster-EcsCluster-1AAGQRFIOE9AE,Service_beiakklem1vi3j5fejtg,500,2,0.1110657203,0
1537417500,Prod-EcsStagingCluster-EcsCluster-1AAGQRFIOE9AE,Service_beiakklem1vi3j5fejtg,500,2,0.1470228514,0
1537423860,Prod-EcsStagingCluster-EcsCluster-1AAGQRFIOE9AE,Service_beiakklem1vi3j5fejtg,500,2,0.1040950185,0
1537351680,Prod-EcsStagingCluster-EcsCluster-1AAGQRFIOE9AE,Service_beiakklem1vi3j5fejtg,500,2,0.0985603315,0
1537375020,Prod-EcsStagingCluster-EcsCluster-1AAGQRFIOE9AE,Service_beiakklem1vi3j5fejtg,500,2,0.1025481824,0
1537381380,Prod-EcsStagingCluster-EcsCluster-1AAGQRFIOE9AE,Service_beiakklem1vi3j5fejtg,500,2,0.1199963867,0
1537400460,Prod-EcsStagingCluster-EcsCluster-1AAGQRFIOE9AE,Service_beiakklem1vi3j5fejtg,500,2,0.1125346158,0
1537406820,Prod-EcsStagingCluster-EcsCluster-1AAGQRFIOE9AE,Service_beiakklem1vi3j5fejtg,500,2,0.1018113314,0
1537428000,Prod-EcsStagingCluster-EcsCluster-1AAGQRFIOE9AE,Service_beiakklem1vi3j5fejtg,500,2,0.1251745350,0
1537421640,Prod-EcsStagingCluster-EcsCluster-1AAGQRFIOE9AE,Service_beiakklem1vi3j5fejtg,500,2,0.1060479724,0
1537385520,Prod-EcsStagingCluster-EcsCluster-1AAGQRFIOE9AE,Service_beiakklem1vi3j5fejtg,500,2,0.1116376676,0
1537379160,Prod-EcsStagingCluster-EcsCluster-1AAGQRFIOE9AE,Service_beiakklem1vi3j5fejtg,500,2,0.1100996668,0
1537404600,Prod-EcsStagingCluster-EcsCluster-1AAGQRFIOE9AE,Service_beiakklem1vi3j5fejtg,500,2,0.1117150374,0
1537410960,Prod-EcsStagingCluster-EcsCluster-1AAGQRFIOE9AE,Service_beiakklem1vi3j5fejtg,500,2,0.1295662180,0
1537358880,Prod-EcsStagingCluster-EcsCluster-1AAGQRFIOE9AE,Service_beiakklem1vi3j5fejtg,500,2,0.1123242612,0
1537349340,Prod-EcsStagingCluster-EcsCluster-1AAGQRFIOE9AE,Service_beiakklem1vi3j5fejtg,500,2,0.1111615051,0
1537380120,Prod-EcsStagingCluster-EcsCluster-1AAGQRFIOE9AE,Service_beiakklem1vi3j5fejtg,500,2,0.1198992586,0
1537383300,Prod-EcsStagingCluster-EcsCluster-1AAGQRFIOE9AE,Service_beiakklem1vi3j5fejtg,500,2,0.1061015090,0
1537384320,Prod-EcsStagingCluster-EcsCluster-1AAGQRFIOE9AE,Service_beiakklem1vi3j5fejtg,500,2,0.0982979965,0
1537405560,Prod-EcsStagingCluster-EcsCluster-1AAGQRFIOE9AE,Service_beiakklem1vi3j5fejtg,500,2,0.1227626533,0
1537408740,Prod-EcsStagingCluster-EcsCluster-1AAGQRFIOE9AE,Service_beiakklem1vi3j5fejtg,500,2,0.1369898716,0
1537374780,Prod-EcsStagingCluster-EcsCluster-1AAGQRFIOE9AE,Service_beiakklem1vi3j5fejtg,500,2,0.1051120015,0
1537408620,Prod-EcsStagingCluster-EcsCluster-1AAGQRFIOE9AE,Service_beiakklem1vi3j5fejtg,500,2,0.1487092821,0
1537418160,Prod-EcsStagingCluster-EcsCluster-1AAGQRFIOE9AE,Service_beiakklem1vi3j5fejtg,500,2,0.1418354197,0
1537354440,Prod-EcsStagingCluster-EcsCluster-1AAGQRFIOE9AE,Service_beiakklem1vi3j5fejtg,500,2,0.1076010126,0
1537357620,Prod-EcsStagingCluster-EcsCluster-1AAGQRFIOE9AE,Service_beiakklem1vi3j5fejtg,500,2,0.1496439326,0
1537379880,Prod-EcsStagingCluster-EcsCluster-1AAGQRFIOE9AE,Service_beiakklem1vi3j5fejtg,500,2,0.1192498061,0
1537383060,Prod-EcsStagingCluster-EcsCluster-1AAGQRFIOE9AE,Service_beiakklem1vi3j5fejtg,500,2,0.1172330997,0
1537392480,Prod-EcsStagingCluster-EcsCluster-1AAGQRFIOE9AE,Service_beiakklem1vi3j5fejtg,500,2,0.1107954881,0
1537413720,Prod-EcsStagingCluster-EcsCluster-1AAGQRFIOE9AE,Service_beiakklem1vi3j5fejtg,500,2,0.1023566501,0
1537416900,Prod-EcsStagingCluster-EcsCluster-1AAGQRFIOE9AE,Service_beiakklem1vi3j5fejtg,500,2,0.1162138164,0
1537382940,Prod-EcsStagingCluster-EcsCluster-1AAGQRFIOE9AE,Service_beiakklem1vi3j5fejtg,500,2,0.1236114658,0
1537417920,Prod-EcsStagingCluster-EcsCluster-1AAGQRFIOE9AE,Service_beiakklem1vi3j5fejtg,500,2,0.1456884044,0
1537350000,Prod-EcsStagingCluster-EcsCluster-1AAGQRFIOE9AE,Service_beiakklem1vi3j5fejtg,500,2,0.1019848535,0
1537408380,Prod-EcsStagingCluster-EcsCluster-1AAGQRFIOE9AE,Service_beiakklem1vi3j5fejtg,500,2,0.1464172799,0
1537375440,Prod-EcsStagingCluster-EcsCluster-1AAGQRFIOE9AE,Service_beiakklem1vi3j5fejtg,500,2,0.1041411626,0
1537365900,Prod-EcsStagingCluster-EcsCluster-1AAGQRFIOE9AE,Service_beiakklem1vi3j5fejtg,500,2,0.1183888426,0
1537376400,Prod-EcsStagingCluster-EcsCluster-1AAGQRFIOE9AE,Service_beiakklem1vi3j5fejtg,500,2,0.0958269452,0
1537391220,Prod-EcsStagingCluster-EcsCluster-1AAGQRFIOE9AE,Service_beiakklem1vi3j5fejtg,500,2,0.1203351019,0
1537416660,Prod-EcsStagingCluster-EcsCluster-1AAGQRFIOE9AE,Service_beiakklem1vi3j5fejtg,500,2,0.1126595418,0
1537348740,Prod-EcsStagingCluster-EcsCluster-1AAGQRFIOE9AE,Service_beiakklem1vi3j5fejtg,500,2,0.1216638736,0
1537374180,Prod-EcsStagingCluster-EcsCluster-1AAGQRFIOE9AE,Service_beiakklem1vi3j5fejtg,500,2,0.1207758551,0
1537389000,Prod-EcsStagingCluster-EcsCluster-1AAGQRFIOE9AE,Service_beiakklem1vi3j5fejtg,500,2,0.1197416098,0
1537346520,Prod-EcsStagingCluster-EcsCluster-1AAGQRFIOE9AE,Service_beiakklem1vi3j5fejtg,500,2,0.1206791636,0
1537414440,Prod-EcsStagingCluster-EcsCluster-1AAGQRFIOE9AE,Service_beiakklem1vi3j5fejtg,500,2,0.1458944349,0
1537371960,Prod-EcsStagingCluster-EcsCluster-1AAGQRFIOE9AE,Service_beiakklem1vi3j5fejtg,500,2,0.1157679843,0
1537416540,Prod-EcsStagingCluster-EcsCluster-1AAGQRFIOE9AE,Service_beiakklem1vi3j5fejtg,500,2,0.1134554544,0
1537350720,Prod-EcsStagingCluster-EcsCluster-1AAGQRFIOE9AE,Service_beiakklem1vi3j5fejtg,500,2,0.1271858494,0
1537374060,Prod-EcsStagingCluster-EcsCluster-1AAGQRFIOE9AE,Service_beiakklem1vi3j5fejtg,500,2,0.1022590438,0
1537399500,Prod-EcsStagingCluster-EcsCluster-1AAGQRFIOE9AE,Service_beiakklem1vi3j5fejtg,500,2,0.1140642922,0
1537348500,Prod-EcsStagingCluster-EcsCluster-1AAGQRFIOE9AE,Service_beiakklem1vi3j5fejtg,500,2,0.0991553900,0
1537427040,Prod-EcsStagingCluster-EcsCluster-1AAGQRFIOE9AE,Service_beiakklem1vi3j5fejtg,500,2,0.1071229695,0
1537384560,Prod-EcsStagingCluster-EcsCluster-1AAGQRFIOE9AE,Service_beiakklem1vi3j5fejtg,500,2,0.1019644149,0
1537410000,Prod-EcsStagingCluster-EcsCluster-1AAGQRFIOE9AE,Service_beiakklem1vi3j5fejtg,500,2,0.1295994000,0
1537346280,Prod-EcsStagingCluster-EcsCluster-1AAGQRFIOE9AE,Service_beiakklem1vi3j5fejtg,500,2,0.1185052656,0
1537424820,Prod-EcsStagingCluster-EcsCluster-1AAGQRFIOE9AE,Service_beiakklem1vi3j5fejtg,500,2,0.1080637829,0
1537348380,Prod-EcsStagingCluster-EcsCluster-1AAGQRFIOE9AE,Service_beiakklem1vi3j5fejtg,500,2,0.1102745015,0
1537382340,Prod-EcsStagingCluster-EcsCluster-1AAGQRFIOE9AE,Service_beiakklem1vi3j5fejtg,500,2,0.1226951330,0
1537407780,Prod-EcsStagingCluster-EcsCluster-1AAGQRFIOE9AE,Service_beiakklem1vi3j5fejtg,500,2,0.0960267810,0
1537373820,Prod-EcsStagingCluster-EcsCluster-1AAGQRFIOE9AE,Service_beiakklem1vi3j5fejtg,500,2,0.1230373200,0
1537422600,Prod-EcsStagingCluster-EcsCluster-1AAGQRFIOE9AE,Service_beiakklem1vi3j5fejtg,500,2,0.1062847683,0
1537407660,Prod-EcsStagingCluster-EcsCluster-1AAGQRFIOE9AE,Service_beiakklem1vi3j5fejtg,500,2,0.0946827067,0
1537420380,Prod-EcsStagingCluster-EcsCluster-1AAGQRFIOE9AE,Service_beiakklem1vi3j5fejtg,500,2,0.1565255671,0
1537387440,Prod-EcsStagingCluster-EcsCluster-1AAGQRFIOE9AE,Service_beiakklem1vi3j5fejtg,500,2,0.1104157293,0
1537381080,Prod-EcsStagingCluster-EcsCluster-1AAGQRFIOE9AE,Service_beiakklem1vi3j5fejtg,500,2,0.1309901097,0
1537384260,Prod-EcsStagingCluster-EcsCluster-1AAGQRFIOE9AE,Service_beiakklem1vi3j5fejtg,500,2,0.0995276129,0
1537412880,Prod-EcsStagingCluster-EcsCluster-1AAGQRFIOE9AE,Service_beiakklem1vi3j5fejtg,500,2,0.1010344228,0
1537406520,Prod-EcsStagingCluster-EcsCluster-1AAGQRFIOE9AE,Service_beiakklem1vi3j5fejtg,500,2,0.1147541490,0
1537409700,Prod-EcsStagingCluster-EcsCluster-1AAGQRFIOE9AE,Service_beiakklem1vi3j5fejtg,500,2,0.1660116160,0
1537391520,Prod-EcsStagingCluster-EcsCluster-1AAGQRFIOE9AE,Service_beiakklem1vi3j5fejtg,500,2,0.1083601527,0
1537385160,Prod-EcsStagingCluster-EcsCluster-1AAGQRFIOE9AE,Service_beiakklem1vi3j5fejtg,500,2,0.1095401405,0
1537388340,Prod-EcsStagingCluster-EcsCluster-1AAGQRFIOE9AE,Service_beiakklem1vi3j5fejtg,500,2,0.1126055968,0
1537416960,Prod-EcsStagingCluster-EcsCluster-1AAGQRFIOE9AE,Service_beiakklem1vi3j5fejtg,500,2,0.1092712655,0
1537352220,Prod-EcsStagingCluster-EcsCluster-1AAGQRFIOE9AE,Service_beiakklem1vi3j5fejtg,500,2,0.0987889915,0
1537410600,Prod-EcsStagingCluster-EcsCluster-1AAGQRFIOE9AE,Service_beiakklem1vi3j5fejtg,500,2,0.1336960023,0
1537413780,Prod-EcsStagingCluster-EcsCluster-1AAGQRFIOE9AE,Service_beiakklem1vi3j5fejtg,500,2,0.0992098690,0
1537377660,Prod-EcsStagingCluster-EcsCluster-1AAGQRFIOE9AE,Service_beiakklem1vi3j5fejtg,500,2,0.1163289622,0
1537364940,Prod-EcsStagingCluster-EcsCluster-1AAGQRFIOE9AE,Service_beiakklem1vi3j5fejtg,500,2,0.1221174850,0
1537414680,Prod-EcsStagingCluster-EcsCluster-1AAGQRFIOE9AE,Service_beiakklem1vi3j5fejtg,500,2,0.1251311338,0
1537417860,Prod-EcsStagingCluster-EcsCluster-1AAGQRFIOE9AE,Service_beiakklem1vi3j5fejtg,500,2,0.1526896728,0
1537421040,Prod-EcsStagingCluster-EcsCluster-1AAGQRFIOE9AE,Service_beiakklem1vi3j5fejtg,500,2,0.1094428835,0
1537345620,Prod-EcsStagingCluster-EcsCluster-1AAGQRFIOE9AE,Service_beiakklem1vi3j5fejtg,500,2,0.1087372986,0
1537415640,Prod-EcsStagingCluster-EcsCluster-1AAGQRFIOE9AE,Service_beiakklem1vi3j5fejtg,500,2,0.1184655077,0
1537422000,Prod-EcsStagingCluster-EcsCluster-1AAGQRFIOE9AE,Service_beiakklem1vi3j5fejtg,500,2,0.1121075000,0
1537349760,Prod-EcsStagingCluster-EcsCluster-1AAGQRFIOE9AE,Service_beiakklem1vi3j5fejtg,500,2,0.1131990937,0
1537373100,Prod-EcsStagingCluster-EcsCluster-1AAGQRFIOE9AE,Service_beiakklem1vi3j5fejtg,500,2,0.1179014686,0
1537421940,Prod-EcsStagingCluster-EcsCluster-1AAGQRFIOE9AE,Service_beiakklem1vi3j5fejtg,500,2,0.1088381894,0
1537398540,Prod-EcsStagingCluster-EcsCluster-1AAGQRFIOE9AE,Service_beiakklem1vi3j5fejtg,500,2,0.1145102714,0
1537385820,Prod-EcsStagingCluster-EcsCluster-1AAGQRFIOE9AE,Service_beiakklem1vi3j5fejtg,500,2,0.1135747219,0
1537349700,Prod-EcsStagingCluster-EcsCluster-1AAGQRFIOE9AE,Service_beiakklem1vi3j5fejtg,500,2,0.1109267799,0
1537411260,Prod-EcsStagingCluster-EcsCluster-1AAGQRFIOE9AE,Service_beiakklem1vi3j5fejtg,500,2,0.1300680022,0
1537375140,Prod-EcsStagingCluster-EcsCluster-1AAGQRFIOE9AE,Service_beiakklem1vi3j5fejtg,500,2,0.1024155416,0
1537419720,Prod-EcsStagingCluster-EcsCluster-1AAGQRFIOE9AE,Service_beiakklem1vi3j5fejtg,500,2,0.1588053198,0
1537426080,Prod-EcsStagingCluster-EcsCluster-1AAGQRFIOE9AE,Service_beiakklem1vi3j5fejtg,500,2,0.1081927870,0
1537347480,Prod-EcsStagingCluster-EcsCluster-1AAGQRFIOE9AE,Service_beiakklem1vi3j5fejtg,500,2,0.1100400888,0
1537353840,Prod-EcsStagingCluster-EcsCluster-1AAGQRFIOE9AE,Service_beiakklem1vi3j5fejtg,500,2,0.1312413875,0
1537372920,Prod-EcsStagingCluster-EcsCluster-1AAGQRFIOE9AE,Service_beiakklem1vi3j5fejtg,500,2,0.1201079567,0
1537379280,Prod-EcsStagingCluster-EcsCluster-1AAGQRFIOE9AE,Service_beiakklem1vi3j5fejtg,500,2,0.1056896104,0
1537353780,Prod-EcsStagingCluster-EcsCluster-1AAGQRFIOE9AE,Service_beiakklem1vi3j5fejtg,500,2,0.1125015843,0
1537379220,Prod-EcsStagingCluster-EcsCluster-1AAGQRFIOE9AE,Service_beiakklem1vi3j5fejtg,500,2,0.1087331765,0
1537351560,Prod-EcsStagingCluster-EcsCluster-1AAGQRFIOE9AE,Service_beiakklem1vi3j5fejtg,500,2,0.0985299611,0
1537357920,Prod-EcsStagingCluster-EcsCluster-1AAGQRFIOE9AE,Service_beiakklem1vi3j5fejtg,500,2,0.1218952887,0
1537406700,Prod-EcsStagingCluster-EcsCluster-1AAGQRFIOE9AE,Service_beiakklem1vi3j5fejtg,500,2,0.1401782253,0
1537377000,Prod-EcsStagingCluster-EcsCluster-1AAGQRFIOE9AE,Service_beiakklem1vi3j5fejtg,500,2,0.0982398935,0
1537383360,Prod-EcsStagingCluster-EcsCluster-1AAGQRFIOE9AE,Service_beiakklem1vi3j5fejtg,500,2,0.1060787639,0
1537419420,Prod-EcsStagingCluster-EcsCluster-1AAGQRFIOE9AE,Service_beiakklem1vi3j5fejtg,500,2,0.1818151133,0
1537352520,Prod-EcsStagingCluster-EcsCluster-1AAGQRFIOE9AE,Service_beiakklem1vi3j5fejtg,500,2,0.1004420898,0
1537355700,Prod-EcsStagingCluster-EcsCluster-1AAGQRFIOE9AE,Service_beiakklem1vi3j5fejtg,500,2,0.1802969798,0
1537386480,Prod-EcsStagingCluster-EcsCluster-1AAGQRFIOE9AE,Service_beiakklem1vi3j5fejtg,500,2,0.0955353753,0
1537411920,Prod-EcsStagingCluster-EcsCluster-1AAGQRFIOE9AE,Service_beiakklem1vi3j5fejtg,500,2,0.1079658817,0
1537377960,Prod-EcsStagingCluster-EcsCluster-1AAGQRFIOE9AE,Service_beiakklem1vi3j5fejtg,500,2,0.1076151363,0
1537381140,Prod-EcsStagingCluster-EcsCluster-1AAGQRFIOE9AE,Service_beiakklem1vi3j5fejtg,500,2,0.1189106991,0
1537390560,Prod-EcsStagingCluster-EcsCluster-1AAGQRFIOE9AE,Service_beiakklem1vi3j5fejtg,500,2,0.1559581340,0
1537351260,Prod-EcsStagingCluster-EcsCluster-1AAGQRFIOE9AE,Service_beiakklem1vi3j5fejtg,500,2,0.0992425234,0
1537385220,Prod-EcsStagingCluster-EcsCluster-1AAGQRFIOE9AE,Service_beiakklem1vi3j5fejtg,500,2,0.1112041080,0
1537416000,Prod-EcsStagingCluster-EcsCluster-1AAGQRFIOE9AE,Service_beiakklem1vi3j5fejtg,500,2,0.0912515469,0
1537382040,Prod-EcsStagingCluster-EcsCluster-1AAGQRFIOE9AE,Service_beiakklem1vi3j5fejtg,500,2,0.1279541963,0
1537410660,Prod-EcsStagingCluster-EcsCluster-1AAGQRFIOE9AE,Service_beiakklem1vi3j5fejtg,500,2,0.1343166516,0
1537376700,Prod-EcsStagingCluster-EcsCluster-1AAGQRFIOE9AE,Service_beiakklem1vi3j5fejtg,500,2,0.0957885740,0
1537407480,Prod-EcsStagingCluster-EcsCluster-1AAGQRFIOE9AE,Service_beiakklem1vi3j5fejtg,500,2,0.1053527093,0
1537363980,Prod-EcsStagingCluster-EcsCluster-1AAGQRFIOE9AE,Service_beiakklem1vi3j5fejtg,500,2,0.1068854164,0
1537389300,Prod-EcsStagingCluster-EcsCluster-1AAGQRFIOE9AE,Service_beiakklem1vi3j5fejtg,500,2,0.1188824019,0
1537420080,Prod-EcsStagingCluster-EcsCluster-1AAGQRFIOE9AE,Service_beiakklem1vi3j5fejtg,500,2,0.1579361193,0
1537386120,Prod-EcsStagingCluster-EcsCluster-1AAGQRFIOE9AE,Service_beiakklem1vi3j5fejtg,500,2,0.1099648178,0
1537411560,Prod-EcsStagingCluster-EcsCluster-1AAGQRFIOE9AE,Service_beiakklem1vi3j5fejtg,500,2,0.1282370557,0
1537414740,Prod-EcsStagingCluster-EcsCluster-1AAGQRFIOE9AE,Service_beiakklem1vi3j5fejtg,500,2,0.0981276440,0
1537347840,Prod-EcsStagingCluster-EcsCluster-1AAGQRFIOE9AE,Service_beiakklem1vi3j5fejtg,500,2,0.1082743879,0
1537348800,Prod-EcsStagingCluster-EcsCluster-1AAGQRFIOE9AE,Service_beiakklem1vi3j5fejtg,500,2,0.1364511603,0
1537372140,Prod-EcsStagingCluster-EcsCluster-1AAGQRFIOE9AE,Service_beiakklem1vi3j5fejtg,500,2,0.1175673011,0
1537397580,Prod-EcsStagingCluster-EcsCluster-1AAGQRFIOE9AE,Service_beiakklem1vi3j5fejtg,500,2,0.1063733588,0
1537418820,Prod-EcsStagingCluster-EcsCluster-1AAGQRFIOE9AE,Service_beiakklem1vi3j5fejtg,500,2,0.1480648959,0
1537384860,Prod-EcsStagingCluster-EcsCluster-1AAGQRFIOE9AE,Service_beiakklem1vi3j5fejtg,500,2,0.1104972032,0
1537410300,Prod-EcsStagingCluster-EcsCluster-1AAGQRFIOE9AE,Service_beiakklem1vi3j5fejtg,500,2,0.1294951867,0
1537346580,Prod-EcsStagingCluster-EcsCluster-1AAGQRFIOE9AE,Service_beiakklem1vi3j5fejtg,500,2,0.1215941793,0
1537425120,Prod-EcsStagingCluster-EcsCluster-1AAGQRFIOE9AE,Service_beiakklem1vi3j5fejtg,500,2,0.1074766326,0
1537416600,Prod-EcsStagingCluster-EcsCluster-1AAGQRFIOE9AE,Service_beiakklem1vi3j5fejtg,500,2,0.1217362351,0
1537352880,Prod-EcsStagingCluster-EcsCluster-1AAGQRFIOE9AE,Service_beiakklem1vi3j5fejtg,500,2,0.1012652048,0
1537378320,Prod-EcsStagingCluster-EcsCluster-1AAGQRFIOE9AE,Service_beiakklem1vi3j5fejtg,500,2,0.0848129149,0
1537422900,Prod-EcsStagingCluster-EcsCluster-1AAGQRFIOE9AE,Service_beiakklem1vi3j5fejtg,500,2,0.0912924647,0
1537350660,Prod-EcsStagingCluster-EcsCluster-1AAGQRFIOE9AE,Service_beiakklem1vi3j5fejtg,500,2,0.1299071282,0
1537376100,Prod-EcsStagingCluster-EcsCluster-1AAGQRFIOE9AE,Service_beiakklem1vi3j5fejtg,500,2,0.0938140476,0
1537420680,Prod-EcsStagingCluster-EcsCluster-1AAGQRFIOE9AE,Service_beiakklem1vi3j5fejtg,500,2,0.1417285223,0
1537356960,Prod-EcsStagingCluster-EcsCluster-1AAGQRFIOE9AE,Service_beiakklem1vi3j5fejtg,500,2,0.1197612452,0
1537405740,Prod-EcsStagingCluster-EcsCluster-1AAGQRFIOE9AE,Service_beiakklem1vi3j5fejtg,500,2,0.1117577675,0
1537348440,Prod-EcsStagingCluster-EcsCluster-1AAGQRFIOE9AE,Service_beiakklem1vi3j5fejtg,500,2,0.1071082209,0
1537382400,Prod-EcsStagingCluster-EcsCluster-1AAGQRFIOE9AE,Service_beiakklem1vi3j5fejtg,500,2,0.1214731184,0
1537431180,Prod-EcsStagingCluster-EcsCluster-1AAGQRFIOE9AE,Service_beiakklem1vi3j5fejtg,500,2,0.1126391540,0
1537373880,Prod-EcsStagingCluster-EcsCluster-1AAGQRFIOE9AE,Service_beiakklem1vi3j5fejtg,500,2,0.1158250837,0
1537418460,Prod-EcsStagingCluster-EcsCluster-1AAGQRFIOE9AE,Service_beiakklem1vi3j5fejtg,500,2,0.1564082269,0
1537354740,Prod-EcsStagingCluster-EcsCluster-1AAGQRFIOE9AE,Service_beiakklem1vi3j5fejtg,500,2,0.1194197311,0
1537380180,Prod-EcsStagingCluster-EcsCluster-1AAGQRFIOE9AE,Service_beiakklem1vi3j5fejtg,500,2,0.1500722106,0
1537389600,Prod-EcsStagingCluster-EcsCluster-1AAGQRFIOE9AE,Service_beiakklem1vi3j5fejtg,500,2,0.1241407055,0
1537380060,Prod-EcsStagingCluster-EcsCluster-1AAGQRFIOE9AE,Service_beiakklem1vi3j5fejtg,500,2,0.1193746294,0
1537383240,Prod-EcsStagingCluster-EcsCluster-1AAGQRFIOE9AE,Service_beiakklem1vi3j5fejtg,500,2,0.1026286078,0
1537386420,Prod-EcsStagingCluster-EcsCluster-1AAGQRFIOE9AE,Service_beiakklem1vi3j5fejtg,500,2,0.1144583908,0
1537366200,Prod-EcsStagingCluster-EcsCluster-1AAGQRFIOE9AE,Service_beiakklem1vi3j5fejtg,500,2,0.1177859445,0
1537369380,Prod-EcsStagingCluster-EcsCluster-1AAGQRFIOE9AE,Service_beiakklem1vi3j5fejtg,500,2,0.1183869124,0
1537372560,Prod-EcsStagingCluster-EcsCluster-1AAGQRFIOE9AE,Service_beiakklem1vi3j5fejtg,500,2,0.1173485690,0
1537345980,Prod-EcsStagingCluster-EcsCluster-1AAGQRFIOE9AE,Service_beiakklem1vi3j5fejtg,500,2,0.1193544637,0
1537349160,Prod-EcsStagingCluster-EcsCluster-1AAGQRFIOE9AE,Service_beiakklem1vi3j5fejtg,500,2,0.1110969898,0
1537352340,Prod-EcsStagingCluster-EcsCluster-1AAGQRFIOE9AE,Service_beiakklem1vi3j5fejtg,500,2,0.1022051860,0
1537355520,Prod-EcsStagingCluster-EcsCluster-1AAGQRFIOE9AE,Service_beiakklem1vi3j5fejtg,500,2,0.1107460747,0
1537389360,Prod-EcsStagingCluster-EcsCluster-1AAGQRFIOE9AE,Service_beiakklem1vi3j5fejtg,500,2,0.1188693862,0
1537386180,Prod-EcsStagingCluster-EcsCluster-1AAGQRFIOE9AE,Service_beiakklem1vi3j5fejtg,500,2,0.1093750910,0
1537383000,Prod-EcsStagingCluster-EcsCluster-1AAGQRFIOE9AE,Service_beiakklem1vi3j5fejtg,500,2,0.1167005157,0
1537405260,Prod-EcsStagingCluster-EcsCluster-1AAGQRFIOE9AE,Service_beiakklem1vi3j5fejtg,500,2,0.1498858215,0
1537413660,Prod-EcsStagingCluster-EcsCluster-1AAGQRFIOE9AE,Service_beiakklem1vi3j5fejtg,500,2,0.1012394503,0
1537371180,Prod-EcsStagingCluster-EcsCluster-1AAGQRFIOE9AE,Service_beiakklem1vi3j5fejtg,500,2,0.1188183700,0
1537416840,Prod-EcsStagingCluster-EcsCluster-1AAGQRFIOE9AE,Service_beiakklem1vi3j5fejtg,500,2,0.1134990250,0
1537420020,Prod-EcsStagingCluster-EcsCluster-1AAGQRFIOE9AE,Service_beiakklem1vi3j5fejtg,500,2,0.1599607583,0
1537423200,Prod-EcsStagingCluster-EcsCluster-1AAGQRFIOE9AE,Service_beiakklem1vi3j5fejtg,500,2,0.1080269240,0
1537399800,Prod-EcsStagingCluster-EcsCluster-1AAGQRFIOE9AE,Service_beiakklem1vi3j5fejtg,500,2,0.1124226106,0
1537402980,Prod-EcsStagingCluster-EcsCluster-1AAGQRFIOE9AE,Service_beiakklem1vi3j5fejtg,500,2,0.0989779742,0
1537406160,Prod-EcsStagingCluster-EcsCluster-1AAGQRFIOE9AE,Service_beiakklem1vi3j5fejtg,500,2,0.1129784030,0
1537379580,Prod-EcsStagingCluster-EcsCluster-1AAGQRFIOE9AE,Service_beiakklem1vi3j5fejtg,500,2,0.1087836139,0
1537385940,Prod-EcsStagingCluster-EcsCluster-1AAGQRFIOE9AE,Service_beiakklem1vi3j5fejtg,500,2,0.1107346640,0
1537417800,Prod-EcsStagingCluster-EcsCluster-1AAGQRFIOE9AE,Service_beiakklem1vi3j5fejtg,500,2,0.1494600058,0
1537424160,Prod-EcsStagingCluster-EcsCluster-1AAGQRFIOE9AE,Service_beiakklem1vi3j5fejtg,500,2,0.1055321621,0
1537407120,Prod-EcsStagingCluster-EcsCluster-1AAGQRFIOE9AE,Service_beiakklem1vi3j5fejtg,500,2,0.1038009961,0
1537400760,Prod-EcsStagingCluster-EcsCluster-1AAGQRFIOE9AE,Service_beiakklem1vi3j5fejtg,500,2,0.1235849443,0
1537383720,Prod-EcsStagingCluster-EcsCluster-1AAGQRFIOE9AE,Service_beiakklem1vi3j5fejtg,500,2,0.1036462338,0
1537351860,Prod-EcsStagingCluster-EcsCluster-1AAGQRFIOE9AE,Service_beiakklem1vi3j5fejtg,500,2,0.1031068811,0
1537390080,Prod-EcsStagingCluster-EcsCluster-1AAGQRFIOE9AE,Service_beiakklem1vi3j5fejtg,500,2,0.1120333955,0
1537419780,Prod-EcsStagingCluster-EcsCluster-1AAGQRFIOE9AE,Service_beiakklem1vi3j5fejtg,500,2,0.1576416134,0
1537345500,Prod-EcsStagingCluster-EcsCluster-1AAGQRFIOE9AE,Service_beiakklem1vi3j5fejtg,500,2,0.1408735147,0
1537423920,Prod-EcsStagingCluster-EcsCluster-1AAGQRFIOE9AE,Service_beiakklem1vi3j5fejtg,500,2,0.1060456163,0
1537356000,Prod-EcsStagingCluster-EcsCluster-1AAGQRFIOE9AE,Service_beiakklem1vi3j5fejtg,500,2,0.1070950417,0
1537417560,Prod-EcsStagingCluster-EcsCluster-1AAGQRFIOE9AE,Service_beiakklem1vi3j5fejtg,500,2,0.1459848690,0
1537349640,Prod-EcsStagingCluster-EcsCluster-1AAGQRFIOE9AE,Service_beiakklem1vi3j5fejtg,500,2,0.1130746400,0
1537404780,Prod-EcsStagingCluster-EcsCluster-1AAGQRFIOE9AE,Service_beiakklem1vi3j5fejtg,500,2,0.0852366924,0
1537419540,Prod-EcsStagingCluster-EcsCluster-1AAGQRFIOE9AE,Service_beiakklem1vi3j5fejtg,500,2,0.1628022172,0
1537351620,Prod-EcsStagingCluster-EcsCluster-1AAGQRFIOE9AE,Service_beiakklem1vi3j5fejtg,500,2,0.0997348103,0
1537413180,Prod-EcsStagingCluster-EcsCluster-1AAGQRFIOE9AE,Service_beiakklem1vi3j5fejtg,500,2,0.0957983134,0
1537370700,Prod-EcsStagingCluster-EcsCluster-1AAGQRFIOE9AE,Service_beiakklem1vi3j5fejtg,500,2,0.1023554506,0
1537417320,Prod-EcsStagingCluster-EcsCluster-1AAGQRFIOE9AE,Service_beiakklem1vi3j5fejtg,500,2,0.1533386826,0
1537423680,Prod-EcsStagingCluster-EcsCluster-1AAGQRFIOE9AE,Service_beiakklem1vi3j5fejtg,500,2,0.1304009969,0
1537349400,Prod-EcsStagingCluster-EcsCluster-1AAGQRFIOE9AE,Service_beiakklem1vi3j5fejtg,500,2,0.1105301644,0
1537355760,Prod-EcsStagingCluster-EcsCluster-1AAGQRFIOE9AE,Service_beiakklem1vi3j5fejtg,500,2,0.1315325238,0
1537379100,Prod-EcsStagingCluster-EcsCluster-1AAGQRFIOE9AE,Service_beiakklem1vi3j5fejtg,500,2,0.0914315253,0
1537385460,Prod-EcsStagingCluster-EcsCluster-1AAGQRFIOE9AE,Service_beiakklem1vi3j5fejtg,500,2,0.1070213296,0
1537418280,Prod-EcsStagingCluster-EcsCluster-1AAGQRFIOE9AE,Service_beiakklem1vi3j5fejtg,500,2,0.1518393097,0
1537421460,Prod-EcsStagingCluster-EcsCluster-1AAGQRFIOE9AE,Service_beiakklem1vi3j5fejtg,500,2,0.1112432177,0
1537350360,Prod-EcsStagingCluster-EcsCluster-1AAGQRFIOE9AE,Service_beiakklem1vi3j5fejtg,500,2,0.1102174983,0
1537353540,Prod-EcsStagingCluster-EcsCluster-1AAGQRFIOE9AE,Service_beiakklem1vi3j5fejtg,500,2,0.1116861934,0
1537371600,Prod-EcsStagingCluster-EcsCluster-1AAGQRFIOE9AE,Service_beiakklem1vi3j5fejtg,500,2,0.1182888597,0
1537354560,Prod-EcsStagingCluster-EcsCluster-1AAGQRFIOE9AE,Service_beiakklem1vi3j5fejtg,500,2,0.1223982651,0
1537384200,Prod-EcsStagingCluster-EcsCluster-1AAGQRFIOE9AE,Service_beiakklem1vi3j5fejtg,500,2,0.1038915091,0
1537387380,Prod-EcsStagingCluster-EcsCluster-1AAGQRFIOE9AE,Service_beiakklem1vi3j5fejtg,500,2,0.1099079598,0
1537388400,Prod-EcsStagingCluster-EcsCluster-1AAGQRFIOE9AE,Service_beiakklem1vi3j5fejtg,500,2,0.1087702399,0
1537404300,Prod-EcsStagingCluster-EcsCluster-1AAGQRFIOE9AE,Service_beiakklem1vi3j5fejtg,500,2,0.1105262991,0
1537367160,Prod-EcsStagingCluster-EcsCluster-1AAGQRFIOE9AE,Service_beiakklem1vi3j5fejtg,500,2,0.1004858565,0
1537370340,Prod-EcsStagingCluster-EcsCluster-1AAGQRFIOE9AE,Service_beiakklem1vi3j5fejtg,500,2,0.1012097236,0
1537412700,Prod-EcsStagingCluster-EcsCluster-1AAGQRFIOE9AE,Service_beiakklem1vi3j5fejtg,500,2,0.0989931516,0
1537350120,Prod-EcsStagingCluster-EcsCluster-1AAGQRFIOE9AE,Service_beiakklem1vi3j5fejtg,500,2,0.1122644988,0
1537353300,Prod-EcsStagingCluster-EcsCluster-1AAGQRFIOE9AE,Service_beiakklem1vi3j5fejtg,500,2,0.1365281277,0
1537370220,Prod-EcsStagingCluster-EcsCluster-1AAGQRFIOE9AE,Service_beiakklem1vi3j5fejtg,500,2,0.1064504687,0
1537422240,Prod-EcsStagingCluster-EcsCluster-1AAGQRFIOE9AE,Service_beiakklem1vi3j5fejtg,500,2,0.1178309489,0
1537383960,Prod-EcsStagingCluster-EcsCluster-1AAGQRFIOE9AE,Service_beiakklem1vi3j5fejtg,500,2,0.0991859970,0
1537387140,Prod-EcsStagingCluster-EcsCluster-1AAGQRFIOE9AE,Service_beiakklem1vi3j5fejtg,500,2,0.1099382664,0
1537405200,Prod-EcsStagingCluster-EcsCluster-1AAGQRFIOE9AE,Service_beiakklem1vi3j5fejtg,500,2,0.1122053167,0
1537378620,Prod-EcsStagingCluster-EcsCluster-1AAGQRFIOE9AE,Service_beiakklem1vi3j5fejtg,500,2,0.1043438653,0
1537388160,Prod-EcsStagingCluster-EcsCluster-1AAGQRFIOE9AE,Service_beiakklem1vi3j5fejtg,500,2,0.1159448012,0
1537420980,Prod-EcsStagingCluster-EcsCluster-1AAGQRFIOE9AE,Service_beiakklem1vi3j5fejtg,500,2,0.1026461502,0
1537389120,Prod-EcsStagingCluster-EcsCluster-1AAGQRFIOE9AE,Service_beiakklem1vi3j5fejtg,500,2,0.1499164073,0
1537403940,Prod-EcsStagingCluster-EcsCluster-1AAGQRFIOE9AE,Service_beiakklem1vi3j5fejtg,500,2,0.0845131782,0
1537386900,Prod-EcsStagingCluster-EcsCluster-1AAGQRFIOE9AE,Service_beiakklem1vi3j5fejtg,500,2,0.1167285102,0
1537418760,Prod-EcsStagingCluster-EcsCluster-1AAGQRFIOE9AE,Service_beiakklem1vi3j5fejtg,500,2,0.1483609003,0
1537355040,Prod-EcsStagingCluster-EcsCluster-1AAGQRFIOE9AE,Service_beiakklem1vi3j5fejtg,500,2,0.1203707364,0
1537422960,Prod-EcsStagingCluster-EcsCluster-1AAGQRFIOE9AE,Service_beiakklem1vi3j5fejtg,500,2,0.1065323643,0
1537403820,Prod-EcsStagingCluster-EcsCluster-1AAGQRFIOE9AE,Service_beiakklem1vi3j5fejtg,500,2,0.1109813718,0
1537401720,Prod-EcsStagingCluster-EcsCluster-1AAGQRFIOE9AE,Service_beiakklem1vi3j5fejtg,500,2,0.1225749974,0
1537384680,Prod-EcsStagingCluster-EcsCluster-1AAGQRFIOE9AE,Service_beiakklem1vi3j5fejtg,500,2,0.1223524521,0
1537352820,Prod-EcsStagingCluster-EcsCluster-1AAGQRFIOE9AE,Service_beiakklem1vi3j5fejtg,500,2,0.1109682618,0
1537420740,Prod-EcsStagingCluster-EcsCluster-1AAGQRFIOE9AE,Service_beiakklem1vi3j5fejtg,500,2,0.1213214529,0
1537412220,Prod-EcsStagingCluster-EcsCluster-1AAGQRFIOE9AE,Service_beiakklem1vi3j5fejtg,500,2,0.0855843770,0
1537369740,Prod-EcsStagingCluster-EcsCluster-1AAGQRFIOE9AE,Service_beiakklem1vi3j5fejtg,500,2,0.1222770066,0
1537350600,Prod-EcsStagingCluster-EcsCluster-1AAGQRFIOE9AE,Service_beiakklem1vi3j5fejtg,500,2,0.1021409284,0
1537418520,Prod-EcsStagingCluster-EcsCluster-1AAGQRFIOE9AE,Service_beiakklem1vi3j5fejtg,500,2,0.1552631205,0
1537422720,Prod-EcsStagingCluster-EcsCluster-1AAGQRFIOE9AE,Service_beiakklem1vi3j5fejtg,500,2,0.1059463647,0
1537354800,Prod-EcsStagingCluster-EcsCluster-1AAGQRFIOE9AE,Service_beiakklem1vi3j5fejtg,500,2,0.1184604280,0
1537378140,Prod-EcsStagingCluster-EcsCluster-1AAGQRFIOE9AE,Service_beiakklem1vi3j5fejtg,500,2,0.1158706310,0
1537420500,Prod-EcsStagingCluster-EcsCluster-1AAGQRFIOE9AE,Service_beiakklem1vi3j5fejtg,500,2,0.1723621819,0
1537352580,Prod-EcsStagingCluster-EcsCluster-1AAGQRFIOE9AE,Service_beiakklem1vi3j5fejtg,500,2,0.1003138695,0
1537388640,Prod-EcsStagingCluster-EcsCluster-1AAGQRFIOE9AE,Service_beiakklem1vi3j5fejtg,500,2,0.1246296899,0
1537350420,Prod-EcsStagingCluster-EcsCluster-1AAGQRFIOE9AE,Service_beiakklem1vi3j5fejtg,500,2,0.1120534062,0
1537353600,Prod-EcsStagingCluster-EcsCluster-1AAGQRFIOE9AE,Service_beiakklem1vi3j5fejtg,500,2,0.1248036142,0
1537416060,Prod-EcsStagingCluster-EcsCluster-1AAGQRFIOE9AE,Service_beiakklem1vi3j5fejtg,500,2,0.1043680414,0
1537351320,Prod-EcsStagingCluster-EcsCluster-1AAGQRFIOE9AE,Service_beiakklem1vi3j5fejtg,500,2,0.0986435031,0
1537354500,Prod-EcsStagingCluster-EcsCluster-1AAGQRFIOE9AE,Service_beiakklem1vi3j5fejtg,500,2,0.1181708434,0
1537403340,Prod-EcsStagingCluster-EcsCluster-1AAGQRFIOE9AE,Service_beiakklem1vi3j5fejtg,500,2,0.0974698141,0
1537357680,Prod-EcsStagingCluster-EcsCluster-1AAGQRFIOE9AE,Service_beiakklem1vi3j5fejtg,500,2,0.1229228364,0
1537414920,Prod-EcsStagingCluster-EcsCluster-1AAGQRFIOE9AE,Service_beiakklem1vi3j5fejtg,500,2,0.0991446460,0
1537369260,Prod-EcsStagingCluster-EcsCluster-1AAGQRFIOE9AE,Service_beiakklem1vi3j5fejtg,500,2,0.1167032372,0
1537418100,Prod-EcsStagingCluster-EcsCluster-1AAGQRFIOE9AE,Service_beiakklem1vi3j5fejtg,500,2,0.1489157831,0
1537421280,Prod-EcsStagingCluster-EcsCluster-1AAGQRFIOE9AE,Service_beiakklem1vi3j5fejtg,500,2,0.1127036907,0
1537381980,Prod-EcsStagingCluster-EcsCluster-1AAGQRFIOE9AE,Service_beiakklem1vi3j5fejtg,500,2,0.1290843191,0
1537374480,Prod-EcsStagingCluster-EcsCluster-1AAGQRFIOE9AE,Service_beiakklem1vi3j5fejtg,500,2,0.1174039112,0
1537380840,Prod-EcsStagingCluster-EcsCluster-1AAGQRFIOE9AE,Service_beiakklem1vi3j5fejtg,500,2,0.1202275070,0
1537384020,Prod-EcsStagingCluster-EcsCluster-1AAGQRFIOE9AE,Service_beiakklem1vi3j5fejtg,500,2,0.1082262833,0
1537387200,Prod-EcsStagingCluster-EcsCluster-1AAGQRFIOE9AE,Service_beiakklem1vi3j5fejtg,500,2,0.1104637234,0
1537368120,Prod-EcsStagingCluster-EcsCluster-1AAGQRFIOE9AE,Service_beiakklem1vi3j5fejtg,500,2,0.0989509050,0
1537371300,Prod-EcsStagingCluster-EcsCluster-1AAGQRFIOE9AE,Service_beiakklem1vi3j5fejtg,500,2,0.1173142230,0
1537347900,Prod-EcsStagingCluster-EcsCluster-1AAGQRFIOE9AE,Service_beiakklem1vi3j5fejtg,500,2,0.1228580446,0
1537353120,Prod-EcsStagingCluster-EcsCluster-1AAGQRFIOE9AE,Service_beiakklem1vi3j5fejtg,500,2,0.1021935056,0
1537346760,Prod-EcsStagingCluster-EcsCluster-1AAGQRFIOE9AE,Service_beiakklem1vi3j5fejtg,500,2,0.1094714719,0
1537349940,Prod-EcsStagingCluster-EcsCluster-1AAGQRFIOE9AE,Service_beiakklem1vi3j5fejtg,500,2,0.1106604817,0
1537391280,Prod-EcsStagingCluster-EcsCluster-1AAGQRFIOE9AE,Service_beiakklem1vi3j5fejtg,500,2,0.1074036089,0
1537384920,Prod-EcsStagingCluster-EcsCluster-1AAGQRFIOE9AE,Service_beiakklem1vi3j5fejtg,500,2,0.1095050065,0
1537388100,Prod-EcsStagingCluster-EcsCluster-1AAGQRFIOE9AE,Service_beiakklem1vi3j5fejtg,500,2,0.1045440143,0
1537354080,Prod-EcsStagingCluster-EcsCluster-1AAGQRFIOE9AE,Service_beiakklem1vi3j5fejtg,500,2,0.1110853739,0
1537347720,Prod-EcsStagingCluster-EcsCluster-1AAGQRFIOE9AE,Service_beiakklem1vi3j5fejtg,500,2,0.1129566983,0
1537392240,Prod-EcsStagingCluster-EcsCluster-1AAGQRFIOE9AE,Service_beiakklem1vi3j5fejtg,500,2,0.1074239233,0
1537402860,Prod-EcsStagingCluster-EcsCluster-1AAGQRFIOE9AE,Service_beiakklem1vi3j5fejtg,500,2,0.0976169290,0
1537415580,Prod-EcsStagingCluster-EcsCluster-1AAGQRFIOE9AE,Service_beiakklem1vi3j5fejtg,500,2,0.1158451763,0
1537385880,Prod-EcsStagingCluster-EcsCluster-1AAGQRFIOE9AE,Service_beiakklem1vi3j5fejtg,500,2,0.1072926956,0
1537417620,Prod-EcsStagingCluster-EcsCluster-1AAGQRFIOE9AE,Service_beiakklem1vi3j5fejtg,500,2,0.1469459790,0
1537404900,Prod-EcsStagingCluster-EcsCluster-1AAGQRFIOE9AE,Service_beiakklem1vi3j5fejtg,500,2,0.1156539204,0
1537381500,Prod-EcsStagingCluster-EcsCluster-1AAGQRFIOE9AE,Service_beiakklem1vi3j5fejtg,500,2,0.1226340305,0
1537368780,Prod-EcsStagingCluster-EcsCluster-1AAGQRFIOE9AE,Service_beiakklem1vi3j5fejtg,500,2,0.0960939870,0
1537415400,Prod-EcsStagingCluster-EcsCluster-1AAGQRFIOE9AE,Service_beiakklem1vi3j5fejtg,500,2,0.1178492856,0
1537421760,Prod-EcsStagingCluster-EcsCluster-1AAGQRFIOE9AE,Service_beiakklem1vi3j5fejtg,500,2,0.1063705557,0
1537409040,Prod-EcsStagingCluster-EcsCluster-1AAGQRFIOE9AE,Service_beiakklem1vi3j5fejtg,500,2,0.1334935507,0
1537402680,Prod-EcsStagingCluster-EcsCluster-1AAGQRFIOE9AE,Service_beiakklem1vi3j5fejtg,500,2,0.0864797566,0
1537383540,Prod-EcsStagingCluster-EcsCluster-1AAGQRFIOE9AE,Service_beiakklem1vi3j5fejtg,500,2,0.1131712738,0
1537421700,Prod-EcsStagingCluster-EcsCluster-1AAGQRFIOE9AE,Service_beiakklem1vi3j5fejtg,500,2,0.1070408898,0
1537347420,Prod-EcsStagingCluster-EcsCluster-1AAGQRFIOE9AE,Service_beiakklem1vi3j5fejtg,500,2,0.1167937800,0
1537381320,Prod-EcsStagingCluster-EcsCluster-1AAGQRFIOE9AE,Service_beiakklem1vi3j5fejtg,500,2,0.1187205583,0
1537387680,Prod-EcsStagingCluster-EcsCluster-1AAGQRFIOE9AE,Service_beiakklem1vi3j5fejtg,500,2,0.1130529127,0
1537425840,Prod-EcsStagingCluster-EcsCluster-1AAGQRFIOE9AE,Service_beiakklem1vi3j5fejtg,500,2,0.1052807945,0
1537419480,Prod-EcsStagingCluster-EcsCluster-1AAGQRFIOE9AE,Service_beiakklem1vi3j5fejtg,500,2,0.1568978299,0
1537349460,Prod-EcsStagingCluster-EcsCluster-1AAGQRFIOE9AE,Service_beiakklem1vi3j5fejtg,500,2,0.1104014520,0
1537347240,Prod-EcsStagingCluster-EcsCluster-1AAGQRFIOE9AE,Service_beiakklem1vi3j5fejtg,500,2,0.1087405133,0
1537423620,Prod-EcsStagingCluster-EcsCluster-1AAGQRFIOE9AE,Service_beiakklem1vi3j5fejtg,500,2,0.1108190993,0
1537420440,Prod-EcsStagingCluster-EcsCluster-1AAGQRFIOE9AE,Service_beiakklem1vi3j5fejtg,500,2,0.1682545759,0
1537415100,Prod-EcsStagingCluster-EcsCluster-1AAGQRFIOE9AE,Service_beiakklem1vi3j5fejtg,500,2,0.0989960888,0
1537356720,Prod-EcsStagingCluster-EcsCluster-1AAGQRFIOE9AE,Service_beiakklem1vi3j5fejtg,500,2,0.1204105679,0
1537402380,Prod-EcsStagingCluster-EcsCluster-1AAGQRFIOE9AE,Service_beiakklem1vi3j5fejtg,500,2,0.1008016872,0
1537348200,Prod-EcsStagingCluster-EcsCluster-1AAGQRFIOE9AE,Service_beiakklem1vi3j5fejtg,500,2,0.1082971372,0
1537351380,Prod-EcsStagingCluster-EcsCluster-1AAGQRFIOE9AE,Service_beiakklem1vi3j5fejtg,500,2,0.0866939176,0
1537368300,Prod-EcsStagingCluster-EcsCluster-1AAGQRFIOE9AE,Service_beiakklem1vi3j5fejtg,500,2,0.0965569659,0
1537420320,Prod-EcsStagingCluster-EcsCluster-1AAGQRFIOE9AE,Service_beiakklem1vi3j5fejtg,500,2,0.1643936262,0
1537381020,Prod-EcsStagingCluster-EcsCluster-1AAGQRFIOE9AE,Service_beiakklem1vi3j5fejtg,500,2,0.1179834053,0
1537352280,Prod-EcsStagingCluster-EcsCluster-1AAGQRFIOE9AE,Service_beiakklem1vi3j5fejtg,500,2,0.0992921517,0
1537355460,Prod-EcsStagingCluster-EcsCluster-1AAGQRFIOE9AE,Service_beiakklem1vi3j5fejtg,500,2,0.1102260193,0
1537386240,Prod-EcsStagingCluster-EcsCluster-1AAGQRFIOE9AE,Service_beiakklem1vi3j5fejtg,500,2,0.1099847024,0
1537373520,Prod-EcsStagingCluster-EcsCluster-1AAGQRFIOE9AE,Service_beiakklem1vi3j5fejtg,500,2,0.1239083498,0
1537346940,Prod-EcsStagingCluster-EcsCluster-1AAGQRFIOE9AE,Service_beiakklem1vi3j5fejtg,500,2,0.1359822196,0
1537415880,Prod-EcsStagingCluster-EcsCluster-1AAGQRFIOE9AE,Service_beiakklem1vi3j5fejtg,500,2,0.1262018648,0
1537419060,Prod-EcsStagingCluster-EcsCluster-1AAGQRFIOE9AE,Service_beiakklem1vi3j5fejtg,500,2,0.1453068584,0
1537352160,Prod-EcsStagingCluster-EcsCluster-1AAGQRFIOE9AE,Service_beiakklem1vi3j5fejtg,500,2,0.0982675698,0
1537390320,Prod-EcsStagingCluster-EcsCluster-1AAGQRFIOE9AE,Service_beiakklem1vi3j5fejtg,500,2,0.1227802953,0
1537381800,Prod-EcsStagingCluster-EcsCluster-1AAGQRFIOE9AE,Service_beiakklem1vi3j5fejtg,500,2,0.1400158957,0
1537384980,Prod-EcsStagingCluster-EcsCluster-1AAGQRFIOE9AE,Service_beiakklem1vi3j5fejtg,500,2,0.1184308985,0
1537369080,Prod-EcsStagingCluster-EcsCluster-1AAGQRFIOE9AE,Service_beiakklem1vi3j5fejtg,500,2,0.1076279557,0
1537372260,Prod-EcsStagingCluster-EcsCluster-1AAGQRFIOE9AE,Service_beiakklem1vi3j5fejtg,500,2,0.1194879280,0
1537401900,Prod-EcsStagingCluster-EcsCluster-1AAGQRFIOE9AE,Service_beiakklem1vi3j5fejtg,500,2,0.1242370606,0
1537414620,Prod-EcsStagingCluster-EcsCluster-1AAGQRFIOE9AE,Service_beiakklem1vi3j5fejtg,500,2,0.0987492819,0
1537382760,Prod-EcsStagingCluster-EcsCluster-1AAGQRFIOE9AE,Service_beiakklem1vi3j5fejtg,500,2,0.1156942695,0
1537370040,Prod-EcsStagingCluster-EcsCluster-1AAGQRFIOE9AE,Service_beiakklem1vi3j5fejtg,500,2,0.1338210089,0
1537350900,Prod-EcsStagingCluster-EcsCluster-1AAGQRFIOE9AE,Service_beiakklem1vi3j5fejtg,500,2,0.0982169409,0
1537389060,Prod-EcsStagingCluster-EcsCluster-1AAGQRFIOE9AE,Service_beiakklem1vi3j5fejtg,500,2,0.1198365408,0
1537380540,Prod-EcsStagingCluster-EcsCluster-1AAGQRFIOE9AE,Service_beiakklem1vi3j5fejtg,500,2,0.1170642141,0
1537367820,Prod-EcsStagingCluster-EcsCluster-1AAGQRFIOE9AE,Service_beiakklem1vi3j5fejtg,500,2,0.0972794164,0
1537348680,Prod-EcsStagingCluster-EcsCluster-1AAGQRFIOE9AE,Service_beiakklem1vi3j5fejtg,500,2,0.1226162517,0
1537420800,Prod-EcsStagingCluster-EcsCluster-1AAGQRFIOE9AE,Service_beiakklem1vi3j5fejtg,500,2,0.1218417531,0
1537386840,Prod-EcsStagingCluster-EcsCluster-1AAGQRFIOE9AE,Service_beiakklem1vi3j5fejtg,500,2,0.1154207273,0
1537408080,Prod-EcsStagingCluster-EcsCluster-1AAGQRFIOE9AE,Service_beiakklem1vi3j5fejtg,500,2,0.1063072940,0
1537346460,Prod-EcsStagingCluster-EcsCluster-1AAGQRFIOE9AE,Service_beiakklem1vi3j5fejtg,500,2,0.1340580239,0
1537418580,Prod-EcsStagingCluster-EcsCluster-1AAGQRFIOE9AE,Service_beiakklem1vi3j5fejtg,500,2,0.1679238894,0
1537405860,Prod-EcsStagingCluster-EcsCluster-1AAGQRFIOE9AE,Service_beiakklem1vi3j5fejtg,500,2,0.1109788306,0
1537386720,Prod-EcsStagingCluster-EcsCluster-1AAGQRFIOE9AE,Service_beiakklem1vi3j5fejtg,500,2,0.1220912348,0
1537424880,Prod-EcsStagingCluster-EcsCluster-1AAGQRFIOE9AE,Service_beiakklem1vi3j5fejtg,500,2,0.1064580584,0
1537416360,Prod-EcsStagingCluster-EcsCluster-1AAGQRFIOE9AE,Service_beiakklem1vi3j5fejtg,500,2,0.1028099347,0
1537403640,Prod-EcsStagingCluster-EcsCluster-1AAGQRFIOE9AE,Service_beiakklem1vi3j5fejtg,500,2,0.1148477053,0
1537384500,Prod-EcsStagingCluster-EcsCluster-1AAGQRFIOE9AE,Service_beiakklem1vi3j5fejtg,500,2,0.1028722429,0
1537422660,Prod-EcsStagingCluster-EcsCluster-1AAGQRFIOE9AE,Service_beiakklem1vi3j5fejtg,500,2,0.1081240671,0
1537352640,Prod-EcsStagingCluster-EcsCluster-1AAGQRFIOE9AE,Service_beiakklem1vi3j5fejtg,500,2,0.1002568307,0
1537414140,Prod-EcsStagingCluster-EcsCluster-1AAGQRFIOE9AE,Service_beiakklem1vi3j5fejtg,500,2,0.1010769926,0
1537401420,Prod-EcsStagingCluster-EcsCluster-1AAGQRFIOE9AE,Service_beiakklem1vi3j5fejtg,500,2,0.1270145153,0
1537382280,Prod-EcsStagingCluster-EcsCluster-1AAGQRFIOE9AE,Service_beiakklem1vi3j5fejtg,500,2,0.1628892301,0
1537409820,Prod-EcsStagingCluster-EcsCluster-1AAGQRFIOE9AE,Service_beiakklem1vi3j5fejtg,500,2,0.1305698720,0
1537416180,Prod-EcsStagingCluster-EcsCluster-1AAGQRFIOE9AE,Service_beiakklem1vi3j5fejtg,500,2,0.1038404050,0
1537393920,Prod-EcsStagingCluster-EcsCluster-1AAGQRFIOE9AE,Service_beiakklem1vi3j5fejtg,500,2,0.1124590919,0
1537387560,Prod-EcsStagingCluster-EcsCluster-1AAGQRFIOE9AE,Service_beiakklem1vi3j5fejtg,500,2,0.1108103428,0
1537373700,Prod-EcsStagingCluster-EcsCluster-1AAGQRFIOE9AE,Service_beiakklem1vi3j5fejtg,500,2,0.1149290869,0
1537348260,Prod-EcsStagingCluster-EcsCluster-1AAGQRFIOE9AE,Service_beiakklem1vi3j5fejtg,500,2,0.1052674161,0
1537392780,Prod-EcsStagingCluster-EcsCluster-1AAGQRFIOE9AE,Service_beiakklem1vi3j5fejtg,500,2,0.1122096073,0
1537399140,Prod-EcsStagingCluster-EcsCluster-1AAGQRFIOE9AE,Service_beiakklem1vi3j5fejtg,500,2,0.1168337187,0
1537424580,Prod-EcsStagingCluster-EcsCluster-1AAGQRFIOE9AE,Service_beiakklem1vi3j5fejtg,500,2,0.1047764570,0
1537351200,Prod-EcsStagingCluster-EcsCluster-1AAGQRFIOE9AE,Service_beiakklem1vi3j5fejtg,500,2,0.1003175333,0
1537395720,Prod-EcsStagingCluster-EcsCluster-1AAGQRFIOE9AE,Service_beiakklem1vi3j5fejtg,500,2,0.0770312082,0
1537367100,Prod-EcsStagingCluster-EcsCluster-1AAGQRFIOE9AE,Service_beiakklem1vi3j5fejtg,500,2,0.0985540492,0
1537373460,Prod-EcsStagingCluster-EcsCluster-1AAGQRFIOE9AE,Service_beiakklem1vi3j5fejtg,500,2,0.1278018888,0
1537417980,Prod-EcsStagingCluster-EcsCluster-1AAGQRFIOE9AE,Service_beiakklem1vi3j5fejtg,500,2,0.1470950812,0
1537424340,Prod-EcsStagingCluster-EcsCluster-1AAGQRFIOE9AE,Service_beiakklem1vi3j5fejtg,500,2,0.1074632678,0
1537350060,Prod-EcsStagingCluster-EcsCluster-1AAGQRFIOE9AE,Service_beiakklem1vi3j5fejtg,500,2,0.1115655054,0
1537353240,Prod-EcsStagingCluster-EcsCluster-1AAGQRFIOE9AE,Service_beiakklem1vi3j5fejtg,500,2,0.1047855014,0
1537402080,Prod-EcsStagingCluster-EcsCluster-1AAGQRFIOE9AE,Service_beiakklem1vi3j5fejtg,500,2,0.1171805160,0
1537378680,Prod-EcsStagingCluster-EcsCluster-1AAGQRFIOE9AE,Service_beiakklem1vi3j5fejtg,500,2,0.1040902452,0
1537359600,Prod-EcsStagingCluster-EcsCluster-1AAGQRFIOE9AE,Service_beiakklem1vi3j5fejtg,500,2,0.1005054773,0
1537404120,Prod-EcsStagingCluster-EcsCluster-1AAGQRFIOE9AE,Service_beiakklem1vi3j5fejtg,500,2,0.1120031525,0
1537410480,Prod-EcsStagingCluster-EcsCluster-1AAGQRFIOE9AE,Service_beiakklem1vi3j5fejtg,500,2,0.1357935748,0
1537400940,Prod-EcsStagingCluster-EcsCluster-1AAGQRFIOE9AE,Service_beiakklem1vi3j5fejtg,500,2,0.1293533190,0
1537385040,Prod-EcsStagingCluster-EcsCluster-1AAGQRFIOE9AE,Service_beiakklem1vi3j5fejtg,500,2,0.0921918432,0
1537429560,Prod-EcsStagingCluster-EcsCluster-1AAGQRFIOE9AE,Service_beiakklem1vi3j5fejtg,500,2,0.1006656820,0
1537375260,Prod-EcsStagingCluster-EcsCluster-1AAGQRFIOE9AE,Service_beiakklem1vi3j5fejtg,500,2,0.1023528562,0
1537381620,Prod-EcsStagingCluster-EcsCluster-1AAGQRFIOE9AE,Service_beiakklem1vi3j5fejtg,500,2,0.1271901046,0
1537426140,Prod-EcsStagingCluster-EcsCluster-1AAGQRFIOE9AE,Service_beiakklem1vi3j5fejtg,500,2,0.1303506916,0
1537358220,Prod-EcsStagingCluster-EcsCluster-1AAGQRFIOE9AE,Service_beiakklem1vi3j5fejtg,500,2,0.1276089628,0
1537390020,Prod-EcsStagingCluster-EcsCluster-1AAGQRFIOE9AE,Service_beiakklem1vi3j5fejtg,500,2,0.1135194118,0
1537364580,Prod-EcsStagingCluster-EcsCluster-1AAGQRFIOE9AE,Service_beiakklem1vi3j5fejtg,500,2,0.1223425542,0
1537409100,Prod-EcsStagingCluster-EcsCluster-1AAGQRFIOE9AE,Service_beiakklem1vi3j5fejtg,500,2,0.1359891363,0
1537415460,Prod-EcsStagingCluster-EcsCluster-1AAGQRFIOE9AE,Service_beiakklem1vi3j5fejtg,500,2,0.1158401754,0
1537379400,Prod-EcsStagingCluster-EcsCluster-1AAGQRFIOE9AE,Service_beiakklem1vi3j5fejtg,500,2,0.1105309152,0
1537385760,Prod-EcsStagingCluster-EcsCluster-1AAGQRFIOE9AE,Service_beiakklem1vi3j5fejtg,500,2,0.1117293455,0
1537430280,Prod-EcsStagingCluster-EcsCluster-1AAGQRFIOE9AE,Service_beiakklem1vi3j5fejtg,500,2,0.1031333394,0
1537362360,Prod-EcsStagingCluster-EcsCluster-1AAGQRFIOE9AE,Service_beiakklem1vi3j5fejtg,500,2,0.1170649032,0
1537394160,Prod-EcsStagingCluster-EcsCluster-1AAGQRFIOE9AE,Service_beiakklem1vi3j5fejtg,500,2,0.1067645360,0
1537387800,Prod-EcsStagingCluster-EcsCluster-1AAGQRFIOE9AE,Service_beiakklem1vi3j5fejtg,500,2,0.1150436507,0
1537368720,Prod-EcsStagingCluster-EcsCluster-1AAGQRFIOE9AE,Service_beiakklem1vi3j5fejtg,500,2,0.0970596684,0
1537413240,Prod-EcsStagingCluster-EcsCluster-1AAGQRFIOE9AE,Service_beiakklem1vi3j5fejtg,500,2,0.0998202098,0
1537419600,Prod-EcsStagingCluster-EcsCluster-1AAGQRFIOE9AE,Service_beiakklem1vi3j5fejtg,500,2,0.1559823315,0
1537383420,Prod-EcsStagingCluster-EcsCluster-1AAGQRFIOE9AE,Service_beiakklem1vi3j5fejtg,500,2,0.1194755914,0
1537389780,Prod-EcsStagingCluster-EcsCluster-1AAGQRFIOE9AE,Service_beiakklem1vi3j5fejtg,500,2,0.1055596444,0
1537366380,Prod-EcsStagingCluster-EcsCluster-1AAGQRFIOE9AE,Service_beiakklem1vi3j5fejtg,500,2,0.1089318532,0
1537426800,Prod-EcsStagingCluster-EcsCluster-1AAGQRFIOE9AE,Service_beiakklem1vi3j5fejtg,500,2,0.1059518568,0
1537417260,Prod-EcsStagingCluster-EcsCluster-1AAGQRFIOE9AE,Service_beiakklem1vi3j5fejtg,500,2,0.1482347623,0
1537363080,Prod-EcsStagingCluster-EcsCluster-1AAGQRFIOE9AE,Service_beiakklem1vi3j5fejtg,500,2,0.1298069551,0
1537413960,Prod-EcsStagingCluster-EcsCluster-1AAGQRFIOE9AE,Service_beiakklem1vi3j5fejtg,500,2,0.0839198119,0
1537391700,Prod-EcsStagingCluster-EcsCluster-1AAGQRFIOE9AE,Service_beiakklem1vi3j5fejtg,500,2,0.1243401702,0
1537371480,Prod-EcsStagingCluster-EcsCluster-1AAGQRFIOE9AE,Service_beiakklem1vi3j5fejtg,500,2,0.1183478787,0
1537346040,Prod-EcsStagingCluster-EcsCluster-1AAGQRFIOE9AE,Service_beiakklem1vi3j5fejtg,500,2,0.1186671151,0
1537396920,Prod-EcsStagingCluster-EcsCluster-1AAGQRFIOE9AE,Service_beiakklem1vi3j5fejtg,500,2,0.1052380617,0
1537422360,Prod-EcsStagingCluster-EcsCluster-1AAGQRFIOE9AE,Service_beiakklem1vi3j5fejtg,500,2,0.1075722829,0
1537391580,Prod-EcsStagingCluster-EcsCluster-1AAGQRFIOE9AE,Service_beiakklem1vi3j5fejtg,500,2,0.1077639672,0
1537375680,Prod-EcsStagingCluster-EcsCluster-1AAGQRFIOE9AE,Service_beiakklem1vi3j5fejtg,500,2,0.0931093169,0
1537374540,Prod-EcsStagingCluster-EcsCluster-1AAGQRFIOE9AE,Service_beiakklem1vi3j5fejtg,500,2,0.1174456745,0
1537426560,Prod-EcsStagingCluster-EcsCluster-1AAGQRFIOE9AE,Service_beiakklem1vi3j5fejtg,500,2,0.1044941850,0
1537425420,Prod-EcsStagingCluster-EcsCluster-1AAGQRFIOE9AE,Service_beiakklem1vi3j5fejtg,500,2,0.1117301298,0
1537348980,Prod-EcsStagingCluster-EcsCluster-1AAGQRFIOE9AE,Service_beiakklem1vi3j5fejtg,500,2,0.1210727611,0
1537371240,Prod-EcsStagingCluster-EcsCluster-1AAGQRFIOE9AE,Service_beiakklem1vi3j5fejtg,500,2,0.1235447857,0
1537422120,Prod-EcsStagingCluster-EcsCluster-1AAGQRFIOE9AE,Service_beiakklem1vi3j5fejtg,500,2,0.1107928935,0
1537399860,Prod-EcsStagingCluster-EcsCluster-1AAGQRFIOE9AE,Service_beiakklem1vi3j5fejtg,500,2,0.0803079772,0
1537357380,Prod-EcsStagingCluster-EcsCluster-1AAGQRFIOE9AE,Service_beiakklem1vi3j5fejtg,500,2,0.1233658518,0
1537408260,Prod-EcsStagingCluster-EcsCluster-1AAGQRFIOE9AE,Service_beiakklem1vi3j5fejtg,500,2,0.1190610922,0
1537348860,Prod-EcsStagingCluster-EcsCluster-1AAGQRFIOE9AE,Service_beiakklem1vi3j5fejtg,500,2,0.1514958824,0
1537382820,Prod-EcsStagingCluster-EcsCluster-1AAGQRFIOE9AE,Service_beiakklem1vi3j5fejtg,500,2,0.1165544887,0
1537399740,Prod-EcsStagingCluster-EcsCluster-1AAGQRFIOE9AE,Service_beiakklem1vi3j5fejtg,500,2,0.1167688473,0
1537355160,Prod-EcsStagingCluster-EcsCluster-1AAGQRFIOE9AE,Service_beiakklem1vi3j5fejtg,500,2,0.1216281181,0
1537380600,Prod-EcsStagingCluster-EcsCluster-1AAGQRFIOE9AE,Service_beiakklem1vi3j5fejtg,500,2,0.1161287357,0
1537406040,Prod-EcsStagingCluster-EcsCluster-1AAGQRFIOE9AE,Service_beiakklem1vi3j5fejtg,500,2,0.1120384496,0
1537359360,Prod-EcsStagingCluster-EcsCluster-1AAGQRFIOE9AE,Service_beiakklem1vi3j5fejtg,500,2,0.1010907218,0
1537382700,Prod-EcsStagingCluster-EcsCluster-1AAGQRFIOE9AE,Service_beiakklem1vi3j5fejtg,500,2,0.1158585663,0
1537431480,Prod-EcsStagingCluster-EcsCluster-1AAGQRFIOE9AE,Service_beiakklem1vi3j5fejtg,500,2,0.1124378558,0
1537410240,Prod-EcsStagingCluster-EcsCluster-1AAGQRFIOE9AE,Service_beiakklem1vi3j5fejtg,500,2,0.1295233550,0
1537357140,Prod-EcsStagingCluster-EcsCluster-1AAGQRFIOE9AE,Service_beiakklem1vi3j5fejtg,500,2,0.1189121025,0
1537408020,Prod-EcsStagingCluster-EcsCluster-1AAGQRFIOE9AE,Service_beiakklem1vi3j5fejtg,500,2,0.0887923867,0
1537357020,Prod-EcsStagingCluster-EcsCluster-1AAGQRFIOE9AE,Service_beiakklem1vi3j5fejtg,500,2,0.1213265922,0
1537354920,Prod-EcsStagingCluster-EcsCluster-1AAGQRFIOE9AE,Service_beiakklem1vi3j5fejtg,500,2,0.1116279117,0
1537407900,Prod-EcsStagingCluster-EcsCluster-1AAGQRFIOE9AE,Service_beiakklem1vi3j5fejtg,500,2,0.0991256679,0
1537405800,Prod-EcsStagingCluster-EcsCluster-1AAGQRFIOE9AE,Service_beiakklem1vi3j5fejtg,500,2,0.1109416871,0
1537390860,Prod-EcsStagingCluster-EcsCluster-1AAGQRFIOE9AE,Service_beiakklem1vi3j5fejtg,500,2,0.1172441634,0
1537367520,Prod-EcsStagingCluster-EcsCluster-1AAGQRFIOE9AE,Service_beiakklem1vi3j5fejtg,500,2,0.1001103429,0
1537418400,Prod-EcsStagingCluster-EcsCluster-1AAGQRFIOE9AE,Service_beiakklem1vi3j5fejtg,500,2,0.1592250356,0
1537375920,Prod-EcsStagingCluster-EcsCluster-1AAGQRFIOE9AE,Service_beiakklem1vi3j5fejtg,500,2,0.0974012657,0
1537350480,Prod-EcsStagingCluster-EcsCluster-1AAGQRFIOE9AE,Service_beiakklem1vi3j5fejtg,500,2,0.1113082492,0
1537401360,Prod-EcsStagingCluster-EcsCluster-1AAGQRFIOE9AE,Service_beiakklem1vi3j5fejtg,500,2,0.1256533091,0
1537365300,Prod-EcsStagingCluster-EcsCluster-1AAGQRFIOE9AE,Service_beiakklem1vi3j5fejtg,500,2,0.1367264654,0
1537421520,Prod-EcsStagingCluster-EcsCluster-1AAGQRFIOE9AE,Service_beiakklem1vi3j5fejtg,500,2,0.1090332392,0
1537349280,Prod-EcsStagingCluster-EcsCluster-1AAGQRFIOE9AE,Service_beiakklem1vi3j5fejtg,500,2,0.1100348295,0
1537393800,Prod-EcsStagingCluster-EcsCluster-1AAGQRFIOE9AE,Service_beiakklem1vi3j5fejtg,500,2,0.1194917015,0
1537371540,Prod-EcsStagingCluster-EcsCluster-1AAGQRFIOE9AE,Service_beiakklem1vi3j5fejtg,500,2,0.1172643851,0
1537422420,Prod-EcsStagingCluster-EcsCluster-1AAGQRFIOE9AE,Service_beiakklem1vi3j5fejtg,500,2,0.1064725759,0
1537348140,Prod-EcsStagingCluster-EcsCluster-1AAGQRFIOE9AE,Service_beiakklem1vi3j5fejtg,500,2,0.1086843219,0
1537400160,Prod-EcsStagingCluster-EcsCluster-1AAGQRFIOE9AE,Service_beiakklem1vi3j5fejtg,500,2,0.1079048298,0
1537360860,Prod-EcsStagingCluster-EcsCluster-1AAGQRFIOE9AE,Service_beiakklem1vi3j5fejtg,500,2,0.1204697489,0
1537411740,Prod-EcsStagingCluster-EcsCluster-1AAGQRFIOE9AE,Service_beiakklem1vi3j5fejtg,500,2,0.1286686901,0
1537399020,Prod-EcsStagingCluster-EcsCluster-1AAGQRFIOE9AE,Service_beiakklem1vi3j5fejtg,500,2,0.0844528168,0
1537350180,Prod-EcsStagingCluster-EcsCluster-1AAGQRFIOE9AE,Service_beiakklem1vi3j5fejtg,500,2,0.1243858411,0
1537401060,Prod-EcsStagingCluster-EcsCluster-1AAGQRFIOE9AE,Service_beiakklem1vi3j5fejtg,500,2,0.1224713263,0
1537375620,Prod-EcsStagingCluster-EcsCluster-1AAGQRFIOE9AE,Service_beiakklem1vi3j5fejtg,500,2,0.0928307233,0
1537426500,Prod-EcsStagingCluster-EcsCluster-1AAGQRFIOE9AE,Service_beiakklem1vi3j5fejtg,500,2,0.1071943013,0
1537379700,Prod-EcsStagingCluster-EcsCluster-1AAGQRFIOE9AE,Service_beiakklem1vi3j5fejtg,500,2,0.1213325230,0
1537351080,Prod-EcsStagingCluster-EcsCluster-1AAGQRFIOE9AE,Service_beiakklem1vi3j5fejtg,500,2,0.0980875040,0
1537357440,Prod-EcsStagingCluster-EcsCluster-1AAGQRFIOE9AE,Service_beiakklem1vi3j5fejtg,500,2,0.1278460517,0
1537401960,Prod-EcsStagingCluster-EcsCluster-1AAGQRFIOE9AE,Service_beiakklem1vi3j5fejtg,500,2,0.1000644266,0
1537430580,Prod-EcsStagingCluster-EcsCluster-1AAGQRFIOE9AE,Service_beiakklem1vi3j5fejtg,500,2,0.1110628532,0
1537356300,Prod-EcsStagingCluster-EcsCluster-1AAGQRFIOE9AE,Service_beiakklem1vi3j5fejtg,500,2,0.0899256310,0
1537408320,Prod-EcsStagingCluster-EcsCluster-1AAGQRFIOE9AE,Service_beiakklem1vi3j5fejtg,500,2,0.1436890027,0
1537369020,Prod-EcsStagingCluster-EcsCluster-1AAGQRFIOE9AE,Service_beiakklem1vi3j5fejtg,500,2,0.1079837785,0
1537419900,Prod-EcsStagingCluster-EcsCluster-1AAGQRFIOE9AE,Service_beiakklem1vi3j5fejtg,500,2,0.1573986267,0
1537407180,Prod-EcsStagingCluster-EcsCluster-1AAGQRFIOE9AE,Service_beiakklem1vi3j5fejtg,500,2,0.0744816463,0
1537383840,Prod-EcsStagingCluster-EcsCluster-1AAGQRFIOE9AE,Service_beiakklem1vi3j5fejtg,500,2,0.0999081327,0
1537428360,Prod-EcsStagingCluster-EcsCluster-1AAGQRFIOE9AE,Service_beiakklem1vi3j5fejtg,500,2,0.1023411514,0
1537387860,Prod-EcsStagingCluster-EcsCluster-1AAGQRFIOE9AE,Service_beiakklem1vi3j5fejtg,500,2,0.1043202577,0
1537364460,Prod-EcsStagingCluster-EcsCluster-1AAGQRFIOE9AE,Service_beiakklem1vi3j5fejtg,500,2,0.1177140717,0
1537377180,Prod-EcsStagingCluster-EcsCluster-1AAGQRFIOE9AE,Service_beiakklem1vi3j5fejtg,500,2,0.0944590465,0
1537385640,Prod-EcsStagingCluster-EcsCluster-1AAGQRFIOE9AE,Service_beiakklem1vi3j5fejtg,500,2,0.1076864945,0
1537428060,Prod-EcsStagingCluster-EcsCluster-1AAGQRFIOE9AE,Service_beiakklem1vi3j5fejtg,500,2,0.1019722924,0
1537392000,Prod-EcsStagingCluster-EcsCluster-1AAGQRFIOE9AE,Service_beiakklem1vi3j5fejtg,500,2,0.1065705942,0
1537415340,Prod-EcsStagingCluster-EcsCluster-1AAGQRFIOE9AE,Service_beiakklem1vi3j5fejtg,500,2,0.1121516245,0
1537391940,Prod-EcsStagingCluster-EcsCluster-1AAGQRFIOE9AE,Service_beiakklem1vi3j5fejtg,500,2,0.0888240827,0
1537366500,Prod-EcsStagingCluster-EcsCluster-1AAGQRFIOE9AE,Service_beiakklem1vi3j5fejtg,500,2,0.1073250966,0
1537417380,Prod-EcsStagingCluster-EcsCluster-1AAGQRFIOE9AE,Service_beiakklem1vi3j5fejtg,500,2,0.1468891732,0
1537389720,Prod-EcsStagingCluster-EcsCluster-1AAGQRFIOE9AE,Service_beiakklem1vi3j5fejtg,500,2,0.1104506248,0
1537364280,Prod-EcsStagingCluster-EcsCluster-1AAGQRFIOE9AE,Service_beiakklem1vi3j5fejtg,500,2,0.1228212496,0
1537370640,Prod-EcsStagingCluster-EcsCluster-1AAGQRFIOE9AE,Service_beiakklem1vi3j5fejtg,500,2,0.1030272387,0
1537415160,Prod-EcsStagingCluster-EcsCluster-1AAGQRFIOE9AE,Service_beiakklem1vi3j5fejtg,500,2,0.0842350952,0
1537396080,Prod-EcsStagingCluster-EcsCluster-1AAGQRFIOE9AE,Service_beiakklem1vi3j5fejtg,500,2,0.0939849974,0
1537373760,Prod-EcsStagingCluster-EcsCluster-1AAGQRFIOE9AE,Service_beiakklem1vi3j5fejtg,500,2,0.1156325817,0
1537424640,Prod-EcsStagingCluster-EcsCluster-1AAGQRFIOE9AE,Service_beiakklem1vi3j5fejtg,500,2,0.1117954219,0
1537393860,Prod-EcsStagingCluster-EcsCluster-1AAGQRFIOE9AE,Service_beiakklem1vi3j5fejtg,500,2,0.1115506450,0
1537368420,Prod-EcsStagingCluster-EcsCluster-1AAGQRFIOE9AE,Service_beiakklem1vi3j5fejtg,500,2,0.0985599803,0
1537419300,Prod-EcsStagingCluster-EcsCluster-1AAGQRFIOE9AE,Service_beiakklem1vi3j5fejtg,500,2,0.1622360798,0
1537372620,Prod-EcsStagingCluster-EcsCluster-1AAGQRFIOE9AE,Service_beiakklem1vi3j5fejtg,500,2,0.1511706881,0
1537385340,Prod-EcsStagingCluster-EcsCluster-1AAGQRFIOE9AE,Service_beiakklem1vi3j5fejtg,500,2,0.1260105012,0
1537423500,Prod-EcsStagingCluster-EcsCluster-1AAGQRFIOE9AE,Service_beiakklem1vi3j5fejtg,500,2,0.1363072758,0
1537352400,Prod-EcsStagingCluster-EcsCluster-1AAGQRFIOE9AE,Service_beiakklem1vi3j5fejtg,500,2,0.1015742882,0
1537347060,Prod-EcsStagingCluster-EcsCluster-1AAGQRFIOE9AE,Service_beiakklem1vi3j5fejtg,500,2,0.1085130433,0
1537377840,Prod-EcsStagingCluster-EcsCluster-1AAGQRFIOE9AE,Service_beiakklem1vi3j5fejtg,500,2,0.1049977783,0
1537397940,Prod-EcsStagingCluster-EcsCluster-1AAGQRFIOE9AE,Service_beiakklem1vi3j5fejtg,500,2,0.1093229739,0
1537428720,Prod-EcsStagingCluster-EcsCluster-1AAGQRFIOE9AE,Service_beiakklem1vi3j5fejtg,500,2,0.1243299213,0
1537403280,Prod-EcsStagingCluster-EcsCluster-1AAGQRFIOE9AE,Service_beiakklem1vi3j5fejtg,500,2,0.1156879864,0
1537369320,Prod-EcsStagingCluster-EcsCluster-1AAGQRFIOE9AE,Service_beiakklem1vi3j5fejtg,500,2,0.1160709586,0
1537420200,Prod-EcsStagingCluster-EcsCluster-1AAGQRFIOE9AE,Service_beiakklem1vi3j5fejtg,500,2,0.1434456485,0
1537373400,Prod-EcsStagingCluster-EcsCluster-1AAGQRFIOE9AE,Service_beiakklem1vi3j5fejtg,500,2,0.1193643869,0
1537347960,Prod-EcsStagingCluster-EcsCluster-1AAGQRFIOE9AE,Service_beiakklem1vi3j5fejtg,500,2,0.1191268693,0
1537381920,Prod-EcsStagingCluster-EcsCluster-1AAGQRFIOE9AE,Service_beiakklem1vi3j5fejtg,500,2,0.1283976481,0
1537398840,Prod-EcsStagingCluster-EcsCluster-1AAGQRFIOE9AE,Service_beiakklem1vi3j5fejtg,500,2,0.1160860910,0
1537424280,Prod-EcsStagingCluster-EcsCluster-1AAGQRFIOE9AE,Service_beiakklem1vi3j5fejtg,500,2,0.1057872659,0
1537393500,Prod-EcsStagingCluster-EcsCluster-1AAGQRFIOE9AE,Service_beiakklem1vi3j5fejtg,500,2,0.1061576158,0
1537380780,Prod-EcsStagingCluster-EcsCluster-1AAGQRFIOE9AE,Service_beiakklem1vi3j5fejtg,500,2,0.1215667982,0
1537431660,Prod-EcsStagingCluster-EcsCluster-1AAGQRFIOE9AE,Service_beiakklem1vi3j5fejtg,500,2,0.0945600676,0
1537377480,Prod-EcsStagingCluster-EcsCluster-1AAGQRFIOE9AE,Service_beiakklem1vi3j5fejtg,500,2,0.0963614583,0
1537355220,Prod-EcsStagingCluster-EcsCluster-1AAGQRFIOE9AE,Service_beiakklem1vi3j5fejtg,500,2,0.1120941820,0
1537406100,Prod-EcsStagingCluster-EcsCluster-1AAGQRFIOE9AE,Service_beiakklem1vi3j5fejtg,500,2,0.1117480177,0
1537361520,Prod-EcsStagingCluster-EcsCluster-1AAGQRFIOE9AE,Service_beiakklem1vi3j5fejtg,500,2,0.1021594883,0
1537412400,Prod-EcsStagingCluster-EcsCluster-1AAGQRFIOE9AE,Service_beiakklem1vi3j5fejtg,500,2,0.1001133347,0
1537353000,Prod-EcsStagingCluster-EcsCluster-1AAGQRFIOE9AE,Service_beiakklem1vi3j5fejtg,500,2,0.1028091493,0
1537386960,Prod-EcsStagingCluster-EcsCluster-1AAGQRFIOE9AE,Service_beiakklem1vi3j5fejtg,500,2,0.1108027933,0
1537403880,Prod-EcsStagingCluster-EcsCluster-1AAGQRFIOE9AE,Service_beiakklem1vi3j5fejtg,500,2,0.1111670728,0
1537359300,Prod-EcsStagingCluster-EcsCluster-1AAGQRFIOE9AE,Service_beiakklem1vi3j5fejtg,500,2,0.1028387498,0
1537410180,Prod-EcsStagingCluster-EcsCluster-1AAGQRFIOE9AE,Service_beiakklem1vi3j5fejtg,500,2,0.1059206264,0
1537350780,Prod-EcsStagingCluster-EcsCluster-1AAGQRFIOE9AE,Service_beiakklem1vi3j5fejtg,500,2,0.0881827156,0
1537384740,Prod-EcsStagingCluster-EcsCluster-1AAGQRFIOE9AE,Service_beiakklem1vi3j5fejtg,500,2,0.1090617694,0
1537401660,Prod-EcsStagingCluster-EcsCluster-1AAGQRFIOE9AE,Service_beiakklem1vi3j5fejtg,500,2,0.1282601106,0
1537388940,Prod-EcsStagingCluster-EcsCluster-1AAGQRFIOE9AE,Service_beiakklem1vi3j5fejtg,500,2,0.1176892118,0
1537365600,Prod-EcsStagingCluster-EcsCluster-1AAGQRFIOE9AE,Service_beiakklem1vi3j5fejtg,500,2,0.1164687805,0
1537416480,Prod-EcsStagingCluster-EcsCluster-1AAGQRFIOE9AE,Service_beiakklem1vi3j5fejtg,500,2,0.1147380001,0
1537357080,Prod-EcsStagingCluster-EcsCluster-1AAGQRFIOE9AE,Service_beiakklem1vi3j5fejtg,500,2,0.1256208771,0
1537407960,Prod-EcsStagingCluster-EcsCluster-1AAGQRFIOE9AE,Service_beiakklem1vi3j5fejtg,500,2,0.1053150048,0
1537382520,Prod-EcsStagingCluster-EcsCluster-1AAGQRFIOE9AE,Service_beiakklem1vi3j5fejtg,500,2,0.1156070111,0
1537363380,Prod-EcsStagingCluster-EcsCluster-1AAGQRFIOE9AE,Service_beiakklem1vi3j5fejtg,500,2,0.1247197896,0
1537414260,Prod-EcsStagingCluster-EcsCluster-1AAGQRFIOE9AE,Service_beiakklem1vi3j5fejtg,500,2,0.1025969212,0
1537361160,Prod-EcsStagingCluster-EcsCluster-1AAGQRFIOE9AE,Service_beiakklem1vi3j5fejtg,500,2,0.1109493130,0
1537412040,Prod-EcsStagingCluster-EcsCluster-1AAGQRFIOE9AE,Service_beiakklem1vi3j5fejtg,500,2,0.1364529791,0
1537346220,Prod-EcsStagingCluster-EcsCluster-1AAGQRFIOE9AE,Service_beiakklem1vi3j5fejtg,500,2,0.1166816254,0
1537358940,Prod-EcsStagingCluster-EcsCluster-1AAGQRFIOE9AE,Service_beiakklem1vi3j5fejtg,500,2,0.1097577009,0
1537397100,Prod-EcsStagingCluster-EcsCluster-1AAGQRFIOE9AE,Service_beiakklem1vi3j5fejtg,500,2,0.0848607583,0
1537360980,Prod-EcsStagingCluster-EcsCluster-1AAGQRFIOE9AE,Service_beiakklem1vi3j5fejtg,500,2,0.1090227261,0
1537425720,Prod-EcsStagingCluster-EcsCluster-1AAGQRFIOE9AE,Service_beiakklem1vi3j5fejtg,500,2,0.1055802108,0
1537354620,Prod-EcsStagingCluster-EcsCluster-1AAGQRFIOE9AE,Service_beiakklem1vi3j5fejtg,500,2,0.1181871608,0
1537411860,Prod-EcsStagingCluster-EcsCluster-1AAGQRFIOE9AE,Service_beiakklem1vi3j5fejtg,500,2,0.1238478238,0
1537405500,Prod-EcsStagingCluster-EcsCluster-1AAGQRFIOE9AE,Service_beiakklem1vi3j5fejtg,500,2,0.1131502886,0
1537347120,Prod-EcsStagingCluster-EcsCluster-1AAGQRFIOE9AE,Service_beiakklem1vi3j5fejtg,500,2,0.1168261480,0
1537391640,Prod-EcsStagingCluster-EcsCluster-1AAGQRFIOE9AE,Service_beiakklem1vi3j5fejtg,500,2,0.1102830515,0
1537398000,Prod-EcsStagingCluster-EcsCluster-1AAGQRFIOE9AE,Service_beiakklem1vi3j5fejtg,500,2,0.1077094227,0
1537371420,Prod-EcsStagingCluster-EcsCluster-1AAGQRFIOE9AE,Service_beiakklem1vi3j5fejtg,500,2,0.1168436630,0
1537377780,Prod-EcsStagingCluster-EcsCluster-1AAGQRFIOE9AE,Service_beiakklem1vi3j5fejtg,500,2,0.1059737762,0
1537428660,Prod-EcsStagingCluster-EcsCluster-1AAGQRFIOE9AE,Service_beiakklem1vi3j5fejtg,500,2,0.1033786742,0
1537360740,Prod-EcsStagingCluster-EcsCluster-1AAGQRFIOE9AE,Service_beiakklem1vi3j5fejtg,500,2,0.1108045488,0
1537422300,Prod-EcsStagingCluster-EcsCluster-1AAGQRFIOE9AE,Service_beiakklem1vi3j5fejtg,500,2,0.1097790399,0
1537411620,Prod-EcsStagingCluster-EcsCluster-1AAGQRFIOE9AE,Service_beiakklem1vi3j5fejtg,500,2,0.1274491507,0
1537346880,Prod-EcsStagingCluster-EcsCluster-1AAGQRFIOE9AE,Service_beiakklem1vi3j5fejtg,500,2,0.1095366996,0
1537397760,Prod-EcsStagingCluster-EcsCluster-1AAGQRFIOE9AE,Service_beiakklem1vi3j5fejtg,500,2,0.1065817258,0
1537391400,Prod-EcsStagingCluster-EcsCluster-1AAGQRFIOE9AE,Service_beiakklem1vi3j5fejtg,500,2,0.1074389531,0
1537345740,Prod-EcsStagingCluster-EcsCluster-1AAGQRFIOE9AE,Service_beiakklem1vi3j5fejtg,500,2,0.1073676158,0
1537396620,Prod-EcsStagingCluster-EcsCluster-1AAGQRFIOE9AE,Service_beiakklem1vi3j5fejtg,500,2,0.0921158758,0
1537377540,Prod-EcsStagingCluster-EcsCluster-1AAGQRFIOE9AE,Service_beiakklem1vi3j5fejtg,500,2,0.1204249757,0
1537428420,Prod-EcsStagingCluster-EcsCluster-1AAGQRFIOE9AE,Service_beiakklem1vi3j5fejtg,500,2,0.1021178332,0
1537357320,Prod-EcsStagingCluster-EcsCluster-1AAGQRFIOE9AE,Service_beiakklem1vi3j5fejtg,500,2,0.1237966999,0
1537375320,Prod-EcsStagingCluster-EcsCluster-1AAGQRFIOE9AE,Service_beiakklem1vi3j5fejtg,500,2,0.1017103781,0
1537381680,Prod-EcsStagingCluster-EcsCluster-1AAGQRFIOE9AE,Service_beiakklem1vi3j5fejtg,500,2,0.1243735007,0
1537426200,Prod-EcsStagingCluster-EcsCluster-1AAGQRFIOE9AE,Service_beiakklem1vi3j5fejtg,500,2,0.1085686356,0
1537362540,Prod-EcsStagingCluster-EcsCluster-1AAGQRFIOE9AE,Service_beiakklem1vi3j5fejtg,500,2,0.1170439991,0
1537413420,Prod-EcsStagingCluster-EcsCluster-1AAGQRFIOE9AE,Service_beiakklem1vi3j5fejtg,500,2,0.0990441288,0
1537370940,Prod-EcsStagingCluster-EcsCluster-1AAGQRFIOE9AE,Service_beiakklem1vi3j5fejtg,500,2,0.1127402714,0
1537377300,Prod-EcsStagingCluster-EcsCluster-1AAGQRFIOE9AE,Service_beiakklem1vi3j5fejtg,500,2,0.0939150409,0
1537421820,Prod-EcsStagingCluster-EcsCluster-1AAGQRFIOE9AE,Service_beiakklem1vi3j5fejtg,500,2,0.1065657523,0
1537428180,Prod-EcsStagingCluster-EcsCluster-1AAGQRFIOE9AE,Service_beiakklem1vi3j5fejtg,500,2,0.1003678486,0
1537381440,Prod-EcsStagingCluster-EcsCluster-1AAGQRFIOE9AE,Service_beiakklem1vi3j5fejtg,500,2,0.1177217402,0
1537375080,Prod-EcsStagingCluster-EcsCluster-1AAGQRFIOE9AE,Service_beiakklem1vi3j5fejtg,500,2,0.1361799868,0
1537394100,Prod-EcsStagingCluster-EcsCluster-1AAGQRFIOE9AE,Service_beiakklem1vi3j5fejtg,500,2,0.1096195294,0
1537387740,Prod-EcsStagingCluster-EcsCluster-1AAGQRFIOE9AE,Service_beiakklem1vi3j5fejtg,500,2,0.0944423456,0
1537425960,Prod-EcsStagingCluster-EcsCluster-1AAGQRFIOE9AE,Service_beiakklem1vi3j5fejtg,500,2,0.1070657999,0
1537377060,Prod-EcsStagingCluster-EcsCluster-1AAGQRFIOE9AE,Service_beiakklem1vi3j5fejtg,500,2,0.1228785050,0
1537347360,Prod-EcsStagingCluster-EcsCluster-1AAGQRFIOE9AE,Service_beiakklem1vi3j5fejtg,500,2,0.1086452752,0
1537391880,Prod-EcsStagingCluster-EcsCluster-1AAGQRFIOE9AE,Service_beiakklem1vi3j5fejtg,500,2,0.1076526784,0
1537398240,Prod-EcsStagingCluster-EcsCluster-1AAGQRFIOE9AE,Service_beiakklem1vi3j5fejtg,500,2,0.1100600266,0
1537427940,Prod-EcsStagingCluster-EcsCluster-1AAGQRFIOE9AE,Service_beiakklem1vi3j5fejtg,500,2,0.1049975103,0
1537374840,Prod-EcsStagingCluster-EcsCluster-1AAGQRFIOE9AE,Service_beiakklem1vi3j5fejtg,500,2,0.1041648988,0
1537381200,Prod-EcsStagingCluster-EcsCluster-1AAGQRFIOE9AE,Service_beiakklem1vi3j5fejtg,500,2,0.1211134101,0
1537396020,Prod-EcsStagingCluster-EcsCluster-1AAGQRFIOE9AE,Service_beiakklem1vi3j5fejtg,500,2,0.1022375631,0
1537414080,Prod-EcsStagingCluster-EcsCluster-1AAGQRFIOE9AE,Service_beiakklem1vi3j5fejtg,500,2,0.1027034144,0
1537362060,Prod-EcsStagingCluster-EcsCluster-1AAGQRFIOE9AE,Service_beiakklem1vi3j5fejtg,500,2,0.0974176016,0
1537412940,Prod-EcsStagingCluster-EcsCluster-1AAGQRFIOE9AE,Service_beiakklem1vi3j5fejtg,500,2,0.1002902463,0
1537378980,Prod-EcsStagingCluster-EcsCluster-1AAGQRFIOE9AE,Service_beiakklem1vi3j5fejtg,500,2,0.1094146884,0
1537380000,Prod-EcsStagingCluster-EcsCluster-1AAGQRFIOE9AE,Service_beiakklem1vi3j5fejtg,500,2,0.1199289942,0
1537429860,Prod-EcsStagingCluster-EcsCluster-1AAGQRFIOE9AE,Service_beiakklem1vi3j5fejtg,500,2,0.1026930595,0
1537358760,Prod-EcsStagingCluster-EcsCluster-1AAGQRFIOE9AE,Service_beiakklem1vi3j5fejtg,500,2,0.1082438955,0
1537430880,Prod-EcsStagingCluster-EcsCluster-1AAGQRFIOE9AE,Service_beiakklem1vi3j5fejtg,500,2,0.0987387250,0
1537362960,Prod-EcsStagingCluster-EcsCluster-1AAGQRFIOE9AE,Service_beiakklem1vi3j5fejtg,500,2,0.1204148228,0
1537409640,Prod-EcsStagingCluster-EcsCluster-1AAGQRFIOE9AE,Service_beiakklem1vi3j5fejtg,500,2,0.1328488965,0
1537378860,Prod-EcsStagingCluster-EcsCluster-1AAGQRFIOE9AE,Service_beiakklem1vi3j5fejtg,500,2,0.1200203236,0
1537429740,Prod-EcsStagingCluster-EcsCluster-1AAGQRFIOE9AE,Service_beiakklem1vi3j5fejtg,500,2,0.1019611469,0
1537413840,Prod-EcsStagingCluster-EcsCluster-1AAGQRFIOE9AE,Service_beiakklem1vi3j5fejtg,500,2,0.0996546098,0
1537395780,Prod-EcsStagingCluster-EcsCluster-1AAGQRFIOE9AE,Service_beiakklem1vi3j5fejtg,500,2,0.1836867292,0
1537375560,Prod-EcsStagingCluster-EcsCluster-1AAGQRFIOE9AE,Service_beiakklem1vi3j5fejtg,500,2,0.0921047772,0
1537387260,Prod-EcsStagingCluster-EcsCluster-1AAGQRFIOE9AE,Service_beiakklem1vi3j5fejtg,500,2,0.1092077856,0
1537426440,Prod-EcsStagingCluster-EcsCluster-1AAGQRFIOE9AE,Service_beiakklem1vi3j5fejtg,500,2,0.1051621737,0
1537358520,Prod-EcsStagingCluster-EcsCluster-1AAGQRFIOE9AE,Service_beiakklem1vi3j5fejtg,500,2,0.1103801925,0
1537379760,Prod-EcsStagingCluster-EcsCluster-1AAGQRFIOE9AE,Service_beiakklem1vi3j5fejtg,500,2,0.1320527275,0
1537430640,Prod-EcsStagingCluster-EcsCluster-1AAGQRFIOE9AE,Service_beiakklem1vi3j5fejtg,500,2,0.0984684593,0
1537353180,Prod-EcsStagingCluster-EcsCluster-1AAGQRFIOE9AE,Service_beiakklem1vi3j5fejtg,500,2,0.1023654452,0
1537409400,Prod-EcsStagingCluster-EcsCluster-1AAGQRFIOE9AE,Service_beiakklem1vi3j5fejtg,500,2,0.1343708096,0
1537404060,Prod-EcsStagingCluster-EcsCluster-1AAGQRFIOE9AE,Service_beiakklem1vi3j5fejtg,500,2,0.1103943227,0
1537395540,Prod-EcsStagingCluster-EcsCluster-1AAGQRFIOE9AE,Service_beiakklem1vi3j5fejtg,500,2,0.0997329641,0
1537363680,Prod-EcsStagingCluster-EcsCluster-1AAGQRFIOE9AE,Service_beiakklem1vi3j5fejtg,500,2,0.1097284475,0
1537414560,Prod-EcsStagingCluster-EcsCluster-1AAGQRFIOE9AE,Service_beiakklem1vi3j5fejtg,500,2,0.0866935942,0
1537393320,Prod-EcsStagingCluster-EcsCluster-1AAGQRFIOE9AE,Service_beiakklem1vi3j5fejtg,500,2,0.1081469575,0
1537346640,Prod-EcsStagingCluster-EcsCluster-1AAGQRFIOE9AE,Service_beiakklem1vi3j5fejtg,500,2,0.1134598126,0
1537397520,Prod-EcsStagingCluster-EcsCluster-1AAGQRFIOE9AE,Service_beiakklem1vi3j5fejtg,500,2,0.1069595179,0
1537361460,Prod-EcsStagingCluster-EcsCluster-1AAGQRFIOE9AE,Service_beiakklem1vi3j5fejtg,500,2,0.1145014077,0
1537412340,Prod-EcsStagingCluster-EcsCluster-1AAGQRFIOE9AE,Service_beiakklem1vi3j5fejtg,500,2,0.1040093414,0
1537378380,Prod-EcsStagingCluster-EcsCluster-1AAGQRFIOE9AE,Service_beiakklem1vi3j5fejtg,500,2,0.1048291559,0
1537359240,Prod-EcsStagingCluster-EcsCluster-1AAGQRFIOE9AE,Service_beiakklem1vi3j5fejtg,500,2,0.1090697460,0
1537395300,Prod-EcsStagingCluster-EcsCluster-1AAGQRFIOE9AE,Service_beiakklem1vi3j5fejtg,500,2,0.1022175062,0
1537429260,Prod-EcsStagingCluster-EcsCluster-1AAGQRFIOE9AE,Service_beiakklem1vi3j5fejtg,500,2,0.1012659156,0
1537410120,Prod-EcsStagingCluster-EcsCluster-1AAGQRFIOE9AE,Service_beiakklem1vi3j5fejtg,500,2,0.1308814715,0
1537363440,Prod-EcsStagingCluster-EcsCluster-1AAGQRFIOE9AE,Service_beiakklem1vi3j5fejtg,500,2,0.1228772359,0
1537393080,Prod-EcsStagingCluster-EcsCluster-1AAGQRFIOE9AE,Service_beiakklem1vi3j5fejtg,500,2,0.1096314836,0
1537414320,Prod-EcsStagingCluster-EcsCluster-1AAGQRFIOE9AE,Service_beiakklem1vi3j5fejtg,500,2,0.1020008744,0
1537395180,Prod-EcsStagingCluster-EcsCluster-1AAGQRFIOE9AE,Service_beiakklem1vi3j5fejtg,500,2,0.1163751832,0
1537361220,Prod-EcsStagingCluster-EcsCluster-1AAGQRFIOE9AE,Service_beiakklem1vi3j5fejtg,500,2,0.1105359873,0
1537412100,Prod-EcsStagingCluster-EcsCluster-1AAGQRFIOE9AE,Service_beiakklem1vi3j5fejtg,500,2,0.1022662506,0
1537352700,Prod-EcsStagingCluster-EcsCluster-1AAGQRFIOE9AE,Service_beiakklem1vi3j5fejtg,500,2,0.1004238108,0
1537403580,Prod-EcsStagingCluster-EcsCluster-1AAGQRFIOE9AE,Service_beiakklem1vi3j5fejtg,500,2,0.1113496840,0
1537359000,Prod-EcsStagingCluster-EcsCluster-1AAGQRFIOE9AE,Service_beiakklem1vi3j5fejtg,500,2,0.1083541013,0
1537409880,Prod-EcsStagingCluster-EcsCluster-1AAGQRFIOE9AE,Service_beiakklem1vi3j5fejtg,500,2,0.1299534245,0
1537363200,Prod-EcsStagingCluster-EcsCluster-1AAGQRFIOE9AE,Service_beiakklem1vi3j5fejtg,500,2,0.1235118890,0
1537375860,Prod-EcsStagingCluster-EcsCluster-1AAGQRFIOE9AE,Service_beiakklem1vi3j5fejtg,500,2,0.0951620208,0
1537363140,Prod-EcsStagingCluster-EcsCluster-1AAGQRFIOE9AE,Service_beiakklem1vi3j5fejtg,500,2,0.1211517692,0
1537414020,Prod-EcsStagingCluster-EcsCluster-1AAGQRFIOE9AE,Service_beiakklem1vi3j5fejtg,500,2,0.1020975597,0
1537426740,Prod-EcsStagingCluster-EcsCluster-1AAGQRFIOE9AE,Service_beiakklem1vi3j5fejtg,500,2,0.1090133350,0
1537376760,Prod-EcsStagingCluster-EcsCluster-1AAGQRFIOE9AE,Service_beiakklem1vi3j5fejtg,500,2,0.0942549163,0
1537383120,Prod-EcsStagingCluster-EcsCluster-1AAGQRFIOE9AE,Service_beiakklem1vi3j5fejtg,500,2,0.1061373375,0
1537389480,Prod-EcsStagingCluster-EcsCluster-1AAGQRFIOE9AE,Service_beiakklem1vi3j5fejtg,500,2,0.1219311286,0
1537395840,Prod-EcsStagingCluster-EcsCluster-1AAGQRFIOE9AE,Service_beiakklem1vi3j5fejtg,500,2,0.1025278845,0
1537427640,Prod-EcsStagingCluster-EcsCluster-1AAGQRFIOE9AE,Service_beiakklem1vi3j5fejtg,500,2,0.1088654653,0
1537356540,Prod-EcsStagingCluster-EcsCluster-1AAGQRFIOE9AE,Service_beiakklem1vi3j5fejtg,500,2,0.1182486375,0
1537394700,Prod-EcsStagingCluster-EcsCluster-1AAGQRFIOE9AE,Service_beiakklem1vi3j5fejtg,500,2,0.1082063749,0
1537349040,Prod-EcsStagingCluster-EcsCluster-1AAGQRFIOE9AE,Service_beiakklem1vi3j5fejtg,500,2,0.1215382341,0
1537355400,Prod-EcsStagingCluster-EcsCluster-1AAGQRFIOE9AE,Service_beiakklem1vi3j5fejtg,500,2,0.1092826274,0
1537361760,Prod-EcsStagingCluster-EcsCluster-1AAGQRFIOE9AE,Service_beiakklem1vi3j5fejtg,500,2,0.1008868585,0
1537407420,Prod-EcsStagingCluster-EcsCluster-1AAGQRFIOE9AE,Service_beiakklem1vi3j5fejtg,500,2,0.1073833333,0
1537412640,Prod-EcsStagingCluster-EcsCluster-1AAGQRFIOE9AE,Service_beiakklem1vi3j5fejtg,500,2,0.0993695426,0
1537393560,Prod-EcsStagingCluster-EcsCluster-1AAGQRFIOE9AE,Service_beiakklem1vi3j5fejtg,500,2,0.1083937112,0
1537399920,Prod-EcsStagingCluster-EcsCluster-1AAGQRFIOE9AE,Service_beiakklem1vi3j5fejtg,500,2,0.1072495064,0
1537406280,Prod-EcsStagingCluster-EcsCluster-1AAGQRFIOE9AE,Service_beiakklem1vi3j5fejtg,500,2,0.1148491274,0
1537373340,Prod-EcsStagingCluster-EcsCluster-1AAGQRFIOE9AE,Service_beiakklem1vi3j5fejtg,500,2,0.1193810725,0
1537360620,Prod-EcsStagingCluster-EcsCluster-1AAGQRFIOE9AE,Service_beiakklem1vi3j5fejtg,500,2,0.1118136239,0
1537362660,Prod-EcsStagingCluster-EcsCluster-1AAGQRFIOE9AE,Service_beiakklem1vi3j5fejtg,500,2,0.1179856312,0
1537411500,Prod-EcsStagingCluster-EcsCluster-1AAGQRFIOE9AE,Service_beiakklem1vi3j5fejtg,500,2,0.1260865656,0
1537424220,Prod-EcsStagingCluster-EcsCluster-1AAGQRFIOE9AE,Service_beiakklem1vi3j5fejtg,500,2,0.1076175663,0
1537375380,Prod-EcsStagingCluster-EcsCluster-1AAGQRFIOE9AE,Service_beiakklem1vi3j5fejtg,500,2,0.0836996028,0
1537413540,Prod-EcsStagingCluster-EcsCluster-1AAGQRFIOE9AE,Service_beiakklem1vi3j5fejtg,500,2,0.1018646336,0
1537360440,Prod-EcsStagingCluster-EcsCluster-1AAGQRFIOE9AE,Service_beiakklem1vi3j5fejtg,500,2,0.0989716987,0
1537426260,Prod-EcsStagingCluster-EcsCluster-1AAGQRFIOE9AE,Service_beiakklem1vi3j5fejtg,500,2,0.1079051493,0
1537379520,Prod-EcsStagingCluster-EcsCluster-1AAGQRFIOE9AE,Service_beiakklem1vi3j5fejtg,500,2,0.1096219739,0
1537366800,Prod-EcsStagingCluster-EcsCluster-1AAGQRFIOE9AE,Service_beiakklem1vi3j5fejtg,500,2,0.1098335129,0
1537373160,Prod-EcsStagingCluster-EcsCluster-1AAGQRFIOE9AE,Service_beiakklem1vi3j5fejtg,500,2,0.1190498041,0
1537417680,Prod-EcsStagingCluster-EcsCluster-1AAGQRFIOE9AE,Service_beiakklem1vi3j5fejtg,500,2,0.1450039098,0
1537411320,Prod-EcsStagingCluster-EcsCluster-1AAGQRFIOE9AE,Service_beiakklem1vi3j5fejtg,500,2,0.1294571733,0
1537392180,Prod-EcsStagingCluster-EcsCluster-1AAGQRFIOE9AE,Service_beiakklem1vi3j5fejtg,500,2,0.1105720822,0
1537424040,Prod-EcsStagingCluster-EcsCluster-1AAGQRFIOE9AE,Service_beiakklem1vi3j5fejtg,500,2,0.1036931139,0
1537430400,Prod-EcsStagingCluster-EcsCluster-1AAGQRFIOE9AE,Service_beiakklem1vi3j5fejtg,500,2,0.1048256067,0
1537379460,Prod-EcsStagingCluster-EcsCluster-1AAGQRFIOE9AE,Service_beiakklem1vi3j5fejtg,500,2,0.1115183413,0
1537430340,Prod-EcsStagingCluster-EcsCluster-1AAGQRFIOE9AE,Service_beiakklem1vi3j5fejtg,500,2,0.1034853473,0
1537345440,Prod-EcsStagingCluster-EcsCluster-1AAGQRFIOE9AE,Service_beiakklem1vi3j5fejtg,500,2,0.1115043806,0
1537396320,Prod-EcsStagingCluster-EcsCluster-1AAGQRFIOE9AE,Service_beiakklem1vi3j5fejtg,500,2,0.0910413995,0
1537389960,Prod-EcsStagingCluster-EcsCluster-1AAGQRFIOE9AE,Service_beiakklem1vi3j5fejtg,500,2,0.1087457161,0
1537377240,Prod-EcsStagingCluster-EcsCluster-1AAGQRFIOE9AE,Service_beiakklem1vi3j5fejtg,500,2,0.0954560266,0
1537383600,Prod-EcsStagingCluster-EcsCluster-1AAGQRFIOE9AE,Service_beiakklem1vi3j5fejtg,500,2,0.0842736747,0
1537428120,Prod-EcsStagingCluster-EcsCluster-1AAGQRFIOE9AE,Service_beiakklem1vi3j5fejtg,500,2,0.1005753451,0
1537360140,Prod-EcsStagingCluster-EcsCluster-1AAGQRFIOE9AE,Service_beiakklem1vi3j5fejtg,500,2,0.0978050537,0
1537372860,Prod-EcsStagingCluster-EcsCluster-1AAGQRFIOE9AE,Service_beiakklem1vi3j5fejtg,500,2,0.1229602229,0
1537411020,Prod-EcsStagingCluster-EcsCluster-1AAGQRFIOE9AE,Service_beiakklem1vi3j5fejtg,500,2,0.1316961519,0
1537423740,Prod-EcsStagingCluster-EcsCluster-1AAGQRFIOE9AE,Service_beiakklem1vi3j5fejtg,500,2,0.1300749334,0
1537389660,Prod-EcsStagingCluster-EcsCluster-1AAGQRFIOE9AE,Service_beiakklem1vi3j5fejtg,500,2,0.1376358743,0
1537407720,Prod-EcsStagingCluster-EcsCluster-1AAGQRFIOE9AE,Service_beiakklem1vi3j5fejtg,500,2,0.0922054130,0
1537376940,Prod-EcsStagingCluster-EcsCluster-1AAGQRFIOE9AE,Service_beiakklem1vi3j5fejtg,500,2,0.0981901074,0
1537427820,Prod-EcsStagingCluster-EcsCluster-1AAGQRFIOE9AE,Service_beiakklem1vi3j5fejtg,500,2,0.1056716143,0
1537373640,Prod-EcsStagingCluster-EcsCluster-1AAGQRFIOE9AE,Service_beiakklem1vi3j5fejtg,500,2,0.1131943501,0
1537360920,Prod-EcsStagingCluster-EcsCluster-1AAGQRFIOE9AE,Service_beiakklem1vi3j5fejtg,500,2,0.1012968935,0
1537411800,Prod-EcsStagingCluster-EcsCluster-1AAGQRFIOE9AE,Service_beiakklem1vi3j5fejtg,500,2,0.1275972863,0
1537424520,Prod-EcsStagingCluster-EcsCluster-1AAGQRFIOE9AE,Service_beiakklem1vi3j5fejtg,500,2,0.1067654004,0
1537380900,Prod-EcsStagingCluster-EcsCluster-1AAGQRFIOE9AE,Service_beiakklem1vi3j5fejtg,500,2,0.1237645202,0
1537393620,Prod-EcsStagingCluster-EcsCluster-1AAGQRFIOE9AE,Service_beiakklem1vi3j5fejtg,500,2,0.1054758822,0
1537346820,Prod-EcsStagingCluster-EcsCluster-1AAGQRFIOE9AE,Service_beiakklem1vi3j5fejtg,500,2,0.1085192237,0
1537359540,Prod-EcsStagingCluster-EcsCluster-1AAGQRFIOE9AE,Service_beiakklem1vi3j5fejtg,500,2,0.0996369981,0
1537364880,Prod-EcsStagingCluster-EcsCluster-1AAGQRFIOE9AE,Service_beiakklem1vi3j5fejtg,500,2,0.1224298130,0
1537377600,Prod-EcsStagingCluster-EcsCluster-1AAGQRFIOE9AE,Service_beiakklem1vi3j5fejtg,500,2,0.1060618655,0
1537415760,Prod-EcsStagingCluster-EcsCluster-1AAGQRFIOE9AE,Service_beiakklem1vi3j5fejtg,500,2,0.1192482341,0
1537410420,Prod-EcsStagingCluster-EcsCluster-1AAGQRFIOE9AE,Service_beiakklem1vi3j5fejtg,500,2,0.1325123981,0
1537376460,Prod-EcsStagingCluster-EcsCluster-1AAGQRFIOE9AE,Service_beiakklem1vi3j5fejtg,500,2,0.0938071704,0
1537397700,Prod-EcsStagingCluster-EcsCluster-1AAGQRFIOE9AE,Service_beiakklem1vi3j5fejtg,500,2,0.0792794124,0
1537428480,Prod-EcsStagingCluster-EcsCluster-1AAGQRFIOE9AE,Service_beiakklem1vi3j5fejtg,500,2,0.0865193931,0
1537389180,Prod-EcsStagingCluster-EcsCluster-1AAGQRFIOE9AE,Service_beiakklem1vi3j5fejtg,500,2,0.1232782448,0
1537427340,Prod-EcsStagingCluster-EcsCluster-1AAGQRFIOE9AE,Service_beiakklem1vi3j5fejtg,500,2,0.1088984049,0
1537408200,Prod-EcsStagingCluster-EcsCluster-1AAGQRFIOE9AE,Service_beiakklem1vi3j5fejtg,500,2,0.1078907697,0
1537395480,Prod-EcsStagingCluster-EcsCluster-1AAGQRFIOE9AE,Service_beiakklem1vi3j5fejtg,500,2,0.0925546329,0
1537355100,Prod-EcsStagingCluster-EcsCluster-1AAGQRFIOE9AE,Service_beiakklem1vi3j5fejtg,500,2,0.1202255232,0
1537405980,Prod-EcsStagingCluster-EcsCluster-1AAGQRFIOE9AE,Service_beiakklem1vi3j5fejtg,500,2,0.1119438220,0
1537393260,Prod-EcsStagingCluster-EcsCluster-1AAGQRFIOE9AE,Service_beiakklem1vi3j5fejtg,500,2,0.1096612425,0
1537361280,Prod-EcsStagingCluster-EcsCluster-1AAGQRFIOE9AE,Service_beiakklem1vi3j5fejtg,500,2,0.1121336610,0
1537348560,Prod-EcsStagingCluster-EcsCluster-1AAGQRFIOE9AE,Service_beiakklem1vi3j5fejtg,500,2,0.1181306027,0
1537399440,Prod-EcsStagingCluster-EcsCluster-1AAGQRFIOE9AE,Service_beiakklem1vi3j5fejtg,500,2,0.1149765020,0
1537412160,Prod-EcsStagingCluster-EcsCluster-1AAGQRFIOE9AE,Service_beiakklem1vi3j5fejtg,500,2,0.1007607129,0
1537359060,Prod-EcsStagingCluster-EcsCluster-1AAGQRFIOE9AE,Service_beiakklem1vi3j5fejtg,500,2,0.1091121826,0
1537346340,Prod-EcsStagingCluster-EcsCluster-1AAGQRFIOE9AE,Service_beiakklem1vi3j5fejtg,500,2,0.1161426645,0
1537397220,Prod-EcsStagingCluster-EcsCluster-1AAGQRFIOE9AE,Service_beiakklem1vi3j5fejtg,500,2,0.0991646569,0
1537378080,Prod-EcsStagingCluster-EcsCluster-1AAGQRFIOE9AE,Service_beiakklem1vi3j5fejtg,500,2,0.1052130038,0
1537409940,Prod-EcsStagingCluster-EcsCluster-1AAGQRFIOE9AE,Service_beiakklem1vi3j5fejtg,500,2,0.1300681958,0
1537365360,Prod-EcsStagingCluster-EcsCluster-1AAGQRFIOE9AE,Service_beiakklem1vi3j5fejtg,500,2,0.1245926338,0
1537356840,Prod-EcsStagingCluster-EcsCluster-1AAGQRFIOE9AE,Service_beiakklem1vi3j5fejtg,500,2,0.1192994578,0
1537395000,Prod-EcsStagingCluster-EcsCluster-1AAGQRFIOE9AE,Service_beiakklem1vi3j5fejtg,500,2,0.1164858270,0
1537428960,Prod-EcsStagingCluster-EcsCluster-1AAGQRFIOE9AE,Service_beiakklem1vi3j5fejtg,500,2,0.0982408707,0
1537416240,Prod-EcsStagingCluster-EcsCluster-1AAGQRFIOE9AE,Service_beiakklem1vi3j5fejtg,500,2,0.1297023311,0
1537410720,Prod-EcsStagingCluster-EcsCluster-1AAGQRFIOE9AE,Service_beiakklem1vi3j5fejtg,500,2,0.1287822007,0
1537401180,Prod-EcsStagingCluster-EcsCluster-1AAGQRFIOE9AE,Service_beiakklem1vi3j5fejtg,500,2,0.1260117100,0
1537404360,Prod-EcsStagingCluster-EcsCluster-1AAGQRFIOE9AE,Service_beiakklem1vi3j5fejtg,500,2,0.1101107159,0
1537407540,Prod-EcsStagingCluster-EcsCluster-1AAGQRFIOE9AE,Service_beiakklem1vi3j5fejtg,500,2,0.1094020021,0
1537368240,Prod-EcsStagingCluster-EcsCluster-1AAGQRFIOE9AE,Service_beiakklem1vi3j5fejtg,500,2,0.1281097768,0
1537426620,Prod-EcsStagingCluster-EcsCluster-1AAGQRFIOE9AE,Service_beiakklem1vi3j5fejtg,500,2,0.1055039259,0
1537429800,Prod-EcsStagingCluster-EcsCluster-1AAGQRFIOE9AE,Service_beiakklem1vi3j5fejtg,500,2,0.1032601667,0
1537358700,Prod-EcsStagingCluster-EcsCluster-1AAGQRFIOE9AE,Service_beiakklem1vi3j5fejtg,500,2,0.1082962312,0
1537361880,Prod-EcsStagingCluster-EcsCluster-1AAGQRFIOE9AE,Service_beiakklem1vi3j5fejtg,500,2,0.1040992095,0
1537365060,Prod-EcsStagingCluster-EcsCluster-1AAGQRFIOE9AE,Service_beiakklem1vi3j5fejtg,500,2,0.1213540411,0
1537393680,Prod-EcsStagingCluster-EcsCluster-1AAGQRFIOE9AE,Service_beiakklem1vi3j5fejtg,500,2,0.1057433384,0
1537390500,Prod-EcsStagingCluster-EcsCluster-1AAGQRFIOE9AE,Service_beiakklem1vi3j5fejtg,500,2,0.1213797945,0
1537384140,Prod-EcsStagingCluster-EcsCluster-1AAGQRFIOE9AE,Service_beiakklem1vi3j5fejtg,500,2,0.0991924333,0
1537387320,Prod-EcsStagingCluster-EcsCluster-1AAGQRFIOE9AE,Service_beiakklem1vi3j5fejtg,500,2,0.1247006010,0
1537358460,Prod-EcsStagingCluster-EcsCluster-1AAGQRFIOE9AE,Service_beiakklem1vi3j5fejtg,500,2,0.1084810884,0
1537361640,Prod-EcsStagingCluster-EcsCluster-1AAGQRFIOE9AE,Service_beiakklem1vi3j5fejtg,500,2,0.0990004474,0
1537364820,Prod-EcsStagingCluster-EcsCluster-1AAGQRFIOE9AE,Service_beiakklem1vi3j5fejtg,500,2,0.1215384056,0
1537368000,Prod-EcsStagingCluster-EcsCluster-1AAGQRFIOE9AE,Service_beiakklem1vi3j5fejtg,500,2,0.0972889124,0
1537362600,Prod-EcsStagingCluster-EcsCluster-1AAGQRFIOE9AE,Service_beiakklem1vi3j5fejtg,500,2,0.1179163634,0
1537368960,Prod-EcsStagingCluster-EcsCluster-1AAGQRFIOE9AE,Service_beiakklem1vi3j5fejtg,500,2,0.1068183469,0
1537417740,Prod-EcsStagingCluster-EcsCluster-1AAGQRFIOE9AE,Service_beiakklem1vi3j5fejtg,500,2,0.1470269662,0
1537392300,Prod-EcsStagingCluster-EcsCluster-1AAGQRFIOE9AE,Service_beiakklem1vi3j5fejtg,500,2,0.1096194282,0
1537398660,Prod-EcsStagingCluster-EcsCluster-1AAGQRFIOE9AE,Service_beiakklem1vi3j5fejtg,500,2,0.1117676903,0
1537424100,Prod-EcsStagingCluster-EcsCluster-1AAGQRFIOE9AE,Service_beiakklem1vi3j5fejtg,500,2,0.1037803697,0
1537402800,Prod-EcsStagingCluster-EcsCluster-1AAGQRFIOE9AE,Service_beiakklem1vi3j5fejtg,500,2,0.1005671268,0
1537396440,Prod-EcsStagingCluster-EcsCluster-1AAGQRFIOE9AE,Service_beiakklem1vi3j5fejtg,500,2,0.0899051763,0
1537421880,Prod-EcsStagingCluster-EcsCluster-1AAGQRFIOE9AE,Service_beiakklem1vi3j5fejtg,500,2,0.1081905394,0
1537428240,Prod-EcsStagingCluster-EcsCluster-1AAGQRFIOE9AE,Service_beiakklem1vi3j5fejtg,500,2,0.1012149899,0
1537372980,Prod-EcsStagingCluster-EcsCluster-1AAGQRFIOE9AE,Service_beiakklem1vi3j5fejtg,500,2,0.1166860807,0
1537366620,Prod-EcsStagingCluster-EcsCluster-1AAGQRFIOE9AE,Service_beiakklem1vi3j5fejtg,500,2,0.1062811045,0
1537398420,Prod-EcsStagingCluster-EcsCluster-1AAGQRFIOE9AE,Service_beiakklem1vi3j5fejtg,500,2,0.0814487248,0
1537392060,Prod-EcsStagingCluster-EcsCluster-1AAGQRFIOE9AE,Service_beiakklem1vi3j5fejtg,500,2,0.1070098429,0
1537355940,Prod-EcsStagingCluster-EcsCluster-1AAGQRFIOE9AE,Service_beiakklem1vi3j5fejtg,500,2,0.1079593217,0
1537349580,Prod-EcsStagingCluster-EcsCluster-1AAGQRFIOE9AE,Service_beiakklem1vi3j5fejtg,500,2,0.1108450312,0
1537370760,Prod-EcsStagingCluster-EcsCluster-1AAGQRFIOE9AE,Service_beiakklem1vi3j5fejtg,500,2,0.1036092821,0
1537377120,Prod-EcsStagingCluster-EcsCluster-1AAGQRFIOE9AE,Service_beiakklem1vi3j5fejtg,500,2,0.0927813632,0
1537396200,Prod-EcsStagingCluster-EcsCluster-1AAGQRFIOE9AE,Service_beiakklem1vi3j5fejtg,500,2,0.1011519259,0
1537402560,Prod-EcsStagingCluster-EcsCluster-1AAGQRFIOE9AE,Service_beiakklem1vi3j5fejtg,500,2,0.1066573968,0
1537425900,Prod-EcsStagingCluster-EcsCluster-1AAGQRFIOE9AE,Service_beiakklem1vi3j5fejtg,500,2,0.1071788849,0
1537353720,Prod-EcsStagingCluster-EcsCluster-1AAGQRFIOE9AE,Service_beiakklem1vi3j5fejtg,500,2,0.1098648819,0
1537360080,Prod-EcsStagingCluster-EcsCluster-1AAGQRFIOE9AE,Service_beiakklem1vi3j5fejtg,500,2,0.1011457405,0
1537430040,Prod-EcsStagingCluster-EcsCluster-1AAGQRFIOE9AE,Service_beiakklem1vi3j5fejtg,500,2,0.1039248700,0
1537409760,Prod-EcsStagingCluster-EcsCluster-1AAGQRFIOE9AE,Service_beiakklem1vi3j5fejtg,500,2,0.1280409489,0
1537400220,Prod-EcsStagingCluster-EcsCluster-1AAGQRFIOE9AE,Service_beiakklem1vi3j5fejtg,500,2,0.1113351940,0
1537431000,Prod-EcsStagingCluster-EcsCluster-1AAGQRFIOE9AE,Service_beiakklem1vi3j5fejtg,500,2,0.1016155626,0
1537367280,Prod-EcsStagingCluster-EcsCluster-1AAGQRFIOE9AE,Service_beiakklem1vi3j5fejtg,500,2,0.1003810397,0
1537425660,Prod-EcsStagingCluster-EcsCluster-1AAGQRFIOE9AE,Service_beiakklem1vi3j5fejtg,500,2,0.1044960290,0
1537357740,Prod-EcsStagingCluster-EcsCluster-1AAGQRFIOE9AE,Service_beiakklem1vi3j5fejtg,500,2,0.1235556157,0
1537392720,Prod-EcsStagingCluster-EcsCluster-1AAGQRFIOE9AE,Service_beiakklem1vi3j5fejtg,500,2,0.1116061992,0
1537383180,Prod-EcsStagingCluster-EcsCluster-1AAGQRFIOE9AE,Service_beiakklem1vi3j5fejtg,500,2,0.1048032733,0
1537408500,Prod-EcsStagingCluster-EcsCluster-1AAGQRFIOE9AE,Service_beiakklem1vi3j5fejtg,500,2,0.1470259173,0
1537405320,Prod-EcsStagingCluster-EcsCluster-1AAGQRFIOE9AE,Service_beiakklem1vi3j5fejtg,500,2,0.1101877167,0
1537366020,Prod-EcsStagingCluster-EcsCluster-1AAGQRFIOE9AE,Service_beiakklem1vi3j5fejtg,500,2,0.1188234507,0
1537430760,Prod-EcsStagingCluster-EcsCluster-1AAGQRFIOE9AE,Service_beiakklem1vi3j5fejtg,500,2,0.1006936719,0
1537362840,Prod-EcsStagingCluster-EcsCluster-1AAGQRFIOE9AE,Service_beiakklem1vi3j5fejtg,500,2,0.1214877274,0
1537357500,Prod-EcsStagingCluster-EcsCluster-1AAGQRFIOE9AE,Service_beiakklem1vi3j5fejtg,500,2,0.1229100650,0
1537367040,Prod-EcsStagingCluster-EcsCluster-1AAGQRFIOE9AE,Service_beiakklem1vi3j5fejtg,500,2,0.0984289019,0
1537391460,Prod-EcsStagingCluster-EcsCluster-1AAGQRFIOE9AE,Service_beiakklem1vi3j5fejtg,500,2,0.1084709795,0
1537388280,Prod-EcsStagingCluster-EcsCluster-1AAGQRFIOE9AE,Service_beiakklem1vi3j5fejtg,500,2,0.1178960983,0
1537391340,Prod-EcsStagingCluster-EcsCluster-1AAGQRFIOE9AE,Service_beiakklem1vi3j5fejtg,500,2,0.1124087998,0
1537416780,Prod-EcsStagingCluster-EcsCluster-1AAGQRFIOE9AE,Service_beiakklem1vi3j5fejtg,500,2,0.1163462491,0
1537400880,Prod-EcsStagingCluster-EcsCluster-1AAGQRFIOE9AE,Service_beiakklem1vi3j5fejtg,500,2,0.1277964988,0
1537426320,Prod-EcsStagingCluster-EcsCluster-1AAGQRFIOE9AE,Service_beiakklem1vi3j5fejtg,500,2,0.1061822159,0
1537365780,Prod-EcsStagingCluster-EcsCluster-1AAGQRFIOE9AE,Service_beiakklem1vi3j5fejtg,500,2,0.1189355479,0
1537401840,Prod-EcsStagingCluster-EcsCluster-1AAGQRFIOE9AE,Service_beiakklem1vi3j5fejtg,500,2,0.1268185972,0
1537427280,Prod-EcsStagingCluster-EcsCluster-1AAGQRFIOE9AE,Service_beiakklem1vi3j5fejtg,500,2,0.1102458112,0
1537363560,Prod-EcsStagingCluster-EcsCluster-1AAGQRFIOE9AE,Service_beiakklem1vi3j5fejtg,500,2,0.1080415402,0
1537399620,Prod-EcsStagingCluster-EcsCluster-1AAGQRFIOE9AE,Service_beiakklem1vi3j5fejtg,500,2,0.1099144265,0
1537365660,Prod-EcsStagingCluster-EcsCluster-1AAGQRFIOE9AE,Service_beiakklem1vi3j5fejtg,500,2,0.1458486053,0
1537391100,Prod-EcsStagingCluster-EcsCluster-1AAGQRFIOE9AE,Service_beiakklem1vi3j5fejtg,500,2,0.1310517709,0
1537425060,Prod-EcsStagingCluster-EcsCluster-1AAGQRFIOE9AE,Service_beiakklem1vi3j5fejtg,500,2,0.1091521008,0
1537348620,Prod-EcsStagingCluster-EcsCluster-1AAGQRFIOE9AE,Service_beiakklem1vi3j5fejtg,500,2,0.1202823178,0
1537376160,Prod-EcsStagingCluster-EcsCluster-1AAGQRFIOE9AE,Service_beiakklem1vi3j5fejtg,500,2,0.0951266237,0
1537397400,Prod-EcsStagingCluster-EcsCluster-1AAGQRFIOE9AE,Service_beiakklem1vi3j5fejtg,500,2,0.0925612301,0
1537401600,Prod-EcsStagingCluster-EcsCluster-1AAGQRFIOE9AE,Service_beiakklem1vi3j5fejtg,500,2,0.1244493175,0
1537424940,Prod-EcsStagingCluster-EcsCluster-1AAGQRFIOE9AE,Service_beiakklem1vi3j5fejtg,500,2,0.1064292753,0
1537422840,Prod-EcsStagingCluster-EcsCluster-1AAGQRFIOE9AE,Service_beiakklem1vi3j5fejtg,500,2,0.1071534804,0
1537359120,Prod-EcsStagingCluster-EcsCluster-1AAGQRFIOE9AE,Service_beiakklem1vi3j5fejtg,500,2,0.1093468726,0
1537373940,Prod-EcsStagingCluster-EcsCluster-1AAGQRFIOE9AE,Service_beiakklem1vi3j5fejtg,500,2,0.1279854116,0
1537399380,Prod-EcsStagingCluster-EcsCluster-1AAGQRFIOE9AE,Service_beiakklem1vi3j5fejtg,500,2,0.1084523175,0
1537356900,Prod-EcsStagingCluster-EcsCluster-1AAGQRFIOE9AE,Service_beiakklem1vi3j5fejtg,500,2,0.1201936008,0
1537371720,Prod-EcsStagingCluster-EcsCluster-1AAGQRFIOE9AE,Service_beiakklem1vi3j5fejtg,500,2,0.1192326854,0
1537397160,Prod-EcsStagingCluster-EcsCluster-1AAGQRFIOE9AE,Service_beiakklem1vi3j5fejtg,500,2,0.0989086352,0
1537354680,Prod-EcsStagingCluster-EcsCluster-1AAGQRFIOE9AE,Service_beiakklem1vi3j5fejtg,500,2,0.1197391037,0
1537399260,Prod-EcsStagingCluster-EcsCluster-1AAGQRFIOE9AE,Service_beiakklem1vi3j5fejtg,500,2,0.1143655685,0
1537369500,Prod-EcsStagingCluster-EcsCluster-1AAGQRFIOE9AE,Service_beiakklem1vi3j5fejtg,500,2,0.1200947140,0
1537427880,Prod-EcsStagingCluster-EcsCluster-1AAGQRFIOE9AE,Service_beiakklem1vi3j5fejtg,500,2,0.1026135649,0
1537431060,Prod-EcsStagingCluster-EcsCluster-1AAGQRFIOE9AE,Service_beiakklem1vi3j5fejtg,500,2,0.1000029990,0
1537356780,Prod-EcsStagingCluster-EcsCluster-1AAGQRFIOE9AE,Service_beiakklem1vi3j5fejtg,500,2,0.1206920093,0
1537394940,Prod-EcsStagingCluster-EcsCluster-1AAGQRFIOE9AE,Service_beiakklem1vi3j5fejtg,500,2,0.1140010835,0
1537382220,Prod-EcsStagingCluster-EcsCluster-1AAGQRFIOE9AE,Service_beiakklem1vi3j5fejtg,500,2,0.1287047261,0
1537355640,Prod-EcsStagingCluster-EcsCluster-1AAGQRFIOE9AE,Service_beiakklem1vi3j5fejtg,500,2,0.1118287143,0
1537358820,Prod-EcsStagingCluster-EcsCluster-1AAGQRFIOE9AE,Service_beiakklem1vi3j5fejtg,500,2,0.1104036733,0
1537362000,Prod-EcsStagingCluster-EcsCluster-1AAGQRFIOE9AE,Service_beiakklem1vi3j5fejtg,500,2,0.1237272729,0
1537359720,Prod-EcsStagingCluster-EcsCluster-1AAGQRFIOE9AE,Service_beiakklem1vi3j5fejtg,500,2,0.1013834697,0
1537362900,Prod-EcsStagingCluster-EcsCluster-1AAGQRFIOE9AE,Service_beiakklem1vi3j5fejtg,500,2,0.0947865124,0
1537366080,Prod-EcsStagingCluster-EcsCluster-1AAGQRFIOE9AE,Service_beiakklem1vi3j5fejtg,500,2,0.1217491807,0
1537390380,Prod-EcsStagingCluster-EcsCluster-1AAGQRFIOE9AE,Service_beiakklem1vi3j5fejtg,500,2,0.1205313872,0
1537415820,Prod-EcsStagingCluster-EcsCluster-1AAGQRFIOE9AE,Service_beiakklem1vi3j5fejtg,500,2,0.1341868939,0
1537403100,Prod-EcsStagingCluster-EcsCluster-1AAGQRFIOE9AE,Service_beiakklem1vi3j5fejtg,500,2,0.1038709112,0
1537366980,Prod-EcsStagingCluster-EcsCluster-1AAGQRFIOE9AE,Service_beiakklem1vi3j5fejtg,500,2,0.0987682684,0
1537370160,Prod-EcsStagingCluster-EcsCluster-1AAGQRFIOE9AE,Service_beiakklem1vi3j5fejtg,500,2,0.1068977471,0
1537428540,Prod-EcsStagingCluster-EcsCluster-1AAGQRFIOE9AE,Service_beiakklem1vi3j5fejtg,500,2,0.1026581423,0
1537363800,Prod-EcsStagingCluster-EcsCluster-1AAGQRFIOE9AE,Service_beiakklem1vi3j5fejtg,500,2,0.1353154746,0
1537392420,Prod-EcsStagingCluster-EcsCluster-1AAGQRFIOE9AE,Service_beiakklem1vi3j5fejtg,500,2,0.1144319055,0
1537395600,Prod-EcsStagingCluster-EcsCluster-1AAGQRFIOE9AE,Service_beiakklem1vi3j5fejtg,500,2,0.1029857175,0
1537389240,Prod-EcsStagingCluster-EcsCluster-1AAGQRFIOE9AE,Service_beiakklem1vi3j5fejtg,500,2,0.1227908788,0
1537396560,Prod-EcsStagingCluster-EcsCluster-1AAGQRFIOE9AE,Service_beiakklem1vi3j5fejtg,500,2,0.0915828141,0
1537390200,Prod-EcsStagingCluster-EcsCluster-1AAGQRFIOE9AE,Service_beiakklem1vi3j5fejtg,500,2,0.1235737314,0
1537371060,Prod-EcsStagingCluster-EcsCluster-1AAGQRFIOE9AE,Service_beiakklem1vi3j5fejtg,500,2,0.1148932781,0
1537396500,Prod-EcsStagingCluster-EcsCluster-1AAGQRFIOE9AE,Service_beiakklem1vi3j5fejtg,500,2,0.0747576668,0
1537360380,Prod-EcsStagingCluster-EcsCluster-1AAGQRFIOE9AE,Service_beiakklem1vi3j5fejtg,500,2,0.1004811879,0
1537347660,Prod-EcsStagingCluster-EcsCluster-1AAGQRFIOE9AE,Service_beiakklem1vi3j5fejtg,500,2,0.0885736345,0
1537375200,Prod-EcsStagingCluster-EcsCluster-1AAGQRFIOE9AE,Service_beiakklem1vi3j5fejtg,500,2,0.1014622192,0
1537368840,Prod-EcsStagingCluster-EcsCluster-1AAGQRFIOE9AE,Service_beiakklem1vi3j5fejtg,500,2,0.0764957579,0
1537400640,Prod-EcsStagingCluster-EcsCluster-1AAGQRFIOE9AE,Service_beiakklem1vi3j5fejtg,500,2,0.0962054486,0
1537423980,Prod-EcsStagingCluster-EcsCluster-1AAGQRFIOE9AE,Service_beiakklem1vi3j5fejtg,500,2,0.1048253778,0
1537394280,Prod-EcsStagingCluster-EcsCluster-1AAGQRFIOE9AE,Service_beiakklem1vi3j5fejtg,500,2,0.1096373182,0
1537400580,Prod-EcsStagingCluster-EcsCluster-1AAGQRFIOE9AE,Service_beiakklem1vi3j5fejtg,500,2,0.1239101756,0
1537426020,Prod-EcsStagingCluster-EcsCluster-1AAGQRFIOE9AE,Service_beiakklem1vi3j5fejtg,500,2,0.0902472119,0
1537404720,Prod-EcsStagingCluster-EcsCluster-1AAGQRFIOE9AE,Service_beiakklem1vi3j5fejtg,500,2,0.1181320413,0
1537398360,Prod-EcsStagingCluster-EcsCluster-1AAGQRFIOE9AE,Service_beiakklem1vi3j5fejtg,500,2,0.1099181397,0
1537423800,Prod-EcsStagingCluster-EcsCluster-1AAGQRFIOE9AE,Service_beiakklem1vi3j5fejtg,500,2,0.1101840094,0
1537430160,Prod-EcsStagingCluster-EcsCluster-1AAGQRFIOE9AE,Service_beiakklem1vi3j5fejtg,500,2,0.1023694698,0
1537404660,Prod-EcsStagingCluster-EcsCluster-1AAGQRFIOE9AE,Service_beiakklem1vi3j5fejtg,500,2,0.1127594856,0
1537430100,Prod-EcsStagingCluster-EcsCluster-1AAGQRFIOE9AE,Service_beiakklem1vi3j5fejtg,500,2,0.1052427528,0
1537355820,Prod-EcsStagingCluster-EcsCluster-1AAGQRFIOE9AE,Service_beiakklem1vi3j5fejtg,500,2,0.1522926324,0
1537368540,Prod-EcsStagingCluster-EcsCluster-1AAGQRFIOE9AE,Service_beiakklem1vi3j5fejtg,500,2,0.0964223728,0
1537393980,Prod-EcsStagingCluster-EcsCluster-1AAGQRFIOE9AE,Service_beiakklem1vi3j5fejtg,500,2,0.1082205730,0
1537381260,Prod-EcsStagingCluster-EcsCluster-1AAGQRFIOE9AE,Service_beiakklem1vi3j5fejtg,500,2,0.1057792088,0
1537357860,Prod-EcsStagingCluster-EcsCluster-1AAGQRFIOE9AE,Service_beiakklem1vi3j5fejtg,500,2,0.1081057708,0
1537408800,Prod-EcsStagingCluster-EcsCluster-1AAGQRFIOE9AE,Service_beiakklem1vi3j5fejtg,500,2,0.1353822036,0
1537402440,Prod-EcsStagingCluster-EcsCluster-1AAGQRFIOE9AE,Service_beiakklem1vi3j5fejtg,500,2,0.1002017812,0
1537403400,Prod-EcsStagingCluster-EcsCluster-1AAGQRFIOE9AE,Service_beiakklem1vi3j5fejtg,500,2,0.1125327367,0
1537406580,Prod-EcsStagingCluster-EcsCluster-1AAGQRFIOE9AE,Service_beiakklem1vi3j5fejtg,500,2,0.1161887664,0
1537428840,Prod-EcsStagingCluster-EcsCluster-1AAGQRFIOE9AE,Service_beiakklem1vi3j5fejtg,500,2,0.1061864455,0
1537365120,Prod-EcsStagingCluster-EcsCluster-1AAGQRFIOE9AE,Service_beiakklem1vi3j5fejtg,500,2,0.1219463331,0
1537356600,Prod-EcsStagingCluster-EcsCluster-1AAGQRFIOE9AE,Service_beiakklem1vi3j5fejtg,500,2,0.1289777947,0
1537359780,Prod-EcsStagingCluster-EcsCluster-1AAGQRFIOE9AE,Service_beiakklem1vi3j5fejtg,500,2,0.0976896988,0
1537389420,Prod-EcsStagingCluster-EcsCluster-1AAGQRFIOE9AE,Service_beiakklem1vi3j5fejtg,500,2,0.1181734500,0
1537414860,Prod-EcsStagingCluster-EcsCluster-1AAGQRFIOE9AE,Service_beiakklem1vi3j5fejtg,500,2,0.1002766671,0
1537402140,Prod-EcsStagingCluster-EcsCluster-1AAGQRFIOE9AE,Service_beiakklem1vi3j5fejtg,500,2,0.1120554071,0
1537369200,Prod-EcsStagingCluster-EcsCluster-1AAGQRFIOE9AE,Service_beiakklem1vi3j5fejtg,500,2,0.1083551937,0
1537427580,Prod-EcsStagingCluster-EcsCluster-1AAGQRFIOE9AE,Service_beiakklem1vi3j5fejtg,500,2,0.1106869860,0
1537394640,Prod-EcsStagingCluster-EcsCluster-1AAGQRFIOE9AE,Service_beiakklem1vi3j5fejtg,500,2,0.1110539030,0
1537360680,Prod-EcsStagingCluster-EcsCluster-1AAGQRFIOE9AE,Service_beiakklem1vi3j5fejtg,500,2,0.1110878219,0
1537363860,Prod-EcsStagingCluster-EcsCluster-1AAGQRFIOE9AE,Service_beiakklem1vi3j5fejtg,500,2,0.1095325601,0
1537373280,Prod-EcsStagingCluster-EcsCluster-1AAGQRFIOE9AE,Service_beiakklem1vi3j5fejtg,500,2,0.1190123965,0
1537398720,Prod-EcsStagingCluster-EcsCluster-1AAGQRFIOE9AE,Service_beiakklem1vi3j5fejtg,500,2,0.1120923882,0
1537367940,Prod-EcsStagingCluster-EcsCluster-1AAGQRFIOE9AE,Service_beiakklem1vi3j5fejtg,500,2,0.0979351008,0
1537364760,Prod-EcsStagingCluster-EcsCluster-1AAGQRFIOE9AE,Service_beiakklem1vi3j5fejtg,500,2,0.1271746357,0
1537393380,Prod-EcsStagingCluster-EcsCluster-1AAGQRFIOE9AE,Service_beiakklem1vi3j5fejtg,500,2,0.1065774741,0
1537359420,Prod-EcsStagingCluster-EcsCluster-1AAGQRFIOE9AE,Service_beiakklem1vi3j5fejtg,500,2,0.1299702292,0
1537346700,Prod-EcsStagingCluster-EcsCluster-1AAGQRFIOE9AE,Service_beiakklem1vi3j5fejtg,500,2,0.1079919533,0
1537374240,Prod-EcsStagingCluster-EcsCluster-1AAGQRFIOE9AE,Service_beiakklem1vi3j5fejtg,500,2,0.1146108134,0
1537399680,Prod-EcsStagingCluster-EcsCluster-1AAGQRFIOE9AE,Service_beiakklem1vi3j5fejtg,500,2,0.1340251857,0
1537423020,Prod-EcsStagingCluster-EcsCluster-1AAGQRFIOE9AE,Service_beiakklem1vi3j5fejtg,500,2,0.1077395515,0
1537365720,Prod-EcsStagingCluster-EcsCluster-1AAGQRFIOE9AE,Service_beiakklem1vi3j5fejtg,500,2,0.1688226570,0
1537391160,Prod-EcsStagingCluster-EcsCluster-1AAGQRFIOE9AE,Service_beiakklem1vi3j5fejtg,500,2,0.1173785570,0
1537372020,Prod-EcsStagingCluster-EcsCluster-1AAGQRFIOE9AE,Service_beiakklem1vi3j5fejtg,500,2,0.1236241861,0
1537397460,Prod-EcsStagingCluster-EcsCluster-1AAGQRFIOE9AE,Service_beiakklem1vi3j5fejtg,500,2,0.1168127222,0
1537369800,Prod-EcsStagingCluster-EcsCluster-1AAGQRFIOE9AE,Service_beiakklem1vi3j5fejtg,500,2,0.1131826129,0
1537403760,Prod-EcsStagingCluster-EcsCluster-1AAGQRFIOE9AE,Service_beiakklem1vi3j5fejtg,500,2,0.1108345038,0
1537395240,Prod-EcsStagingCluster-EcsCluster-1AAGQRFIOE9AE,Service_beiakklem1vi3j5fejtg,500,2,0.1030890259,0
1537429200,Prod-EcsStagingCluster-EcsCluster-1AAGQRFIOE9AE,Service_beiakklem1vi3j5fejtg,500,2,0.0830128158,0
1537380300,Prod-EcsStagingCluster-EcsCluster-1AAGQRFIOE9AE,Service_beiakklem1vi3j5fejtg,500,2,0.1189431032,0
1537401540,Prod-EcsStagingCluster-EcsCluster-1AAGQRFIOE9AE,Service_beiakklem1vi3j5fejtg,500,2,0.1224939763,0
1537354860,Prod-EcsStagingCluster-EcsCluster-1AAGQRFIOE9AE,Service_beiakklem1vi3j5fejtg,500,2,0.1190534174,0
1537367580,Prod-EcsStagingCluster-EcsCluster-1AAGQRFIOE9AE,Service_beiakklem1vi3j5fejtg,500,2,0.0981134004,0
1537393020,Prod-EcsStagingCluster-EcsCluster-1AAGQRFIOE9AE,Service_beiakklem1vi3j5fejtg,500,2,0.1091428767,0
1537426980,Prod-EcsStagingCluster-EcsCluster-1AAGQRFIOE9AE,Service_beiakklem1vi3j5fejtg,500,2,0.1078395253,0
1537407840,Prod-EcsStagingCluster-EcsCluster-1AAGQRFIOE9AE,Service_beiakklem1vi3j5fejtg,500,2,0.0978442476,0
1537399320,Prod-EcsStagingCluster-EcsCluster-1AAGQRFIOE9AE,Service_beiakklem1vi3j5fejtg,500,2,0.1125295745,0
1537424760,Prod-EcsStagingCluster-EcsCluster-1AAGQRFIOE9AE,Service_beiakklem1vi3j5fejtg,500,2,0.1079673656,0
1537361040,Prod-EcsStagingCluster-EcsCluster-1AAGQRFIOE9AE,Service_beiakklem1vi3j5fejtg,500,2,0.1096870266,0
1537405620,Prod-EcsStagingCluster-EcsCluster-1AAGQRFIOE9AE,Service_beiakklem1vi3j5fejtg,500,2,0.1110875863,0
1537406640,Prod-EcsStagingCluster-EcsCluster-1AAGQRFIOE9AE,Service_beiakklem1vi3j5fejtg,500,2,0.1163231617,0
1537400280,Prod-EcsStagingCluster-EcsCluster-1AAGQRFIOE9AE,Service_beiakklem1vi3j5fejtg,500,2,0.1119084375,0
1537403460,Prod-EcsStagingCluster-EcsCluster-1AAGQRFIOE9AE,Service_beiakklem1vi3j5fejtg,500,2,0.1274358799,0
1537422540,Prod-EcsStagingCluster-EcsCluster-1AAGQRFIOE9AE,Service_beiakklem1vi3j5fejtg,500,2,0.1092963604,0
1537430940,Prod-EcsStagingCluster-EcsCluster-1AAGQRFIOE9AE,Service_beiakklem1vi3j5fejtg,500,2,0.1017538872,0
1537388460,Prod-EcsStagingCluster-EcsCluster-1AAGQRFIOE9AE,Service_beiakklem1vi3j5fejtg,500,2,0.1229729413,0
1537417080,Prod-EcsStagingCluster-EcsCluster-1AAGQRFIOE9AE,Service_beiakklem1vi3j5fejtg,500,2,0.1457412499,0
1537420260,Prod-EcsStagingCluster-EcsCluster-1AAGQRFIOE9AE,Service_beiakklem1vi3j5fejtg,500,2,0.1620110704,0
1537423440,Prod-EcsStagingCluster-EcsCluster-1AAGQRFIOE9AE,Service_beiakklem1vi3j5fejtg,500,2,0.1101070926,0
1537396860,Prod-EcsStagingCluster-EcsCluster-1AAGQRFIOE9AE,Service_beiakklem1vi3j5fejtg,500,2,0.1041016031,0
1537400040,Prod-EcsStagingCluster-EcsCluster-1AAGQRFIOE9AE,Service_beiakklem1vi3j5fejtg,500,2,0.1479701251,0
1537403220,Prod-EcsStagingCluster-EcsCluster-1AAGQRFIOE9AE,Service_beiakklem1vi3j5fejtg,500,2,0.1115499906,0
1537406400,Prod-EcsStagingCluster-EcsCluster-1AAGQRFIOE9AE,Service_beiakklem1vi3j5fejtg,500,2,0.0858180856,0
1537354380,Prod-EcsStagingCluster-EcsCluster-1AAGQRFIOE9AE,Service_beiakklem1vi3j5fejtg,500,2,0.1089483965,0
1537372320,Prod-EcsStagingCluster-EcsCluster-1AAGQRFIOE9AE,Service_beiakklem1vi3j5fejtg,500,2,0.1170246877,0
1537362780,Prod-EcsStagingCluster-EcsCluster-1AAGQRFIOE9AE,Service_beiakklem1vi3j5fejtg,500,2,0.1194996801,0
1537365960,Prod-EcsStagingCluster-EcsCluster-1AAGQRFIOE9AE,Service_beiakklem1vi3j5fejtg,500,2,0.1181272837,0
1537369140,Prod-EcsStagingCluster-EcsCluster-1AAGQRFIOE9AE,Service_beiakklem1vi3j5fejtg,500,2,0.1101903010,0
1537355280,Prod-EcsStagingCluster-EcsCluster-1AAGQRFIOE9AE,Service_beiakklem1vi3j5fejtg,500,2,0.1116166955,0
1537348920,Prod-EcsStagingCluster-EcsCluster-1AAGQRFIOE9AE,Service_beiakklem1vi3j5fejtg,500,2,0.1202851142,0
1537352100,Prod-EcsStagingCluster-EcsCluster-1AAGQRFIOE9AE,Service_beiakklem1vi3j5fejtg,500,2,0.1113686730,0
1537422060,Prod-EcsStagingCluster-EcsCluster-1AAGQRFIOE9AE,Service_beiakklem1vi3j5fejtg,500,2,0.1100085124,0
1537356240,Prod-EcsStagingCluster-EcsCluster-1AAGQRFIOE9AE,Service_beiakklem1vi3j5fejtg,500,2,0.1076325207,0
1537349880,Prod-EcsStagingCluster-EcsCluster-1AAGQRFIOE9AE,Service_beiakklem1vi3j5fejtg,500,2,0.1105628659,0
1537368900,Prod-EcsStagingCluster-EcsCluster-1AAGQRFIOE9AE,Service_beiakklem1vi3j5fejtg,500,2,0.1057008700,0
1537430460,Prod-EcsStagingCluster-EcsCluster-1AAGQRFIOE9AE,Service_beiakklem1vi3j5fejtg,500,2,0.1055025210,0
1537387980,Prod-EcsStagingCluster-EcsCluster-1AAGQRFIOE9AE,Service_beiakklem1vi3j5fejtg,500,2,0.1050958098,0
1537396380,Prod-EcsStagingCluster-EcsCluster-1AAGQRFIOE9AE,Service_beiakklem1vi3j5fejtg,500,2,0.0893950671,0
1537366680,Prod-EcsStagingCluster-EcsCluster-1AAGQRFIOE9AE,Service_beiakklem1vi3j5fejtg,500,2,0.1078588758,0
1537373040,Prod-EcsStagingCluster-EcsCluster-1AAGQRFIOE9AE,Service_beiakklem1vi3j5fejtg,500,2,0.1184286719,0
1537353900,Prod-EcsStagingCluster-EcsCluster-1AAGQRFIOE9AE,Service_beiakklem1vi3j5fejtg,500,2,0.1096041821,0
1537402740,Prod-EcsStagingCluster-EcsCluster-1AAGQRFIOE9AE,Service_beiakklem1vi3j5fejtg,500,2,0.1000139829,0
1537385700,Prod-EcsStagingCluster-EcsCluster-1AAGQRFIOE9AE,Service_beiakklem1vi3j5fejtg,500,2,0.1064588886,0
1537362300,Prod-EcsStagingCluster-EcsCluster-1AAGQRFIOE9AE,Service_beiakklem1vi3j5fejtg,500,2,0.1234951988,0
1537400520,Prod-EcsStagingCluster-EcsCluster-1AAGQRFIOE9AE,Service_beiakklem1vi3j5fejtg,500,2,0.1137415401,0
1537406880,Prod-EcsStagingCluster-EcsCluster-1AAGQRFIOE9AE,Service_beiakklem1vi3j5fejtg,500,2,0.1037681499,0
1537368660,Prod-EcsStagingCluster-EcsCluster-1AAGQRFIOE9AE,Service_beiakklem1vi3j5fejtg,500,2,0.0980515790,0
1537389840,Prod-EcsStagingCluster-EcsCluster-1AAGQRFIOE9AE,Service_beiakklem1vi3j5fejtg,500,2,0.1059819936,0
1537383480,Prod-EcsStagingCluster-EcsCluster-1AAGQRFIOE9AE,Service_beiakklem1vi3j5fejtg,500,2,0.1125524313,0
1537366440,Prod-EcsStagingCluster-EcsCluster-1AAGQRFIOE9AE,Service_beiakklem1vi3j5fejtg,500,2,0.1097524002,0
1537402500,Prod-EcsStagingCluster-EcsCluster-1AAGQRFIOE9AE,Service_beiakklem1vi3j5fejtg,500,2,0.1100916677,0
1537372800,Prod-EcsStagingCluster-EcsCluster-1AAGQRFIOE9AE,Service_beiakklem1vi3j5fejtg,500,2,0.1125610059,0
1537421580,Prod-EcsStagingCluster-EcsCluster-1AAGQRFIOE9AE,Service_beiakklem1vi3j5fejtg,500,2,0.1086501112,0
1537429980,Prod-EcsStagingCluster-EcsCluster-1AAGQRFIOE9AE,Service_beiakklem1vi3j5fejtg,500,2,0.0845878523,0
1537367400,Prod-EcsStagingCluster-EcsCluster-1AAGQRFIOE9AE,Service_beiakklem1vi3j5fejtg,500,2,0.0973447745,0
1537370580,Prod-EcsStagingCluster-EcsCluster-1AAGQRFIOE9AE,Service_beiakklem1vi3j5fejtg,500,2,0.1035641343,0
1537387500,Prod-EcsStagingCluster-EcsCluster-1AAGQRFIOE9AE,Service_beiakklem1vi3j5fejtg,500,2,0.1108607818,0
1537404420,Prod-EcsStagingCluster-EcsCluster-1AAGQRFIOE9AE,Service_beiakklem1vi3j5fejtg,500,2,0.1099393810,0
1537401240,Prod-EcsStagingCluster-EcsCluster-1AAGQRFIOE9AE,Service_beiakklem1vi3j5fejtg,500,2,0.0972562838,0
1537422480,Prod-EcsStagingCluster-EcsCluster-1AAGQRFIOE9AE,Service_beiakklem1vi3j5fejtg,500,2,0.1091707988,0
1537395900,Prod-EcsStagingCluster-EcsCluster-1AAGQRFIOE9AE,Service_beiakklem1vi3j5fejtg,500,2,0.1005302172,0
1537405440,Prod-EcsStagingCluster-EcsCluster-1AAGQRFIOE9AE,Service_beiakklem1vi3j5fejtg,500,2,0.1115880713,0
1537353420,Prod-EcsStagingCluster-EcsCluster-1AAGQRFIOE9AE,Service_beiakklem1vi3j5fejtg,500,2,0.1089027133,0
1537418040,Prod-EcsStagingCluster-EcsCluster-1AAGQRFIOE9AE,Service_beiakklem1vi3j5fejtg,500,2,0.1477002617,0
1537371360,Prod-EcsStagingCluster-EcsCluster-1AAGQRFIOE9AE,Service_beiakklem1vi3j5fejtg,500,2,0.1144489048,0
1537361820,Prod-EcsStagingCluster-EcsCluster-1AAGQRFIOE9AE,Service_beiakklem1vi3j5fejtg,500,2,0.1002069670,0
1537421220,Prod-EcsStagingCluster-EcsCluster-1AAGQRFIOE9AE,Service_beiakklem1vi3j5fejtg,500,2,0.1136559755,0
1537401000,Prod-EcsStagingCluster-EcsCluster-1AAGQRFIOE9AE,Service_beiakklem1vi3j5fejtg,500,2,0.1250941476,0
1537404180,Prod-EcsStagingCluster-EcsCluster-1AAGQRFIOE9AE,Service_beiakklem1vi3j5fejtg,500,2,0.1115235824,0
1537354320,Prod-EcsStagingCluster-EcsCluster-1AAGQRFIOE9AE,Service_beiakklem1vi3j5fejtg,500,2,0.1044056433,0
1537421100,Prod-EcsStagingCluster-EcsCluster-1AAGQRFIOE9AE,Service_beiakklem1vi3j5fejtg,500,2,0.1119101834,0
1537366920,Prod-EcsStagingCluster-EcsCluster-1AAGQRFIOE9AE,Service_beiakklem1vi3j5fejtg,500,2,0.1108451641,0
1537370100,Prod-EcsStagingCluster-EcsCluster-1AAGQRFIOE9AE,Service_beiakklem1vi3j5fejtg,500,2,0.1330290782,0
1537371120,Prod-EcsStagingCluster-EcsCluster-1AAGQRFIOE9AE,Service_beiakklem1vi3j5fejtg,500,2,0.1019158983,0
1537429500,Prod-EcsStagingCluster-EcsCluster-1AAGQRFIOE9AE,Service_beiakklem1vi3j5fejtg,500,2,0.0990313318,0
1537353060,Prod-EcsStagingCluster-EcsCluster-1AAGQRFIOE9AE,Service_beiakklem1vi3j5fejtg,500,2,0.1028097338,0
1537387020,Prod-EcsStagingCluster-EcsCluster-1AAGQRFIOE9AE,Service_beiakklem1vi3j5fejtg,500,2,0.1120886849,0
1537367880,Prod-EcsStagingCluster-EcsCluster-1AAGQRFIOE9AE,Service_beiakklem1vi3j5fejtg,500,2,0.0982932572,0
1537395420,Prod-EcsStagingCluster-EcsCluster-1AAGQRFIOE9AE,Service_beiakklem1vi3j5fejtg,500,2,0.1034202825,0
1537372080,Prod-EcsStagingCluster-EcsCluster-1AAGQRFIOE9AE,Service_beiakklem1vi3j5fejtg,500,2,0.1465524190,0
1537352940,Prod-EcsStagingCluster-EcsCluster-1AAGQRFIOE9AE,Service_beiakklem1vi3j5fejtg,500,2,0.1025687032,0
1537350840,Prod-EcsStagingCluster-EcsCluster-1AAGQRFIOE9AE,Service_beiakklem1vi3j5fejtg,500,2,0.0980499888,0
1537369860,Prod-EcsStagingCluster-EcsCluster-1AAGQRFIOE9AE,Service_beiakklem1vi3j5fejtg,500,2,0.1125863683,0
1537361340,Prod-EcsStagingCluster-EcsCluster-1AAGQRFIOE9AE,Service_beiakklem1vi3j5fejtg,500,2,0.1125181182,0
1537405920,Prod-EcsStagingCluster-EcsCluster-1AAGQRFIOE9AE,Service_beiakklem1vi3j5fejtg,500,2,0.1109284861,0
1537367640,Prod-EcsStagingCluster-EcsCluster-1AAGQRFIOE9AE,Service_beiakklem1vi3j5fejtg,500,2,0.0970356803,0
1537388880,Prod-EcsStagingCluster-EcsCluster-1AAGQRFIOE9AE,Service_beiakklem1vi3j5fejtg,500,2,0.1336133553,0
1537403700,Prod-EcsStagingCluster-EcsCluster-1AAGQRFIOE9AE,Service_beiakklem1vi3j5fejtg,500,2,0.1130878307,0
1537371840,Prod-EcsStagingCluster-EcsCluster-1AAGQRFIOE9AE,Service_beiakklem1vi3j5fejtg,500,2,0.1177433823,0
1537420620,Prod-EcsStagingCluster-EcsCluster-1AAGQRFIOE9AE,Service_beiakklem1vi3j5fejtg,500,2,0.1529531865,0
1537386660,Prod-EcsStagingCluster-EcsCluster-1AAGQRFIOE9AE,Service_beiakklem1vi3j5fejtg,500,2,0.1092496451,0
1537401480,Prod-EcsStagingCluster-EcsCluster-1AAGQRFIOE9AE,Service_beiakklem1vi3j5fejtg,500,2,0.1521184042,0
1537405680,Prod-EcsStagingCluster-EcsCluster-1AAGQRFIOE9AE,Service_beiakklem1vi3j5fejtg,500,2,0.1127480081,0
1537429020,Prod-EcsStagingCluster-EcsCluster-1AAGQRFIOE9AE,Service_beiakklem1vi3j5fejtg,500,2,0.1028866875,0
1537369620,Prod-EcsStagingCluster-EcsCluster-1AAGQRFIOE9AE,Service_beiakklem1vi3j5fejtg,500,2,0.1201550926,0
1537386540,Prod-EcsStagingCluster-EcsCluster-1AAGQRFIOE9AE,Service_beiakklem1vi3j5fejtg,500,2,0.1316285581,0
1537384440,Prod-EcsStagingCluster-EcsCluster-1AAGQRFIOE9AE,Service_beiakklem1vi3j5fejtg,500,2,0.1028128735,0
1537404480,Prod-EcsStagingCluster-EcsCluster-1AAGQRFIOE9AE,Service_beiakklem1vi3j5fejtg,500,2,0.1118313513,0
1537401300,Prod-EcsStagingCluster-EcsCluster-1AAGQRFIOE9AE,Service_beiakklem1vi3j5fejtg,500,2,0.1263442593,0
1537398120,Prod-EcsStagingCluster-EcsCluster-1AAGQRFIOE9AE,Service_beiakklem1vi3j5fejtg,500,2,0.1082251171,0
1537388580,Prod-EcsStagingCluster-EcsCluster-1AAGQRFIOE9AE,Service_beiakklem1vi3j5fejtg,500,2,0.1248085364,0
1537391760,Prod-EcsStagingCluster-EcsCluster-1AAGQRFIOE9AE,Service_beiakklem1vi3j5fejtg,500,2,0.1414888914,0
1537385400,Prod-EcsStagingCluster-EcsCluster-1AAGQRFIOE9AE,Service_beiakklem1vi3j5fejtg,500,2,0.1177898193,0
1537352460,Prod-EcsStagingCluster-EcsCluster-1AAGQRFIOE9AE,Service_beiakklem1vi3j5fejtg,500,2,0.1015420879,0
1537365180,Prod-EcsStagingCluster-EcsCluster-1AAGQRFIOE9AE,Service_beiakklem1vi3j5fejtg,500,2,0.1197746580,0
1537364040,Prod-EcsStagingCluster-EcsCluster-1AAGQRFIOE9AE,Service_beiakklem1vi3j5fejtg,500,2,0.1192763736,0
1537367220,Prod-EcsStagingCluster-EcsCluster-1AAGQRFIOE9AE,Service_beiakklem1vi3j5fejtg,500,2,0.0994478819,0
1537370400,Prod-EcsStagingCluster-EcsCluster-1AAGQRFIOE9AE,Service_beiakklem1vi3j5fejtg,500,2,0.0960490653,0
1537408560,Prod-EcsStagingCluster-EcsCluster-1AAGQRFIOE9AE,Service_beiakklem1vi3j5fejtg,500,2,0.1382490057,0
1537405380,Prod-EcsStagingCluster-EcsCluster-1AAGQRFIOE9AE,Service_beiakklem1vi3j5fejtg,500,2,0.1093754824,0
1537402200,Prod-EcsStagingCluster-EcsCluster-1AAGQRFIOE9AE,Service_beiakklem1vi3j5fejtg,500,2,0.1119397783,0
1537420140,Prod-EcsStagingCluster-EcsCluster-1AAGQRFIOE9AE,Service_beiakklem1vi3j5fejtg,500,2,0.1608615235,0
1537419000,Prod-EcsStagingCluster-EcsCluster-1AAGQRFIOE9AE,Service_beiakklem1vi3j5fejtg,500,2,0.1417269491,0
1537425360,Prod-EcsStagingCluster-EcsCluster-1AAGQRFIOE9AE,Service_beiakklem1vi3j5fejtg,500,2,0.1119596291,0
1537422180,Prod-EcsStagingCluster-EcsCluster-1AAGQRFIOE9AE,Service_beiakklem1vi3j5fejtg,500,2,0.1108626494,0
1537398780,Prod-EcsStagingCluster-EcsCluster-1AAGQRFIOE9AE,Service_beiakklem1vi3j5fejtg,500,2,0.1099826937,0
1537386060,Prod-EcsStagingCluster-EcsCluster-1AAGQRFIOE9AE,Service_beiakklem1vi3j5fejtg,500,2,0.1285156300,0
1537397640,Prod-EcsStagingCluster-EcsCluster-1AAGQRFIOE9AE,Service_beiakklem1vi3j5fejtg,500,2,0.1341164940,0
1537351980,Prod-EcsStagingCluster-EcsCluster-1AAGQRFIOE9AE,Service_beiakklem1vi3j5fejtg,500,2,0.0999330518,0
1537400820,Prod-EcsStagingCluster-EcsCluster-1AAGQRFIOE9AE,Service_beiakklem1vi3j5fejtg,500,2,0.1238886251,0
1537364700,Prod-EcsStagingCluster-EcsCluster-1AAGQRFIOE9AE,Service_beiakklem1vi3j5fejtg,500,2,0.1238194649,0
1537354020,Prod-EcsStagingCluster-EcsCluster-1AAGQRFIOE9AE,Service_beiakklem1vi3j5fejtg,500,2,0.1111654055,0
1537366740,Prod-EcsStagingCluster-EcsCluster-1AAGQRFIOE9AE,Service_beiakklem1vi3j5fejtg,500,2,0.1094614418,0
1537398600,Prod-EcsStagingCluster-EcsCluster-1AAGQRFIOE9AE,Service_beiakklem1vi3j5fejtg,500,2,0.1120204213,0
1537404960,Prod-EcsStagingCluster-EcsCluster-1AAGQRFIOE9AE,Service_beiakklem1vi3j5fejtg,500,2,0.1139367127,0
1537358160,Prod-EcsStagingCluster-EcsCluster-1AAGQRFIOE9AE,Service_beiakklem1vi3j5fejtg,500,2,0.1255021840,0
1537364520,Prod-EcsStagingCluster-EcsCluster-1AAGQRFIOE9AE,Service_beiakklem1vi3j5fejtg,500,2,0.1206606148,0
1537351800,Prod-EcsStagingCluster-EcsCluster-1AAGQRFIOE9AE,Service_beiakklem1vi3j5fejtg,500,2,0.0996787040,0
1537370880,Prod-EcsStagingCluster-EcsCluster-1AAGQRFIOE9AE,Service_beiakklem1vi3j5fejtg,500,2,0.1035056655,0
1537370820,Prod-EcsStagingCluster-EcsCluster-1AAGQRFIOE9AE,Service_beiakklem1vi3j5fejtg,500,2,0.1052519963,0
1537419660,Prod-EcsStagingCluster-EcsCluster-1AAGQRFIOE9AE,Service_beiakklem1vi3j5fejtg,500,2,0.1546251508,0
1537368600,Prod-EcsStagingCluster-EcsCluster-1AAGQRFIOE9AE,Service_beiakklem1vi3j5fejtg,500,2,0.0980838716,0
1537374960,Prod-EcsStagingCluster-EcsCluster-1AAGQRFIOE9AE,Service_beiakklem1vi3j5fejtg,500,2,0.1045287710,0
1537385580,Prod-EcsStagingCluster-EcsCluster-1AAGQRFIOE9AE,Service_beiakklem1vi3j5fejtg,500,2,0.1151225568,0
1537398300,Prod-EcsStagingCluster-EcsCluster-1AAGQRFIOE9AE,Service_beiakklem1vi3j5fejtg,500,2,0.1113634188,0
1537400340,Prod-EcsStagingCluster-EcsCluster-1AAGQRFIOE9AE,Service_beiakklem1vi3j5fejtg,500,2,0.1153822377,0
1537387620,Prod-EcsStagingCluster-EcsCluster-1AAGQRFIOE9AE,Service_beiakklem1vi3j5fejtg,500,2,0.1117467900,0
1537364220,Prod-EcsStagingCluster-EcsCluster-1AAGQRFIOE9AE,Service_beiakklem1vi3j5fejtg,500,2,0.1171910799,0
1537351500,Prod-EcsStagingCluster-EcsCluster-1AAGQRFIOE9AE,Service_beiakklem1vi3j5fejtg,500,2,0.1065309707,0
1537369440,Prod-EcsStagingCluster-EcsCluster-1AAGQRFIOE9AE,Service_beiakklem1vi3j5fejtg,500,2,0.1192669339,0
1537407600,Prod-EcsStagingCluster-EcsCluster-1AAGQRFIOE9AE,Service_beiakklem1vi3j5fejtg,500,2,0.0959140544,0
1537399080,Prod-EcsStagingCluster-EcsCluster-1AAGQRFIOE9AE,Service_beiakklem1vi3j5fejtg,500,2,0.1183166194,0
1537402260,Prod-EcsStagingCluster-EcsCluster-1AAGQRFIOE9AE,Service_beiakklem1vi3j5fejtg,500,2,0.1105882311,0
1537389540,Prod-EcsStagingCluster-EcsCluster-1AAGQRFIOE9AE,Service_beiakklem1vi3j5fejtg,500,2,0.1255659481,0
1537386360,Prod-EcsStagingCluster-EcsCluster-1AAGQRFIOE9AE,Service_beiakklem1vi3j5fejtg,500,2,0.1106070203,0
1537419180,Prod-EcsStagingCluster-EcsCluster-1AAGQRFIOE9AE,Service_beiakklem1vi3j5fejtg,500,2,0.1549828526,0
1537365000,Prod-EcsStagingCluster-EcsCluster-1AAGQRFIOE9AE,Service_beiakklem1vi3j5fejtg,500,2,0.1201535733,0
1537368180,Prod-EcsStagingCluster-EcsCluster-1AAGQRFIOE9AE,Service_beiakklem1vi3j5fejtg,500,2,0.0990784910,0
1537406340,Prod-EcsStagingCluster-EcsCluster-1AAGQRFIOE9AE,Service_beiakklem1vi3j5fejtg,500,2,0.1251198112,0
1537403160,Prod-EcsStagingCluster-EcsCluster-1AAGQRFIOE9AE,Service_beiakklem1vi3j5fejtg,500,2,0.1167639102,0
1537424400,Prod-EcsStagingCluster-EcsCluster-1AAGQRFIOE9AE,Service_beiakklem1vi3j5fejtg,500,2,0.1039633597,0
1537397820,Prod-EcsStagingCluster-EcsCluster-1AAGQRFIOE9AE,Service_beiakklem1vi3j5fejtg,500,2,0.1066889336,0
1537385100,Prod-EcsStagingCluster-EcsCluster-1AAGQRFIOE9AE,Service_beiakklem1vi3j5fejtg,500,2,0.1134419943,0
1537351020,Prod-EcsStagingCluster-EcsCluster-1AAGQRFIOE9AE,Service_beiakklem1vi3j5fejtg,500,2,0.0972920132,0
1537403040,Prod-EcsStagingCluster-EcsCluster-1AAGQRFIOE9AE,Service_beiakklem1vi3j5fejtg,500,2,0.0989407773,0
1537363740,Prod-EcsStagingCluster-EcsCluster-1AAGQRFIOE9AE,Service_beiakklem1vi3j5fejtg,500,2,0.0925135795,0
1537419960,Prod-EcsStagingCluster-EcsCluster-1AAGQRFIOE9AE,Service_beiakklem1vi3j5fejtg,500,2,0.1626619284,0
1537423140,Prod-EcsStagingCluster-EcsCluster-1AAGQRFIOE9AE,Service_beiakklem1vi3j5fejtg,500,2,0.1078664834,0
1537404000,Prod-EcsStagingCluster-EcsCluster-1AAGQRFIOE9AE,Service_beiakklem1vi3j5fejtg,500,2,0.1368852958,0
1537420920,Prod-EcsStagingCluster-EcsCluster-1AAGQRFIOE9AE,Service_beiakklem1vi3j5fejtg,500,2,0.0860876336,0
1537357200,Prod-EcsStagingCluster-EcsCluster-1AAGQRFIOE9AE,Service_beiakklem1vi3j5fejtg,500,2,0.1211140334,0
1537401780,Prod-EcsStagingCluster-EcsCluster-1AAGQRFIOE9AE,Service_beiakklem1vi3j5fejtg,500,2,0.1231769507,0
1537369920,Prod-EcsStagingCluster-EcsCluster-1AAGQRFIOE9AE,Service_beiakklem1vi3j5fejtg,500,2,0.1117748515,0
1537418700,Prod-EcsStagingCluster-EcsCluster-1AAGQRFIOE9AE,Service_beiakklem1vi3j5fejtg,500,2,0.1913359622,0
1537431420,Prod-EcsStagingCluster-EcsCluster-1AAGQRFIOE9AE,Service_beiakklem1vi3j5fejtg,500,2,0.1236967699,0
1537354980,Prod-EcsStagingCluster-EcsCluster-1AAGQRFIOE9AE,Service_beiakklem1vi3j5fejtg,500,2,0.1201601024,0
1537367700,Prod-EcsStagingCluster-EcsCluster-1AAGQRFIOE9AE,Service_beiakklem1vi3j5fejtg,500,2,0.0965539123,0
1537399560,Prod-EcsStagingCluster-EcsCluster-1AAGQRFIOE9AE,Service_beiakklem1vi3j5fejtg,500,2,0.1132987600,0
1537374000,Prod-EcsStagingCluster-EcsCluster-1AAGQRFIOE9AE,Service_beiakklem1vi3j5fejtg,500,2,0.1192501859,0
1537384620,Prod-EcsStagingCluster-EcsCluster-1AAGQRFIOE9AE,Service_beiakklem1vi3j5fejtg,500,2,0.1096430126,0
1537365480,Prod-EcsStagingCluster-EcsCluster-1AAGQRFIOE9AE,Service_beiakklem1vi3j5fejtg,500,2,0.1168220778,0
1537397340,Prod-EcsStagingCluster-EcsCluster-1AAGQRFIOE9AE,Service_beiakklem1vi3j5fejtg,500,2,0.0990331925,0
1537352760,Prod-EcsStagingCluster-EcsCluster-1AAGQRFIOE9AE,Service_beiakklem1vi3j5fejtg,500,2,0.1007981448,0
1537371780,Prod-EcsStagingCluster-EcsCluster-1AAGQRFIOE9AE,Service_beiakklem1vi3j5fejtg,500,2,0.1155706464,0
1537363260,Prod-EcsStagingCluster-EcsCluster-1AAGQRFIOE9AE,Service_beiakklem1vi3j5fejtg,500,2,0.1229275746,0
1537350540,Prod-EcsStagingCluster-EcsCluster-1AAGQRFIOE9AE,Service_beiakklem1vi3j5fejtg,500,2,0.1048166421,0
1537403520,Prod-EcsStagingCluster-EcsCluster-1AAGQRFIOE9AE,Service_beiakklem1vi3j5fejtg,500,2,0.1105288579,0
1537369560,Prod-EcsStagingCluster-EcsCluster-1AAGQRFIOE9AE,Service_beiakklem1vi3j5fejtg,500,2,0.0921893821,0
1537390800,Prod-EcsStagingCluster-EcsCluster-1AAGQRFIOE9AE,Service_beiakklem1vi3j5fejtg,500,2,0.1186690626,0
1537413000,Prod-EcsStagingCluster-EcsCluster-1AAGQRFIOE9AE,Service_beiakklem1vi3j5fejtg,500,2,0.0989063369,0
1537390740,Prod-EcsStagingCluster-EcsCluster-1AAGQRFIOE9AE,Service_beiakklem1vi3j5fejtg,500,2,0.1197103458,0
1537367340,Prod-EcsStagingCluster-EcsCluster-1AAGQRFIOE9AE,Service_beiakklem1vi3j5fejtg,500,2,0.0995262931,0
1537370520,Prod-EcsStagingCluster-EcsCluster-1AAGQRFIOE9AE,Service_beiakklem1vi3j5fejtg,500,2,0.1103083043,0
1537419360,Prod-EcsStagingCluster-EcsCluster-1AAGQRFIOE9AE,Service_beiakklem1vi3j5fejtg,500,2,0.1570625934,0
1537351440,Prod-EcsStagingCluster-EcsCluster-1AAGQRFIOE9AE,Service_beiakklem1vi3j5fejtg,500,2,0.1004195187,0
1537395960,Prod-EcsStagingCluster-EcsCluster-1AAGQRFIOE9AE,Service_beiakklem1vi3j5fejtg,500,2,0.1026913616,0
1537376880,Prod-EcsStagingCluster-EcsCluster-1AAGQRFIOE9AE,Service_beiakklem1vi3j5fejtg,500,2,0.1020928311,0
1537427760,Prod-EcsStagingCluster-EcsCluster-1AAGQRFIOE9AE,Service_beiakklem1vi3j5fejtg,500,2,0.1065147077,0
1537402320,Prod-EcsStagingCluster-EcsCluster-1AAGQRFIOE9AE,Service_beiakklem1vi3j5fejtg,500,2,0.1106408293,0
1537418220,Prod-EcsStagingCluster-EcsCluster-1AAGQRFIOE9AE,Service_beiakklem1vi3j5fejtg,500,2,0.1491646509,0
1537421400,Prod-EcsStagingCluster-EcsCluster-1AAGQRFIOE9AE,Service_beiakklem1vi3j5fejtg,500,2,0.1075303744,0
1537348020,Prod-EcsStagingCluster-EcsCluster-1AAGQRFIOE9AE,Service_beiakklem1vi3j5fejtg,500,2,0.1124407230,0
1537392540,Prod-EcsStagingCluster-EcsCluster-1AAGQRFIOE9AE,Service_beiakklem1vi3j5fejtg,500,2,0.1099689749,0
1537370280,Prod-EcsStagingCluster-EcsCluster-1AAGQRFIOE9AE,Service_beiakklem1vi3j5fejtg,500,2,0.0775181896,0
1537376640,Prod-EcsStagingCluster-EcsCluster-1AAGQRFIOE9AE,Service_beiakklem1vi3j5fejtg,500,2,0.0957530739,0
1537421160,Prod-EcsStagingCluster-EcsCluster-1AAGQRFIOE9AE,Service_beiakklem1vi3j5fejtg,500,2,0.1140201119,0
1537398900,Prod-EcsStagingCluster-EcsCluster-1AAGQRFIOE9AE,Service_beiakklem1vi3j5fejtg,500,2,0.1119420771,0
1537375500,Prod-EcsStagingCluster-EcsCluster-1AAGQRFIOE9AE,Service_beiakklem1vi3j5fejtg,500,2,0.0927939492,0
1537381860,Prod-EcsStagingCluster-EcsCluster-1AAGQRFIOE9AE,Service_beiakklem1vi3j5fejtg,500,2,0.1285861176,0
1537427520,Prod-EcsStagingCluster-EcsCluster-1AAGQRFIOE9AE,Service_beiakklem1vi3j5fejtg,500,2,0.1112454935,0
1537356420,Prod-EcsStagingCluster-EcsCluster-1AAGQRFIOE9AE,Service_beiakklem1vi3j5fejtg,500,2,0.1221412532,0
1537407300,Prod-EcsStagingCluster-EcsCluster-1AAGQRFIOE9AE,Service_beiakklem1vi3j5fejtg,500,2,0.1051134511,0
1537426380,Prod-EcsStagingCluster-EcsCluster-1AAGQRFIOE9AE,Service_beiakklem1vi3j5fejtg,500,2,0.1057292915,0
1537430520,Prod-EcsStagingCluster-EcsCluster-1AAGQRFIOE9AE,Service_beiakklem1vi3j5fejtg,500,2,0.1299800199,0
1537349820,Prod-EcsStagingCluster-EcsCluster-1AAGQRFIOE9AE,Service_beiakklem1vi3j5fejtg,500,2,0.1119612078,0
1537356180,Prod-EcsStagingCluster-EcsCluster-1AAGQRFIOE9AE,Service_beiakklem1vi3j5fejtg,500,2,0.1088464715,0
1537400700,Prod-EcsStagingCluster-EcsCluster-1AAGQRFIOE9AE,Service_beiakklem1vi3j5fejtg,500,2,0.1265417908,0
1537407060,Prod-EcsStagingCluster-EcsCluster-1AAGQRFIOE9AE,Service_beiakklem1vi3j5fejtg,500,2,0.1316248267,0
1537360320,Prod-EcsStagingCluster-EcsCluster-1AAGQRFIOE9AE,Service_beiakklem1vi3j5fejtg,500,2,0.0989440442,0
1537383660,Prod-EcsStagingCluster-EcsCluster-1AAGQRFIOE9AE,Service_beiakklem1vi3j5fejtg,500,2,0.1007810338,0
1537353960,Prod-EcsStagingCluster-EcsCluster-1AAGQRFIOE9AE,Service_beiakklem1vi3j5fejtg,500,2,0.1122150098,0
1537404840,Prod-EcsStagingCluster-EcsCluster-1AAGQRFIOE9AE,Service_beiakklem1vi3j5fejtg,500,2,0.1108116805,0
1537411200,Prod-EcsStagingCluster-EcsCluster-1AAGQRFIOE9AE,Service_beiakklem1vi3j5fejtg,500,2,0.1278379355,0
1537357980,Prod-EcsStagingCluster-EcsCluster-1AAGQRFIOE9AE,Service_beiakklem1vi3j5fejtg,500,2,0.1223221658,0
1537364340,Prod-EcsStagingCluster-EcsCluster-1AAGQRFIOE9AE,Service_beiakklem1vi3j5fejtg,500,2,0.1219767926,0
1537408860,Prod-EcsStagingCluster-EcsCluster-1AAGQRFIOE9AE,Service_beiakklem1vi3j5fejtg,500,2,0.1346173176,0
1537415220,Prod-EcsStagingCluster-EcsCluster-1AAGQRFIOE9AE,Service_beiakklem1vi3j5fejtg,500,2,0.1051583329,0
1537372740,Prod-EcsStagingCluster-EcsCluster-1AAGQRFIOE9AE,Service_beiakklem1vi3j5fejtg,500,2,0.1227637862,0
1537347300,Prod-EcsStagingCluster-EcsCluster-1AAGQRFIOE9AE,Service_beiakklem1vi3j5fejtg,500,2,0.1075440072,0
1537391820,Prod-EcsStagingCluster-EcsCluster-1AAGQRFIOE9AE,Service_beiakklem1vi3j5fejtg,500,2,0.1077706367,0
1537398180,Prod-EcsStagingCluster-EcsCluster-1AAGQRFIOE9AE,Service_beiakklem1vi3j5fejtg,500,2,0.1071938286,0
1537362120,Prod-EcsStagingCluster-EcsCluster-1AAGQRFIOE9AE,Service_beiakklem1vi3j5fejtg,500,2,0.1191718961,0
1537368480,Prod-EcsStagingCluster-EcsCluster-1AAGQRFIOE9AE,Service_beiakklem1vi3j5fejtg,500,2,0.0971905546,0
1537366260,Prod-EcsStagingCluster-EcsCluster-1AAGQRFIOE9AE,Service_beiakklem1vi3j5fejtg,500,2,0.1160175432,0
1537417140,Prod-EcsStagingCluster-EcsCluster-1AAGQRFIOE9AE,Service_beiakklem1vi3j5fejtg,500,2,0.1805422390,0
1537388520,Prod-EcsStagingCluster-EcsCluster-1AAGQRFIOE9AE,Service_beiakklem1vi3j5fejtg,500,2,0.1098360658,0
1537374660,Prod-EcsStagingCluster-EcsCluster-1AAGQRFIOE9AE,Service_beiakklem1vi3j5fejtg,500,2,0.1070226978,0
1537349220,Prod-EcsStagingCluster-EcsCluster-1AAGQRFIOE9AE,Service_beiakklem1vi3j5fejtg,500,2,0.1005799830,0
1537400100,Prod-EcsStagingCluster-EcsCluster-1AAGQRFIOE9AE,Service_beiakklem1vi3j5fejtg,500,2,0.1050077612,0
1537366140,Prod-EcsStagingCluster-EcsCluster-1AAGQRFIOE9AE,Service_beiakklem1vi3j5fejtg,500,2,0.1156423326,0
1537350240,Prod-EcsStagingCluster-EcsCluster-1AAGQRFIOE9AE,Service_beiakklem1vi3j5fejtg,500,2,0.1113535597,0
1537425540,Prod-EcsStagingCluster-EcsCluster-1AAGQRFIOE9AE,Service_beiakklem1vi3j5fejtg,500,2,0.1291239982,0
1537417020,Prod-EcsStagingCluster-EcsCluster-1AAGQRFIOE9AE,Service_beiakklem1vi3j5fejtg,500,2,0.1537094574,0
1537349100,Prod-EcsStagingCluster-EcsCluster-1AAGQRFIOE9AE,Service_beiakklem1vi3j5fejtg,500,2,0.1197367325,0
1537401120,Prod-EcsStagingCluster-EcsCluster-1AAGQRFIOE9AE,Service_beiakklem1vi3j5fejtg,500,2,0.1236166676,0
1537358640,Prod-EcsStagingCluster-EcsCluster-1AAGQRFIOE9AE,Service_beiakklem1vi3j5fejtg,500,2,0.0962476193,0
1537409520,Prod-EcsStagingCluster-EcsCluster-1AAGQRFIOE9AE,Service_beiakklem1vi3j5fejtg,500,2,0.1289121708,0
1537399980,Prod-EcsStagingCluster-EcsCluster-1AAGQRFIOE9AE,Service_beiakklem1vi3j5fejtg,500,2,0.1119440283,0
1537384080,Prod-EcsStagingCluster-EcsCluster-1AAGQRFIOE9AE,Service_beiakklem1vi3j5fejtg,500,2,0.0998147143,0
1537345800,Prod-EcsStagingCluster-EcsCluster-1AAGQRFIOE9AE,Service_beiakklem1vi3j5fejtg,500,2,0.1123502953,0
1537396680,Prod-EcsStagingCluster-EcsCluster-1AAGQRFIOE9AE,Service_beiakklem1vi3j5fejtg,500,2,0.1042293174,0
1537374420,Prod-EcsStagingCluster-EcsCluster-1AAGQRFIOE9AE,Service_beiakklem1vi3j5fejtg,500,2,0.1190049444,0
1537354200,Prod-EcsStagingCluster-EcsCluster-1AAGQRFIOE9AE,Service_beiakklem1vi3j5fejtg,500,2,0.1105835272,0
1537379640,Prod-EcsStagingCluster-EcsCluster-1AAGQRFIOE9AE,Service_beiakklem1vi3j5fejtg,500,2,0.1070155631,0
1537425300,Prod-EcsStagingCluster-EcsCluster-1AAGQRFIOE9AE,Service_beiakklem1vi3j5fejtg,500,2,0.0915777679,0
1537405080,Prod-EcsStagingCluster-EcsCluster-1AAGQRFIOE9AE,Service_beiakklem1vi3j5fejtg,500,2,0.1136301493,0
1537374300,Prod-EcsStagingCluster-EcsCluster-1AAGQRFIOE9AE,Service_beiakklem1vi3j5fejtg,500,2,0.1164266590,0
1537358400,Prod-EcsStagingCluster-EcsCluster-1AAGQRFIOE9AE,Service_beiakklem1vi3j5fejtg,500,2,0.1097241934,0
1537423080,Prod-EcsStagingCluster-EcsCluster-1AAGQRFIOE9AE,Service_beiakklem1vi3j5fejtg,500,2,0.1152392415,0
1537357260,Prod-EcsStagingCluster-EcsCluster-1AAGQRFIOE9AE,Service_beiakklem1vi3j5fejtg,500,2,0.1209617854,0
1537425180,Prod-EcsStagingCluster-EcsCluster-1AAGQRFIOE9AE,Service_beiakklem1vi3j5fejtg,500,2,0.1065566280,0
1537408140,Prod-EcsStagingCluster-EcsCluster-1AAGQRFIOE9AE,Service_beiakklem1vi3j5fejtg,500,2,0.1072544618,0
1537384800,Prod-EcsStagingCluster-EcsCluster-1AAGQRFIOE9AE,Service_beiakklem1vi3j5fejtg,500,2,0.1087026465,0
1537393200,Prod-EcsStagingCluster-EcsCluster-1AAGQRFIOE9AE,Service_beiakklem1vi3j5fejtg,500,2,0.1071224222,0
1537367760,Prod-EcsStagingCluster-EcsCluster-1AAGQRFIOE9AE,Service_beiakklem1vi3j5fejtg,500,2,0.0963195918,0
1537418640,Prod-EcsStagingCluster-EcsCluster-1AAGQRFIOE9AE,Service_beiakklem1vi3j5fejtg,500,2,0.1465227733,0
1537382580,Prod-EcsStagingCluster-EcsCluster-1AAGQRFIOE9AE,Service_beiakklem1vi3j5fejtg,500,2,0.1163166033,0
1537390980,Prod-EcsStagingCluster-EcsCluster-1AAGQRFIOE9AE,Service_beiakklem1vi3j5fejtg,500,2,0.1247620262,0
1537365540,Prod-EcsStagingCluster-EcsCluster-1AAGQRFIOE9AE,Service_beiakklem1vi3j5fejtg,500,2,0.1199653513,0
1537416420,Prod-EcsStagingCluster-EcsCluster-1AAGQRFIOE9AE,Service_beiakklem1vi3j5fejtg,500,2,0.1133374662,0
1537382460,Prod-EcsStagingCluster-EcsCluster-1AAGQRFIOE9AE,Service_beiakklem1vi3j5fejtg,500,2,0.1164344739,0
1537380360,Prod-EcsStagingCluster-EcsCluster-1AAGQRFIOE9AE,Service_beiakklem1vi3j5fejtg,500,2,0.1161137660,0
1537431240,Prod-EcsStagingCluster-EcsCluster-1AAGQRFIOE9AE,Service_beiakklem1vi3j5fejtg,500,2,0.1103363608,0
1537388760,Prod-EcsStagingCluster-EcsCluster-1AAGQRFIOE9AE,Service_beiakklem1vi3j5fejtg,500,2,0.1226235240,0
1537365420,Prod-EcsStagingCluster-EcsCluster-1AAGQRFIOE9AE,Service_beiakklem1vi3j5fejtg,500,2,0.1201469120,0
1537363320,Prod-EcsStagingCluster-EcsCluster-1AAGQRFIOE9AE,Service_beiakklem1vi3j5fejtg,500,2,0.1223513017,0
1537414200,Prod-EcsStagingCluster-EcsCluster-1AAGQRFIOE9AE,Service_beiakklem1vi3j5fejtg,500,2,0.1030013064,0
1537392960,Prod-EcsStagingCluster-EcsCluster-1AAGQRFIOE9AE,Service_beiakklem1vi3j5fejtg,500,2,0.1221716956,0
1537416300,Prod-EcsStagingCluster-EcsCluster-1AAGQRFIOE9AE,Service_beiakklem1vi3j5fejtg,500,2,0.1030501801,0
1537346100,Prod-EcsStagingCluster-EcsCluster-1AAGQRFIOE9AE,Service_beiakklem1vi3j5fejtg,500,2,0.1209069473,0
1537396980,Prod-EcsStagingCluster-EcsCluster-1AAGQRFIOE9AE,Service_beiakklem1vi3j5fejtg,500,2,0.1033832891,0
1537368360,Prod-EcsStagingCluster-EcsCluster-1AAGQRFIOE9AE,Service_beiakklem1vi3j5fejtg,500,2,0.0986466158,0
1537374720,Prod-EcsStagingCluster-EcsCluster-1AAGQRFIOE9AE,Service_beiakklem1vi3j5fejtg,500,2,0.0995743508,0
1537425600,Prod-EcsStagingCluster-EcsCluster-1AAGQRFIOE9AE,Service_beiakklem1vi3j5fejtg,500,2,0.1058160500,0
1537419240,Prod-EcsStagingCluster-EcsCluster-1AAGQRFIOE9AE,Service_beiakklem1vi3j5fejtg,500,2,0.1635232355,0
1537373580,Prod-EcsStagingCluster-EcsCluster-1AAGQRFIOE9AE,Service_beiakklem1vi3j5fejtg,500,2,0.1293028390,0
1537386300,Prod-EcsStagingCluster-EcsCluster-1AAGQRFIOE9AE,Service_beiakklem1vi3j5fejtg,500,2,0.1109421555,0
1537372440,Prod-EcsStagingCluster-EcsCluster-1AAGQRFIOE9AE,Service_beiakklem1vi3j5fejtg,500,2,0.1163828099,0
1537424460,Prod-EcsStagingCluster-EcsCluster-1AAGQRFIOE9AE,Service_beiakklem1vi3j5fejtg,500,2,0.1061398444,0
1537347000,Prod-EcsStagingCluster-EcsCluster-1AAGQRFIOE9AE,Service_beiakklem1vi3j5fejtg,500,2,0.1072743702,0
1537353360,Prod-EcsStagingCluster-EcsCluster-1AAGQRFIOE9AE,Service_beiakklem1vi3j5fejtg,500,2,0.1029271464,0
1537397880,Prod-EcsStagingCluster-EcsCluster-1AAGQRFIOE9AE,Service_beiakklem1vi3j5fejtg,500,2,0.1084132477,0
1537378800,Prod-EcsStagingCluster-EcsCluster-1AAGQRFIOE9AE,Service_beiakklem1vi3j5fejtg,500,2,0.1087497717,0
1537423320,Prod-EcsStagingCluster-EcsCluster-1AAGQRFIOE9AE,Service_beiakklem1vi3j5fejtg,500,2,0.1143547036,0
1537429680,Prod-EcsStagingCluster-EcsCluster-1AAGQRFIOE9AE,Service_beiakklem1vi3j5fejtg,500,2,0.1022009673,0
1537404240,Prod-EcsStagingCluster-EcsCluster-1AAGQRFIOE9AE,Service_beiakklem1vi3j5fejtg,500,2,0.1124033067,0
1537376520,Prod-EcsStagingCluster-EcsCluster-1AAGQRFIOE9AE,Service_beiakklem1vi3j5fejtg,500,2,0.0944090525,0
1537354260,Prod-EcsStagingCluster-EcsCluster-1AAGQRFIOE9AE,Service_beiakklem1vi3j5fejtg,500,2,0.1175479068,0
1537405140,Prod-EcsStagingCluster-EcsCluster-1AAGQRFIOE9AE,Service_beiakklem1vi3j5fejtg,500,2,0.1106795670,0
1537382880,Prod-EcsStagingCluster-EcsCluster-1AAGQRFIOE9AE,Service_beiakklem1vi3j5fejtg,500,2,0.1743180920,0
1537427400,Prod-EcsStagingCluster-EcsCluster-1AAGQRFIOE9AE,Service_beiakklem1vi3j5fejtg,500,2,0.1091755300,0
1537394460,Prod-EcsStagingCluster-EcsCluster-1AAGQRFIOE9AE,Service_beiakklem1vi3j5fejtg,500,2,0.1088390399,0
1537381740,Prod-EcsStagingCluster-EcsCluster-1AAGQRFIOE9AE,Service_beiakklem1vi3j5fejtg,500,2,0.1255695445,0
1537402920,Prod-EcsStagingCluster-EcsCluster-1AAGQRFIOE9AE,Service_beiakklem1vi3j5fejtg,500,2,0.1011307867,0
1537409280,Prod-EcsStagingCluster-EcsCluster-1AAGQRFIOE9AE,Service_beiakklem1vi3j5fejtg,500,2,0.1338562423,0
1537358340,Prod-EcsStagingCluster-EcsCluster-1AAGQRFIOE9AE,Service_beiakklem1vi3j5fejtg,500,2,0.1609956809,0
1537409220,Prod-EcsStagingCluster-EcsCluster-1AAGQRFIOE9AE,Service_beiakklem1vi3j5fejtg,500,2,0.1317314894,0
1537383780,Prod-EcsStagingCluster-EcsCluster-1AAGQRFIOE9AE,Service_beiakklem1vi3j5fejtg,500,2,0.1007853035,0
1537356120,Prod-EcsStagingCluster-EcsCluster-1AAGQRFIOE9AE,Service_beiakklem1vi3j5fejtg,500,2,0.1050615972,0
1537362480,Prod-EcsStagingCluster-EcsCluster-1AAGQRFIOE9AE,Service_beiakklem1vi3j5fejtg,500,2,0.1209647904,0
1537407000,Prod-EcsStagingCluster-EcsCluster-1AAGQRFIOE9AE,Service_beiakklem1vi3j5fejtg,500,2,0.1117856979,0
1537413360,Prod-EcsStagingCluster-EcsCluster-1AAGQRFIOE9AE,Service_beiakklem1vi3j5fejtg,500,2,0.1002723890,0
1537381560,Prod-EcsStagingCluster-EcsCluster-1AAGQRFIOE9AE,Service_beiakklem1vi3j5fejtg,500,2,0.1228448285,0
1537387920,Prod-EcsStagingCluster-EcsCluster-1AAGQRFIOE9AE,Service_beiakklem1vi3j5fejtg,500,2,0.1406628073,0
1537362420,Prod-EcsStagingCluster-EcsCluster-1AAGQRFIOE9AE,Service_beiakklem1vi3j5fejtg,500,2,0.1185609914,0
1537413300,Prod-EcsStagingCluster-EcsCluster-1AAGQRFIOE9AE,Service_beiakklem1vi3j5fejtg,500,2,0.0991069525,0
1537351740,Prod-EcsStagingCluster-EcsCluster-1AAGQRFIOE9AE,Service_beiakklem1vi3j5fejtg,500,2,0.1006851471,0
1537402620,Prod-EcsStagingCluster-EcsCluster-1AAGQRFIOE9AE,Service_beiakklem1vi3j5fejtg,500,2,0.1091038688,0
1537389900,Prod-EcsStagingCluster-EcsCluster-1AAGQRFIOE9AE,Service_beiakklem1vi3j5fejtg,500,2,0.1093917138,0
1537360200,Prod-EcsStagingCluster-EcsCluster-1AAGQRFIOE9AE,Service_beiakklem1vi3j5fejtg,500,2,0.0806166372,0
1537366560,Prod-EcsStagingCluster-EcsCluster-1AAGQRFIOE9AE,Service_beiakklem1vi3j5fejtg,500,2,0.1072329254,0
1537417440,Prod-EcsStagingCluster-EcsCluster-1AAGQRFIOE9AE,Service_beiakklem1vi3j5fejtg,500,2,0.1442703656,0
1537411080,Prod-EcsStagingCluster-EcsCluster-1AAGQRFIOE9AE,Service_beiakklem1vi3j5fejtg,500,2,0.1389016786,0
1537399200,Prod-EcsStagingCluster-EcsCluster-1AAGQRFIOE9AE,Service_beiakklem1vi3j5fejtg,500,2,0.1187284154,0
1537390680,Prod-EcsStagingCluster-EcsCluster-1AAGQRFIOE9AE,Service_beiakklem1vi3j5fejtg,500,2,0.1193012285,0
1537347180,Prod-EcsStagingCluster-EcsCluster-1AAGQRFIOE9AE,Service_beiakklem1vi3j5fejtg,500,2,0.1229817038,0
1537365240,Prod-EcsStagingCluster-EcsCluster-1AAGQRFIOE9AE,Service_beiakklem1vi3j5fejtg,500,2,0.1203526410,0
1537416120,Prod-EcsStagingCluster-EcsCluster-1AAGQRFIOE9AE,Service_beiakklem1vi3j5fejtg,500,2,0.1031737586,0
1537359900,Prod-EcsStagingCluster-EcsCluster-1AAGQRFIOE9AE,Service_beiakklem1vi3j5fejtg,500,2,0.0995942316,0
1537410780,Prod-EcsStagingCluster-EcsCluster-1AAGQRFIOE9AE,Service_beiakklem1vi3j5fejtg,500,2,0.1306656683,0
1537398060,Prod-EcsStagingCluster-EcsCluster-1AAGQRFIOE9AE,Service_beiakklem1vi3j5fejtg,500,2,0.1092911324,0
1537394760,Prod-EcsStagingCluster-EcsCluster-1AAGQRFIOE9AE,Service_beiakklem1vi3j5fejtg,500,2,0.1094964273,0
1537372500,Prod-EcsStagingCluster-EcsCluster-1AAGQRFIOE9AE,Service_beiakklem1vi3j5fejtg,500,2,0.1058048734,0
1537423380,Prod-EcsStagingCluster-EcsCluster-1AAGQRFIOE9AE,Service_beiakklem1vi3j5fejtg,500,2,0.1105708006,0
1537356480,Prod-EcsStagingCluster-EcsCluster-1AAGQRFIOE9AE,Service_beiakklem1vi3j5fejtg,500,2,0.1209877730,0
1537351140,Prod-EcsStagingCluster-EcsCluster-1AAGQRFIOE9AE,Service_beiakklem1vi3j5fejtg,500,2,0.0974622787,0
1537355340,Prod-EcsStagingCluster-EcsCluster-1AAGQRFIOE9AE,Service_beiakklem1vi3j5fejtg,500,2,0.1115614009,0
1537407360,Prod-EcsStagingCluster-EcsCluster-1AAGQRFIOE9AE,Service_beiakklem1vi3j5fejtg,500,2,0.1051785024,0
1537376580,Prod-EcsStagingCluster-EcsCluster-1AAGQRFIOE9AE,Service_beiakklem1vi3j5fejtg,500,2,0.0973511684,0
1537427460,Prod-EcsStagingCluster-EcsCluster-1AAGQRFIOE9AE,Service_beiakklem1vi3j5fejtg,500,2,0.1090657561,0
1537402020,Prod-EcsStagingCluster-EcsCluster-1AAGQRFIOE9AE,Service_beiakklem1vi3j5fejtg,500,2,0.1189328347,0
1537368060,Prod-EcsStagingCluster-EcsCluster-1AAGQRFIOE9AE,Service_beiakklem1vi3j5fejtg,500,2,0.0983444211,0
1537418940,Prod-EcsStagingCluster-EcsCluster-1AAGQRFIOE9AE,Service_beiakklem1vi3j5fejtg,500,2,0.1428903013,0
1537406220,Prod-EcsStagingCluster-EcsCluster-1AAGQRFIOE9AE,Service_beiakklem1vi3j5fejtg,500,2,0.1135469337,0
1537360560,Prod-EcsStagingCluster-EcsCluster-1AAGQRFIOE9AE,Service_beiakklem1vi3j5fejtg,500,2,0.0990691108,0
1537411440,Prod-EcsStagingCluster-EcsCluster-1AAGQRFIOE9AE,Service_beiakklem1vi3j5fejtg,500,2,0.1269438512,0
1537352040,Prod-EcsStagingCluster-EcsCluster-1AAGQRFIOE9AE,Service_beiakklem1vi3j5fejtg,500,2,0.1585214856,0
1537386000,Prod-EcsStagingCluster-EcsCluster-1AAGQRFIOE9AE,Service_beiakklem1vi3j5fejtg,500,2,0.1153060164,0
1537380660,Prod-EcsStagingCluster-EcsCluster-1AAGQRFIOE9AE,Service_beiakklem1vi3j5fejtg,500,2,0.1165914611,0
1537431540,Prod-EcsStagingCluster-EcsCluster-1AAGQRFIOE9AE,Service_beiakklem1vi3j5fejtg,500,2,0.1103357128,0
1537378440,Prod-EcsStagingCluster-EcsCluster-1AAGQRFIOE9AE,Service_beiakklem1vi3j5fejtg,500,2,0.1077892275,0
1537429320,Prod-EcsStagingCluster-EcsCluster-1AAGQRFIOE9AE,Service_beiakklem1vi3j5fejtg,500,2,0.1015309458,0
1537376220,Prod-EcsStagingCluster-EcsCluster-1AAGQRFIOE9AE,Service_beiakklem1vi3j5fejtg,500,2,0.0942773105,0
1537363500,Prod-EcsStagingCluster-EcsCluster-1AAGQRFIOE9AE,Service_beiakklem1vi3j5fejtg,500,2,0.1482082263,0
1537427100,Prod-EcsStagingCluster-EcsCluster-1AAGQRFIOE9AE,Service_beiakklem1vi3j5fejtg,500,2,0.1070282168,0
1537391040,Prod-EcsStagingCluster-EcsCluster-1AAGQRFIOE9AE,Service_beiakklem1vi3j5fejtg,500,2,0.1200156850,0
1537414380,Prod-EcsStagingCluster-EcsCluster-1AAGQRFIOE9AE,Service_beiakklem1vi3j5fejtg,500,2,0.1248174854,0
1537388820,Prod-EcsStagingCluster-EcsCluster-1AAGQRFIOE9AE,Service_beiakklem1vi3j5fejtg,500,2,0.1266951946,0
1537369680,Prod-EcsStagingCluster-EcsCluster-1AAGQRFIOE9AE,Service_beiakklem1vi3j5fejtg,500,2,0.1190745727,0
1537420560,Prod-EcsStagingCluster-EcsCluster-1AAGQRFIOE9AE,Service_beiakklem1vi3j5fejtg,500,2,0.1704246365,0
1537395120,Prod-EcsStagingCluster-EcsCluster-1AAGQRFIOE9AE,Service_beiakklem1vi3j5fejtg,500,2,0.0848581927,0
1537386600,Prod-EcsStagingCluster-EcsCluster-1AAGQRFIOE9AE,Service_beiakklem1vi3j5fejtg,500,2,0.1134133167,0
1537392900,Prod-EcsStagingCluster-EcsCluster-1AAGQRFIOE9AE,Service_beiakklem1vi3j5fejtg,500,2,0.1124752426,0
1537367460,Prod-EcsStagingCluster-EcsCluster-1AAGQRFIOE9AE,Service_beiakklem1vi3j5fejtg,500,2,0.1008325560,0
1537418340,Prod-EcsStagingCluster-EcsCluster-1AAGQRFIOE9AE,Service_beiakklem1vi3j5fejtg,500,2,0.1546424958,0
1537371660,Prod-EcsStagingCluster-EcsCluster-1AAGQRFIOE9AE,Service_beiakklem1vi3j5fejtg,500,2,0.1165112649,0
1537384380,Prod-EcsStagingCluster-EcsCluster-1AAGQRFIOE9AE,Service_beiakklem1vi3j5fejtg,500,2,0.0841319654,0
1537348320,Prod-EcsStagingCluster-EcsCluster-1AAGQRFIOE9AE,Service_beiakklem1vi3j5fejtg,500,2,0.1085759890,0
1537357800,Prod-EcsStagingCluster-EcsCluster-1AAGQRFIOE9AE,Service_beiakklem1vi3j5fejtg,500,2,0.1181584094,0
1537364160,Prod-EcsStagingCluster-EcsCluster-1AAGQRFIOE9AE,Service_beiakklem1vi3j5fejtg,500,2,0.1176797316,0
1537428900,Prod-EcsStagingCluster-EcsCluster-1AAGQRFIOE9AE,Service_beiakklem1vi3j5fejtg,500,2,0.0983195546,0
1537415040,Prod-EcsStagingCluster-EcsCluster-1AAGQRFIOE9AE,Service_beiakklem1vi3j5fejtg,500,2,0.0984670161,0
1537408680,Prod-EcsStagingCluster-EcsCluster-1AAGQRFIOE9AE,Service_beiakklem1vi3j5fejtg,500,2,0.0989110871,0
1537363020,Prod-EcsStagingCluster-EcsCluster-1AAGQRFIOE9AE,Service_beiakklem1vi3j5fejtg,500,2,0.1195189666,0
1537413900,Prod-EcsStagingCluster-EcsCluster-1AAGQRFIOE9AE,Service_beiakklem1vi3j5fejtg,500,2,0.1010656352,0
1537394820,Prod-EcsStagingCluster-EcsCluster-1AAGQRFIOE9AE,Service_beiakklem1vi3j5fejtg,500,2,0.0917221921,0
1537374600,Prod-EcsStagingCluster-EcsCluster-1AAGQRFIOE9AE,Service_beiakklem1vi3j5fejtg,500,2,0.1446775028,0
1537380960,Prod-EcsStagingCluster-EcsCluster-1AAGQRFIOE9AE,Service_beiakklem1vi3j5fejtg,500,2,0.1161274670,0
1537357560,Prod-EcsStagingCluster-EcsCluster-1AAGQRFIOE9AE,Service_beiakklem1vi3j5fejtg,500,2,0.1227372051,0
1537363920,Prod-EcsStagingCluster-EcsCluster-1AAGQRFIOE9AE,Service_beiakklem1vi3j5fejtg,500,2,0.1126024523,0
1537425480,Prod-EcsStagingCluster-EcsCluster-1AAGQRFIOE9AE,Service_beiakklem1vi3j5fejtg,500,2,0.1076421155,0
1537379820,Prod-EcsStagingCluster-EcsCluster-1AAGQRFIOE9AE,Service_beiakklem1vi3j5fejtg,500,2,0.1176472423,0
1537414800,Prod-EcsStagingCluster-EcsCluster-1AAGQRFIOE9AE,Service_beiakklem1vi3j5fejtg,500,2,0.1001847031,0
1537408440,Prod-EcsStagingCluster-EcsCluster-1AAGQRFIOE9AE,Service_beiakklem1vi3j5fejtg,500,2,0.1471207212,0
1537430700,Prod-EcsStagingCluster-EcsCluster-1AAGQRFIOE9AE,Service_beiakklem1vi3j5fejtg,500,2,0.0997986712,0
1537394580,Prod-EcsStagingCluster-EcsCluster-1AAGQRFIOE9AE,Service_beiakklem1vi3j5fejtg,500,2,0.1136015014,0
1537388220,Prod-EcsStagingCluster-EcsCluster-1AAGQRFIOE9AE,Service_beiakklem1vi3j5fejtg,500,2,0.1162916985,0
1537374360,Prod-EcsStagingCluster-EcsCluster-1AAGQRFIOE9AE,Service_beiakklem1vi3j5fejtg,500,2,0.1166554738,0
1537380720,Prod-EcsStagingCluster-EcsCluster-1AAGQRFIOE9AE,Service_beiakklem1vi3j5fejtg,500,2,0.1162967374,0
1537425240,Prod-EcsStagingCluster-EcsCluster-1AAGQRFIOE9AE,Service_beiakklem1vi3j5fejtg,500,2,0.1159573901,0
1537431600,Prod-EcsStagingCluster-EcsCluster-1AAGQRFIOE9AE,Service_beiakklem1vi3j5fejtg,500,2,0.1055416460,0
1537354140,Prod-EcsStagingCluster-EcsCluster-1AAGQRFIOE9AE,Service_beiakklem1vi3j5fejtg,500,2,0.1009263315,0
1537360500,Prod-EcsStagingCluster-EcsCluster-1AAGQRFIOE9AE,Service_beiakklem1vi3j5fejtg,500,2,0.1008954605,0
1537411380,Prod-EcsStagingCluster-EcsCluster-1AAGQRFIOE9AE,Service_beiakklem1vi3j5fejtg,500,2,0.1281481246,0
1537405020,Prod-EcsStagingCluster-EcsCluster-1AAGQRFIOE9AE,Service_beiakklem1vi3j5fejtg,500,2,0.1149271610,0
1537358280,Prod-EcsStagingCluster-EcsCluster-1AAGQRFIOE9AE,Service_beiakklem1vi3j5fejtg,500,2,0.1210479684,0
1537394340,Prod-EcsStagingCluster-EcsCluster-1AAGQRFIOE9AE,Service_beiakklem1vi3j5fejtg,500,2,0.0797456867,0
1537364640,Prod-EcsStagingCluster-EcsCluster-1AAGQRFIOE9AE,Service_beiakklem1vi3j5fejtg,500,2,0.1222207374,0
1537409160,Prod-EcsStagingCluster-EcsCluster-1AAGQRFIOE9AE,Service_beiakklem1vi3j5fejtg,500,2,0.1652900193,0
1537415520,Prod-EcsStagingCluster-EcsCluster-1AAGQRFIOE9AE,Service_beiakklem1vi3j5fejtg,500,2,0.1179721515,0
1537347600,Prod-EcsStagingCluster-EcsCluster-1AAGQRFIOE9AE,Service_beiakklem1vi3j5fejtg,500,2,0.1176161772,0
1537398480,Prod-EcsStagingCluster-EcsCluster-1AAGQRFIOE9AE,Service_beiakklem1vi3j5fejtg,500,2,0.1104397705,0
1537392120,Prod-EcsStagingCluster-EcsCluster-1AAGQRFIOE9AE,Service_beiakklem1vi3j5fejtg,500,2,0.1097249229,0
1537379340,Prod-EcsStagingCluster-EcsCluster-1AAGQRFIOE9AE,Service_beiakklem1vi3j5fejtg,500,2,0.1085810225,0
1537360260,Prod-EcsStagingCluster-EcsCluster-1AAGQRFIOE9AE,Service_beiakklem1vi3j5fejtg,500,2,0.1039386640,0
1537411140,Prod-EcsStagingCluster-EcsCluster-1AAGQRFIOE9AE,Service_beiakklem1vi3j5fejtg,500,2,0.1271504326,0
1537430220,Prod-EcsStagingCluster-EcsCluster-1AAGQRFIOE9AE,Service_beiakklem1vi3j5fejtg,500,2,0.1026976314,0
1537358040,Prod-EcsStagingCluster-EcsCluster-1AAGQRFIOE9AE,Service_beiakklem1vi3j5fejtg,500,2,0.1240384620,0
1537364400,Prod-EcsStagingCluster-EcsCluster-1AAGQRFIOE9AE,Service_beiakklem1vi3j5fejtg,500,2,0.1194281225,0
1537408920,Prod-EcsStagingCluster-EcsCluster-1AAGQRFIOE9AE,Service_beiakklem1vi3j5fejtg,500,2,0.1320920841,0
1537415280,Prod-EcsStagingCluster-EcsCluster-1AAGQRFIOE9AE,Service_beiakklem1vi3j5fejtg,500,2,0.1061305940,0
1537396140,Prod-EcsStagingCluster-EcsCluster-1AAGQRFIOE9AE,Service_beiakklem1vi3j5fejtg,500,2,0.1111059985,0
1537360020,Prod-EcsStagingCluster-EcsCluster-1AAGQRFIOE9AE,Service_beiakklem1vi3j5fejtg,500,2,0.1001026412,0
1537353660,Prod-EcsStagingCluster-EcsCluster-1AAGQRFIOE9AE,Service_beiakklem1vi3j5fejtg,500,2,0.1087641290,0
1537392840,Prod-EcsStagingCluster-EcsCluster-1AAGQRFIOE9AE,Service_beiakklem1vi3j5fejtg,500,2,0.1085263043,0
1537404540,Prod-EcsStagingCluster-EcsCluster-1AAGQRFIOE9AE,Service_beiakklem1vi3j5fejtg,500,2,0.1118949213,0
1537346160,Prod-EcsStagingCluster-EcsCluster-1AAGQRFIOE9AE,Service_beiakklem1vi3j5fejtg,500,2,0.1214467742,0
1537375800,Prod-EcsStagingCluster-EcsCluster-1AAGQRFIOE9AE,Service_beiakklem1vi3j5fejtg,500,2,0.0926571727,0
1537397040,Prod-EcsStagingCluster-EcsCluster-1AAGQRFIOE9AE,Service_beiakklem1vi3j5fejtg,500,2,0.1006168696,0
1537370460,Prod-EcsStagingCluster-EcsCluster-1AAGQRFIOE9AE,Service_beiakklem1vi3j5fejtg,500,2,0.1044325485,0
1537361940,Prod-EcsStagingCluster-EcsCluster-1AAGQRFIOE9AE,Service_beiakklem1vi3j5fejtg,500,2,0.1009718449,0
1537426680,Prod-EcsStagingCluster-EcsCluster-1AAGQRFIOE9AE,Service_beiakklem1vi3j5fejtg,500,2,0.1126878524,0
1537421340,Prod-EcsStagingCluster-EcsCluster-1AAGQRFIOE9AE,Service_beiakklem1vi3j5fejtg,500,2,0.0912317107,0
1537412820,Prod-EcsStagingCluster-EcsCluster-1AAGQRFIOE9AE,Service_beiakklem1vi3j5fejtg,500,2,0.1088938940,0
1537392600,Prod-EcsStagingCluster-EcsCluster-1AAGQRFIOE9AE,Service_beiakklem1vi3j5fejtg,500,2,0.1120584522,0
1537345920,Prod-EcsStagingCluster-EcsCluster-1AAGQRFIOE9AE,Service_beiakklem1vi3j5fejtg,500,2,0.1211988593,0
1537378740,Prod-EcsStagingCluster-EcsCluster-1AAGQRFIOE9AE,Service_beiakklem1vi3j5fejtg,500,2,0.1126687429,0
1537396800,Prod-EcsStagingCluster-EcsCluster-1AAGQRFIOE9AE,Service_beiakklem1vi3j5fejtg,500,2,0.0926565776,0
1537395660,Prod-EcsStagingCluster-EcsCluster-1AAGQRFIOE9AE,Service_beiakklem1vi3j5fejtg,500,2,0.1041857824,0
1537429620,Prod-EcsStagingCluster-EcsCluster-1AAGQRFIOE9AE,Service_beiakklem1vi3j5fejtg,500,2,0.1010927757,0
1537361700,Prod-EcsStagingCluster-EcsCluster-1AAGQRFIOE9AE,Service_beiakklem1vi3j5fejtg,500,2,0.0996398044,0
1537412580,Prod-EcsStagingCluster-EcsCluster-1AAGQRFIOE9AE,Service_beiakklem1vi3j5fejtg,500,2,0.0971909649,0
1537362720,Prod-EcsStagingCluster-EcsCluster-1AAGQRFIOE9AE,Service_beiakklem1vi3j5fejtg,500,2,0.1211177845,0
1537413600,Prod-EcsStagingCluster-EcsCluster-1AAGQRFIOE9AE,Service_beiakklem1vi3j5fejtg,500,2,0.1137710572,0
1537392360,Prod-EcsStagingCluster-EcsCluster-1AAGQRFIOE9AE,Service_beiakklem1vi3j5fejtg,500,2,0.1208209283,0
1537345680,Prod-EcsStagingCluster-EcsCluster-1AAGQRFIOE9AE,Service_beiakklem1vi3j5fejtg,500,2,0.1068902526,0
1537361580,Prod-EcsStagingCluster-EcsCluster-1AAGQRFIOE9AE,Service_beiakklem1vi3j5fejtg,500,2,0.0831273031,0
1537410360,Prod-EcsStagingCluster-EcsCluster-1AAGQRFIOE9AE,Service_beiakklem1vi3j5fejtg,500,2,0.1335982215,0
1537412460,Prod-EcsStagingCluster-EcsCluster-1AAGQRFIOE9AE,Service_beiakklem1vi3j5fejtg,500,2,0.0884398726,0
1537378500,Prod-EcsStagingCluster-EcsCluster-1AAGQRFIOE9AE,Service_beiakklem1vi3j5fejtg,500,2,0.0870094994,0
1537429380,Prod-EcsStagingCluster-EcsCluster-1AAGQRFIOE9AE,Service_beiakklem1vi3j5fejtg,500,2,0.1008872151,0
1537369980,Prod-EcsStagingCluster-EcsCluster-1AAGQRFIOE9AE,Service_beiakklem1vi3j5fejtg,500,2,0.1109105062,0
1537420860,Prod-EcsStagingCluster-EcsCluster-1AAGQRFIOE9AE,Service_beiakklem1vi3j5fejtg,500,2,0.1057296445,0
1537376280,Prod-EcsStagingCluster-EcsCluster-1AAGQRFIOE9AE,Service_beiakklem1vi3j5fejtg,500,2,0.1001285391,0
1537427160,Prod-EcsStagingCluster-EcsCluster-1AAGQRFIOE9AE,Service_beiakklem1vi3j5fejtg,500,2,0.1090770785,0
1537380480,Prod-EcsStagingCluster-EcsCluster-1AAGQRFIOE9AE,Service_beiakklem1vi3j5fejtg,500,2,0.1130262411,0
1537431360,Prod-EcsStagingCluster-EcsCluster-1AAGQRFIOE9AE,Service_beiakklem1vi3j5fejtg,500,2,0.0957540986,0
1537386780,Prod-EcsStagingCluster-EcsCluster-1AAGQRFIOE9AE,Service_beiakklem1vi3j5fejtg,500,2,0.1102090314,0
1537378260,Prod-EcsStagingCluster-EcsCluster-1AAGQRFIOE9AE,Service_beiakklem1vi3j5fejtg,500,2,0.1045827301,0
1537346400,Prod-EcsStagingCluster-EcsCluster-1AAGQRFIOE9AE,Service_beiakklem1vi3j5fejtg,500,2,0.1191984755,0
1537397280,Prod-EcsStagingCluster-EcsCluster-1AAGQRFIOE9AE,Service_beiakklem1vi3j5fejtg,500,2,0.0980419272,0
1537429140,Prod-EcsStagingCluster-EcsCluster-1AAGQRFIOE9AE,Service_beiakklem1vi3j5fejtg,500,2,0.1022531041,0
1537376040,Prod-EcsStagingCluster-EcsCluster-1AAGQRFIOE9AE,Service_beiakklem1vi3j5fejtg,500,2,0.0929320427,0
1537380240,Prod-EcsStagingCluster-EcsCluster-1AAGQRFIOE9AE,Service_beiakklem1vi3j5fejtg,500,2,0.1183056682,0
1537395060,Prod-EcsStagingCluster-EcsCluster-1AAGQRFIOE9AE,Service_beiakklem1vi3j5fejtg,500,2,0.1174880824,0
1537361100,Prod-EcsStagingCluster-EcsCluster-1AAGQRFIOE9AE,Service_beiakklem1vi3j5fejtg,500,2,0.1096113843,0
1537426920,Prod-EcsStagingCluster-EcsCluster-1AAGQRFIOE9AE,Service_beiakklem1vi3j5fejtg,500,2,0.1053593177,0
1537431120,Prod-EcsStagingCluster-EcsCluster-1AAGQRFIOE9AE,Service_beiakklem1vi3j5fejtg,500,2,0.1105361531,0
1537411980,Prod-EcsStagingCluster-EcsCluster-1AAGQRFIOE9AE,Service_beiakklem1vi3j5fejtg,500,2,0.1049724006,0
1537378020,Prod-EcsStagingCluster-EcsCluster-1AAGQRFIOE9AE,Service_beiakklem1vi3j5fejtg,500,2,0.1060153858,0
1537372680,Prod-EcsStagingCluster-EcsCluster-1AAGQRFIOE9AE,Service_beiakklem1vi3j5fejtg,500,2,0.1145854969,0
1537379040,Prod-EcsStagingCluster-EcsCluster-1AAGQRFIOE9AE,Service_beiakklem1vi3j5fejtg,500,2,0.1154752053,0
1537424700,Prod-EcsStagingCluster-EcsCluster-1AAGQRFIOE9AE,Service_beiakklem1vi3j5fejtg,500,2,0.1082723536,0
1537359960,Prod-EcsStagingCluster-EcsCluster-1AAGQRFIOE9AE,Service_beiakklem1vi3j5fejtg,500,2,0.1003937204,0
1537366320,Prod-EcsStagingCluster-EcsCluster-1AAGQRFIOE9AE,Service_beiakklem1vi3j5fejtg,500,2,0.1171650137,0
1537410840,Prod-EcsStagingCluster-EcsCluster-1AAGQRFIOE9AE,Service_beiakklem1vi3j5fejtg,500,2,0.1070998346,0
1537429920,Prod-EcsStagingCluster-EcsCluster-1AAGQRFIOE9AE,Service_beiakklem1vi3j5fejtg,500,2,0.1014613417,0
1537423560,Prod-EcsStagingCluster-EcsCluster-1AAGQRFIOE9AE,Service_beiakklem1vi3j5fejtg,500,2,0.1077937243,0
1537417200,Prod-EcsStagingCluster-EcsCluster-1AAGQRFIOE9AE,Service_beiakklem1vi3j5fejtg,500,2,0.1515626173,0
1537390620,Prod-EcsStagingCluster-EcsCluster-1AAGQRFIOE9AE,Service_beiakklem1vi3j5fejtg,500,2,0.1195881630,0
1537377900,Prod-EcsStagingCluster-EcsCluster-1AAGQRFIOE9AE,Service_beiakklem1vi3j5fejtg,500,2,0.1065942961,0
1537428780,Prod-EcsStagingCluster-EcsCluster-1AAGQRFIOE9AE,Service_beiakklem1vi3j5fejtg,500,2,0.1005515035,0
1537379940,Prod-EcsStagingCluster-EcsCluster-1AAGQRFIOE9AE,Service_beiakklem1vi3j5fejtg,500,2,0.1183769704,0
1537392660,Prod-EcsStagingCluster-EcsCluster-1AAGQRFIOE9AE,Service_beiakklem1vi3j5fejtg,500,2,0.1101192267,0
1537430820,Prod-EcsStagingCluster-EcsCluster-1AAGQRFIOE9AE,Service_beiakklem1vi3j5fejtg,500,2,0.1072915409,0
1537358580,Prod-EcsStagingCluster-EcsCluster-1AAGQRFIOE9AE,Service_beiakklem1vi3j5fejtg,500,2,0.1088905073,0
1537345860,Prod-EcsStagingCluster-EcsCluster-1AAGQRFIOE9AE,Service_beiakklem1vi3j5fejtg,500,2,0.1098618257,0
1537409460,Prod-EcsStagingCluster-EcsCluster-1AAGQRFIOE9AE,Service_beiakklem1vi3j5fejtg,500,2,0.1020798757,0
1537396740,Prod-EcsStagingCluster-EcsCluster-1AAGQRFIOE9AE,Service_beiakklem1vi3j5fejtg,500,2,0.0908358794,0
1537359480,Prod-EcsStagingCluster-EcsCluster-1AAGQRFIOE9AE,Service_beiakklem1vi3j5fejtg,500,2,0.1014189780,0
1537378560,Prod-EcsStagingCluster-EcsCluster-1AAGQRFIOE9AE,Service_beiakklem1vi3j5fejtg,500,2,0.1066258916,0
1537365840,Prod-EcsStagingCluster-EcsCluster-1AAGQRFIOE9AE,Service_beiakklem1vi3j5fejtg,500,2,0.1163645701,0
1537372200,Prod-EcsStagingCluster-EcsCluster-1AAGQRFIOE9AE,Service_beiakklem1vi3j5fejtg,500,2,0.1178581480,0
1537377420,Prod-EcsStagingCluster-EcsCluster-1AAGQRFIOE9AE,Service_beiakklem1vi3j5fejtg,500,2,0.0929096772,0
1537390140,Prod-EcsStagingCluster-EcsCluster-1AAGQRFIOE9AE,Service_beiakklem1vi3j5fejtg,500,2,0.1094509315,0
1537428300,Prod-EcsStagingCluster-EcsCluster-1AAGQRFIOE9AE,Service_beiakklem1vi3j5fejtg,500,2,0.1007305803,0
1537356060,Prod-EcsStagingCluster-EcsCluster-1AAGQRFIOE9AE,Service_beiakklem1vi3j5fejtg,500,2,0.1077491619,0
1537406940,Prod-EcsStagingCluster-EcsCluster-1AAGQRFIOE9AE,Service_beiakklem1vi3j5fejtg,500,2,0.1037770911,0
1537394220,Prod-EcsStagingCluster-EcsCluster-1AAGQRFIOE9AE,Service_beiakklem1vi3j5fejtg,500,2,0.1121881331,0
1537345380,Prod-EcsStagingCluster-EcsCluster-1AAGQRFIOE9AE,Service_beiakklem1vi3j5fejtg,500,2,0.1131571746,0
1537358100,Prod-EcsStagingCluster-EcsCluster-1AAGQRFIOE9AE,Service_beiakklem1vi3j5fejtg,500,2,0.1284677127,0
1537396260,Prod-EcsStagingCluster-EcsCluster-1AAGQRFIOE9AE,Service_beiakklem1vi3j5fejtg,500,2,0.0894153039,0
1537408980,Prod-EcsStagingCluster-EcsCluster-1AAGQRFIOE9AE,Service_beiakklem1vi3j5fejtg,500,2,0.1338965712,0
1537362240,Prod-EcsStagingCluster-EcsCluster-1AAGQRFIOE9AE,Service_beiakklem1vi3j5fejtg,500,2,0.1184055517,0
1537349520,Prod-EcsStagingCluster-EcsCluster-1AAGQRFIOE9AE,Service_beiakklem1vi3j5fejtg,500,2,0.1113731571,0
1537355880,Prod-EcsStagingCluster-EcsCluster-1AAGQRFIOE9AE,Service_beiakklem1vi3j5fejtg,500,2,0.1067226434,0
1537400400,Prod-EcsStagingCluster-EcsCluster-1AAGQRFIOE9AE,Service_beiakklem1vi3j5fejtg,500,2,0.1125476585,0
1537394040,Prod-EcsStagingCluster-EcsCluster-1AAGQRFIOE9AE,Service_beiakklem1vi3j5fejtg,500,2,0.0902040271,0
1537374900,Prod-EcsStagingCluster-EcsCluster-1AAGQRFIOE9AE,Service_beiakklem1vi3j5fejtg,500,2,0.1053492172,0
1537413120,Prod-EcsStagingCluster-EcsCluster-1AAGQRFIOE9AE,Service_beiakklem1vi3j5fejtg,500,2,0.0821585856,0
1537406760,Prod-EcsStagingCluster-EcsCluster-1AAGQRFIOE9AE,Service_beiakklem1vi3j5fejtg,500,2,0.1060752396,0
1537362180,Prod-EcsStagingCluster-EcsCluster-1AAGQRFIOE9AE,Service_beiakklem1vi3j5fejtg,500,2,0.0904876178,0
1537413060,Prod-EcsStagingCluster-EcsCluster-1AAGQRFIOE9AE,Service_beiakklem1vi3j5fejtg,500,2,0.0958981811,0
1537425780,Prod-EcsStagingCluster-EcsCluster-1AAGQRFIOE9AE,Service_beiakklem1vi3j5fejtg,500,2,0.1079003544,0
1537410900,Prod-EcsStagingCluster-EcsCluster-1AAGQRFIOE9AE,Service_beiakklem1vi3j5fejtg,500,2,0.1306188591,0
1537382160,Prod-EcsStagingCluster-EcsCluster-1AAGQRFIOE9AE,Service_beiakklem1vi3j5fejtg,500,2,0.1211417495,0
1537376820,Prod-EcsStagingCluster-EcsCluster-1AAGQRFIOE9AE,Service_beiakklem1vi3j5fejtg,500,2,0.0964025967,0
1537394880,Prod-EcsStagingCluster-EcsCluster-1AAGQRFIOE9AE,Service_beiakklem1vi3j5fejtg,500,2,0.1124039898,0
1537364100,Prod-EcsStagingCluster-EcsCluster-1AAGQRFIOE9AE,Service_beiakklem1vi3j5fejtg,500,2,0.1181337568,0
1537355580,Prod-EcsStagingCluster-EcsCluster-1AAGQRFIOE9AE,Service_beiakklem1vi3j5fejtg,500,2,0.1142106115,0
1537393740,Prod-EcsStagingCluster-EcsCluster-1AAGQRFIOE9AE,Service_beiakklem1vi3j5fejtg,500,2,0.1083160894,0
1537427700,Prod-EcsStagingCluster-EcsCluster-1AAGQRFIOE9AE,Service_beiakklem1vi3j5fejtg,500,2,0.1080508342,0
1537414980,Prod-EcsStagingCluster-EcsCluster-1AAGQRFIOE9AE,Service_beiakklem1vi3j5fejtg,500,2,0.0963579344,0
1537348080,Prod-EcsStagingCluster-EcsCluster-1AAGQRFIOE9AE,Service_beiakklem1vi3j5fejtg,500,2,0.1442970591,0
1537360800,Prod-EcsStagingCluster-EcsCluster-1AAGQRFIOE9AE,Service_beiakklem1vi3j5fejtg,500,2,0.1121810610,0
1537406460,Prod-EcsStagingCluster-EcsCluster-1AAGQRFIOE9AE,Service_beiakklem1vi3j5fejtg,500,2,0.1122781704,0
1537411680,Prod-EcsStagingCluster-EcsCluster-1AAGQRFIOE9AE,Service_beiakklem1vi3j5fejtg,500,2,0.1620281014,0
1537377720,Prod-EcsStagingCluster-EcsCluster-1AAGQRFIOE9AE,Service_beiakklem1vi3j5fejtg,500,2,0.1018561732,0
1537398960,Prod-EcsStagingCluster-EcsCluster-1AAGQRFIOE9AE,Service_beiakklem1vi3j5fejtg,500,2,0.1123754643,0
1537372380,Prod-EcsStagingCluster-EcsCluster-1AAGQRFIOE9AE,Service_beiakklem1vi3j5fejtg,500,2,0.1161351140,0
1537390440,Prod-EcsStagingCluster-EcsCluster-1AAGQRFIOE9AE,Service_beiakklem1vi3j5fejtg,500,2,0.1198587544,0
1537359660,Prod-EcsStagingCluster-EcsCluster-1AAGQRFIOE9AE,Service_beiakklem1vi3j5fejtg,500,2,0.0994932615,0
1537410540,Prod-EcsStagingCluster-EcsCluster-1AAGQRFIOE9AE,Service_beiakklem1vi3j5fejtg,500,2,0.1315612255,0
1537428600,Prod-EcsStagingCluster-EcsCluster-1AAGQRFIOE9AE,Service_beiakklem1vi3j5fejtg,500,2,0.1037315656,0
1537423260,Prod-EcsStagingCluster-EcsCluster-1AAGQRFIOE9AE,Service_beiakklem1vi3j5fejtg,500,2,0.1093111653,0
1537356360,Prod-EcsStagingCluster-EcsCluster-1AAGQRFIOE9AE,Service_beiakklem1vi3j5fejtg,500,2,0.1094975044,0
1537407240,Prod-EcsStagingCluster-EcsCluster-1AAGQRFIOE9AE,Service_beiakklem1vi3j5fejtg,500,2,0.1116075884,0
1537394520,Prod-EcsStagingCluster-EcsCluster-1AAGQRFIOE9AE,Service_beiakklem1vi3j5fejtg,500,2,0.1113666483,0
1537416720,Prod-EcsStagingCluster-EcsCluster-1AAGQRFIOE9AE,Service_beiakklem1vi3j5fejtg,500,2,0.0995052071,0
1537429440,Prod-EcsStagingCluster-EcsCluster-1AAGQRFIOE9AE,Service_beiakklem1vi3j5fejtg,500,2,0.0976004062,0
1537363620,Prod-EcsStagingCluster-EcsCluster-1AAGQRFIOE9AE,Service_beiakklem1vi3j5fejtg,500,2,0.1081645662,0
1537376340,Prod-EcsStagingCluster-EcsCluster-1AAGQRFIOE9AE,Service_beiakklem1vi3j5fejtg,500,2,0.0968193329,0
1537414500,Prod-EcsStagingCluster-EcsCluster-1AAGQRFIOE9AE,Service_beiakklem1vi3j5fejtg,500,2,0.0967971506,0
1537395360,Prod-EcsStagingCluster-EcsCluster-1AAGQRFIOE9AE,Service_beiakklem1vi3j5fejtg,500,2,0.1016875341,0
1537361400,Prod-EcsStagingCluster-EcsCluster-1AAGQRFIOE9AE,Service_beiakklem1vi3j5fejtg,500,2,0.1111401057,0
1537427220,Prod-EcsStagingCluster-EcsCluster-1AAGQRFIOE9AE,Service_beiakklem1vi3j5fejtg,500,2,0.1105711029,0
1537382640,Prod-EcsStagingCluster-EcsCluster-1AAGQRFIOE9AE,Service_beiakklem1vi3j5fejtg,500,2,0.1579509244,0
1537374120,Prod-EcsStagingCluster-EcsCluster-1AAGQRFIOE9AE,Service_beiakklem1vi3j5fejtg,500,2,0.1169962102,0
1537412280,Prod-EcsStagingCluster-EcsCluster-1AAGQRFIOE9AE,Service_beiakklem1vi3j5fejtg,500,2,0.0999748552,0
1537393140,Prod-EcsStagingCluster-EcsCluster-1AAGQRFIOE9AE,Service_beiakklem1vi3j5fejtg,500,2,0.1491362459,0
1537359180,Prod-EcsStagingCluster-EcsCluster-1AAGQRFIOE9AE,Service_beiakklem1vi3j5fejtg,500,2,0.1092736698,0
1537425000,Prod-EcsStagingCluster-EcsCluster-1AAGQRFIOE9AE,Service_beiakklem1vi3j5fejtg,500,2,0.1088360860,0
1537380420,Prod-EcsStagingCluster-EcsCluster-1AAGQRFIOE9AE,Service_beiakklem1vi3j5fejtg,500,2,0.1282739026,0
1537431300,Prod-EcsStagingCluster-EcsCluster-1AAGQRFIOE9AE,Service_beiakklem1vi3j5fejtg,500,2,0.1114402120,0
1537371900,Prod-EcsStagingCluster-EcsCluster-1AAGQRFIOE9AE,Service_beiakklem1vi3j5fejtg,500,2,0.1042749841,0
1537410060,Prod-EcsStagingCluster-EcsCluster-1AAGQRFIOE9AE,Service_beiakklem1vi3j5fejtg,500,2,0.1267732797,0
1537422780,Prod-EcsStagingCluster-EcsCluster-1AAGQRFIOE9AE,Service_beiakklem1vi3j5fejtg,500,2,0.1068013708,0
1537390920,Prod-EcsStagingCluster-EcsCluster-1AAGQRFIOE9AE,Service_beiakklem1vi3j5fejtg,500,2,0.1199185281,0
1537378200,Prod-EcsStagingCluster-EcsCluster-1AAGQRFIOE9AE,Service_beiakklem1vi3j5fejtg,500,2,0.1029551049,0
1537429080,Prod-EcsStagingCluster-EcsCluster-1AAGQRFIOE9AE,Service_beiakklem1vi3j5fejtg,500,2,0.1000859897,0
1537388700,Prod-EcsStagingCluster-EcsCluster-1AAGQRFIOE9AE,Service_beiakklem1vi3j5fejtg,500,2,0.1291420523,0
1537375980,Prod-EcsStagingCluster-EcsCluster-1AAGQRFIOE9AE,Service_beiakklem1vi3j5fejtg,500,2,0.0759685072,0
1537350300,Prod-EcsStagingCluster-EcsCluster-1AAGQRFIOE9AE,Service_beiakklem1vi3j5feju0,500,2,0.0167811222,0
1537353480,Prod-EcsStagingCluster-EcsCluster-1AAGQRFIOE9AE,Service_beiakklem1vi3j5feju0,500,2,0.0198986579,0
1537356660,Prod-EcsStagingCluster-EcsCluster-1AAGQRFIOE9AE,Service_beiakklem1vi3j5feju0,500,2,0.0070580346,0
1537359840,Prod-EcsStagingCluster-EcsCluster-1AAGQRFIOE9AE,Service_beiakklem1vi3j5feju0,500,2,0.0055592346,0
1537378920,Prod-EcsStagingCluster-EcsCluster-1AAGQRFIOE9AE,Service_beiakklem1vi3j5feju0,500,2,0.0037967504,0
1537382100,Prod-EcsStagingCluster-EcsCluster-1AAGQRFIOE9AE,Service_beiakklem1vi3j5feju0,500,2,0.0028384033,0
1537385280,Prod-EcsStagingCluster-EcsCluster-1AAGQRFIOE9AE,Service_beiakklem1vi3j5feju0,500,2,0.0051121518,0
1537375740,Prod-EcsStagingCluster-EcsCluster-1AAGQRFIOE9AE,Service_beiakklem1vi3j5feju0,500,2,0.0038873888,0
1537409580,Prod-EcsStagingCluster-EcsCluster-1AAGQRFIOE9AE,Service_beiakklem1vi3j5feju0,500,2,0.0089898821,1
1537412760,Prod-EcsStagingCluster-EcsCluster-1AAGQRFIOE9AE,Service_beiakklem1vi3j5feju0,500,2,0.0171863255,1
1537415940,Prod-EcsStagingCluster-EcsCluster-1AAGQRFIOE9AE,Service_beiakklem1vi3j5feju0,500,2,0.0057474786,1
1537419120,Prod-EcsStagingCluster-EcsCluster-1AAGQRFIOE9AE,Service_beiakklem1vi3j5feju0,500,2,0.0193424078,1
1537393440,Prod-EcsStagingCluster-EcsCluster-1AAGQRFIOE9AE,Service_beiakklem1vi3j5feju0,500,2,0.0039515182,0
1537390260,Prod-EcsStagingCluster-EcsCluster-1AAGQRFIOE9AE,Service_beiakklem1vi3j5feju0,500,2,0.0038565899,0
1537383900,Prod-EcsStagingCluster-EcsCluster-1AAGQRFIOE9AE,Service_beiakklem1vi3j5feju0,500,2,0.0053439503,0
1537387080,Prod-EcsStagingCluster-EcsCluster-1AAGQRFIOE9AE,Service_beiakklem1vi3j5feju0,500,2,0.0038010714,0
1537415700,Prod-EcsStagingCluster-EcsCluster-1AAGQRFIOE9AE,Service_beiakklem1vi3j5feju0,500,2,0.0053659165,0
1537418880,Prod-EcsStagingCluster-EcsCluster-1AAGQRFIOE9AE,Service_beiakklem1vi3j5feju0,500,2,0.0188634629,0
1537347780,Prod-EcsStagingCluster-EcsCluster-1AAGQRFIOE9AE,Service_beiakklem1vi3j5feju0,500,2,0.0051821618,0
1537350960,Prod-EcsStagingCluster-EcsCluster-1AAGQRFIOE9AE,Service_beiakklem1vi3j5feju0,500,2,0.0068052822,0
1537409340,Prod-EcsStagingCluster-EcsCluster-1AAGQRFIOE9AE,Service_beiakklem1vi3j5feju0,500,2,0.0086915432,0
1537412520,Prod-EcsStagingCluster-EcsCluster-1AAGQRFIOE9AE,Service_beiakklem1vi3j5feju0,500,2,0.0058152383,0
1537373220,Prod-EcsStagingCluster-EcsCluster-1AAGQRFIOE9AE,Service_beiakklem1vi3j5feju0,500,2,0.0050886996,0
1537366860,Prod-EcsStagingCluster-EcsCluster-1AAGQRFIOE9AE,Service_beiakklem1vi3j5feju0,500,2,0.0058797812,0
1537394400,Prod-EcsStagingCluster-EcsCluster-1AAGQRFIOE9AE,Service_beiakklem1vi3j5feju0,500,2,0.0046657893,0
1537388040,Prod-EcsStagingCluster-EcsCluster-1AAGQRFIOE9AE,Service_beiakklem1vi3j5feju0,500,2,0.0039682728,0
1537419840,Prod-EcsStagingCluster-EcsCluster-1AAGQRFIOE9AE,Service_beiakklem1vi3j5feju0,500,2,0.0100468808,0
1537351920,Prod-EcsStagingCluster-EcsCluster-1AAGQRFIOE9AE,Service_beiakklem1vi3j5feju0,500,2,0.0055052515,1
1537413480,Prod-EcsStagingCluster-EcsCluster-1AAGQRFIOE9AE,Service_beiakklem1vi3j5feju0,500,2,0.0057601619,0
1537345560,Prod-EcsStagingCluster-EcsCluster-1AAGQRFIOE9AE,Service_beiakklem1vi3j5feju0,500,2,0.0053468250,0
1537377360,Prod-EcsStagingCluster-EcsCluster-1AAGQRFIOE9AE,Service_beiakklem1vi3j5feju0,500,2,0.0112305059,0
1537371000,Prod-EcsStagingCluster-EcsCluster-1AAGQRFIOE9AE,Service_beiakklem1vi3j5feju0,500,2,0.0057869659,0
1537347540,Prod-EcsStagingCluster-EcsCluster-1AAGQRFIOE9AE,Service_beiakklem1vi3j5feju0,500,2,0.0081738236,0
1537345320,Prod-EcsStagingCluster-EcsCluster-1AAGQRFIOE9AE,Service_beiakklem1vi3j5feju0,500,2,0.0052342855,0
1537417500,Prod-EcsStagingCluster-EcsCluster-1AAGQRFIOE9AE,Service_beiakklem1vi3j5feju0,500,2,0.0114690681,0
1537423860,Prod-EcsStagingCluster-EcsCluster-1AAGQRFIOE9AE,Service_beiakklem1vi3j5feju0,500,2,0.0056770369,0
1537351680,Prod-EcsStagingCluster-EcsCluster-1AAGQRFIOE9AE,Service_beiakklem1vi3j5feju0,500,2,0.0054425225,1
1537375020,Prod-EcsStagingCluster-EcsCluster-1AAGQRFIOE9AE,Service_beiakklem1vi3j5feju0,500,2,0.0041165557,0
1537381380,Prod-EcsStagingCluster-EcsCluster-1AAGQRFIOE9AE,Service_beiakklem1vi3j5feju0,500,2,0.0024959627,0
1537400460,Prod-EcsStagingCluster-EcsCluster-1AAGQRFIOE9AE,Service_beiakklem1vi3j5feju0,500,2,0.0075144414,0
1537406820,Prod-EcsStagingCluster-EcsCluster-1AAGQRFIOE9AE,Service_beiakklem1vi3j5feju0,500,2,0.0118879056,0
1537428000,Prod-EcsStagingCluster-EcsCluster-1AAGQRFIOE9AE,Service_beiakklem1vi3j5feju0,500,2,0.0046013880,5
1537421640,Prod-EcsStagingCluster-EcsCluster-1AAGQRFIOE9AE,Service_beiakklem1vi3j5feju0,500,2,0.0055609572,0
1537385520,Prod-EcsStagingCluster-EcsCluster-1AAGQRFIOE9AE,Service_beiakklem1vi3j5feju0,500,2,0.0063846161,0
1537379160,Prod-EcsStagingCluster-EcsCluster-1AAGQRFIOE9AE,Service_beiakklem1vi3j5feju0,500,2,0.0126059979,1
1537404600,Prod-EcsStagingCluster-EcsCluster-1AAGQRFIOE9AE,Service_beiakklem1vi3j5feju0,500,2,0.0074493219,0
1537410960,Prod-EcsStagingCluster-EcsCluster-1AAGQRFIOE9AE,Service_beiakklem1vi3j5feju0,500,2,0.0485334761,0
1537358880,Prod-EcsStagingCluster-EcsCluster-1AAGQRFIOE9AE,Service_beiakklem1vi3j5feju0,500,2,0.0053955122,0
1537349340,Prod-EcsStagingCluster-EcsCluster-1AAGQRFIOE9AE,Service_beiakklem1vi3j5feju0,500,2,0.0073353697,1
1537380120,Prod-EcsStagingCluster-EcsCluster-1AAGQRFIOE9AE,Service_beiakklem1vi3j5feju0,500,2,0.0015292340,1
1537383300,Prod-EcsStagingCluster-EcsCluster-1AAGQRFIOE9AE,Service_beiakklem1vi3j5feju0,500,2,0.0139688563,0
1537384320,Prod-EcsStagingCluster-EcsCluster-1AAGQRFIOE9AE,Service_beiakklem1vi3j5feju0,500,2,0.0053839213,0
1537405560,Prod-EcsStagingCluster-EcsCluster-1AAGQRFIOE9AE,Service_beiakklem1vi3j5feju0,500,2,0.0175702551,0
1537408740,Prod-EcsStagingCluster-EcsCluster-1AAGQRFIOE9AE,Service_beiakklem1vi3j5feju0,500,2,0.0075019397,0
1537374780,Prod-EcsStagingCluster-EcsCluster-1AAGQRFIOE9AE,Service_beiakklem1vi3j5feju0,500,2,0.0041999358,0
1537408620,Prod-EcsStagingCluster-EcsCluster-1AAGQRFIOE9AE,Service_beiakklem1vi3j5feju0,500,2,0.0075347055,0
1537418160,Prod-EcsStagingCluster-EcsCluster-1AAGQRFIOE9AE,Service_beiakklem1vi3j5feju0,500,2,0.0304164137,0
1537354440,Prod-EcsStagingCluster-EcsCluster-1AAGQRFIOE9AE,Service_beiakklem1vi3j5feju0,500,2,0.0064861916,0
1537357620,Prod-EcsStagingCluster-EcsCluster-1AAGQRFIOE9AE,Service_beiakklem1vi3j5feju0,500,2,0.0057912745,0
1537379880,Prod-EcsStagingCluster-EcsCluster-1AAGQRFIOE9AE,Service_beiakklem1vi3j5feju0,500,2,0.0014420864,0
1537383060,Prod-EcsStagingCluster-EcsCluster-1AAGQRFIOE9AE,Service_beiakklem1vi3j5feju0,500,2,0.0039757044,0
1537392480,Prod-EcsStagingCluster-EcsCluster-1AAGQRFIOE9AE,Service_beiakklem1vi3j5feju0,500,2,0.0036232585,0
1537413720,Prod-EcsStagingCluster-EcsCluster-1AAGQRFIOE9AE,Service_beiakklem1vi3j5feju0,500,2,0.0294619230,0
1537416900,Prod-EcsStagingCluster-EcsCluster-1AAGQRFIOE9AE,Service_beiakklem1vi3j5feju0,500,2,0.0058265853,0
1537382940,Prod-EcsStagingCluster-EcsCluster-1AAGQRFIOE9AE,Service_beiakklem1vi3j5feju0,500,2,0.0029136044,0
1537417920,Prod-EcsStagingCluster-EcsCluster-1AAGQRFIOE9AE,Service_beiakklem1vi3j5feju0,500,2,0.0103552481,0
1537350000,Prod-EcsStagingCluster-EcsCluster-1AAGQRFIOE9AE,Service_beiakklem1vi3j5feju0,500,2,0.0259124310,0
1537408380,Prod-EcsStagingCluster-EcsCluster-1AAGQRFIOE9AE,Service_beiakklem1vi3j5feju0,500,2,0.0077664206,0
1537375440,Prod-EcsStagingCluster-EcsCluster-1AAGQRFIOE9AE,Service_beiakklem1vi3j5feju0,500,2,0.0039871922,0
1537365900,Prod-EcsStagingCluster-EcsCluster-1AAGQRFIOE9AE,Service_beiakklem1vi3j5feju0,500,2,0.0057118796,0
1537376400,Prod-EcsStagingCluster-EcsCluster-1AAGQRFIOE9AE,Service_beiakklem1vi3j5feju0,500,2,0.0048074845,0
1537391220,Prod-EcsStagingCluster-EcsCluster-1AAGQRFIOE9AE,Service_beiakklem1vi3j5feju0,500,2,0.0038061552,0
1537416660,Prod-EcsStagingCluster-EcsCluster-1AAGQRFIOE9AE,Service_beiakklem1vi3j5feju0,500,2,0.0110097193,0
1537348740,Prod-EcsStagingCluster-EcsCluster-1AAGQRFIOE9AE,Service_beiakklem1vi3j5feju0,500,2,0.0057709547,1
1537374180,Prod-EcsStagingCluster-EcsCluster-1AAGQRFIOE9AE,Service_beiakklem1vi3j5feju0,500,2,0.0061577914,0
1537389000,Prod-EcsStagingCluster-EcsCluster-1AAGQRFIOE9AE,Service_beiakklem1vi3j5feju0,500,2,0.0037969747,0
1537346520,Prod-EcsStagingCluster-EcsCluster-1AAGQRFIOE9AE,Service_beiakklem1vi3j5feju0,500,2,0.0052073827,0
1537414440,Prod-EcsStagingCluster-EcsCluster-1AAGQRFIOE9AE,Service_beiakklem1vi3j5feju0,500,2,0.0059026349,0
1537371960,Prod-EcsStagingCluster-EcsCluster-1AAGQRFIOE9AE,Service_beiakklem1vi3j5feju0,500,2,0.0360908532,0
1537416540,Prod-EcsStagingCluster-EcsCluster-1AAGQRFIOE9AE,Service_beiakklem1vi3j5feju0,500,2,0.0056612075,0
1537350720,Prod-EcsStagingCluster-EcsCluster-1AAGQRFIOE9AE,Service_beiakklem1vi3j5feju0,500,2,0.0099736929,0
1537374060,Prod-EcsStagingCluster-EcsCluster-1AAGQRFIOE9AE,Service_beiakklem1vi3j5feju0,500,2,0.0086173130,0
1537399500,Prod-EcsStagingCluster-EcsCluster-1AAGQRFIOE9AE,Service_beiakklem1vi3j5feju0,500,2,0.0055214891,0
1537348500,Prod-EcsStagingCluster-EcsCluster-1AAGQRFIOE9AE,Service_beiakklem1vi3j5feju0,500,2,0.0154613547,0
1537427040,Prod-EcsStagingCluster-EcsCluster-1AAGQRFIOE9AE,Service_beiakklem1vi3j5feju0,500,2,0.0044662178,0
1537384560,Prod-EcsStagingCluster-EcsCluster-1AAGQRFIOE9AE,Service_beiakklem1vi3j5feju0,500,2,0.0150721974,0
1537410000,Prod-EcsStagingCluster-EcsCluster-1AAGQRFIOE9AE,Service_beiakklem1vi3j5feju0,500,2,0.0085935380,0
1537346280,Prod-EcsStagingCluster-EcsCluster-1AAGQRFIOE9AE,Service_beiakklem1vi3j5feju0,500,2,0.0054279633,0
1537424820,Prod-EcsStagingCluster-EcsCluster-1AAGQRFIOE9AE,Service_beiakklem1vi3j5feju0,500,2,0.0041630227,1
1537348380,Prod-EcsStagingCluster-EcsCluster-1AAGQRFIOE9AE,Service_beiakklem1vi3j5feju0,500,2,0.1835957138,0
1537382340,Prod-EcsStagingCluster-EcsCluster-1AAGQRFIOE9AE,Service_beiakklem1vi3j5feju0,500,2,0.0027906732,0
1537407780,Prod-EcsStagingCluster-EcsCluster-1AAGQRFIOE9AE,Service_beiakklem1vi3j5feju0,500,2,0.0058763073,0
1537373820,Prod-EcsStagingCluster-EcsCluster-1AAGQRFIOE9AE,Service_beiakklem1vi3j5feju0,500,2,0.0053471381,0
1537422600,Prod-EcsStagingCluster-EcsCluster-1AAGQRFIOE9AE,Service_beiakklem1vi3j5feju0,500,2,0.0116366693,0
1537407660,Prod-EcsStagingCluster-EcsCluster-1AAGQRFIOE9AE,Service_beiakklem1vi3j5feju0,500,2,0.0932924134,0
1537420380,Prod-EcsStagingCluster-EcsCluster-1AAGQRFIOE9AE,Service_beiakklem1vi3j5feju0,500,2,0.0100401408,0
1537387440,Prod-EcsStagingCluster-EcsCluster-1AAGQRFIOE9AE,Service_beiakklem1vi3j5feju0,500,2,0.0038906225,0
1537381080,Prod-EcsStagingCluster-EcsCluster-1AAGQRFIOE9AE,Service_beiakklem1vi3j5feju0,500,2,0.0026509583,0
1537384260,Prod-EcsStagingCluster-EcsCluster-1AAGQRFIOE9AE,Service_beiakklem1vi3j5feju0,500,2,0.0051872800,0
1537412880,Prod-EcsStagingCluster-EcsCluster-1AAGQRFIOE9AE,Service_beiakklem1vi3j5feju0,500,2,0.0059492758,0
1537406520,Prod-EcsStagingCluster-EcsCluster-1AAGQRFIOE9AE,Service_beiakklem1vi3j5feju0,500,2,0.0059310306,0
1537409700,Prod-EcsStagingCluster-EcsCluster-1AAGQRFIOE9AE,Service_beiakklem1vi3j5feju0,500,2,0.0152449319,0
1537391520,Prod-EcsStagingCluster-EcsCluster-1AAGQRFIOE9AE,Service_beiakklem1vi3j5feju0,500,2,0.0038771992,0
1537385160,Prod-EcsStagingCluster-EcsCluster-1AAGQRFIOE9AE,Service_beiakklem1vi3j5feju0,500,2,0.0136820109,0
1537388340,Prod-EcsStagingCluster-EcsCluster-1AAGQRFIOE9AE,Service_beiakklem1vi3j5feju0,500,2,0.0039279021,0
1537416960,Prod-EcsStagingCluster-EcsCluster-1AAGQRFIOE9AE,Service_beiakklem1vi3j5feju0,500,2,0.0159099632,0
1537352220,Prod-EcsStagingCluster-EcsCluster-1AAGQRFIOE9AE,Service_beiakklem1vi3j5feju0,500,2,0.0055649881,0
1537410600,Prod-EcsStagingCluster-EcsCluster-1AAGQRFIOE9AE,Service_beiakklem1vi3j5feju0,500,2,0.0092025722,0
1537413780,Prod-EcsStagingCluster-EcsCluster-1AAGQRFIOE9AE,Service_beiakklem1vi3j5feju0,500,2,0.0057347129,0
1537377660,Prod-EcsStagingCluster-EcsCluster-1AAGQRFIOE9AE,Service_beiakklem1vi3j5feju0,500,2,0.0039107927,0
1537364940,Prod-EcsStagingCluster-EcsCluster-1AAGQRFIOE9AE,Service_beiakklem1vi3j5feju0,500,2,0.0053993845,0
1537414680,Prod-EcsStagingCluster-EcsCluster-1AAGQRFIOE9AE,Service_beiakklem1vi3j5feju0,500,2,0.0058907847,0
1537417860,Prod-EcsStagingCluster-EcsCluster-1AAGQRFIOE9AE,Service_beiakklem1vi3j5feju0,500,2,0.0123931622,1
1537421040,Prod-EcsStagingCluster-EcsCluster-1AAGQRFIOE9AE,Service_beiakklem1vi3j5feju0,500,2,0.0056488198,0
1537345620,Prod-EcsStagingCluster-EcsCluster-1AAGQRFIOE9AE,Service_beiakklem1vi3j5feju0,500,2,0.0053188234,0
1537415640,Prod-EcsStagingCluster-EcsCluster-1AAGQRFIOE9AE,Service_beiakklem1vi3j5feju0,500,2,0.1607822638,0
1537422000,Prod-EcsStagingCluster-EcsCluster-1AAGQRFIOE9AE,Service_beiakklem1vi3j5feju0,500,2,0.0317897662,0
1537349760,Prod-EcsStagingCluster-EcsCluster-1AAGQRFIOE9AE,Service_beiakklem1vi3j5feju0,500,2,0.0057864116,1
1537373100,Prod-EcsStagingCluster-EcsCluster-1AAGQRFIOE9AE,Service_beiakklem1vi3j5feju0,500,2,0.0064443017,1
1537421940,Prod-EcsStagingCluster-EcsCluster-1AAGQRFIOE9AE,Service_beiakklem1vi3j5feju0,500,2,0.0056621554,0
1537398540,Prod-EcsStagingCluster-EcsCluster-1AAGQRFIOE9AE,Service_beiakklem1vi3j5feju0,500,2,0.0054412437,0
1537385820,Prod-EcsStagingCluster-EcsCluster-1AAGQRFIOE9AE,Service_beiakklem1vi3j5feju0,500,2,0.0051713309,0
1537349700,Prod-EcsStagingCluster-EcsCluster-1AAGQRFIOE9AE,Service_beiakklem1vi3j5feju0,500,2,0.0171558377,0
1537411260,Prod-EcsStagingCluster-EcsCluster-1AAGQRFIOE9AE,Service_beiakklem1vi3j5feju0,500,2,0.0087806618,0
1537375140,Prod-EcsStagingCluster-EcsCluster-1AAGQRFIOE9AE,Service_beiakklem1vi3j5feju0,500,2,0.0041237043,0
1537419720,Prod-EcsStagingCluster-EcsCluster-1AAGQRFIOE9AE,Service_beiakklem1vi3j5feju0,500,2,0.0202537921,0
1537426080,Prod-EcsStagingCluster-EcsCluster-1AAGQRFIOE9AE,Service_beiakklem1vi3j5feju0,500,2,0.0057489596,0
1537347480,Prod-EcsStagingCluster-EcsCluster-1AAGQRFIOE9AE,Service_beiakklem1vi3j5feju0,500,2,0.0052064713,0
1537353840,Prod-EcsStagingCluster-EcsCluster-1AAGQRFIOE9AE,Service_beiakklem1vi3j5feju0,500,2,0.0057885659,0
1537372920,Prod-EcsStagingCluster-EcsCluster-1AAGQRFIOE9AE,Service_beiakklem1vi3j5feju0,500,2,0.0052119353,0
1537379280,Prod-EcsStagingCluster-EcsCluster-1AAGQRFIOE9AE,Service_beiakklem1vi3j5feju0,500,2,0.0038819457,0
1537353780,Prod-EcsStagingCluster-EcsCluster-1AAGQRFIOE9AE,Service_beiakklem1vi3j5feju0,500,2,0.0058108910,0
1537379220,Prod-EcsStagingCluster-EcsCluster-1AAGQRFIOE9AE,Service_beiakklem1vi3j5feju0,500,2,0.0038653743,0
1537351560,Prod-EcsStagingCluster-EcsCluster-1AAGQRFIOE9AE,Service_beiakklem1vi3j5feju0,500,2,0.0055297310,0
1537357920,Prod-EcsStagingCluster-EcsCluster-1AAGQRFIOE9AE,Service_beiakklem1vi3j5feju0,500,2,0.0056173836,0
1537406700,Prod-EcsStagingCluster-EcsCluster-1AAGQRFIOE9AE,Service_beiakklem1vi3j5feju0,500,2,0.0057793123,0
1537377000,Prod-EcsStagingCluster-EcsCluster-1AAGQRFIOE9AE,Service_beiakklem1vi3j5feju0,500,2,0.0028417455,0
1537383360,Prod-EcsStagingCluster-EcsCluster-1AAGQRFIOE9AE,Service_beiakklem1vi3j5feju0,500,2,0.0159873712,0
1537419420,Prod-EcsStagingCluster-EcsCluster-1AAGQRFIOE9AE,Service_beiakklem1vi3j5feju0,500,2,0.0105935472,0
1537352520,Prod-EcsStagingCluster-EcsCluster-1AAGQRFIOE9AE,Service_beiakklem1vi3j5feju0,500,2,0.0056804142,0
1537355700,Prod-EcsStagingCluster-EcsCluster-1AAGQRFIOE9AE,Service_beiakklem1vi3j5feju0,500,2,0.0175610261,0
1537386480,Prod-EcsStagingCluster-EcsCluster-1AAGQRFIOE9AE,Service_beiakklem1vi3j5feju0,500,2,0.0039711680,0
1537411920,Prod-EcsStagingCluster-EcsCluster-1AAGQRFIOE9AE,Service_beiakklem1vi3j5feju0,500,2,0.0058023085,0
1537377960,Prod-EcsStagingCluster-EcsCluster-1AAGQRFIOE9AE,Service_beiakklem1vi3j5feju0,500,2,0.0128892225,0
1537381140,Prod-EcsStagingCluster-EcsCluster-1AAGQRFIOE9AE,Service_beiakklem1vi3j5feju0,500,2,0.0025677059,0
1537390560,Prod-EcsStagingCluster-EcsCluster-1AAGQRFIOE9AE,Service_beiakklem1vi3j5feju0,500,2,0.0110503627,0
1537351260,Prod-EcsStagingCluster-EcsCluster-1AAGQRFIOE9AE,Service_beiakklem1vi3j5feju0,500,2,0.0055080860,0
1537385220,Prod-EcsStagingCluster-EcsCluster-1AAGQRFIOE9AE,Service_beiakklem1vi3j5feju0,500,2,0.0081916681,0
1537416000,Prod-EcsStagingCluster-EcsCluster-1AAGQRFIOE9AE,Service_beiakklem1vi3j5feju0,500,2,0.0058611835,0
1537382040,Prod-EcsStagingCluster-EcsCluster-1AAGQRFIOE9AE,Service_beiakklem1vi3j5feju0,500,2,0.0037723080,0
1537410660,Prod-EcsStagingCluster-EcsCluster-1AAGQRFIOE9AE,Service_beiakklem1vi3j5feju0,500,2,0.0087402680,0
1537376700,Prod-EcsStagingCluster-EcsCluster-1AAGQRFIOE9AE,Service_beiakklem1vi3j5feju0,500,2,0.0029013907,0
1537407480,Prod-EcsStagingCluster-EcsCluster-1AAGQRFIOE9AE,Service_beiakklem1vi3j5feju0,500,2,0.0138323447,0
1537363980,Prod-EcsStagingCluster-EcsCluster-1AAGQRFIOE9AE,Service_beiakklem1vi3j5feju0,500,2,0.0055467832,0
1537389300,Prod-EcsStagingCluster-EcsCluster-1AAGQRFIOE9AE,Service_beiakklem1vi3j5feju0,500,2,0.0037977269,0
1537420080,Prod-EcsStagingCluster-EcsCluster-1AAGQRFIOE9AE,Service_beiakklem1vi3j5feju0,500,2,0.0101541256,0
1537386120,Prod-EcsStagingCluster-EcsCluster-1AAGQRFIOE9AE,Service_beiakklem1vi3j5feju0,500,2,0.0051577953,0
1537411560,Prod-EcsStagingCluster-EcsCluster-1AAGQRFIOE9AE,Service_beiakklem1vi3j5feju0,500,2,0.0633148005,0
1537414740,Prod-EcsStagingCluster-EcsCluster-1AAGQRFIOE9AE,Service_beiakklem1vi3j5feju0,500,2,0.0069963583,0
1537347840,Prod-EcsStagingCluster-EcsCluster-1AAGQRFIOE9AE,Service_beiakklem1vi3j5feju0,500,2,0.0052625931,0
1537348800,Prod-EcsStagingCluster-EcsCluster-1AAGQRFIOE9AE,Service_beiakklem1vi3j5feju0,500,2,0.0071780208,0
1537372140,Prod-EcsStagingCluster-EcsCluster-1AAGQRFIOE9AE,Service_beiakklem1vi3j5feju0,500,2,0.0066958559,0
1537397580,Prod-EcsStagingCluster-EcsCluster-1AAGQRFIOE9AE,Service_beiakklem1vi3j5feju0,500,2,0.0052519835,2
1537418820,Prod-EcsStagingCluster-EcsCluster-1AAGQRFIOE9AE,Service_beiakklem1vi3j5feju0,500,2,0.0110767305,0
1537384860,Prod-EcsStagingCluster-EcsCluster-1AAGQRFIOE9AE,Service_beiakklem1vi3j5feju0,500,2,0.0050391997,0
1537410300,Prod-EcsStagingCluster-EcsCluster-1AAGQRFIOE9AE,Service_beiakklem1vi3j5feju0,500,2,0.0086409226,0
1537346580,Prod-EcsStagingCluster-EcsCluster-1AAGQRFIOE9AE,Service_beiakklem1vi3j5feju0,500,2,0.0052493125,0
1537425120,Prod-EcsStagingCluster-EcsCluster-1AAGQRFIOE9AE,Service_beiakklem1vi3j5feju0,500,2,0.0056549200,1
1537416600,Prod-EcsStagingCluster-EcsCluster-1AAGQRFIOE9AE,Service_beiakklem1vi3j5feju0,500,2,0.0058961675,0
1537352880,Prod-EcsStagingCluster-EcsCluster-1AAGQRFIOE9AE,Service_beiakklem1vi3j5feju0,500,2,0.0055721857,0
1537378320,Prod-EcsStagingCluster-EcsCluster-1AAGQRFIOE9AE,Service_beiakklem1vi3j5feju0,500,2,0.0042107030,0
1537422900,Prod-EcsStagingCluster-EcsCluster-1AAGQRFIOE9AE,Service_beiakklem1vi3j5feju0,500,2,0.0342401126,0
1537350660,Prod-EcsStagingCluster-EcsCluster-1AAGQRFIOE9AE,Service_beiakklem1vi3j5feju0,500,2,0.0055837344,0
1537376100,Prod-EcsStagingCluster-EcsCluster-1AAGQRFIOE9AE,Service_beiakklem1vi3j5feju0,500,2,0.0042634640,0
1537420680,Prod-EcsStagingCluster-EcsCluster-1AAGQRFIOE9AE,Service_beiakklem1vi3j5feju0,500,2,0.0046321422,0
1537356960,Prod-EcsStagingCluster-EcsCluster-1AAGQRFIOE9AE,Service_beiakklem1vi3j5feju0,500,2,0.0053487925,0
1537405740,Prod-EcsStagingCluster-EcsCluster-1AAGQRFIOE9AE,Service_beiakklem1vi3j5feju0,500,2,0.0057876258,0
1537348440,Prod-EcsStagingCluster-EcsCluster-1AAGQRFIOE9AE,Service_beiakklem1vi3j5feju0,500,2,0.0051208593,0
1537382400,Prod-EcsStagingCluster-EcsCluster-1AAGQRFIOE9AE,Service_beiakklem1vi3j5feju0,500,2,0.0028287308,0
1537431180,Prod-EcsStagingCluster-EcsCluster-1AAGQRFIOE9AE,Service_beiakklem1vi3j5feju0,500,2,0.0059066409,0
1537373880,Prod-EcsStagingCluster-EcsCluster-1AAGQRFIOE9AE,Service_beiakklem1vi3j5feju0,500,2,0.0053184018,0
1537418460,Prod-EcsStagingCluster-EcsCluster-1AAGQRFIOE9AE,Service_beiakklem1vi3j5feju0,500,2,0.0100117423,0
1537354740,Prod-EcsStagingCluster-EcsCluster-1AAGQRFIOE9AE,Service_beiakklem1vi3j5feju0,500,2,0.0057124834,3
1537380180,Prod-EcsStagingCluster-EcsCluster-1AAGQRFIOE9AE,Service_beiakklem1vi3j5feju0,500,2,0.0014772198,0
1537389600,Prod-EcsStagingCluster-EcsCluster-1AAGQRFIOE9AE,Service_beiakklem1vi3j5feju0,500,2,0.0052846663,0
1537380060,Prod-EcsStagingCluster-EcsCluster-1AAGQRFIOE9AE,Service_beiakklem1vi3j5feju0,500,2,0.0015421627,0
1537383240,Prod-EcsStagingCluster-EcsCluster-1AAGQRFIOE9AE,Service_beiakklem1vi3j5feju0,500,2,0.0052929383,0
1537386420,Prod-EcsStagingCluster-EcsCluster-1AAGQRFIOE9AE,Service_beiakklem1vi3j5feju0,500,2,0.0049596198,0
1537366200,Prod-EcsStagingCluster-EcsCluster-1AAGQRFIOE9AE,Service_beiakklem1vi3j5feju0,500,2,0.0055529142,0
1537369380,Prod-EcsStagingCluster-EcsCluster-1AAGQRFIOE9AE,Service_beiakklem1vi3j5feju0,500,2,0.0055942720,0
1537372560,Prod-EcsStagingCluster-EcsCluster-1AAGQRFIOE9AE,Service_beiakklem1vi3j5feju0,500,2,0.0194535077,0
1537345980,Prod-EcsStagingCluster-EcsCluster-1AAGQRFIOE9AE,Service_beiakklem1vi3j5feju0,500,2,0.0054032369,0
1537349160,Prod-EcsStagingCluster-EcsCluster-1AAGQRFIOE9AE,Service_beiakklem1vi3j5feju0,500,2,0.0051585448,0
1537352340,Prod-EcsStagingCluster-EcsCluster-1AAGQRFIOE9AE,Service_beiakklem1vi3j5feju0,500,2,0.0065992591,0
1537355520,Prod-EcsStagingCluster-EcsCluster-1AAGQRFIOE9AE,Service_beiakklem1vi3j5feju0,500,2,0.0054009231,0
1537389360,Prod-EcsStagingCluster-EcsCluster-1AAGQRFIOE9AE,Service_beiakklem1vi3j5feju0,500,2,0.0143340596,0
1537386180,Prod-EcsStagingCluster-EcsCluster-1AAGQRFIOE9AE,Service_beiakklem1vi3j5feju0,500,2,0.0074602038,0
1537383000,Prod-EcsStagingCluster-EcsCluster-1AAGQRFIOE9AE,Service_beiakklem1vi3j5feju0,500,2,0.0028634378,0
1537405260,Prod-EcsStagingCluster-EcsCluster-1AAGQRFIOE9AE,Service_beiakklem1vi3j5feju0,500,2,0.0084874790,0
1537413660,Prod-EcsStagingCluster-EcsCluster-1AAGQRFIOE9AE,Service_beiakklem1vi3j5feju0,500,2,0.0055847388,0
1537371180,Prod-EcsStagingCluster-EcsCluster-1AAGQRFIOE9AE,Service_beiakklem1vi3j5feju0,500,2,0.0059149026,0
1537416840,Prod-EcsStagingCluster-EcsCluster-1AAGQRFIOE9AE,Service_beiakklem1vi3j5feju0,500,2,0.0058445687,0
1537420020,Prod-EcsStagingCluster-EcsCluster-1AAGQRFIOE9AE,Service_beiakklem1vi3j5feju0,500,2,0.0100032669,0
1537423200,Prod-EcsStagingCluster-EcsCluster-1AAGQRFIOE9AE,Service_beiakklem1vi3j5feju0,500,2,0.1308577112,0
1537399800,Prod-EcsStagingCluster-EcsCluster-1AAGQRFIOE9AE,Service_beiakklem1vi3j5feju0,500,2,0.0055774240,0
1537402980,Prod-EcsStagingCluster-EcsCluster-1AAGQRFIOE9AE,Service_beiakklem1vi3j5feju0,500,2,0.0045127842,0
1537406160,Prod-EcsStagingCluster-EcsCluster-1AAGQRFIOE9AE,Service_beiakklem1vi3j5feju0,500,2,0.0394127777,0
1537379580,Prod-EcsStagingCluster-EcsCluster-1AAGQRFIOE9AE,Service_beiakklem1vi3j5feju0,500,2,0.0027927388,0
1537385940,Prod-EcsStagingCluster-EcsCluster-1AAGQRFIOE9AE,Service_beiakklem1vi3j5feju0,500,2,0.0050331286,0
1537417800,Prod-EcsStagingCluster-EcsCluster-1AAGQRFIOE9AE,Service_beiakklem1vi3j5feju0,500,2,0.0100887247,0
1537424160,Prod-EcsStagingCluster-EcsCluster-1AAGQRFIOE9AE,Service_beiakklem1vi3j5feju0,500,2,0.1577895534,0
1537407120,Prod-EcsStagingCluster-EcsCluster-1AAGQRFIOE9AE,Service_beiakklem1vi3j5feju0,500,2,0.0077366508,0
1537400760,Prod-EcsStagingCluster-EcsCluster-1AAGQRFIOE9AE,Service_beiakklem1vi3j5feju0,500,2,0.0156680714,0
1537383720,Prod-EcsStagingCluster-EcsCluster-1AAGQRFIOE9AE,Service_beiakklem1vi3j5feju0,500,2,0.0052834460,0
1537351860,Prod-EcsStagingCluster-EcsCluster-1AAGQRFIOE9AE,Service_beiakklem1vi3j5feju0,500,2,0.0114219985,0
1537390080,Prod-EcsStagingCluster-EcsCluster-1AAGQRFIOE9AE,Service_beiakklem1vi3j5feju0,500,2,0.0037827439,4
1537419780,Prod-EcsStagingCluster-EcsCluster-1AAGQRFIOE9AE,Service_beiakklem1vi3j5feju0,500,2,0.0107065157,0
1537345500,Prod-EcsStagingCluster-EcsCluster-1AAGQRFIOE9AE,Service_beiakklem1vi3j5feju0,500,2,0.0144790095,0
1537423920,Prod-EcsStagingCluster-EcsCluster-1AAGQRFIOE9AE,Service_beiakklem1vi3j5feju0,500,2,0.0056548873,0
1537356000,Prod-EcsStagingCluster-EcsCluster-1AAGQRFIOE9AE,Service_beiakklem1vi3j5feju0,500,2,0.0052231468,0
1537417560,Prod-EcsStagingCluster-EcsCluster-1AAGQRFIOE9AE,Service_beiakklem1vi3j5feju0,500,2,0.0188272793,0
1537349640,Prod-EcsStagingCluster-EcsCluster-1AAGQRFIOE9AE,Service_beiakklem1vi3j5feju0,500,2,0.0052053506,0
1537404780,Prod-EcsStagingCluster-EcsCluster-1AAGQRFIOE9AE,Service_beiakklem1vi3j5feju0,500,2,0.0059230641,0
1537419540,Prod-EcsStagingCluster-EcsCluster-1AAGQRFIOE9AE,Service_beiakklem1vi3j5feju0,500,2,0.0117186623,0
1537351620,Prod-EcsStagingCluster-EcsCluster-1AAGQRFIOE9AE,Service_beiakklem1vi3j5feju0,500,2,0.0027221167,0
1537413180,Prod-EcsStagingCluster-EcsCluster-1AAGQRFIOE9AE,Service_beiakklem1vi3j5feju0,500,2,0.0057440101,0
1537370700,Prod-EcsStagingCluster-EcsCluster-1AAGQRFIOE9AE,Service_beiakklem1vi3j5feju0,500,2,0.0060670320,0
1537417320,Prod-EcsStagingCluster-EcsCluster-1AAGQRFIOE9AE,Service_beiakklem1vi3j5feju0,500,2,0.0112430039,0
1537423680,Prod-EcsStagingCluster-EcsCluster-1AAGQRFIOE9AE,Service_beiakklem1vi3j5feju0,500,2,0.0054653717,0
1537349400,Prod-EcsStagingCluster-EcsCluster-1AAGQRFIOE9AE,Service_beiakklem1vi3j5feju0,500,2,0.0329197151,0
1537355760,Prod-EcsStagingCluster-EcsCluster-1AAGQRFIOE9AE,Service_beiakklem1vi3j5feju0,500,2,0.0055369478,0
1537379100,Prod-EcsStagingCluster-EcsCluster-1AAGQRFIOE9AE,Service_beiakklem1vi3j5feju0,500,2,0.0149847241,0
1537385460,Prod-EcsStagingCluster-EcsCluster-1AAGQRFIOE9AE,Service_beiakklem1vi3j5feju0,500,2,0.0049134266,0
1537418280,Prod-EcsStagingCluster-EcsCluster-1AAGQRFIOE9AE,Service_beiakklem1vi3j5feju0,500,2,0.0100385230,0
1537421460,Prod-EcsStagingCluster-EcsCluster-1AAGQRFIOE9AE,Service_beiakklem1vi3j5feju0,500,2,0.0098783730,0
1537350360,Prod-EcsStagingCluster-EcsCluster-1AAGQRFIOE9AE,Service_beiakklem1vi3j5feju0,500,2,0.0066998747,0
1537353540,Prod-EcsStagingCluster-EcsCluster-1AAGQRFIOE9AE,Service_beiakklem1vi3j5feju0,500,2,0.0060310145,0
1537371600,Prod-EcsStagingCluster-EcsCluster-1AAGQRFIOE9AE,Service_beiakklem1vi3j5feju0,500,2,0.0054550668,0
1537354560,Prod-EcsStagingCluster-EcsCluster-1AAGQRFIOE9AE,Service_beiakklem1vi3j5feju0,500,2,0.0056289327,0
1537384200,Prod-EcsStagingCluster-EcsCluster-1AAGQRFIOE9AE,Service_beiakklem1vi3j5feju0,500,2,0.0060084084,0
1537387380,Prod-EcsStagingCluster-EcsCluster-1AAGQRFIOE9AE,Service_beiakklem1vi3j5feju0,500,2,0.0038830653,0
1537388400,Prod-EcsStagingCluster-EcsCluster-1AAGQRFIOE9AE,Service_beiakklem1vi3j5feju0,500,2,0.0038549601,0
1537404300,Prod-EcsStagingCluster-EcsCluster-1AAGQRFIOE9AE,Service_beiakklem1vi3j5feju0,500,2,0.0050595413,0
1537367160,Prod-EcsStagingCluster-EcsCluster-1AAGQRFIOE9AE,Service_beiakklem1vi3j5feju0,500,2,0.0149726551,0
1537370340,Prod-EcsStagingCluster-EcsCluster-1AAGQRFIOE9AE,Service_beiakklem1vi3j5feju0,500,2,0.0055723532,0
1537412700,Prod-EcsStagingCluster-EcsCluster-1AAGQRFIOE9AE,Service_beiakklem1vi3j5feju0,500,2,0.0057099023,0
1537350120,Prod-EcsStagingCluster-EcsCluster-1AAGQRFIOE9AE,Service_beiakklem1vi3j5feju0,500,2,0.0025030981,0
1537353300,Prod-EcsStagingCluster-EcsCluster-1AAGQRFIOE9AE,Service_beiakklem1vi3j5feju0,500,2,0.0258078525,0
1537370220,Prod-EcsStagingCluster-EcsCluster-1AAGQRFIOE9AE,Service_beiakklem1vi3j5feju0,500,2,0.0056102712,0
1537422240,Prod-EcsStagingCluster-EcsCluster-1AAGQRFIOE9AE,Service_beiakklem1vi3j5feju0,500,2,0.0056314711,0
1537383960,Prod-EcsStagingCluster-EcsCluster-1AAGQRFIOE9AE,Service_beiakklem1vi3j5feju0,500,2,0.0140471171,0
1537387140,Prod-EcsStagingCluster-EcsCluster-1AAGQRFIOE9AE,Service_beiakklem1vi3j5feju0,500,2,0.0191706065,0
1537405200,Prod-EcsStagingCluster-EcsCluster-1AAGQRFIOE9AE,Service_beiakklem1vi3j5feju0,500,2,0.0190076240,0
1537378620,Prod-EcsStagingCluster-EcsCluster-1AAGQRFIOE9AE,Service_beiakklem1vi3j5feju0,500,2,0.0047145885,0
1537388160,Prod-EcsStagingCluster-EcsCluster-1AAGQRFIOE9AE,Service_beiakklem1vi3j5feju0,500,2,0.0123751716,0
1537420980,Prod-EcsStagingCluster-EcsCluster-1AAGQRFIOE9AE,Service_beiakklem1vi3j5feju0,500,2,0.0061275325,0
1537389120,Prod-EcsStagingCluster-EcsCluster-1AAGQRFIOE9AE,Service_beiakklem1vi3j5feju0,500,2,0.0038513436,0
1537403940,Prod-EcsStagingCluster-EcsCluster-1AAGQRFIOE9AE,Service_beiakklem1vi3j5feju0,500,2,0.0048669954,0
1537386900,Prod-EcsStagingCluster-EcsCluster-1AAGQRFIOE9AE,Service_beiakklem1vi3j5feju0,500,2,0.0051293861,0
1537418760,Prod-EcsStagingCluster-EcsCluster-1AAGQRFIOE9AE,Service_beiakklem1vi3j5feju0,500,2,0.0199586007,0
1537355040,Prod-EcsStagingCluster-EcsCluster-1AAGQRFIOE9AE,Service_beiakklem1vi3j5feju0,500,2,0.0117530881,0
1537422960,Prod-EcsStagingCluster-EcsCluster-1AAGQRFIOE9AE,Service_beiakklem1vi3j5feju0,500,2,0.0255737261,0
1537403820,Prod-EcsStagingCluster-EcsCluster-1AAGQRFIOE9AE,Service_beiakklem1vi3j5feju0,500,2,0.1524093117,0
1537401720,Prod-EcsStagingCluster-EcsCluster-1AAGQRFIOE9AE,Service_beiakklem1vi3j5feju0,500,2,0.0320528594,0
1537384680,Prod-EcsStagingCluster-EcsCluster-1AAGQRFIOE9AE,Service_beiakklem1vi3j5feju0,500,2,0.0088444343,0
1537352820,Prod-EcsStagingCluster-EcsCluster-1AAGQRFIOE9AE,Service_beiakklem1vi3j5feju0,500,2,0.0055869843,0
1537420740,Prod-EcsStagingCluster-EcsCluster-1AAGQRFIOE9AE,Service_beiakklem1vi3j5feju0,500,2,0.0068470087,0
1537412220,Prod-EcsStagingCluster-EcsCluster-1AAGQRFIOE9AE,Service_beiakklem1vi3j5feju0,500,2,0.0417176671,0
1537369740,Prod-EcsStagingCluster-EcsCluster-1AAGQRFIOE9AE,Service_beiakklem1vi3j5feju0,500,2,0.0056575288,0
1537350600,Prod-EcsStagingCluster-EcsCluster-1AAGQRFIOE9AE,Service_beiakklem1vi3j5feju0,500,2,0.0055420450,0
1537418520,Prod-EcsStagingCluster-EcsCluster-1AAGQRFIOE9AE,Service_beiakklem1vi3j5feju0,500,2,0.0386881691,0
1537422720,Prod-EcsStagingCluster-EcsCluster-1AAGQRFIOE9AE,Service_beiakklem1vi3j5feju0,500,2,0.0054885991,0
1537354800,Prod-EcsStagingCluster-EcsCluster-1AAGQRFIOE9AE,Service_beiakklem1vi3j5feju0,500,2,0.0055459372,0
1537378140,Prod-EcsStagingCluster-EcsCluster-1AAGQRFIOE9AE,Service_beiakklem1vi3j5feju0,500,2,0.0040379505,0
1537420500,Prod-EcsStagingCluster-EcsCluster-1AAGQRFIOE9AE,Service_beiakklem1vi3j5feju0,500,2,0.0099789053,0
1537352580,Prod-EcsStagingCluster-EcsCluster-1AAGQRFIOE9AE,Service_beiakklem1vi3j5feju0,500,2,0.0056403529,0
1537388640,Prod-EcsStagingCluster-EcsCluster-1AAGQRFIOE9AE,Service_beiakklem1vi3j5feju0,500,2,0.0038874938,0
1537350420,Prod-EcsStagingCluster-EcsCluster-1AAGQRFIOE9AE,Service_beiakklem1vi3j5feju0,500,2,0.0055772307,0
1537353600,Prod-EcsStagingCluster-EcsCluster-1AAGQRFIOE9AE,Service_beiakklem1vi3j5feju0,500,2,0.0056819328,0
1537416060,Prod-EcsStagingCluster-EcsCluster-1AAGQRFIOE9AE,Service_beiakklem1vi3j5feju0,500,2,0.0057340061,0
1537351320,Prod-EcsStagingCluster-EcsCluster-1AAGQRFIOE9AE,Service_beiakklem1vi3j5feju0,500,2,0.0065614618,0
1537354500,Prod-EcsStagingCluster-EcsCluster-1AAGQRFIOE9AE,Service_beiakklem1vi3j5feju0,500,2,0.0189118066,0
1537403340,Prod-EcsStagingCluster-EcsCluster-1AAGQRFIOE9AE,Service_beiakklem1vi3j5feju0,500,2,0.0047145253,0
1537357680,Prod-EcsStagingCluster-EcsCluster-1AAGQRFIOE9AE,Service_beiakklem1vi3j5feju0,500,2,0.0056970973,0
1537414920,Prod-EcsStagingCluster-EcsCluster-1AAGQRFIOE9AE,Service_beiakklem1vi3j5feju0,500,2,0.0062146166,0
1537369260,Prod-EcsStagingCluster-EcsCluster-1AAGQRFIOE9AE,Service_beiakklem1vi3j5feju0,500,2,0.0059579298,0
1537418100,Prod-EcsStagingCluster-EcsCluster-1AAGQRFIOE9AE,Service_beiakklem1vi3j5feju0,500,2,0.0175172273,0
1537421280,Prod-EcsStagingCluster-EcsCluster-1AAGQRFIOE9AE,Service_beiakklem1vi3j5feju0,500,2,0.0056699458,0
1537381980,Prod-EcsStagingCluster-EcsCluster-1AAGQRFIOE9AE,Service_beiakklem1vi3j5feju0,500,2,0.0026713418,0
1537374480,Prod-EcsStagingCluster-EcsCluster-1AAGQRFIOE9AE,Service_beiakklem1vi3j5feju0,500,2,0.0052798596,0
1537380840,Prod-EcsStagingCluster-EcsCluster-1AAGQRFIOE9AE,Service_beiakklem1vi3j5feju0,500,2,0.0026247583,0
1537384020,Prod-EcsStagingCluster-EcsCluster-1AAGQRFIOE9AE,Service_beiakklem1vi3j5feju0,500,2,0.0052409494,0
1537387200,Prod-EcsStagingCluster-EcsCluster-1AAGQRFIOE9AE,Service_beiakklem1vi3j5feju0,500,2,0.0036681215,0
1537368120,Prod-EcsStagingCluster-EcsCluster-1AAGQRFIOE9AE,Service_beiakklem1vi3j5feju0,500,2,0.0056776700,0
1537371300,Prod-EcsStagingCluster-EcsCluster-1AAGQRFIOE9AE,Service_beiakklem1vi3j5feju0,500,2,0.0060710841,0
1537347900,Prod-EcsStagingCluster-EcsCluster-1AAGQRFIOE9AE,Service_beiakklem1vi3j5feju0,500,2,0.0155454660,0
1537353120,Prod-EcsStagingCluster-EcsCluster-1AAGQRFIOE9AE,Service_beiakklem1vi3j5feju0,500,2,0.0056184809,0
1537346760,Prod-EcsStagingCluster-EcsCluster-1AAGQRFIOE9AE,Service_beiakklem1vi3j5feju0,500,2,0.0051098359,0
1537349940,Prod-EcsStagingCluster-EcsCluster-1AAGQRFIOE9AE,Service_beiakklem1vi3j5feju0,500,2,0.0383293224,0
1537391280,Prod-EcsStagingCluster-EcsCluster-1AAGQRFIOE9AE,Service_beiakklem1vi3j5feju0,500,2,0.0086458499,0
1537384920,Prod-EcsStagingCluster-EcsCluster-1AAGQRFIOE9AE,Service_beiakklem1vi3j5feju0,500,2,0.0115211815,0
1537388100,Prod-EcsStagingCluster-EcsCluster-1AAGQRFIOE9AE,Service_beiakklem1vi3j5feju0,500,2,0.0039346885,0
1537354080,Prod-EcsStagingCluster-EcsCluster-1AAGQRFIOE9AE,Service_beiakklem1vi3j5feju0,500,2,0.0056970965,0
1537347720,Prod-EcsStagingCluster-EcsCluster-1AAGQRFIOE9AE,Service_beiakklem1vi3j5feju0,500,2,0.0184410009,0
1537392240,Prod-EcsStagingCluster-EcsCluster-1AAGQRFIOE9AE,Service_beiakklem1vi3j5feju0,500,2,0.0038021435,0
1537402860,Prod-EcsStagingCluster-EcsCluster-1AAGQRFIOE9AE,Service_beiakklem1vi3j5feju0,500,2,0.0046048760,0
1537415580,Prod-EcsStagingCluster-EcsCluster-1AAGQRFIOE9AE,Service_beiakklem1vi3j5feju0,500,2,0.0057989050,0
1537385880,Prod-EcsStagingCluster-EcsCluster-1AAGQRFIOE9AE,Service_beiakklem1vi3j5feju0,500,2,0.0104800714,0
1537417620,Prod-EcsStagingCluster-EcsCluster-1AAGQRFIOE9AE,Service_beiakklem1vi3j5feju0,500,2,0.0099373505,0
1537404900,Prod-EcsStagingCluster-EcsCluster-1AAGQRFIOE9AE,Service_beiakklem1vi3j5feju0,500,2,0.0059682044,0
1537381500,Prod-EcsStagingCluster-EcsCluster-1AAGQRFIOE9AE,Service_beiakklem1vi3j5feju0,500,2,0.0028562854,0
1537368780,Prod-EcsStagingCluster-EcsCluster-1AAGQRFIOE9AE,Service_beiakklem1vi3j5feju0,500,2,0.0055383872,0
1537415400,Prod-EcsStagingCluster-EcsCluster-1AAGQRFIOE9AE,Service_beiakklem1vi3j5feju0,500,2,0.0119520755,0
1537421760,Prod-EcsStagingCluster-EcsCluster-1AAGQRFIOE9AE,Service_beiakklem1vi3j5feju0,500,2,0.0154093368,0
1537409040,Prod-EcsStagingCluster-EcsCluster-1AAGQRFIOE9AE,Service_beiakklem1vi3j5feju0,500,2,0.0088592913,0
1537402680,Prod-EcsStagingCluster-EcsCluster-1AAGQRFIOE9AE,Service_beiakklem1vi3j5feju0,500,2,0.0046629006,1
1537383540,Prod-EcsStagingCluster-EcsCluster-1AAGQRFIOE9AE,Service_beiakklem1vi3j5feju0,500,2,0.0052479405,0
1537421700,Prod-EcsStagingCluster-EcsCluster-1AAGQRFIOE9AE,Service_beiakklem1vi3j5feju0,500,2,0.0055895457,0
1537347420,Prod-EcsStagingCluster-EcsCluster-1AAGQRFIOE9AE,Service_beiakklem1vi3j5feju0,500,2,0.0051520373,0
1537381320,Prod-EcsStagingCluster-EcsCluster-1AAGQRFIOE9AE,Service_beiakklem1vi3j5feju0,500,2,0.0025501792,0
1537387680,Prod-EcsStagingCluster-EcsCluster-1AAGQRFIOE9AE,Service_beiakklem1vi3j5feju0,500,2,0.0038935423,0
1537425840,Prod-EcsStagingCluster-EcsCluster-1AAGQRFIOE9AE,Service_beiakklem1vi3j5feju0,500,2,0.0057117714,0
1537419480,Prod-EcsStagingCluster-EcsCluster-1AAGQRFIOE9AE,Service_beiakklem1vi3j5feju0,500,2,0.0099138470,0
1537349460,Prod-EcsStagingCluster-EcsCluster-1AAGQRFIOE9AE,Service_beiakklem1vi3j5feju0,500,2,0.1377913439,0
1537347240,Prod-EcsStagingCluster-EcsCluster-1AAGQRFIOE9AE,Service_beiakklem1vi3j5feju0,500,2,0.0062766486,0
1537423620,Prod-EcsStagingCluster-EcsCluster-1AAGQRFIOE9AE,Service_beiakklem1vi3j5feju0,500,2,0.0060538267,0
1537420440,Prod-EcsStagingCluster-EcsCluster-1AAGQRFIOE9AE,Service_beiakklem1vi3j5feju0,500,2,0.0102928116,0
1537415100,Prod-EcsStagingCluster-EcsCluster-1AAGQRFIOE9AE,Service_beiakklem1vi3j5feju0,500,2,0.0383259558,0
1537356720,Prod-EcsStagingCluster-EcsCluster-1AAGQRFIOE9AE,Service_beiakklem1vi3j5feju0,500,2,0.0056086788,0
1537402380,Prod-EcsStagingCluster-EcsCluster-1AAGQRFIOE9AE,Service_beiakklem1vi3j5feju0,500,2,0.0057284277,0
1537348200,Prod-EcsStagingCluster-EcsCluster-1AAGQRFIOE9AE,Service_beiakklem1vi3j5feju0,500,2,0.0049166124,1
1537351380,Prod-EcsStagingCluster-EcsCluster-1AAGQRFIOE9AE,Service_beiakklem1vi3j5feju0,500,2,0.0057183117,0
1537368300,Prod-EcsStagingCluster-EcsCluster-1AAGQRFIOE9AE,Service_beiakklem1vi3j5feju0,500,2,0.0060833793,0
1537420320,Prod-EcsStagingCluster-EcsCluster-1AAGQRFIOE9AE,Service_beiakklem1vi3j5feju0,500,2,0.0101956213,0
1537381020,Prod-EcsStagingCluster-EcsCluster-1AAGQRFIOE9AE,Service_beiakklem1vi3j5feju0,500,2,0.0035127517,0
1537352280,Prod-EcsStagingCluster-EcsCluster-1AAGQRFIOE9AE,Service_beiakklem1vi3j5feju0,500,2,0.0055549679,0
1537355460,Prod-EcsStagingCluster-EcsCluster-1AAGQRFIOE9AE,Service_beiakklem1vi3j5feju0,500,2,0.0054876816,0
1537386240,Prod-EcsStagingCluster-EcsCluster-1AAGQRFIOE9AE,Service_beiakklem1vi3j5feju0,500,2,0.0038596406,0
1537373520,Prod-EcsStagingCluster-EcsCluster-1AAGQRFIOE9AE,Service_beiakklem1vi3j5feju0,500,2,0.0067939302,0
1537346940,Prod-EcsStagingCluster-EcsCluster-1AAGQRFIOE9AE,Service_beiakklem1vi3j5feju0,500,2,0.0054033866,0
1537415880,Prod-EcsStagingCluster-EcsCluster-1AAGQRFIOE9AE,Service_beiakklem1vi3j5feju0,500,2,0.0057714563,0
1537419060,Prod-EcsStagingCluster-EcsCluster-1AAGQRFIOE9AE,Service_beiakklem1vi3j5feju0,500,2,0.0114574943,0
1537352160,Prod-EcsStagingCluster-EcsCluster-1AAGQRFIOE9AE,Service_beiakklem1vi3j5feju0,500,2,0.0054263104,0
1537390320,Prod-EcsStagingCluster-EcsCluster-1AAGQRFIOE9AE,Service_beiakklem1vi3j5feju0,500,2,0.0038445421,0
1537381800,Prod-EcsStagingCluster-EcsCluster-1AAGQRFIOE9AE,Service_beiakklem1vi3j5feju0,500,2,0.0028343725,0
1537384980,Prod-EcsStagingCluster-EcsCluster-1AAGQRFIOE9AE,Service_beiakklem1vi3j5feju0,500,2,0.0050026295,0
1537369080,Prod-EcsStagingCluster-EcsCluster-1AAGQRFIOE9AE,Service_beiakklem1vi3j5feju0,500,2,0.0056645872,0
1537372260,Prod-EcsStagingCluster-EcsCluster-1AAGQRFIOE9AE,Service_beiakklem1vi3j5feju0,500,2,0.0053044352,1
1537401900,Prod-EcsStagingCluster-EcsCluster-1AAGQRFIOE9AE,Service_beiakklem1vi3j5feju0,500,2,0.0048024056,0
1537414620,Prod-EcsStagingCluster-EcsCluster-1AAGQRFIOE9AE,Service_beiakklem1vi3j5feju0,500,2,0.0061635713,0
1537382760,Prod-EcsStagingCluster-EcsCluster-1AAGQRFIOE9AE,Service_beiakklem1vi3j5feju0,500,2,0.0111879324,0
1537370040,Prod-EcsStagingCluster-EcsCluster-1AAGQRFIOE9AE,Service_beiakklem1vi3j5feju0,500,2,0.0064959802,0
1537350900,Prod-EcsStagingCluster-EcsCluster-1AAGQRFIOE9AE,Service_beiakklem1vi3j5feju0,500,2,0.0271495302,0
1537389060,Prod-EcsStagingCluster-EcsCluster-1AAGQRFIOE9AE,Service_beiakklem1vi3j5feju0,500,2,0.0080873722,0
1537380540,Prod-EcsStagingCluster-EcsCluster-1AAGQRFIOE9AE,Service_beiakklem1vi3j5feju0,500,2,0.0014289892,0
1537367820,Prod-EcsStagingCluster-EcsCluster-1AAGQRFIOE9AE,Service_beiakklem1vi3j5feju0,500,2,0.0056383955,0
1537348680,Prod-EcsStagingCluster-EcsCluster-1AAGQRFIOE9AE,Service_beiakklem1vi3j5feju0,500,2,0.1079676643,0
1537420800,Prod-EcsStagingCluster-EcsCluster-1AAGQRFIOE9AE,Service_beiakklem1vi3j5feju0,500,2,0.0099680321,0
1537386840,Prod-EcsStagingCluster-EcsCluster-1AAGQRFIOE9AE,Service_beiakklem1vi3j5feju0,500,2,0.0092627928,0
1537408080,Prod-EcsStagingCluster-EcsCluster-1AAGQRFIOE9AE,Service_beiakklem1vi3j5feju0,500,2,0.0059927571,0
1537346460,Prod-EcsStagingCluster-EcsCluster-1AAGQRFIOE9AE,Service_beiakklem1vi3j5feju0,500,2,0.0053878254,0
1537418580,Prod-EcsStagingCluster-EcsCluster-1AAGQRFIOE9AE,Service_beiakklem1vi3j5feju0,500,2,0.0109875639,1
1537405860,Prod-EcsStagingCluster-EcsCluster-1AAGQRFIOE9AE,Service_beiakklem1vi3j5feju0,500,2,0.0069233466,0
1537386720,Prod-EcsStagingCluster-EcsCluster-1AAGQRFIOE9AE,Service_beiakklem1vi3j5feju0,500,2,0.0038952828,0
1537424880,Prod-EcsStagingCluster-EcsCluster-1AAGQRFIOE9AE,Service_beiakklem1vi3j5feju0,500,2,0.0042879318,0
1537416360,Prod-EcsStagingCluster-EcsCluster-1AAGQRFIOE9AE,Service_beiakklem1vi3j5feju0,500,2,0.0158661075,0
1537403640,Prod-EcsStagingCluster-EcsCluster-1AAGQRFIOE9AE,Service_beiakklem1vi3j5feju0,500,2,0.0880973379,2
1537384500,Prod-EcsStagingCluster-EcsCluster-1AAGQRFIOE9AE,Service_beiakklem1vi3j5feju0,500,2,0.0053331525,0
1537422660,Prod-EcsStagingCluster-EcsCluster-1AAGQRFIOE9AE,Service_beiakklem1vi3j5feju0,500,2,0.0055851253,0
1537352640,Prod-EcsStagingCluster-EcsCluster-1AAGQRFIOE9AE,Service_beiakklem1vi3j5feju0,500,2,0.0054895157,0
1537414140,Prod-EcsStagingCluster-EcsCluster-1AAGQRFIOE9AE,Service_beiakklem1vi3j5feju0,500,2,0.0055422585,0
1537401420,Prod-EcsStagingCluster-EcsCluster-1AAGQRFIOE9AE,Service_beiakklem1vi3j5feju0,500,2,0.0305997889,0
1537382280,Prod-EcsStagingCluster-EcsCluster-1AAGQRFIOE9AE,Service_beiakklem1vi3j5feju0,500,2,0.0029252025,0
1537409820,Prod-EcsStagingCluster-EcsCluster-1AAGQRFIOE9AE,Service_beiakklem1vi3j5feju0,500,2,0.0327700111,0
1537416180,Prod-EcsStagingCluster-EcsCluster-1AAGQRFIOE9AE,Service_beiakklem1vi3j5feju0,500,2,0.0164195878,0
1537393920,Prod-EcsStagingCluster-EcsCluster-1AAGQRFIOE9AE,Service_beiakklem1vi3j5feju0,500,2,0.0038709502,0
1537387560,Prod-EcsStagingCluster-EcsCluster-1AAGQRFIOE9AE,Service_beiakklem1vi3j5feju0,500,2,0.0133317987,0
1537373700,Prod-EcsStagingCluster-EcsCluster-1AAGQRFIOE9AE,Service_beiakklem1vi3j5feju0,500,2,0.0057542893,0
1537348260,Prod-EcsStagingCluster-EcsCluster-1AAGQRFIOE9AE,Service_beiakklem1vi3j5feju0,500,2,0.0051828385,0
1537392780,Prod-EcsStagingCluster-EcsCluster-1AAGQRFIOE9AE,Service_beiakklem1vi3j5feju0,500,2,0.0038514584,0
1537399140,Prod-EcsStagingCluster-EcsCluster-1AAGQRFIOE9AE,Service_beiakklem1vi3j5feju0,500,2,0.0055345111,0
1537424580,Prod-EcsStagingCluster-EcsCluster-1AAGQRFIOE9AE,Service_beiakklem1vi3j5feju0,500,2,0.0330383536,0
1537351200,Prod-EcsStagingCluster-EcsCluster-1AAGQRFIOE9AE,Service_beiakklem1vi3j5feju0,500,2,0.0055069144,0
1537395720,Prod-EcsStagingCluster-EcsCluster-1AAGQRFIOE9AE,Service_beiakklem1vi3j5feju0,500,2,0.0042207558,0
1537367100,Prod-EcsStagingCluster-EcsCluster-1AAGQRFIOE9AE,Service_beiakklem1vi3j5feju0,500,2,0.0074166457,0
1537373460,Prod-EcsStagingCluster-EcsCluster-1AAGQRFIOE9AE,Service_beiakklem1vi3j5feju0,500,2,0.0053324991,0
1537417980,Prod-EcsStagingCluster-EcsCluster-1AAGQRFIOE9AE,Service_beiakklem1vi3j5feju0,500,2,0.0120488923,0
1537424340,Prod-EcsStagingCluster-EcsCluster-1AAGQRFIOE9AE,Service_beiakklem1vi3j5feju0,500,2,0.0052669141,0
1537350060,Prod-EcsStagingCluster-EcsCluster-1AAGQRFIOE9AE,Service_beiakklem1vi3j5feju0,500,2,0.0053195601,0
1537353240,Prod-EcsStagingCluster-EcsCluster-1AAGQRFIOE9AE,Service_beiakklem1vi3j5feju0,500,2,0.0052936021,0
1537402080,Prod-EcsStagingCluster-EcsCluster-1AAGQRFIOE9AE,Service_beiakklem1vi3j5feju0,500,2,0.0048985520,0
1537378680,Prod-EcsStagingCluster-EcsCluster-1AAGQRFIOE9AE,Service_beiakklem1vi3j5feju0,500,2,0.0038834282,0
1537359600,Prod-EcsStagingCluster-EcsCluster-1AAGQRFIOE9AE,Service_beiakklem1vi3j5feju0,500,2,0.0056072476,0
1537404120,Prod-EcsStagingCluster-EcsCluster-1AAGQRFIOE9AE,Service_beiakklem1vi3j5feju0,500,2,0.0046486641,0
1537410480,Prod-EcsStagingCluster-EcsCluster-1AAGQRFIOE9AE,Service_beiakklem1vi3j5feju0,500,2,0.0089722487,0
1537400940,Prod-EcsStagingCluster-EcsCluster-1AAGQRFIOE9AE,Service_beiakklem1vi3j5feju0,500,2,0.0073292865,0
1537385040,Prod-EcsStagingCluster-EcsCluster-1AAGQRFIOE9AE,Service_beiakklem1vi3j5feju0,500,2,0.0052229776,0
1537429560,Prod-EcsStagingCluster-EcsCluster-1AAGQRFIOE9AE,Service_beiakklem1vi3j5feju0,500,2,0.0063082462,0
1537375260,Prod-EcsStagingCluster-EcsCluster-1AAGQRFIOE9AE,Service_beiakklem1vi3j5feju0,500,2,0.0040930226,0
1537381620,Prod-EcsStagingCluster-EcsCluster-1AAGQRFIOE9AE,Service_beiakklem1vi3j5feju0,500,2,0.0026058675,0
1537426140,Prod-EcsStagingCluster-EcsCluster-1AAGQRFIOE9AE,Service_beiakklem1vi3j5feju0,500,2,0.0057161600,0
1537358220,Prod-EcsStagingCluster-EcsCluster-1AAGQRFIOE9AE,Service_beiakklem1vi3j5feju0,500,2,0.0055564405,0
1537390020,Prod-EcsStagingCluster-EcsCluster-1AAGQRFIOE9AE,Service_beiakklem1vi3j5feju0,500,2,0.0038584702,0
1537364580,Prod-EcsStagingCluster-EcsCluster-1AAGQRFIOE9AE,Service_beiakklem1vi3j5feju0,500,2,0.0056590925,0
1537409100,Prod-EcsStagingCluster-EcsCluster-1AAGQRFIOE9AE,Service_beiakklem1vi3j5feju0,500,2,0.0088812231,0
1537415460,Prod-EcsStagingCluster-EcsCluster-1AAGQRFIOE9AE,Service_beiakklem1vi3j5feju0,500,2,0.0325472302,0
1537379400,Prod-EcsStagingCluster-EcsCluster-1AAGQRFIOE9AE,Service_beiakklem1vi3j5feju0,500,2,0.0038789883,1
1537385760,Prod-EcsStagingCluster-EcsCluster-1AAGQRFIOE9AE,Service_beiakklem1vi3j5feju0,500,2,0.0161737802,0
1537430280,Prod-EcsStagingCluster-EcsCluster-1AAGQRFIOE9AE,Service_beiakklem1vi3j5feju0,500,2,0.0056409053,0
1537362360,Prod-EcsStagingCluster-EcsCluster-1AAGQRFIOE9AE,Service_beiakklem1vi3j5feju0,500,2,0.0247111012,0
1537394160,Prod-EcsStagingCluster-EcsCluster-1AAGQRFIOE9AE,Service_beiakklem1vi3j5feju0,500,2,0.0149928166,3
1537387800,Prod-EcsStagingCluster-EcsCluster-1AAGQRFIOE9AE,Service_beiakklem1vi3j5feju0,500,2,0.0037760522,0
1537368720,Prod-EcsStagingCluster-EcsCluster-1AAGQRFIOE9AE,Service_beiakklem1vi3j5feju0,500,2,0.0056899571,0
1537413240,Prod-EcsStagingCluster-EcsCluster-1AAGQRFIOE9AE,Service_beiakklem1vi3j5feju0,500,2,0.0061542004,0
1537419600,Prod-EcsStagingCluster-EcsCluster-1AAGQRFIOE9AE,Service_beiakklem1vi3j5feju0,500,2,0.0099936803,0
1537383420,Prod-EcsStagingCluster-EcsCluster-1AAGQRFIOE9AE,Service_beiakklem1vi3j5feju0,500,2,0.0053840242,0
1537389780,Prod-EcsStagingCluster-EcsCluster-1AAGQRFIOE9AE,Service_beiakklem1vi3j5feju0,500,2,0.0051117209,0
1537366380,Prod-EcsStagingCluster-EcsCluster-1AAGQRFIOE9AE,Service_beiakklem1vi3j5feju0,500,2,0.0066609683,0
1537426800,Prod-EcsStagingCluster-EcsCluster-1AAGQRFIOE9AE,Service_beiakklem1vi3j5feju0,500,2,0.0059500647,0
1537417260,Prod-EcsStagingCluster-EcsCluster-1AAGQRFIOE9AE,Service_beiakklem1vi3j5feju0,500,2,0.0111681247,0
1537363080,Prod-EcsStagingCluster-EcsCluster-1AAGQRFIOE9AE,Service_beiakklem1vi3j5feju0,500,2,0.0055807019,0
1537413960,Prod-EcsStagingCluster-EcsCluster-1AAGQRFIOE9AE,Service_beiakklem1vi3j5feju0,500,2,0.0153823301,0
1537391700,Prod-EcsStagingCluster-EcsCluster-1AAGQRFIOE9AE,Service_beiakklem1vi3j5feju0,500,2,0.0037233883,0
1537371480,Prod-EcsStagingCluster-EcsCluster-1AAGQRFIOE9AE,Service_beiakklem1vi3j5feju0,500,2,0.0182819208,1
1537346040,Prod-EcsStagingCluster-EcsCluster-1AAGQRFIOE9AE,Service_beiakklem1vi3j5feju0,500,2,0.0052600245,0
1537396920,Prod-EcsStagingCluster-EcsCluster-1AAGQRFIOE9AE,Service_beiakklem1vi3j5feju0,500,2,0.0040424260,0
1537422360,Prod-EcsStagingCluster-EcsCluster-1AAGQRFIOE9AE,Service_beiakklem1vi3j5feju0,500,2,0.0143728672,1
1537391580,Prod-EcsStagingCluster-EcsCluster-1AAGQRFIOE9AE,Service_beiakklem1vi3j5feju0,500,2,0.0037581464,0
1537375680,Prod-EcsStagingCluster-EcsCluster-1AAGQRFIOE9AE,Service_beiakklem1vi3j5feju0,500,2,0.0040008013,2
1537374540,Prod-EcsStagingCluster-EcsCluster-1AAGQRFIOE9AE,Service_beiakklem1vi3j5feju0,500,2,0.0053535214,0
1537426560,Prod-EcsStagingCluster-EcsCluster-1AAGQRFIOE9AE,Service_beiakklem1vi3j5feju0,500,2,0.0211417226,0
1537425420,Prod-EcsStagingCluster-EcsCluster-1AAGQRFIOE9AE,Service_beiakklem1vi3j5feju0,500,2,0.0056756323,0
1537348980,Prod-EcsStagingCluster-EcsCluster-1AAGQRFIOE9AE,Service_beiakklem1vi3j5feju0,500,2,0.0054077860,0
1537371240,Prod-EcsStagingCluster-EcsCluster-1AAGQRFIOE9AE,Service_beiakklem1vi3j5feju0,500,2,0.0057641123,0
1537422120,Prod-EcsStagingCluster-EcsCluster-1AAGQRFIOE9AE,Service_beiakklem1vi3j5feju0,500,2,0.0056017546,0
1537399860,Prod-EcsStagingCluster-EcsCluster-1AAGQRFIOE9AE,Service_beiakklem1vi3j5feju0,500,2,0.0054842924,0
1537357380,Prod-EcsStagingCluster-EcsCluster-1AAGQRFIOE9AE,Service_beiakklem1vi3j5feju0,500,2,0.0056511574,0
1537408260,Prod-EcsStagingCluster-EcsCluster-1AAGQRFIOE9AE,Service_beiakklem1vi3j5feju0,500,2,0.0059675984,0
1537348860,Prod-EcsStagingCluster-EcsCluster-1AAGQRFIOE9AE,Service_beiakklem1vi3j5feju0,500,2,0.0084258251,0
1537382820,Prod-EcsStagingCluster-EcsCluster-1AAGQRFIOE9AE,Service_beiakklem1vi3j5feju0,500,2,0.0029397050,0
1537399740,Prod-EcsStagingCluster-EcsCluster-1AAGQRFIOE9AE,Service_beiakklem1vi3j5feju0,500,2,0.0054380680,0
1537355160,Prod-EcsStagingCluster-EcsCluster-1AAGQRFIOE9AE,Service_beiakklem1vi3j5feju0,500,2,0.0053922876,0
1537380600,Prod-EcsStagingCluster-EcsCluster-1AAGQRFIOE9AE,Service_beiakklem1vi3j5feju0,500,2,0.0014317445,0
1537406040,Prod-EcsStagingCluster-EcsCluster-1AAGQRFIOE9AE,Service_beiakklem1vi3j5feju0,500,2,0.0391321628,0
1537359360,Prod-EcsStagingCluster-EcsCluster-1AAGQRFIOE9AE,Service_beiakklem1vi3j5feju0,500,2,0.0055268351,0
1537382700,Prod-EcsStagingCluster-EcsCluster-1AAGQRFIOE9AE,Service_beiakklem1vi3j5feju0,500,2,0.0030008329,0
1537431480,Prod-EcsStagingCluster-EcsCluster-1AAGQRFIOE9AE,Service_beiakklem1vi3j5feju0,500,2,0.0058627844,0
1537410240,Prod-EcsStagingCluster-EcsCluster-1AAGQRFIOE9AE,Service_beiakklem1vi3j5feju0,500,2,0.1335734331,0
1537357140,Prod-EcsStagingCluster-EcsCluster-1AAGQRFIOE9AE,Service_beiakklem1vi3j5feju0,500,2,0.0057231798,0
1537408020,Prod-EcsStagingCluster-EcsCluster-1AAGQRFIOE9AE,Service_beiakklem1vi3j5feju0,500,2,0.0059259259,0
1537357020,Prod-EcsStagingCluster-EcsCluster-1AAGQRFIOE9AE,Service_beiakklem1vi3j5feju0,500,2,0.0068689012,0
1537354920,Prod-EcsStagingCluster-EcsCluster-1AAGQRFIOE9AE,Service_beiakklem1vi3j5feju0,500,2,0.0056901273,10
1537407900,Prod-EcsStagingCluster-EcsCluster-1AAGQRFIOE9AE,Service_beiakklem1vi3j5feju0,500,2,0.0061031501,0
1537405800,Prod-EcsStagingCluster-EcsCluster-1AAGQRFIOE9AE,Service_beiakklem1vi3j5feju0,500,2,0.0057487342,0
1537390860,Prod-EcsStagingCluster-EcsCluster-1AAGQRFIOE9AE,Service_beiakklem1vi3j5feju0,500,2,0.0038765236,0
1537367520,Prod-EcsStagingCluster-EcsCluster-1AAGQRFIOE9AE,Service_beiakklem1vi3j5feju0,500,2,0.0057359588,0
1537418400,Prod-EcsStagingCluster-EcsCluster-1AAGQRFIOE9AE,Service_beiakklem1vi3j5feju0,500,2,0.0099474282,0
1537375920,Prod-EcsStagingCluster-EcsCluster-1AAGQRFIOE9AE,Service_beiakklem1vi3j5feju0,500,2,0.0039537292,0
1537350480,Prod-EcsStagingCluster-EcsCluster-1AAGQRFIOE9AE,Service_beiakklem1vi3j5feju0,500,2,0.0076232454,0
1537401360,Prod-EcsStagingCluster-EcsCluster-1AAGQRFIOE9AE,Service_beiakklem1vi3j5feju0,500,2,0.0471367813,0
1537365300,Prod-EcsStagingCluster-EcsCluster-1AAGQRFIOE9AE,Service_beiakklem1vi3j5feju0,500,2,0.0059178649,0
1537421520,Prod-EcsStagingCluster-EcsCluster-1AAGQRFIOE9AE,Service_beiakklem1vi3j5feju0,500,2,0.0064545909,0
1537349280,Prod-EcsStagingCluster-EcsCluster-1AAGQRFIOE9AE,Service_beiakklem1vi3j5feju0,500,2,0.0052358672,0
1537393800,Prod-EcsStagingCluster-EcsCluster-1AAGQRFIOE9AE,Service_beiakklem1vi3j5feju0,500,2,0.0038354007,0
1537371540,Prod-EcsStagingCluster-EcsCluster-1AAGQRFIOE9AE,Service_beiakklem1vi3j5feju0,500,2,0.0055706451,0
1537422420,Prod-EcsStagingCluster-EcsCluster-1AAGQRFIOE9AE,Service_beiakklem1vi3j5feju0,500,2,0.0127256171,0
1537348140,Prod-EcsStagingCluster-EcsCluster-1AAGQRFIOE9AE,Service_beiakklem1vi3j5feju0,500,2,0.0109203775,0
1537400160,Prod-EcsStagingCluster-EcsCluster-1AAGQRFIOE9AE,Service_beiakklem1vi3j5feju0,500,2,0.0364585587,0
1537360860,Prod-EcsStagingCluster-EcsCluster-1AAGQRFIOE9AE,Service_beiakklem1vi3j5feju0,500,2,0.0053994323,0
1537411740,Prod-EcsStagingCluster-EcsCluster-1AAGQRFIOE9AE,Service_beiakklem1vi3j5feju0,500,2,0.0098310834,0
1537399020,Prod-EcsStagingCluster-EcsCluster-1AAGQRFIOE9AE,Service_beiakklem1vi3j5feju0,500,2,0.0054543421,0
1537350180,Prod-EcsStagingCluster-EcsCluster-1AAGQRFIOE9AE,Service_beiakklem1vi3j5feju0,500,2,0.0054083109,0
1537401060,Prod-EcsStagingCluster-EcsCluster-1AAGQRFIOE9AE,Service_beiakklem1vi3j5feju0,500,2,0.1412590715,0
1537375620,Prod-EcsStagingCluster-EcsCluster-1AAGQRFIOE9AE,Service_beiakklem1vi3j5feju0,500,2,0.0039401759,1
1537426500,Prod-EcsStagingCluster-EcsCluster-1AAGQRFIOE9AE,Service_beiakklem1vi3j5feju0,500,2,0.0044588656,0
1537379700,Prod-EcsStagingCluster-EcsCluster-1AAGQRFIOE9AE,Service_beiakklem1vi3j5feju0,500,2,0.0028739152,0
1537351080,Prod-EcsStagingCluster-EcsCluster-1AAGQRFIOE9AE,Service_beiakklem1vi3j5feju0,500,2,0.0069451819,0
1537357440,Prod-EcsStagingCluster-EcsCluster-1AAGQRFIOE9AE,Service_beiakklem1vi3j5feju0,500,2,0.0058840031,0
1537401960,Prod-EcsStagingCluster-EcsCluster-1AAGQRFIOE9AE,Service_beiakklem1vi3j5feju0,500,2,0.0156760366,0
1537430580,Prod-EcsStagingCluster-EcsCluster-1AAGQRFIOE9AE,Service_beiakklem1vi3j5feju0,500,2,0.0069604278,0
1537356300,Prod-EcsStagingCluster-EcsCluster-1AAGQRFIOE9AE,Service_beiakklem1vi3j5feju0,500,2,0.0203132408,0
1537408320,Prod-EcsStagingCluster-EcsCluster-1AAGQRFIOE9AE,Service_beiakklem1vi3j5feju0,500,2,0.0076298450,0
1537369020,Prod-EcsStagingCluster-EcsCluster-1AAGQRFIOE9AE,Service_beiakklem1vi3j5feju0,500,2,0.0075617990,0
1537419900,Prod-EcsStagingCluster-EcsCluster-1AAGQRFIOE9AE,Service_beiakklem1vi3j5feju0,500,2,0.0104055665,0
1537407180,Prod-EcsStagingCluster-EcsCluster-1AAGQRFIOE9AE,Service_beiakklem1vi3j5feju0,500,2,0.0057288668,0
1537383840,Prod-EcsStagingCluster-EcsCluster-1AAGQRFIOE9AE,Service_beiakklem1vi3j5feju0,500,2,0.0081204810,0
1537428360,Prod-EcsStagingCluster-EcsCluster-1AAGQRFIOE9AE,Service_beiakklem1vi3j5feju0,500,2,0.0066032247,0
1537387860,Prod-EcsStagingCluster-EcsCluster-1AAGQRFIOE9AE,Service_beiakklem1vi3j5feju0,500,2,0.0038601112,0
1537364460,Prod-EcsStagingCluster-EcsCluster-1AAGQRFIOE9AE,Service_beiakklem1vi3j5feju0,500,2,0.0054744596,0
1537377180,Prod-EcsStagingCluster-EcsCluster-1AAGQRFIOE9AE,Service_beiakklem1vi3j5feju0,500,2,0.0027911382,1
1537385640,Prod-EcsStagingCluster-EcsCluster-1AAGQRFIOE9AE,Service_beiakklem1vi3j5feju0,500,2,0.0050298083,0
1537428060,Prod-EcsStagingCluster-EcsCluster-1AAGQRFIOE9AE,Service_beiakklem1vi3j5feju0,500,2,0.0046182125,0
1537392000,Prod-EcsStagingCluster-EcsCluster-1AAGQRFIOE9AE,Service_beiakklem1vi3j5feju0,500,2,0.0046000123,1
1537415340,Prod-EcsStagingCluster-EcsCluster-1AAGQRFIOE9AE,Service_beiakklem1vi3j5feju0,500,2,0.0057465387,0
1537391940,Prod-EcsStagingCluster-EcsCluster-1AAGQRFIOE9AE,Service_beiakklem1vi3j5feju0,500,2,0.0037932898,0
1537366500,Prod-EcsStagingCluster-EcsCluster-1AAGQRFIOE9AE,Service_beiakklem1vi3j5feju0,500,2,0.0062792491,0
1537417380,Prod-EcsStagingCluster-EcsCluster-1AAGQRFIOE9AE,Service_beiakklem1vi3j5feju0,500,2,0.0112903082,0
1537389720,Prod-EcsStagingCluster-EcsCluster-1AAGQRFIOE9AE,Service_beiakklem1vi3j5feju0,500,2,0.0052168602,0
1537364280,Prod-EcsStagingCluster-EcsCluster-1AAGQRFIOE9AE,Service_beiakklem1vi3j5feju0,500,2,0.0054443482,1
1537370640,Prod-EcsStagingCluster-EcsCluster-1AAGQRFIOE9AE,Service_beiakklem1vi3j5feju0,500,2,0.0057649028,0
1537415160,Prod-EcsStagingCluster-EcsCluster-1AAGQRFIOE9AE,Service_beiakklem1vi3j5feju0,500,2,0.0248916628,0
1537396080,Prod-EcsStagingCluster-EcsCluster-1AAGQRFIOE9AE,Service_beiakklem1vi3j5feju0,500,2,0.0042783805,0
1537373760,Prod-EcsStagingCluster-EcsCluster-1AAGQRFIOE9AE,Service_beiakklem1vi3j5feju0,500,2,0.0354604090,0
1537424640,Prod-EcsStagingCluster-EcsCluster-1AAGQRFIOE9AE,Service_beiakklem1vi3j5feju0,500,2,0.0094769367,1
1537393860,Prod-EcsStagingCluster-EcsCluster-1AAGQRFIOE9AE,Service_beiakklem1vi3j5feju0,500,2,0.0037778390,0
1537368420,Prod-EcsStagingCluster-EcsCluster-1AAGQRFIOE9AE,Service_beiakklem1vi3j5feju0,500,2,0.0055524804,0
1537419300,Prod-EcsStagingCluster-EcsCluster-1AAGQRFIOE9AE,Service_beiakklem1vi3j5feju0,500,2,0.0204525364,0
1537372620,Prod-EcsStagingCluster-EcsCluster-1AAGQRFIOE9AE,Service_beiakklem1vi3j5feju0,500,2,0.0067266891,0
1537385340,Prod-EcsStagingCluster-EcsCluster-1AAGQRFIOE9AE,Service_beiakklem1vi3j5feju0,500,2,0.0060136791,0
1537423500,Prod-EcsStagingCluster-EcsCluster-1AAGQRFIOE9AE,Service_beiakklem1vi3j5feju0,500,2,0.0055913852,0
1537352400,Prod-EcsStagingCluster-EcsCluster-1AAGQRFIOE9AE,Service_beiakklem1vi3j5feju0,500,2,0.0055572791,0
1537347060,Prod-EcsStagingCluster-EcsCluster-1AAGQRFIOE9AE,Service_beiakklem1vi3j5feju0,500,2,0.0053516321,0
1537377840,Prod-EcsStagingCluster-EcsCluster-1AAGQRFIOE9AE,Service_beiakklem1vi3j5feju0,500,2,0.0028330335,0
1537397940,Prod-EcsStagingCluster-EcsCluster-1AAGQRFIOE9AE,Service_beiakklem1vi3j5feju0,500,2,0.0052953699,0
1537428720,Prod-EcsStagingCluster-EcsCluster-1AAGQRFIOE9AE,Service_beiakklem1vi3j5feju0,500,2,0.0046051767,0
1537403280,Prod-EcsStagingCluster-EcsCluster-1AAGQRFIOE9AE,Service_beiakklem1vi3j5feju0,500,2,0.0266501062,0
1537369320,Prod-EcsStagingCluster-EcsCluster-1AAGQRFIOE9AE,Service_beiakklem1vi3j5feju0,500,2,0.0055976799,0
1537420200,Prod-EcsStagingCluster-EcsCluster-1AAGQRFIOE9AE,Service_beiakklem1vi3j5feju0,500,2,0.0101438457,1
1537373400,Prod-EcsStagingCluster-EcsCluster-1AAGQRFIOE9AE,Service_beiakklem1vi3j5feju0,500,2,0.0052813147,0
1537347960,Prod-EcsStagingCluster-EcsCluster-1AAGQRFIOE9AE,Service_beiakklem1vi3j5feju0,500,2,0.0083110387,0
1537381920,Prod-EcsStagingCluster-EcsCluster-1AAGQRFIOE9AE,Service_beiakklem1vi3j5feju0,500,2,0.0084832295,0
1537398840,Prod-EcsStagingCluster-EcsCluster-1AAGQRFIOE9AE,Service_beiakklem1vi3j5feju0,500,2,0.0055358218,0
1537424280,Prod-EcsStagingCluster-EcsCluster-1AAGQRFIOE9AE,Service_beiakklem1vi3j5feju0,500,2,0.0324944096,0
1537393500,Prod-EcsStagingCluster-EcsCluster-1AAGQRFIOE9AE,Service_beiakklem1vi3j5feju0,500,2,0.0037401671,0
1537380780,Prod-EcsStagingCluster-EcsCluster-1AAGQRFIOE9AE,Service_beiakklem1vi3j5feju0,500,2,0.0014082285,0
1537431660,Prod-EcsStagingCluster-EcsCluster-1AAGQRFIOE9AE,Service_beiakklem1vi3j5feju0,500,2,0.0056996244,0
1537377480,Prod-EcsStagingCluster-EcsCluster-1AAGQRFIOE9AE,Service_beiakklem1vi3j5feju0,500,2,0.0029269929,0
1537355220,Prod-EcsStagingCluster-EcsCluster-1AAGQRFIOE9AE,Service_beiakklem1vi3j5feju0,500,2,0.0054073456,0
1537406100,Prod-EcsStagingCluster-EcsCluster-1AAGQRFIOE9AE,Service_beiakklem1vi3j5feju0,500,2,0.1416292967,0
1537361520,Prod-EcsStagingCluster-EcsCluster-1AAGQRFIOE9AE,Service_beiakklem1vi3j5feju0,500,2,0.0054970265,0
1537412400,Prod-EcsStagingCluster-EcsCluster-1AAGQRFIOE9AE,Service_beiakklem1vi3j5feju0,500,2,0.0050817589,0
1537353000,Prod-EcsStagingCluster-EcsCluster-1AAGQRFIOE9AE,Service_beiakklem1vi3j5feju0,500,2,0.0055635008,2
1537386960,Prod-EcsStagingCluster-EcsCluster-1AAGQRFIOE9AE,Service_beiakklem1vi3j5feju0,500,2,0.0123011552,0
1537403880,Prod-EcsStagingCluster-EcsCluster-1AAGQRFIOE9AE,Service_beiakklem1vi3j5feju0,500,2,0.1466935694,0
1537359300,Prod-EcsStagingCluster-EcsCluster-1AAGQRFIOE9AE,Service_beiakklem1vi3j5feju0,500,2,0.0080546878,0
1537410180,Prod-EcsStagingCluster-EcsCluster-1AAGQRFIOE9AE,Service_beiakklem1vi3j5feju0,500,2,0.0087640493,0
1537350780,Prod-EcsStagingCluster-EcsCluster-1AAGQRFIOE9AE,Service_beiakklem1vi3j5feju0,500,2,0.0055892377,0
1537384740,Prod-EcsStagingCluster-EcsCluster-1AAGQRFIOE9AE,Service_beiakklem1vi3j5feju0,500,2,0.0051757352,0
1537401660,Prod-EcsStagingCluster-EcsCluster-1AAGQRFIOE9AE,Service_beiakklem1vi3j5feju0,500,2,0.0045940403,0
1537388940,Prod-EcsStagingCluster-EcsCluster-1AAGQRFIOE9AE,Service_beiakklem1vi3j5feju0,500,2,0.0037998245,0
1537365600,Prod-EcsStagingCluster-EcsCluster-1AAGQRFIOE9AE,Service_beiakklem1vi3j5feju0,500,2,0.0054862828,0
1537416480,Prod-EcsStagingCluster-EcsCluster-1AAGQRFIOE9AE,Service_beiakklem1vi3j5feju0,500,2,0.0057245608,0
1537357080,Prod-EcsStagingCluster-EcsCluster-1AAGQRFIOE9AE,Service_beiakklem1vi3j5feju0,500,2,0.0057357252,0
1537407960,Prod-EcsStagingCluster-EcsCluster-1AAGQRFIOE9AE,Service_beiakklem1vi3j5feju0,500,2,0.0165555834,1
1537382520,Prod-EcsStagingCluster-EcsCluster-1AAGQRFIOE9AE,Service_beiakklem1vi3j5feju0,500,2,0.0034636079,0
1537363380,Prod-EcsStagingCluster-EcsCluster-1AAGQRFIOE9AE,Service_beiakklem1vi3j5feju0,500,2,0.0051130407,0
1537414260,Prod-EcsStagingCluster-EcsCluster-1AAGQRFIOE9AE,Service_beiakklem1vi3j5feju0,500,2,0.0062530700,0
1537361160,Prod-EcsStagingCluster-EcsCluster-1AAGQRFIOE9AE,Service_beiakklem1vi3j5feju0,500,2,0.0168937295,0
1537412040,Prod-EcsStagingCluster-EcsCluster-1AAGQRFIOE9AE,Service_beiakklem1vi3j5feju0,500,2,0.0059269161,0
1537346220,Prod-EcsStagingCluster-EcsCluster-1AAGQRFIOE9AE,Service_beiakklem1vi3j5feju0,500,2,0.0065023428,0
1537358940,Prod-EcsStagingCluster-EcsCluster-1AAGQRFIOE9AE,Service_beiakklem1vi3j5feju0,500,2,0.0055660593,0
1537397100,Prod-EcsStagingCluster-EcsCluster-1AAGQRFIOE9AE,Service_beiakklem1vi3j5feju0,500,2,0.0051587770,0
1537360980,Prod-EcsStagingCluster-EcsCluster-1AAGQRFIOE9AE,Service_beiakklem1vi3j5feju0,500,2,0.0116525426,0
1537425720,Prod-EcsStagingCluster-EcsCluster-1AAGQRFIOE9AE,Service_beiakklem1vi3j5feju0,500,2,0.0073743840,0
1537354620,Prod-EcsStagingCluster-EcsCluster-1AAGQRFIOE9AE,Service_beiakklem1vi3j5feju0,500,2,0.0059633760,0
1537411860,Prod-EcsStagingCluster-EcsCluster-1AAGQRFIOE9AE,Service_beiakklem1vi3j5feju0,500,2,0.0084943157,0
1537405500,Prod-EcsStagingCluster-EcsCluster-1AAGQRFIOE9AE,Service_beiakklem1vi3j5feju0,500,2,0.0057008721,0
1537347120,Prod-EcsStagingCluster-EcsCluster-1AAGQRFIOE9AE,Service_beiakklem1vi3j5feju0,500,2,0.0053661878,0
1537391640,Prod-EcsStagingCluster-EcsCluster-1AAGQRFIOE9AE,Service_beiakklem1vi3j5feju0,500,2,0.0038245748,0
1537398000,Prod-EcsStagingCluster-EcsCluster-1AAGQRFIOE9AE,Service_beiakklem1vi3j5feju0,500,2,0.0050963684,0
1537371420,Prod-EcsStagingCluster-EcsCluster-1AAGQRFIOE9AE,Service_beiakklem1vi3j5feju0,500,2,0.0055814419,0
1537377780,Prod-EcsStagingCluster-EcsCluster-1AAGQRFIOE9AE,Service_beiakklem1vi3j5feju0,500,2,0.0027898469,0
1537428660,Prod-EcsStagingCluster-EcsCluster-1AAGQRFIOE9AE,Service_beiakklem1vi3j5feju0,500,2,0.0045258817,0
1537360740,Prod-EcsStagingCluster-EcsCluster-1AAGQRFIOE9AE,Service_beiakklem1vi3j5feju0,500,2,0.0057545430,0
1537422300,Prod-EcsStagingCluster-EcsCluster-1AAGQRFIOE9AE,Service_beiakklem1vi3j5feju0,500,2,0.0112031571,0
1537411620,Prod-EcsStagingCluster-EcsCluster-1AAGQRFIOE9AE,Service_beiakklem1vi3j5feju0,500,2,0.1743244628,0
1537346880,Prod-EcsStagingCluster-EcsCluster-1AAGQRFIOE9AE,Service_beiakklem1vi3j5feju0,500,2,0.0053862070,0
1537397760,Prod-EcsStagingCluster-EcsCluster-1AAGQRFIOE9AE,Service_beiakklem1vi3j5feju0,500,2,0.0183264292,0
1537391400,Prod-EcsStagingCluster-EcsCluster-1AAGQRFIOE9AE,Service_beiakklem1vi3j5feju0,500,2,0.0039446269,0
1537345740,Prod-EcsStagingCluster-EcsCluster-1AAGQRFIOE9AE,Service_beiakklem1vi3j5feju0,500,2,0.0055881218,0
1537396620,Prod-EcsStagingCluster-EcsCluster-1AAGQRFIOE9AE,Service_beiakklem1vi3j5feju0,500,2,0.0040850410,0
1537377540,Prod-EcsStagingCluster-EcsCluster-1AAGQRFIOE9AE,Service_beiakklem1vi3j5feju0,500,2,0.0027813344,0
1537428420,Prod-EcsStagingCluster-EcsCluster-1AAGQRFIOE9AE,Service_beiakklem1vi3j5feju0,500,2,0.0093492650,0
1537357320,Prod-EcsStagingCluster-EcsCluster-1AAGQRFIOE9AE,Service_beiakklem1vi3j5feju0,500,2,0.0057852980,0
1537375320,Prod-EcsStagingCluster-EcsCluster-1AAGQRFIOE9AE,Service_beiakklem1vi3j5feju0,500,2,0.0039740466,0
1537381680,Prod-EcsStagingCluster-EcsCluster-1AAGQRFIOE9AE,Service_beiakklem1vi3j5feju0,500,2,0.0087871668,0
1537426200,Prod-EcsStagingCluster-EcsCluster-1AAGQRFIOE9AE,Service_beiakklem1vi3j5feju0,500,2,0.0058350203,1
1537362540,Prod-EcsStagingCluster-EcsCluster-1AAGQRFIOE9AE,Service_beiakklem1vi3j5feju0,500,2,0.0102610057,0
1537413420,Prod-EcsStagingCluster-EcsCluster-1AAGQRFIOE9AE,Service_beiakklem1vi3j5feju0,500,2,0.0056725272,0
1537370940,Prod-EcsStagingCluster-EcsCluster-1AAGQRFIOE9AE,Service_beiakklem1vi3j5feju0,500,2,0.0057009993,0
1537377300,Prod-EcsStagingCluster-EcsCluster-1AAGQRFIOE9AE,Service_beiakklem1vi3j5feju0,500,2,0.0030588050,0
1537421820,Prod-EcsStagingCluster-EcsCluster-1AAGQRFIOE9AE,Service_beiakklem1vi3j5feju0,500,2,0.0055608114,0
1537428180,Prod-EcsStagingCluster-EcsCluster-1AAGQRFIOE9AE,Service_beiakklem1vi3j5feju0,500,2,0.0044100226,0
1537381440,Prod-EcsStagingCluster-EcsCluster-1AAGQRFIOE9AE,Service_beiakklem1vi3j5feju0,500,2,0.0024758266,0
1537375080,Prod-EcsStagingCluster-EcsCluster-1AAGQRFIOE9AE,Service_beiakklem1vi3j5feju0,500,2,0.0047530864,0
1537394100,Prod-EcsStagingCluster-EcsCluster-1AAGQRFIOE9AE,Service_beiakklem1vi3j5feju0,500,2,0.0038368675,0
1537387740,Prod-EcsStagingCluster-EcsCluster-1AAGQRFIOE9AE,Service_beiakklem1vi3j5feju0,500,2,0.0039380261,0
1537425960,Prod-EcsStagingCluster-EcsCluster-1AAGQRFIOE9AE,Service_beiakklem1vi3j5feju0,500,2,0.0219989250,0
1537377060,Prod-EcsStagingCluster-EcsCluster-1AAGQRFIOE9AE,Service_beiakklem1vi3j5feju0,500,2,0.0045212528,0
1537347360,Prod-EcsStagingCluster-EcsCluster-1AAGQRFIOE9AE,Service_beiakklem1vi3j5feju0,500,2,0.0124678034,1
1537391880,Prod-EcsStagingCluster-EcsCluster-1AAGQRFIOE9AE,Service_beiakklem1vi3j5feju0,500,2,0.0038106962,0
1537398240,Prod-EcsStagingCluster-EcsCluster-1AAGQRFIOE9AE,Service_beiakklem1vi3j5feju0,500,2,0.0063940617,0
1537427940,Prod-EcsStagingCluster-EcsCluster-1AAGQRFIOE9AE,Service_beiakklem1vi3j5feju0,500,2,0.0316499615,0
1537374840,Prod-EcsStagingCluster-EcsCluster-1AAGQRFIOE9AE,Service_beiakklem1vi3j5feju0,500,2,0.0041545132,0
1537381200,Prod-EcsStagingCluster-EcsCluster-1AAGQRFIOE9AE,Service_beiakklem1vi3j5feju0,500,2,0.0026055594,0
1537396020,Prod-EcsStagingCluster-EcsCluster-1AAGQRFIOE9AE,Service_beiakklem1vi3j5feju0,500,2,0.0048314702,0
1537414080,Prod-EcsStagingCluster-EcsCluster-1AAGQRFIOE9AE,Service_beiakklem1vi3j5feju0,500,2,0.0069365151,0
1537362060,Prod-EcsStagingCluster-EcsCluster-1AAGQRFIOE9AE,Service_beiakklem1vi3j5feju0,500,2,0.0057332574,0
1537412940,Prod-EcsStagingCluster-EcsCluster-1AAGQRFIOE9AE,Service_beiakklem1vi3j5feju0,500,2,0.0057119778,0
1537378980,Prod-EcsStagingCluster-EcsCluster-1AAGQRFIOE9AE,Service_beiakklem1vi3j5feju0,500,2,0.0039238483,0
1537380000,Prod-EcsStagingCluster-EcsCluster-1AAGQRFIOE9AE,Service_beiakklem1vi3j5feju0,500,2,0.0014586963,0
1537429860,Prod-EcsStagingCluster-EcsCluster-1AAGQRFIOE9AE,Service_beiakklem1vi3j5feju0,500,2,0.0076881026,0
1537358760,Prod-EcsStagingCluster-EcsCluster-1AAGQRFIOE9AE,Service_beiakklem1vi3j5feju0,500,2,0.0055215801,0
1537430880,Prod-EcsStagingCluster-EcsCluster-1AAGQRFIOE9AE,Service_beiakklem1vi3j5feju0,500,2,0.0058110011,1
1537362960,Prod-EcsStagingCluster-EcsCluster-1AAGQRFIOE9AE,Service_beiakklem1vi3j5feju0,500,2,0.0148478717,0
1537409640,Prod-EcsStagingCluster-EcsCluster-1AAGQRFIOE9AE,Service_beiakklem1vi3j5feju0,500,2,0.1533584911,0
1537378860,Prod-EcsStagingCluster-EcsCluster-1AAGQRFIOE9AE,Service_beiakklem1vi3j5feju0,500,2,0.0038583250,0
1537429740,Prod-EcsStagingCluster-EcsCluster-1AAGQRFIOE9AE,Service_beiakklem1vi3j5feju0,500,2,0.0056177201,0
1537413840,Prod-EcsStagingCluster-EcsCluster-1AAGQRFIOE9AE,Service_beiakklem1vi3j5feju0,500,2,0.0056379328,0
1537395780,Prod-EcsStagingCluster-EcsCluster-1AAGQRFIOE9AE,Service_beiakklem1vi3j5feju0,500,2,0.0042403186,0
1537375560,Prod-EcsStagingCluster-EcsCluster-1AAGQRFIOE9AE,Service_beiakklem1vi3j5feju0,500,2,0.0199222186,0
1537387260,Prod-EcsStagingCluster-EcsCluster-1AAGQRFIOE9AE,Service_beiakklem1vi3j5feju0,500,2,0.0038736917,0
1537426440,Prod-EcsStagingCluster-EcsCluster-1AAGQRFIOE9AE,Service_beiakklem1vi3j5feju0,500,2,0.0068178132,0
1537358520,Prod-EcsStagingCluster-EcsCluster-1AAGQRFIOE9AE,Service_beiakklem1vi3j5feju0,500,2,0.0054076007,0
1537379760,Prod-EcsStagingCluster-EcsCluster-1AAGQRFIOE9AE,Service_beiakklem1vi3j5feju0,500,2,0.0117978686,0
1537430640,Prod-EcsStagingCluster-EcsCluster-1AAGQRFIOE9AE,Service_beiakklem1vi3j5feju0,500,2,0.0108271539,0
1537353180,Prod-EcsStagingCluster-EcsCluster-1AAGQRFIOE9AE,Service_beiakklem1vi3j5feju0,500,2,0.0090031084,0
1537409400,Prod-EcsStagingCluster-EcsCluster-1AAGQRFIOE9AE,Service_beiakklem1vi3j5feju0,500,2,0.0161867546,0
1537404060,Prod-EcsStagingCluster-EcsCluster-1AAGQRFIOE9AE,Service_beiakklem1vi3j5feju0,500,2,0.0067229739,0
1537395540,Prod-EcsStagingCluster-EcsCluster-1AAGQRFIOE9AE,Service_beiakklem1vi3j5feju0,500,2,0.0042005591,0
1537363680,Prod-EcsStagingCluster-EcsCluster-1AAGQRFIOE9AE,Service_beiakklem1vi3j5feju0,500,2,0.0054784207,0
1537414560,Prod-EcsStagingCluster-EcsCluster-1AAGQRFIOE9AE,Service_beiakklem1vi3j5feju0,500,2,0.0170405536,0
1537393320,Prod-EcsStagingCluster-EcsCluster-1AAGQRFIOE9AE,Service_beiakklem1vi3j5feju0,500,2,0.0038065062,0
1537346640,Prod-EcsStagingCluster-EcsCluster-1AAGQRFIOE9AE,Service_beiakklem1vi3j5feju0,500,2,0.0051680912,0
1537397520,Prod-EcsStagingCluster-EcsCluster-1AAGQRFIOE9AE,Service_beiakklem1vi3j5feju0,500,2,0.0051717196,0
1537361460,Prod-EcsStagingCluster-EcsCluster-1AAGQRFIOE9AE,Service_beiakklem1vi3j5feju0,500,2,0.0054725436,0
1537412340,Prod-EcsStagingCluster-EcsCluster-1AAGQRFIOE9AE,Service_beiakklem1vi3j5feju0,500,2,0.0056892186,0
1537378380,Prod-EcsStagingCluster-EcsCluster-1AAGQRFIOE9AE,Service_beiakklem1vi3j5feju0,500,2,0.0107343089,0
1537359240,Prod-EcsStagingCluster-EcsCluster-1AAGQRFIOE9AE,Service_beiakklem1vi3j5feju0,500,2,0.0056604708,0
1537395300,Prod-EcsStagingCluster-EcsCluster-1AAGQRFIOE9AE,Service_beiakklem1vi3j5feju0,500,2,0.0038419608,0
1537429260,Prod-EcsStagingCluster-EcsCluster-1AAGQRFIOE9AE,Service_beiakklem1vi3j5feju0,500,2,0.0056600391,0
1537410120,Prod-EcsStagingCluster-EcsCluster-1AAGQRFIOE9AE,Service_beiakklem1vi3j5feju0,500,2,0.0103098185,0
1537363440,Prod-EcsStagingCluster-EcsCluster-1AAGQRFIOE9AE,Service_beiakklem1vi3j5feju0,500,2,0.0052544523,0
1537393080,Prod-EcsStagingCluster-EcsCluster-1AAGQRFIOE9AE,Service_beiakklem1vi3j5feju0,500,2,0.0039314177,1
1537414320,Prod-EcsStagingCluster-EcsCluster-1AAGQRFIOE9AE,Service_beiakklem1vi3j5feju0,500,2,0.0058491106,0
1537395180,Prod-EcsStagingCluster-EcsCluster-1AAGQRFIOE9AE,Service_beiakklem1vi3j5feju0,500,2,0.0038884555,0
1537361220,Prod-EcsStagingCluster-EcsCluster-1AAGQRFIOE9AE,Service_beiakklem1vi3j5feju0,500,2,0.0055300584,0
1537412100,Prod-EcsStagingCluster-EcsCluster-1AAGQRFIOE9AE,Service_beiakklem1vi3j5feju0,500,2,0.0130660014,0
1537352700,Prod-EcsStagingCluster-EcsCluster-1AAGQRFIOE9AE,Service_beiakklem1vi3j5feju0,500,2,0.0221375055,0
1537403580,Prod-EcsStagingCluster-EcsCluster-1AAGQRFIOE9AE,Service_beiakklem1vi3j5feju0,500,2,0.0313061140,1
1537359000,Prod-EcsStagingCluster-EcsCluster-1AAGQRFIOE9AE,Service_beiakklem1vi3j5feju0,500,2,0.0054058501,1
1537409880,Prod-EcsStagingCluster-EcsCluster-1AAGQRFIOE9AE,Service_beiakklem1vi3j5feju0,500,2,0.0153494555,0
1537363200,Prod-EcsStagingCluster-EcsCluster-1AAGQRFIOE9AE,Service_beiakklem1vi3j5feju0,500,2,0.0051419150,3
1537375860,Prod-EcsStagingCluster-EcsCluster-1AAGQRFIOE9AE,Service_beiakklem1vi3j5feju0,500,2,0.0041329944,0
1537363140,Prod-EcsStagingCluster-EcsCluster-1AAGQRFIOE9AE,Service_beiakklem1vi3j5feju0,500,2,0.0054807360,0
1537414020,Prod-EcsStagingCluster-EcsCluster-1AAGQRFIOE9AE,Service_beiakklem1vi3j5feju0,500,2,0.0055881440,0
1537426740,Prod-EcsStagingCluster-EcsCluster-1AAGQRFIOE9AE,Service_beiakklem1vi3j5feju0,500,2,0.0045093255,0
1537376760,Prod-EcsStagingCluster-EcsCluster-1AAGQRFIOE9AE,Service_beiakklem1vi3j5feju0,500,2,0.0112689243,0
1537383120,Prod-EcsStagingCluster-EcsCluster-1AAGQRFIOE9AE,Service_beiakklem1vi3j5feju0,500,2,0.0048029766,0
1537389480,Prod-EcsStagingCluster-EcsCluster-1AAGQRFIOE9AE,Service_beiakklem1vi3j5feju0,500,2,0.0051447503,0
1537395840,Prod-EcsStagingCluster-EcsCluster-1AAGQRFIOE9AE,Service_beiakklem1vi3j5feju0,500,2,0.0042015629,0
1537427640,Prod-EcsStagingCluster-EcsCluster-1AAGQRFIOE9AE,Service_beiakklem1vi3j5feju0,500,2,0.0043188189,0
1537356540,Prod-EcsStagingCluster-EcsCluster-1AAGQRFIOE9AE,Service_beiakklem1vi3j5feju0,500,2,0.0055221944,0
1537394700,Prod-EcsStagingCluster-EcsCluster-1AAGQRFIOE9AE,Service_beiakklem1vi3j5feju0,500,2,0.0039273462,0
1537349040,Prod-EcsStagingCluster-EcsCluster-1AAGQRFIOE9AE,Service_beiakklem1vi3j5feju0,500,2,0.0051826745,0
1537355400,Prod-EcsStagingCluster-EcsCluster-1AAGQRFIOE9AE,Service_beiakklem1vi3j5feju0,500,2,0.0053969354,0
1537361760,Prod-EcsStagingCluster-EcsCluster-1AAGQRFIOE9AE,Service_beiakklem1vi3j5feju0,500,2,0.0140783954,0
1537407420,Prod-EcsStagingCluster-EcsCluster-1AAGQRFIOE9AE,Service_beiakklem1vi3j5feju0,500,2,0.1031651701,0
1537412640,Prod-EcsStagingCluster-EcsCluster-1AAGQRFIOE9AE,Service_beiakklem1vi3j5feju0,500,2,0.0056296510,0
1537393560,Prod-EcsStagingCluster-EcsCluster-1AAGQRFIOE9AE,Service_beiakklem1vi3j5feju0,500,2,0.0122934114,1
1537399920,Prod-EcsStagingCluster-EcsCluster-1AAGQRFIOE9AE,Service_beiakklem1vi3j5feju0,500,2,0.0487258329,0
1537406280,Prod-EcsStagingCluster-EcsCluster-1AAGQRFIOE9AE,Service_beiakklem1vi3j5feju0,500,2,0.0059202561,0
1537373340,Prod-EcsStagingCluster-EcsCluster-1AAGQRFIOE9AE,Service_beiakklem1vi3j5feju0,500,2,0.0052506483,0
1537360620,Prod-EcsStagingCluster-EcsCluster-1AAGQRFIOE9AE,Service_beiakklem1vi3j5feju0,500,2,0.0057891341,0
1537362660,Prod-EcsStagingCluster-EcsCluster-1AAGQRFIOE9AE,Service_beiakklem1vi3j5feju0,500,2,0.0053379550,0
1537411500,Prod-EcsStagingCluster-EcsCluster-1AAGQRFIOE9AE,Service_beiakklem1vi3j5feju0,500,2,0.0099436656,0
1537424220,Prod-EcsStagingCluster-EcsCluster-1AAGQRFIOE9AE,Service_beiakklem1vi3j5feju0,500,2,0.0436988958,0
1537375380,Prod-EcsStagingCluster-EcsCluster-1AAGQRFIOE9AE,Service_beiakklem1vi3j5feju0,500,2,0.0041885298,0
1537413540,Prod-EcsStagingCluster-EcsCluster-1AAGQRFIOE9AE,Service_beiakklem1vi3j5feju0,500,2,0.0055328275,1
1537360440,Prod-EcsStagingCluster-EcsCluster-1AAGQRFIOE9AE,Service_beiakklem1vi3j5feju0,500,2,0.0056532429,0
1537426260,Prod-EcsStagingCluster-EcsCluster-1AAGQRFIOE9AE,Service_beiakklem1vi3j5feju0,500,2,0.0069734123,0
1537379520,Prod-EcsStagingCluster-EcsCluster-1AAGQRFIOE9AE,Service_beiakklem1vi3j5feju0,500,2,0.0064966122,0
1537366800,Prod-EcsStagingCluster-EcsCluster-1AAGQRFIOE9AE,Service_beiakklem1vi3j5feju0,500,2,0.0057507396,0
1537373160,Prod-EcsStagingCluster-EcsCluster-1AAGQRFIOE9AE,Service_beiakklem1vi3j5feju0,500,2,0.0147175762,0
1537417680,Prod-EcsStagingCluster-EcsCluster-1AAGQRFIOE9AE,Service_beiakklem1vi3j5feju0,500,2,0.0103064316,1
1537411320,Prod-EcsStagingCluster-EcsCluster-1AAGQRFIOE9AE,Service_beiakklem1vi3j5feju0,500,2,0.0085664825,0
1537392180,Prod-EcsStagingCluster-EcsCluster-1AAGQRFIOE9AE,Service_beiakklem1vi3j5feju0,500,2,0.0046056919,0
1537424040,Prod-EcsStagingCluster-EcsCluster-1AAGQRFIOE9AE,Service_beiakklem1vi3j5feju0,500,2,0.0044449330,0
1537430400,Prod-EcsStagingCluster-EcsCluster-1AAGQRFIOE9AE,Service_beiakklem1vi3j5feju0,500,2,0.0056780162,0
1537379460,Prod-EcsStagingCluster-EcsCluster-1AAGQRFIOE9AE,Service_beiakklem1vi3j5feju0,500,2,0.0039824275,0
1537430340,Prod-EcsStagingCluster-EcsCluster-1AAGQRFIOE9AE,Service_beiakklem1vi3j5feju0,500,2,0.0054540520,0
1537345440,Prod-EcsStagingCluster-EcsCluster-1AAGQRFIOE9AE,Service_beiakklem1vi3j5feju0,500,2,0.0053482759,0
1537396320,Prod-EcsStagingCluster-EcsCluster-1AAGQRFIOE9AE,Service_beiakklem1vi3j5feju0,500,2,0.0041373796,0
1537389960,Prod-EcsStagingCluster-EcsCluster-1AAGQRFIOE9AE,Service_beiakklem1vi3j5feju0,500,2,0.0089902800,0
1537377240,Prod-EcsStagingCluster-EcsCluster-1AAGQRFIOE9AE,Service_beiakklem1vi3j5feju0,500,2,0.0029932314,0
1537383600,Prod-EcsStagingCluster-EcsCluster-1AAGQRFIOE9AE,Service_beiakklem1vi3j5feju0,500,2,0.0052973962,1
1537428120,Prod-EcsStagingCluster-EcsCluster-1AAGQRFIOE9AE,Service_beiakklem1vi3j5feju0,500,2,0.0044919715,1
1537360140,Prod-EcsStagingCluster-EcsCluster-1AAGQRFIOE9AE,Service_beiakklem1vi3j5feju0,500,2,0.0054570124,0
1537372860,Prod-EcsStagingCluster-EcsCluster-1AAGQRFIOE9AE,Service_beiakklem1vi3j5feju0,500,2,0.0055412864,0
1537411020,Prod-EcsStagingCluster-EcsCluster-1AAGQRFIOE9AE,Service_beiakklem1vi3j5feju0,500,2,0.0086053475,0
1537423740,Prod-EcsStagingCluster-EcsCluster-1AAGQRFIOE9AE,Service_beiakklem1vi3j5feju0,500,2,0.0056207044,0
1537389660,Prod-EcsStagingCluster-EcsCluster-1AAGQRFIOE9AE,Service_beiakklem1vi3j5feju0,500,2,0.0050828545,0
1537407720,Prod-EcsStagingCluster-EcsCluster-1AAGQRFIOE9AE,Service_beiakklem1vi3j5feju0,500,2,0.0060999696,0
1537376940,Prod-EcsStagingCluster-EcsCluster-1AAGQRFIOE9AE,Service_beiakklem1vi3j5feju0,500,2,0.0069483961,0
1537427820,Prod-EcsStagingCluster-EcsCluster-1AAGQRFIOE9AE,Service_beiakklem1vi3j5feju0,500,2,0.0090169531,0
1537373640,Prod-EcsStagingCluster-EcsCluster-1AAGQRFIOE9AE,Service_beiakklem1vi3j5feju0,500,2,0.0053127022,0
1537360920,Prod-EcsStagingCluster-EcsCluster-1AAGQRFIOE9AE,Service_beiakklem1vi3j5feju0,500,2,0.0054593820,0
1537411800,Prod-EcsStagingCluster-EcsCluster-1AAGQRFIOE9AE,Service_beiakklem1vi3j5feju0,500,2,0.0086535337,0
1537424520,Prod-EcsStagingCluster-EcsCluster-1AAGQRFIOE9AE,Service_beiakklem1vi3j5feju0,500,2,0.0142627302,1
1537380900,Prod-EcsStagingCluster-EcsCluster-1AAGQRFIOE9AE,Service_beiakklem1vi3j5feju0,500,2,0.0036202708,0
1537393620,Prod-EcsStagingCluster-EcsCluster-1AAGQRFIOE9AE,Service_beiakklem1vi3j5feju0,500,2,0.0038627982,0
1537346820,Prod-EcsStagingCluster-EcsCluster-1AAGQRFIOE9AE,Service_beiakklem1vi3j5feju0,500,2,0.0062954755,0
1537359540,Prod-EcsStagingCluster-EcsCluster-1AAGQRFIOE9AE,Service_beiakklem1vi3j5feju0,500,2,0.0055195470,0
1537364880,Prod-EcsStagingCluster-EcsCluster-1AAGQRFIOE9AE,Service_beiakklem1vi3j5feju0,500,2,0.0055438343,0
1537377600,Prod-EcsStagingCluster-EcsCluster-1AAGQRFIOE9AE,Service_beiakklem1vi3j5feju0,500,2,0.0029169980,0
1537415760,Prod-EcsStagingCluster-EcsCluster-1AAGQRFIOE9AE,Service_beiakklem1vi3j5feju0,500,2,0.0196113002,0
1537410420,Prod-EcsStagingCluster-EcsCluster-1AAGQRFIOE9AE,Service_beiakklem1vi3j5feju0,500,2,0.0114232650,0
1537376460,Prod-EcsStagingCluster-EcsCluster-1AAGQRFIOE9AE,Service_beiakklem1vi3j5feju0,500,2,0.0029574712,0
1537397700,Prod-EcsStagingCluster-EcsCluster-1AAGQRFIOE9AE,Service_beiakklem1vi3j5feju0,500,2,0.0052235354,0
1537428480,Prod-EcsStagingCluster-EcsCluster-1AAGQRFIOE9AE,Service_beiakklem1vi3j5feju0,500,2,0.0044082142,0
1537389180,Prod-EcsStagingCluster-EcsCluster-1AAGQRFIOE9AE,Service_beiakklem1vi3j5feju0,500,2,0.0046660095,0
1537427340,Prod-EcsStagingCluster-EcsCluster-1AAGQRFIOE9AE,Service_beiakklem1vi3j5feju0,500,2,0.0043951221,0
1537408200,Prod-EcsStagingCluster-EcsCluster-1AAGQRFIOE9AE,Service_beiakklem1vi3j5feju0,500,2,0.0060207698,0
1537395480,Prod-EcsStagingCluster-EcsCluster-1AAGQRFIOE9AE,Service_beiakklem1vi3j5feju0,500,2,0.0044197364,1
1537355100,Prod-EcsStagingCluster-EcsCluster-1AAGQRFIOE9AE,Service_beiakklem1vi3j5feju0,500,2,0.0259846875,0
1537405980,Prod-EcsStagingCluster-EcsCluster-1AAGQRFIOE9AE,Service_beiakklem1vi3j5feju0,500,2,0.0056231200,0
1537393260,Prod-EcsStagingCluster-EcsCluster-1AAGQRFIOE9AE,Service_beiakklem1vi3j5feju0,500,2,0.0037118877,0
1537361280,Prod-EcsStagingCluster-EcsCluster-1AAGQRFIOE9AE,Service_beiakklem1vi3j5feju0,500,2,0.0055792954,2
1537348560,Prod-EcsStagingCluster-EcsCluster-1AAGQRFIOE9AE,Service_beiakklem1vi3j5feju0,500,2,0.0127140715,0
1537399440,Prod-EcsStagingCluster-EcsCluster-1AAGQRFIOE9AE,Service_beiakklem1vi3j5feju0,500,2,0.0055721044,0
1537412160,Prod-EcsStagingCluster-EcsCluster-1AAGQRFIOE9AE,Service_beiakklem1vi3j5feju0,500,2,0.0152308924,0
1537359060,Prod-EcsStagingCluster-EcsCluster-1AAGQRFIOE9AE,Service_beiakklem1vi3j5feju0,500,2,0.0071483911,0
1537346340,Prod-EcsStagingCluster-EcsCluster-1AAGQRFIOE9AE,Service_beiakklem1vi3j5feju0,500,2,0.0055250691,0
1537397220,Prod-EcsStagingCluster-EcsCluster-1AAGQRFIOE9AE,Service_beiakklem1vi3j5feju0,500,2,0.0065926958,0
1537378080,Prod-EcsStagingCluster-EcsCluster-1AAGQRFIOE9AE,Service_beiakklem1vi3j5feju0,500,2,0.0039195630,0
1537409940,Prod-EcsStagingCluster-EcsCluster-1AAGQRFIOE9AE,Service_beiakklem1vi3j5feju0,500,2,0.0087681189,0
1537365360,Prod-EcsStagingCluster-EcsCluster-1AAGQRFIOE9AE,Service_beiakklem1vi3j5feju0,500,2,0.0137921139,0
1537356840,Prod-EcsStagingCluster-EcsCluster-1AAGQRFIOE9AE,Service_beiakklem1vi3j5feju0,500,2,0.0054931948,1
1537395000,Prod-EcsStagingCluster-EcsCluster-1AAGQRFIOE9AE,Service_beiakklem1vi3j5feju0,500,2,0.0038973517,0
1537428960,Prod-EcsStagingCluster-EcsCluster-1AAGQRFIOE9AE,Service_beiakklem1vi3j5feju0,500,2,0.0052215275,0
1537416240,Prod-EcsStagingCluster-EcsCluster-1AAGQRFIOE9AE,Service_beiakklem1vi3j5feju0,500,2,0.0100700523,0
1537410720,Prod-EcsStagingCluster-EcsCluster-1AAGQRFIOE9AE,Service_beiakklem1vi3j5feju0,500,2,0.0087667061,0
1537401180,Prod-EcsStagingCluster-EcsCluster-1AAGQRFIOE9AE,Service_beiakklem1vi3j5feju0,500,2,0.0061399069,0
1537404360,Prod-EcsStagingCluster-EcsCluster-1AAGQRFIOE9AE,Service_beiakklem1vi3j5feju0,500,2,0.0200000578,0
1537407540,Prod-EcsStagingCluster-EcsCluster-1AAGQRFIOE9AE,Service_beiakklem1vi3j5feju0,500,2,0.0058306479,0
1537368240,Prod-EcsStagingCluster-EcsCluster-1AAGQRFIOE9AE,Service_beiakklem1vi3j5feju0,500,2,0.0054833569,0
1537426620,Prod-EcsStagingCluster-EcsCluster-1AAGQRFIOE9AE,Service_beiakklem1vi3j5feju0,500,2,0.0058085183,0
1537429800,Prod-EcsStagingCluster-EcsCluster-1AAGQRFIOE9AE,Service_beiakklem1vi3j5feju0,500,2,0.0073253566,0
1537358700,Prod-EcsStagingCluster-EcsCluster-1AAGQRFIOE9AE,Service_beiakklem1vi3j5feju0,500,2,0.0131792169,0
1537361880,Prod-EcsStagingCluster-EcsCluster-1AAGQRFIOE9AE,Service_beiakklem1vi3j5feju0,500,2,0.0120973687,0
1537365060,Prod-EcsStagingCluster-EcsCluster-1AAGQRFIOE9AE,Service_beiakklem1vi3j5feju0,500,2,0.0128909407,0
1537393680,Prod-EcsStagingCluster-EcsCluster-1AAGQRFIOE9AE,Service_beiakklem1vi3j5feju0,500,2,0.0063421034,0
1537390500,Prod-EcsStagingCluster-EcsCluster-1AAGQRFIOE9AE,Service_beiakklem1vi3j5feju0,500,2,0.0037975656,0
1537384140,Prod-EcsStagingCluster-EcsCluster-1AAGQRFIOE9AE,Service_beiakklem1vi3j5feju0,500,2,0.0052303312,0
1537387320,Prod-EcsStagingCluster-EcsCluster-1AAGQRFIOE9AE,Service_beiakklem1vi3j5feju0,500,2,0.0038529256,0
1537358460,Prod-EcsStagingCluster-EcsCluster-1AAGQRFIOE9AE,Service_beiakklem1vi3j5feju0,500,2,0.0055471604,0
1537361640,Prod-EcsStagingCluster-EcsCluster-1AAGQRFIOE9AE,Service_beiakklem1vi3j5feju0,500,2,0.0059354577,0
1537364820,Prod-EcsStagingCluster-EcsCluster-1AAGQRFIOE9AE,Service_beiakklem1vi3j5feju0,500,2,0.0053294391,0
1537368000,Prod-EcsStagingCluster-EcsCluster-1AAGQRFIOE9AE,Service_beiakklem1vi3j5feju0,500,2,0.0067317875,0
1537362600,Prod-EcsStagingCluster-EcsCluster-1AAGQRFIOE9AE,Service_beiakklem1vi3j5feju0,500,2,0.0053956455,0
1537368960,Prod-EcsStagingCluster-EcsCluster-1AAGQRFIOE9AE,Service_beiakklem1vi3j5feju0,500,2,0.0231270562,0
1537417740,Prod-EcsStagingCluster-EcsCluster-1AAGQRFIOE9AE,Service_beiakklem1vi3j5feju0,500,2,0.0109955475,0
1537392300,Prod-EcsStagingCluster-EcsCluster-1AAGQRFIOE9AE,Service_beiakklem1vi3j5feju0,500,2,0.0035827927,0
1537398660,Prod-EcsStagingCluster-EcsCluster-1AAGQRFIOE9AE,Service_beiakklem1vi3j5feju0,500,2,0.0054370941,0
1537424100,Prod-EcsStagingCluster-EcsCluster-1AAGQRFIOE9AE,Service_beiakklem1vi3j5feju0,500,2,0.0715610391,0
1537402800,Prod-EcsStagingCluster-EcsCluster-1AAGQRFIOE9AE,Service_beiakklem1vi3j5feju0,500,2,0.0050373849,0
1537396440,Prod-EcsStagingCluster-EcsCluster-1AAGQRFIOE9AE,Service_beiakklem1vi3j5feju0,500,2,0.0062123703,0
1537421880,Prod-EcsStagingCluster-EcsCluster-1AAGQRFIOE9AE,Service_beiakklem1vi3j5feju0,500,2,0.0057949663,0
1537428240,Prod-EcsStagingCluster-EcsCluster-1AAGQRFIOE9AE,Service_beiakklem1vi3j5feju0,500,2,0.0044503788,0
1537372980,Prod-EcsStagingCluster-EcsCluster-1AAGQRFIOE9AE,Service_beiakklem1vi3j5feju0,500,2,0.0052672248,0
1537366620,Prod-EcsStagingCluster-EcsCluster-1AAGQRFIOE9AE,Service_beiakklem1vi3j5feju0,500,2,0.0107089006,0
1537398420,Prod-EcsStagingCluster-EcsCluster-1AAGQRFIOE9AE,Service_beiakklem1vi3j5feju0,500,2,0.0052750860,1
1537392060,Prod-EcsStagingCluster-EcsCluster-1AAGQRFIOE9AE,Service_beiakklem1vi3j5feju0,500,2,0.0037731605,0
1537355940,Prod-EcsStagingCluster-EcsCluster-1AAGQRFIOE9AE,Service_beiakklem1vi3j5feju0,500,2,0.0054202044,0
1537349580,Prod-EcsStagingCluster-EcsCluster-1AAGQRFIOE9AE,Service_beiakklem1vi3j5feju0,500,2,0.0054517723,1
1537370760,Prod-EcsStagingCluster-EcsCluster-1AAGQRFIOE9AE,Service_beiakklem1vi3j5feju0,500,2,0.0155680762,0
1537377120,Prod-EcsStagingCluster-EcsCluster-1AAGQRFIOE9AE,Service_beiakklem1vi3j5feju0,500,2,0.0028810716,0
1537396200,Prod-EcsStagingCluster-EcsCluster-1AAGQRFIOE9AE,Service_beiakklem1vi3j5feju0,500,2,0.0042986463,0
1537402560,Prod-EcsStagingCluster-EcsCluster-1AAGQRFIOE9AE,Service_beiakklem1vi3j5feju0,500,2,0.0335077644,0
1537425900,Prod-EcsStagingCluster-EcsCluster-1AAGQRFIOE9AE,Service_beiakklem1vi3j5feju0,500,2,0.0057010852,0
1537353720,Prod-EcsStagingCluster-EcsCluster-1AAGQRFIOE9AE,Service_beiakklem1vi3j5feju0,500,2,0.0060975279,0
1537360080,Prod-EcsStagingCluster-EcsCluster-1AAGQRFIOE9AE,Service_beiakklem1vi3j5feju0,500,2,0.0056418056,0
1537430040,Prod-EcsStagingCluster-EcsCluster-1AAGQRFIOE9AE,Service_beiakklem1vi3j5feju0,500,2,0.0058848307,0
1537409760,Prod-EcsStagingCluster-EcsCluster-1AAGQRFIOE9AE,Service_beiakklem1vi3j5feju0,500,2,0.0220981370,0
1537400220,Prod-EcsStagingCluster-EcsCluster-1AAGQRFIOE9AE,Service_beiakklem1vi3j5feju0,500,2,0.0352339162,0
1537431000,Prod-EcsStagingCluster-EcsCluster-1AAGQRFIOE9AE,Service_beiakklem1vi3j5feju0,500,2,0.0056931810,0
1537367280,Prod-EcsStagingCluster-EcsCluster-1AAGQRFIOE9AE,Service_beiakklem1vi3j5feju0,500,2,0.0057072130,0
1537425660,Prod-EcsStagingCluster-EcsCluster-1AAGQRFIOE9AE,Service_beiakklem1vi3j5feju0,500,2,0.1294312747,0
1537357740,Prod-EcsStagingCluster-EcsCluster-1AAGQRFIOE9AE,Service_beiakklem1vi3j5feju0,500,2,0.0171307483,0
1537392720,Prod-EcsStagingCluster-EcsCluster-1AAGQRFIOE9AE,Service_beiakklem1vi3j5feju0,500,2,0.0121594819,0
1537383180,Prod-EcsStagingCluster-EcsCluster-1AAGQRFIOE9AE,Service_beiakklem1vi3j5feju0,500,2,0.0053002840,0
1537408500,Prod-EcsStagingCluster-EcsCluster-1AAGQRFIOE9AE,Service_beiakklem1vi3j5feju0,500,2,0.0096613973,0
1537405320,Prod-EcsStagingCluster-EcsCluster-1AAGQRFIOE9AE,Service_beiakklem1vi3j5feju0,500,2,0.0100067487,0
1537366020,Prod-EcsStagingCluster-EcsCluster-1AAGQRFIOE9AE,Service_beiakklem1vi3j5feju0,500,2,0.1291735768,1
1537430760,Prod-EcsStagingCluster-EcsCluster-1AAGQRFIOE9AE,Service_beiakklem1vi3j5feju0,500,2,0.0069876162,0
1537362840,Prod-EcsStagingCluster-EcsCluster-1AAGQRFIOE9AE,Service_beiakklem1vi3j5feju0,500,2,0.0053903095,0
1537357500,Prod-EcsStagingCluster-EcsCluster-1AAGQRFIOE9AE,Service_beiakklem1vi3j5feju0,500,2,0.0184716503,0
1537367040,Prod-EcsStagingCluster-EcsCluster-1AAGQRFIOE9AE,Service_beiakklem1vi3j5feju0,500,2,0.0065515714,0
1537391460,Prod-EcsStagingCluster-EcsCluster-1AAGQRFIOE9AE,Service_beiakklem1vi3j5feju0,500,2,0.0040683829,0
1537388280,Prod-EcsStagingCluster-EcsCluster-1AAGQRFIOE9AE,Service_beiakklem1vi3j5feju0,500,2,0.0040255876,0
1537391340,Prod-EcsStagingCluster-EcsCluster-1AAGQRFIOE9AE,Service_beiakklem1vi3j5feju0,500,2,0.0038185243,0
1537416780,Prod-EcsStagingCluster-EcsCluster-1AAGQRFIOE9AE,Service_beiakklem1vi3j5feju0,500,2,0.0058092920,0
1537400880,Prod-EcsStagingCluster-EcsCluster-1AAGQRFIOE9AE,Service_beiakklem1vi3j5feju0,500,2,0.0912387285,0
1537426320,Prod-EcsStagingCluster-EcsCluster-1AAGQRFIOE9AE,Service_beiakklem1vi3j5feju0,500,2,0.0299931590,0
1537365780,Prod-EcsStagingCluster-EcsCluster-1AAGQRFIOE9AE,Service_beiakklem1vi3j5feju0,500,2,0.0056552879,0
1537401840,Prod-EcsStagingCluster-EcsCluster-1AAGQRFIOE9AE,Service_beiakklem1vi3j5feju0,500,2,0.0048966438,0
1537427280,Prod-EcsStagingCluster-EcsCluster-1AAGQRFIOE9AE,Service_beiakklem1vi3j5feju0,500,2,0.0044435814,0
1537363560,Prod-EcsStagingCluster-EcsCluster-1AAGQRFIOE9AE,Service_beiakklem1vi3j5feju0,500,2,0.0143436364,0
1537399620,Prod-EcsStagingCluster-EcsCluster-1AAGQRFIOE9AE,Service_beiakklem1vi3j5feju0,500,2,0.0054493992,0
1537365660,Prod-EcsStagingCluster-EcsCluster-1AAGQRFIOE9AE,Service_beiakklem1vi3j5feju0,500,2,0.0054720870,0
1537391100,Prod-EcsStagingCluster-EcsCluster-1AAGQRFIOE9AE,Service_beiakklem1vi3j5feju0,500,2,0.0038171884,0
1537425060,Prod-EcsStagingCluster-EcsCluster-1AAGQRFIOE9AE,Service_beiakklem1vi3j5feju0,500,2,0.0144256527,0
1537348620,Prod-EcsStagingCluster-EcsCluster-1AAGQRFIOE9AE,Service_beiakklem1vi3j5feju0,500,2,0.0181934892,0
1537376160,Prod-EcsStagingCluster-EcsCluster-1AAGQRFIOE9AE,Service_beiakklem1vi3j5feju0,500,2,0.0124591048,0
1537397400,Prod-EcsStagingCluster-EcsCluster-1AAGQRFIOE9AE,Service_beiakklem1vi3j5feju0,500,2,0.0052609691,0
1537401600,Prod-EcsStagingCluster-EcsCluster-1AAGQRFIOE9AE,Service_beiakklem1vi3j5feju0,500,2,0.0059719516,0
1537424940,Prod-EcsStagingCluster-EcsCluster-1AAGQRFIOE9AE,Service_beiakklem1vi3j5feju0,500,2,0.0042320726,0
1537422840,Prod-EcsStagingCluster-EcsCluster-1AAGQRFIOE9AE,Service_beiakklem1vi3j5feju0,500,2,0.0305474640,0
1537359120,Prod-EcsStagingCluster-EcsCluster-1AAGQRFIOE9AE,Service_beiakklem1vi3j5feju0,500,2,0.0055670832,0
1537373940,Prod-EcsStagingCluster-EcsCluster-1AAGQRFIOE9AE,Service_beiakklem1vi3j5feju0,500,2,0.0053196783,0
1537399380,Prod-EcsStagingCluster-EcsCluster-1AAGQRFIOE9AE,Service_beiakklem1vi3j5feju0,500,2,0.0052769050,0
1537356900,Prod-EcsStagingCluster-EcsCluster-1AAGQRFIOE9AE,Service_beiakklem1vi3j5feju0,500,2,0.0173917524,0
1537371720,Prod-EcsStagingCluster-EcsCluster-1AAGQRFIOE9AE,Service_beiakklem1vi3j5feju0,500,2,0.0066690511,0
1537397160,Prod-EcsStagingCluster-EcsCluster-1AAGQRFIOE9AE,Service_beiakklem1vi3j5feju0,500,2,0.1447517867,0
1537354680,Prod-EcsStagingCluster-EcsCluster-1AAGQRFIOE9AE,Service_beiakklem1vi3j5feju0,500,2,0.0056324500,0
1537399260,Prod-EcsStagingCluster-EcsCluster-1AAGQRFIOE9AE,Service_beiakklem1vi3j5feju0,500,2,0.0084650986,0
1537369500,Prod-EcsStagingCluster-EcsCluster-1AAGQRFIOE9AE,Service_beiakklem1vi3j5feju0,500,2,0.0144077788,0
1537427880,Prod-EcsStagingCluster-EcsCluster-1AAGQRFIOE9AE,Service_beiakklem1vi3j5feju0,500,2,0.0052194092,0
1537431060,Prod-EcsStagingCluster-EcsCluster-1AAGQRFIOE9AE,Service_beiakklem1vi3j5feju0,500,2,0.0056396101,0
1537356780,Prod-EcsStagingCluster-EcsCluster-1AAGQRFIOE9AE,Service_beiakklem1vi3j5feju0,500,2,0.0053834171,0
1537394940,Prod-EcsStagingCluster-EcsCluster-1AAGQRFIOE9AE,Service_beiakklem1vi3j5feju0,500,2,0.0038361348,0
1537382220,Prod-EcsStagingCluster-EcsCluster-1AAGQRFIOE9AE,Service_beiakklem1vi3j5feju0,500,2,0.0029450863,0
1537355640,Prod-EcsStagingCluster-EcsCluster-1AAGQRFIOE9AE,Service_beiakklem1vi3j5feju0,500,2,0.0054148422,0
1537358820,Prod-EcsStagingCluster-EcsCluster-1AAGQRFIOE9AE,Service_beiakklem1vi3j5feju0,500,2,0.0066953606,0
1537362000,Prod-EcsStagingCluster-EcsCluster-1AAGQRFIOE9AE,Service_beiakklem1vi3j5feju0,500,2,0.0054935752,0
1537359720,Prod-EcsStagingCluster-EcsCluster-1AAGQRFIOE9AE,Service_beiakklem1vi3j5feju0,500,2,0.0098014782,0
1537362900,Prod-EcsStagingCluster-EcsCluster-1AAGQRFIOE9AE,Service_beiakklem1vi3j5feju0,500,2,0.0058911121,0
1537366080,Prod-EcsStagingCluster-EcsCluster-1AAGQRFIOE9AE,Service_beiakklem1vi3j5feju0,500,2,0.0058065927,0
1537390380,Prod-EcsStagingCluster-EcsCluster-1AAGQRFIOE9AE,Service_beiakklem1vi3j5feju0,500,2,0.0068162003,0
1537415820,Prod-EcsStagingCluster-EcsCluster-1AAGQRFIOE9AE,Service_beiakklem1vi3j5feju0,500,2,0.0057473851,0
1537403100,Prod-EcsStagingCluster-EcsCluster-1AAGQRFIOE9AE,Service_beiakklem1vi3j5feju0,500,2,0.0048413630,0
1537366980,Prod-EcsStagingCluster-EcsCluster-1AAGQRFIOE9AE,Service_beiakklem1vi3j5feju0,500,2,0.0055679870,0
1537370160,Prod-EcsStagingCluster-EcsCluster-1AAGQRFIOE9AE,Service_beiakklem1vi3j5feju0,500,2,0.0141638272,0
1537428540,Prod-EcsStagingCluster-EcsCluster-1AAGQRFIOE9AE,Service_beiakklem1vi3j5feju0,500,2,0.0042905455,0
1537363800,Prod-EcsStagingCluster-EcsCluster-1AAGQRFIOE9AE,Service_beiakklem1vi3j5feju0,500,2,0.0057485971,0
1537392420,Prod-EcsStagingCluster-EcsCluster-1AAGQRFIOE9AE,Service_beiakklem1vi3j5feju0,500,2,0.0036983420,0
1537395600,Prod-EcsStagingCluster-EcsCluster-1AAGQRFIOE9AE,Service_beiakklem1vi3j5feju0,500,2,0.0041506517,0
1537389240,Prod-EcsStagingCluster-EcsCluster-1AAGQRFIOE9AE,Service_beiakklem1vi3j5feju0,500,2,0.0037017586,0
1537396560,Prod-EcsStagingCluster-EcsCluster-1AAGQRFIOE9AE,Service_beiakklem1vi3j5feju0,500,2,0.0168901910,1
1537390200,Prod-EcsStagingCluster-EcsCluster-1AAGQRFIOE9AE,Service_beiakklem1vi3j5feju0,500,2,0.0039176489,0
1537371060,Prod-EcsStagingCluster-EcsCluster-1AAGQRFIOE9AE,Service_beiakklem1vi3j5feju0,500,2,0.0057294913,0
1537396500,Prod-EcsStagingCluster-EcsCluster-1AAGQRFIOE9AE,Service_beiakklem1vi3j5feju0,500,2,0.0041469472,0
1537360380,Prod-EcsStagingCluster-EcsCluster-1AAGQRFIOE9AE,Service_beiakklem1vi3j5feju0,500,2,0.0058188576,0
1537347660,Prod-EcsStagingCluster-EcsCluster-1AAGQRFIOE9AE,Service_beiakklem1vi3j5feju0,500,2,0.0050561316,0
1537375200,Prod-EcsStagingCluster-EcsCluster-1AAGQRFIOE9AE,Service_beiakklem1vi3j5feju0,500,2,0.0040917037,0
1537368840,Prod-EcsStagingCluster-EcsCluster-1AAGQRFIOE9AE,Service_beiakklem1vi3j5feju0,500,2,0.0054746203,0
1537400640,Prod-EcsStagingCluster-EcsCluster-1AAGQRFIOE9AE,Service_beiakklem1vi3j5feju0,500,2,0.0351147114,0
1537423980,Prod-EcsStagingCluster-EcsCluster-1AAGQRFIOE9AE,Service_beiakklem1vi3j5feju0,500,2,0.0120523208,0
1537394280,Prod-EcsStagingCluster-EcsCluster-1AAGQRFIOE9AE,Service_beiakklem1vi3j5feju0,500,2,0.0037847640,0
1537400580,Prod-EcsStagingCluster-EcsCluster-1AAGQRFIOE9AE,Service_beiakklem1vi3j5feju0,500,2,0.0060546960,0
1537426020,Prod-EcsStagingCluster-EcsCluster-1AAGQRFIOE9AE,Service_beiakklem1vi3j5feju0,500,2,0.0061067488,0
1537404720,Prod-EcsStagingCluster-EcsCluster-1AAGQRFIOE9AE,Service_beiakklem1vi3j5feju0,500,2,0.0056312703,0
1537398360,Prod-EcsStagingCluster-EcsCluster-1AAGQRFIOE9AE,Service_beiakklem1vi3j5feju0,500,2,0.0166247770,0
1537423800,Prod-EcsStagingCluster-EcsCluster-1AAGQRFIOE9AE,Service_beiakklem1vi3j5feju0,500,2,0.0057453226,0
1537430160,Prod-EcsStagingCluster-EcsCluster-1AAGQRFIOE9AE,Service_beiakklem1vi3j5feju0,500,2,0.0060184132,0
1537404660,Prod-EcsStagingCluster-EcsCluster-1AAGQRFIOE9AE,Service_beiakklem1vi3j5feju0,500,2,0.0067780157,0
1537430100,Prod-EcsStagingCluster-EcsCluster-1AAGQRFIOE9AE,Service_beiakklem1vi3j5feju0,500,2,0.0056346799,0
1537355820,Prod-EcsStagingCluster-EcsCluster-1AAGQRFIOE9AE,Service_beiakklem1vi3j5feju0,500,2,0.0056669672,0
1537368540,Prod-EcsStagingCluster-EcsCluster-1AAGQRFIOE9AE,Service_beiakklem1vi3j5feju0,500,2,0.0058206226,0
1537393980,Prod-EcsStagingCluster-EcsCluster-1AAGQRFIOE9AE,Service_beiakklem1vi3j5feju0,500,2,0.0063850999,1
1537381260,Prod-EcsStagingCluster-EcsCluster-1AAGQRFIOE9AE,Service_beiakklem1vi3j5feju0,500,2,0.0181926425,2
1537357860,Prod-EcsStagingCluster-EcsCluster-1AAGQRFIOE9AE,Service_beiakklem1vi3j5feju0,500,2,0.0056612862,0
1537408800,Prod-EcsStagingCluster-EcsCluster-1AAGQRFIOE9AE,Service_beiakklem1vi3j5feju0,500,2,0.0089559858,0
1537402440,Prod-EcsStagingCluster-EcsCluster-1AAGQRFIOE9AE,Service_beiakklem1vi3j5feju0,500,2,0.0045347547,1
1537403400,Prod-EcsStagingCluster-EcsCluster-1AAGQRFIOE9AE,Service_beiakklem1vi3j5feju0,500,2,0.0271784959,0
1537406580,Prod-EcsStagingCluster-EcsCluster-1AAGQRFIOE9AE,Service_beiakklem1vi3j5feju0,500,2,0.0057429001,0
1537428840,Prod-EcsStagingCluster-EcsCluster-1AAGQRFIOE9AE,Service_beiakklem1vi3j5feju0,500,2,0.0058686435,0
1537365120,Prod-EcsStagingCluster-EcsCluster-1AAGQRFIOE9AE,Service_beiakklem1vi3j5feju0,500,2,0.0054021604,0
1537356600,Prod-EcsStagingCluster-EcsCluster-1AAGQRFIOE9AE,Service_beiakklem1vi3j5feju0,500,2,0.0054729343,0
1537359780,Prod-EcsStagingCluster-EcsCluster-1AAGQRFIOE9AE,Service_beiakklem1vi3j5feju0,500,2,0.0056955362,0
1537389420,Prod-EcsStagingCluster-EcsCluster-1AAGQRFIOE9AE,Service_beiakklem1vi3j5feju0,500,2,0.0038975834,0
1537414860,Prod-EcsStagingCluster-EcsCluster-1AAGQRFIOE9AE,Service_beiakklem1vi3j5feju0,500,2,0.1296428055,0
1537402140,Prod-EcsStagingCluster-EcsCluster-1AAGQRFIOE9AE,Service_beiakklem1vi3j5feju0,500,2,0.0049133163,0
1537369200,Prod-EcsStagingCluster-EcsCluster-1AAGQRFIOE9AE,Service_beiakklem1vi3j5feju0,500,2,0.0055445446,0
1537427580,Prod-EcsStagingCluster-EcsCluster-1AAGQRFIOE9AE,Service_beiakklem1vi3j5feju0,500,2,0.0043706581,0
1537394640,Prod-EcsStagingCluster-EcsCluster-1AAGQRFIOE9AE,Service_beiakklem1vi3j5feju0,500,2,0.0038789817,0
1537360680,Prod-EcsStagingCluster-EcsCluster-1AAGQRFIOE9AE,Service_beiakklem1vi3j5feju0,500,2,0.0056642678,0
1537363860,Prod-EcsStagingCluster-EcsCluster-1AAGQRFIOE9AE,Service_beiakklem1vi3j5feju0,500,2,0.0055814317,0
1537373280,Prod-EcsStagingCluster-EcsCluster-1AAGQRFIOE9AE,Service_beiakklem1vi3j5feju0,500,2,0.0052285311,0
1537398720,Prod-EcsStagingCluster-EcsCluster-1AAGQRFIOE9AE,Service_beiakklem1vi3j5feju0,500,2,0.0150093152,0
1537367940,Prod-EcsStagingCluster-EcsCluster-1AAGQRFIOE9AE,Service_beiakklem1vi3j5feju0,500,2,0.0056394605,0
1537364760,Prod-EcsStagingCluster-EcsCluster-1AAGQRFIOE9AE,Service_beiakklem1vi3j5feju0,500,2,0.0137652017,1
1537393380,Prod-EcsStagingCluster-EcsCluster-1AAGQRFIOE9AE,Service_beiakklem1vi3j5feju0,500,2,0.0037781888,0
1537359420,Prod-EcsStagingCluster-EcsCluster-1AAGQRFIOE9AE,Service_beiakklem1vi3j5feju0,500,2,0.0055529586,0
1537346700,Prod-EcsStagingCluster-EcsCluster-1AAGQRFIOE9AE,Service_beiakklem1vi3j5feju0,500,2,0.0139432069,0
1537374240,Prod-EcsStagingCluster-EcsCluster-1AAGQRFIOE9AE,Service_beiakklem1vi3j5feju0,500,2,0.0052746979,0
1537399680,Prod-EcsStagingCluster-EcsCluster-1AAGQRFIOE9AE,Service_beiakklem1vi3j5feju0,500,2,0.1448214688,0
1537423020,Prod-EcsStagingCluster-EcsCluster-1AAGQRFIOE9AE,Service_beiakklem1vi3j5feju0,500,2,0.0059939741,0
1537365720,Prod-EcsStagingCluster-EcsCluster-1AAGQRFIOE9AE,Service_beiakklem1vi3j5feju0,500,2,0.0053555669,0
1537391160,Prod-EcsStagingCluster-EcsCluster-1AAGQRFIOE9AE,Service_beiakklem1vi3j5feju0,500,2,0.0125048925,0
1537372020,Prod-EcsStagingCluster-EcsCluster-1AAGQRFIOE9AE,Service_beiakklem1vi3j5feju0,500,2,0.0056416720,0
1537397460,Prod-EcsStagingCluster-EcsCluster-1AAGQRFIOE9AE,Service_beiakklem1vi3j5feju0,500,2,0.0052116276,19
1537369800,Prod-EcsStagingCluster-EcsCluster-1AAGQRFIOE9AE,Service_beiakklem1vi3j5feju0,500,2,0.0144611134,1
1537403760,Prod-EcsStagingCluster-EcsCluster-1AAGQRFIOE9AE,Service_beiakklem1vi3j5feju0,500,2,0.0172735158,0
1537395240,Prod-EcsStagingCluster-EcsCluster-1AAGQRFIOE9AE,Service_beiakklem1vi3j5feju0,500,2,0.0038289781,0
1537429200,Prod-EcsStagingCluster-EcsCluster-1AAGQRFIOE9AE,Service_beiakklem1vi3j5feju0,500,2,0.0045554638,0
1537380300,Prod-EcsStagingCluster-EcsCluster-1AAGQRFIOE9AE,Service_beiakklem1vi3j5feju0,500,2,0.0016518516,0
1537401540,Prod-EcsStagingCluster-EcsCluster-1AAGQRFIOE9AE,Service_beiakklem1vi3j5feju0,500,2,0.0058434687,0
1537354860,Prod-EcsStagingCluster-EcsCluster-1AAGQRFIOE9AE,Service_beiakklem1vi3j5feju0,500,2,0.0056248215,0
1537367580,Prod-EcsStagingCluster-EcsCluster-1AAGQRFIOE9AE,Service_beiakklem1vi3j5feju0,500,2,0.0056878231,0
1537393020,Prod-EcsStagingCluster-EcsCluster-1AAGQRFIOE9AE,Service_beiakklem1vi3j5feju0,500,2,0.0038004696,0
1537426980,Prod-EcsStagingCluster-EcsCluster-1AAGQRFIOE9AE,Service_beiakklem1vi3j5feju0,500,2,0.0145830650,0
1537407840,Prod-EcsStagingCluster-EcsCluster-1AAGQRFIOE9AE,Service_beiakklem1vi3j5feju0,500,2,0.0075016030,0
1537399320,Prod-EcsStagingCluster-EcsCluster-1AAGQRFIOE9AE,Service_beiakklem1vi3j5feju0,500,2,0.0055623560,0
1537424760,Prod-EcsStagingCluster-EcsCluster-1AAGQRFIOE9AE,Service_beiakklem1vi3j5feju0,500,2,0.0169217097,0
1537361040,Prod-EcsStagingCluster-EcsCluster-1AAGQRFIOE9AE,Service_beiakklem1vi3j5feju0,500,2,0.0053727204,0
1537405620,Prod-EcsStagingCluster-EcsCluster-1AAGQRFIOE9AE,Service_beiakklem1vi3j5feju0,500,2,0.1388064988,9
1537406640,Prod-EcsStagingCluster-EcsCluster-1AAGQRFIOE9AE,Service_beiakklem1vi3j5feju0,500,2,0.0285080577,0
1537400280,Prod-EcsStagingCluster-EcsCluster-1AAGQRFIOE9AE,Service_beiakklem1vi3j5feju0,500,2,0.0117252528,0
1537403460,Prod-EcsStagingCluster-EcsCluster-1AAGQRFIOE9AE,Service_beiakklem1vi3j5feju0,500,2,0.0045577878,0
1537422540,Prod-EcsStagingCluster-EcsCluster-1AAGQRFIOE9AE,Service_beiakklem1vi3j5feju0,500,2,0.0207896890,1
1537430940,Prod-EcsStagingCluster-EcsCluster-1AAGQRFIOE9AE,Service_beiakklem1vi3j5feju0,500,2,0.0067419574,0
1537388460,Prod-EcsStagingCluster-EcsCluster-1AAGQRFIOE9AE,Service_beiakklem1vi3j5feju0,500,2,0.0039139763,0
1537417080,Prod-EcsStagingCluster-EcsCluster-1AAGQRFIOE9AE,Service_beiakklem1vi3j5feju0,500,2,0.0171892326,0
1537420260,Prod-EcsStagingCluster-EcsCluster-1AAGQRFIOE9AE,Service_beiakklem1vi3j5feju0,500,2,0.0180057532,0
1537423440,Prod-EcsStagingCluster-EcsCluster-1AAGQRFIOE9AE,Service_beiakklem1vi3j5feju0,500,2,0.0055079207,0
1537396860,Prod-EcsStagingCluster-EcsCluster-1AAGQRFIOE9AE,Service_beiakklem1vi3j5feju0,500,2,0.0041645284,0
1537400040,Prod-EcsStagingCluster-EcsCluster-1AAGQRFIOE9AE,Service_beiakklem1vi3j5feju0,500,2,0.0057293546,0
1537403220,Prod-EcsStagingCluster-EcsCluster-1AAGQRFIOE9AE,Service_beiakklem1vi3j5feju0,500,2,0.0319321857,0
1537406400,Prod-EcsStagingCluster-EcsCluster-1AAGQRFIOE9AE,Service_beiakklem1vi3j5feju0,500,2,0.0078204867,1
1537354380,Prod-EcsStagingCluster-EcsCluster-1AAGQRFIOE9AE,Service_beiakklem1vi3j5feju0,500,2,0.0058988646,0
1537372320,Prod-EcsStagingCluster-EcsCluster-1AAGQRFIOE9AE,Service_beiakklem1vi3j5feju0,500,2,0.0108197506,0
1537362780,Prod-EcsStagingCluster-EcsCluster-1AAGQRFIOE9AE,Service_beiakklem1vi3j5feju0,500,2,0.0054820259,0
1537365960,Prod-EcsStagingCluster-EcsCluster-1AAGQRFIOE9AE,Service_beiakklem1vi3j5feju0,500,2,0.0138199782,0
1537369140,Prod-EcsStagingCluster-EcsCluster-1AAGQRFIOE9AE,Service_beiakklem1vi3j5feju0,500,2,0.0054727294,0
1537355280,Prod-EcsStagingCluster-EcsCluster-1AAGQRFIOE9AE,Service_beiakklem1vi3j5feju0,500,2,0.0058168532,0
1537348920,Prod-EcsStagingCluster-EcsCluster-1AAGQRFIOE9AE,Service_beiakklem1vi3j5feju0,500,2,0.0054600311,0
1537352100,Prod-EcsStagingCluster-EcsCluster-1AAGQRFIOE9AE,Service_beiakklem1vi3j5feju0,500,2,0.0238360808,0
1537422060,Prod-EcsStagingCluster-EcsCluster-1AAGQRFIOE9AE,Service_beiakklem1vi3j5feju0,500,2,0.0055135981,0
1537356240,Prod-EcsStagingCluster-EcsCluster-1AAGQRFIOE9AE,Service_beiakklem1vi3j5feju0,500,2,0.0055716448,1
1537349880,Prod-EcsStagingCluster-EcsCluster-1AAGQRFIOE9AE,Service_beiakklem1vi3j5feju0,500,2,0.0052968088,0
1537368900,Prod-EcsStagingCluster-EcsCluster-1AAGQRFIOE9AE,Service_beiakklem1vi3j5feju0,500,2,0.0076205391,0
1537430460,Prod-EcsStagingCluster-EcsCluster-1AAGQRFIOE9AE,Service_beiakklem1vi3j5feju0,500,2,0.0058239712,0
1537387980,Prod-EcsStagingCluster-EcsCluster-1AAGQRFIOE9AE,Service_beiakklem1vi3j5feju0,500,2,0.0039688445,0
1537396380,Prod-EcsStagingCluster-EcsCluster-1AAGQRFIOE9AE,Service_beiakklem1vi3j5feju0,500,2,0.0041797231,0
1537366680,Prod-EcsStagingCluster-EcsCluster-1AAGQRFIOE9AE,Service_beiakklem1vi3j5feju0,500,2,0.0054958479,0
1537373040,Prod-EcsStagingCluster-EcsCluster-1AAGQRFIOE9AE,Service_beiakklem1vi3j5feju0,500,2,0.0052485366,0
1537353900,Prod-EcsStagingCluster-EcsCluster-1AAGQRFIOE9AE,Service_beiakklem1vi3j5feju0,500,2,0.0179461929,0
1537402740,Prod-EcsStagingCluster-EcsCluster-1AAGQRFIOE9AE,Service_beiakklem1vi3j5feju0,500,2,0.0273285080,0
1537385700,Prod-EcsStagingCluster-EcsCluster-1AAGQRFIOE9AE,Service_beiakklem1vi3j5feju0,500,2,0.0050975669,0
1537362300,Prod-EcsStagingCluster-EcsCluster-1AAGQRFIOE9AE,Service_beiakklem1vi3j5feju0,500,2,0.0060560584,0
1537400520,Prod-EcsStagingCluster-EcsCluster-1AAGQRFIOE9AE,Service_beiakklem1vi3j5feju0,500,2,0.0061465993,0
1537406880,Prod-EcsStagingCluster-EcsCluster-1AAGQRFIOE9AE,Service_beiakklem1vi3j5feju0,500,2,0.0058620810,0
1537368660,Prod-EcsStagingCluster-EcsCluster-1AAGQRFIOE9AE,Service_beiakklem1vi3j5feju0,500,2,0.0060313374,0
1537389840,Prod-EcsStagingCluster-EcsCluster-1AAGQRFIOE9AE,Service_beiakklem1vi3j5feju0,500,2,0.0074227495,0
1537383480,Prod-EcsStagingCluster-EcsCluster-1AAGQRFIOE9AE,Service_beiakklem1vi3j5feju0,500,2,0.0060010575,0
1537366440,Prod-EcsStagingCluster-EcsCluster-1AAGQRFIOE9AE,Service_beiakklem1vi3j5feju0,500,2,0.0068672802,0
1537402500,Prod-EcsStagingCluster-EcsCluster-1AAGQRFIOE9AE,Service_beiakklem1vi3j5feju0,500,2,0.0045690518,0
1537372800,Prod-EcsStagingCluster-EcsCluster-1AAGQRFIOE9AE,Service_beiakklem1vi3j5feju0,500,2,0.0053525346,0
1537421580,Prod-EcsStagingCluster-EcsCluster-1AAGQRFIOE9AE,Service_beiakklem1vi3j5feju0,500,2,0.0056524166,0
1537429980,Prod-EcsStagingCluster-EcsCluster-1AAGQRFIOE9AE,Service_beiakklem1vi3j5feju0,500,2,0.0054688829,0
1537367400,Prod-EcsStagingCluster-EcsCluster-1AAGQRFIOE9AE,Service_beiakklem1vi3j5feju0,500,2,0.0054816399,0
1537370580,Prod-EcsStagingCluster-EcsCluster-1AAGQRFIOE9AE,Service_beiakklem1vi3j5feju0,500,2,0.0063722724,0
1537387500,Prod-EcsStagingCluster-EcsCluster-1AAGQRFIOE9AE,Service_beiakklem1vi3j5feju0,500,2,0.0039500535,0
1537404420,Prod-EcsStagingCluster-EcsCluster-1AAGQRFIOE9AE,Service_beiakklem1vi3j5feju0,500,2,0.0046134106,0
1537401240,Prod-EcsStagingCluster-EcsCluster-1AAGQRFIOE9AE,Service_beiakklem1vi3j5feju0,500,2,0.0070450110,0
1537422480,Prod-EcsStagingCluster-EcsCluster-1AAGQRFIOE9AE,Service_beiakklem1vi3j5feju0,500,2,0.0055801717,0
1537395900,Prod-EcsStagingCluster-EcsCluster-1AAGQRFIOE9AE,Service_beiakklem1vi3j5feju0,500,2,0.0041603205,0
1537405440,Prod-EcsStagingCluster-EcsCluster-1AAGQRFIOE9AE,Service_beiakklem1vi3j5feju0,500,2,0.0058368835,0
1537353420,Prod-EcsStagingCluster-EcsCluster-1AAGQRFIOE9AE,Service_beiakklem1vi3j5feju0,500,2,0.0056185839,0
1537418040,Prod-EcsStagingCluster-EcsCluster-1AAGQRFIOE9AE,Service_beiakklem1vi3j5feju0,500,2,0.0123973121,0
1537371360,Prod-EcsStagingCluster-EcsCluster-1AAGQRFIOE9AE,Service_beiakklem1vi3j5feju0,500,2,0.0169445753,0
1537361820,Prod-EcsStagingCluster-EcsCluster-1AAGQRFIOE9AE,Service_beiakklem1vi3j5feju0,500,2,0.0055025711,0
1537421220,Prod-EcsStagingCluster-EcsCluster-1AAGQRFIOE9AE,Service_beiakklem1vi3j5feju0,500,2,0.0060019653,0
1537401000,Prod-EcsStagingCluster-EcsCluster-1AAGQRFIOE9AE,Service_beiakklem1vi3j5feju0,500,2,0.0369833421,0
1537404180,Prod-EcsStagingCluster-EcsCluster-1AAGQRFIOE9AE,Service_beiakklem1vi3j5feju0,500,2,0.0047027444,0
1537354320,Prod-EcsStagingCluster-EcsCluster-1AAGQRFIOE9AE,Service_beiakklem1vi3j5feju0,500,2,0.0055453005,0
1537421100,Prod-EcsStagingCluster-EcsCluster-1AAGQRFIOE9AE,Service_beiakklem1vi3j5feju0,500,2,0.1331033783,0
1537366920,Prod-EcsStagingCluster-EcsCluster-1AAGQRFIOE9AE,Service_beiakklem1vi3j5feju0,500,2,0.0055979165,1
1537370100,Prod-EcsStagingCluster-EcsCluster-1AAGQRFIOE9AE,Service_beiakklem1vi3j5feju0,500,2,0.0060800523,0
1537371120,Prod-EcsStagingCluster-EcsCluster-1AAGQRFIOE9AE,Service_beiakklem1vi3j5feju0,500,2,0.0066618857,0
1537429500,Prod-EcsStagingCluster-EcsCluster-1AAGQRFIOE9AE,Service_beiakklem1vi3j5feju0,500,2,0.0119569474,0
1537353060,Prod-EcsStagingCluster-EcsCluster-1AAGQRFIOE9AE,Service_beiakklem1vi3j5feju0,500,2,0.0058799472,1
1537387020,Prod-EcsStagingCluster-EcsCluster-1AAGQRFIOE9AE,Service_beiakklem1vi3j5feju0,500,2,0.0065438650,0
1537367880,Prod-EcsStagingCluster-EcsCluster-1AAGQRFIOE9AE,Service_beiakklem1vi3j5feju0,500,2,0.0062751831,1
1537395420,Prod-EcsStagingCluster-EcsCluster-1AAGQRFIOE9AE,Service_beiakklem1vi3j5feju0,500,2,0.0058523089,0
1537372080,Prod-EcsStagingCluster-EcsCluster-1AAGQRFIOE9AE,Service_beiakklem1vi3j5feju0,500,2,0.0053860398,0
1537352940,Prod-EcsStagingCluster-EcsCluster-1AAGQRFIOE9AE,Service_beiakklem1vi3j5feju0,500,2,0.0058563070,0
1537350840,Prod-EcsStagingCluster-EcsCluster-1AAGQRFIOE9AE,Service_beiakklem1vi3j5feju0,500,2,0.0054266937,0
1537369860,Prod-EcsStagingCluster-EcsCluster-1AAGQRFIOE9AE,Service_beiakklem1vi3j5feju0,500,2,0.0058488448,2
1537361340,Prod-EcsStagingCluster-EcsCluster-1AAGQRFIOE9AE,Service_beiakklem1vi3j5feju0,500,2,0.0055305731,0
1537405920,Prod-EcsStagingCluster-EcsCluster-1AAGQRFIOE9AE,Service_beiakklem1vi3j5feju0,500,2,0.0056018289,0
1537367640,Prod-EcsStagingCluster-EcsCluster-1AAGQRFIOE9AE,Service_beiakklem1vi3j5feju0,500,2,0.0056257972,1
1537388880,Prod-EcsStagingCluster-EcsCluster-1AAGQRFIOE9AE,Service_beiakklem1vi3j5feju0,500,2,0.0037895118,1
1537403700,Prod-EcsStagingCluster-EcsCluster-1AAGQRFIOE9AE,Service_beiakklem1vi3j5feju0,500,2,0.0046687292,13
1537371840,Prod-EcsStagingCluster-EcsCluster-1AAGQRFIOE9AE,Service_beiakklem1vi3j5feju0,500,2,0.0055195770,0
1537420620,Prod-EcsStagingCluster-EcsCluster-1AAGQRFIOE9AE,Service_beiakklem1vi3j5feju0,500,2,0.0145877481,0
1537386660,Prod-EcsStagingCluster-EcsCluster-1AAGQRFIOE9AE,Service_beiakklem1vi3j5feju0,500,2,0.0038303503,0
1537401480,Prod-EcsStagingCluster-EcsCluster-1AAGQRFIOE9AE,Service_beiakklem1vi3j5feju0,500,2,0.0046950784,0
1537405680,Prod-EcsStagingCluster-EcsCluster-1AAGQRFIOE9AE,Service_beiakklem1vi3j5feju0,500,2,0.0067588134,0
1537429020,Prod-EcsStagingCluster-EcsCluster-1AAGQRFIOE9AE,Service_beiakklem1vi3j5feju0,500,2,0.0172169631,0
1537369620,Prod-EcsStagingCluster-EcsCluster-1AAGQRFIOE9AE,Service_beiakklem1vi3j5feju0,500,2,0.0054994205,0
1537386540,Prod-EcsStagingCluster-EcsCluster-1AAGQRFIOE9AE,Service_beiakklem1vi3j5feju0,500,2,0.0038911739,0
1537384440,Prod-EcsStagingCluster-EcsCluster-1AAGQRFIOE9AE,Service_beiakklem1vi3j5feju0,500,2,0.0053137357,0
1537404480,Prod-EcsStagingCluster-EcsCluster-1AAGQRFIOE9AE,Service_beiakklem1vi3j5feju0,500,2,0.0046682208,0
1537401300,Prod-EcsStagingCluster-EcsCluster-1AAGQRFIOE9AE,Service_beiakklem1vi3j5feju0,500,2,0.0059568898,0
1537398120,Prod-EcsStagingCluster-EcsCluster-1AAGQRFIOE9AE,Service_beiakklem1vi3j5feju0,500,2,0.0053152825,0
1537388580,Prod-EcsStagingCluster-EcsCluster-1AAGQRFIOE9AE,Service_beiakklem1vi3j5feju0,500,2,0.0039826689,0
1537391760,Prod-EcsStagingCluster-EcsCluster-1AAGQRFIOE9AE,Service_beiakklem1vi3j5feju0,500,2,0.0126858655,0
1537385400,Prod-EcsStagingCluster-EcsCluster-1AAGQRFIOE9AE,Service_beiakklem1vi3j5feju0,500,2,0.0049358855,0
1537352460,Prod-EcsStagingCluster-EcsCluster-1AAGQRFIOE9AE,Service_beiakklem1vi3j5feju0,500,2,0.0057026552,0
1537365180,Prod-EcsStagingCluster-EcsCluster-1AAGQRFIOE9AE,Service_beiakklem1vi3j5feju0,500,2,0.0053310000,0
1537364040,Prod-EcsStagingCluster-EcsCluster-1AAGQRFIOE9AE,Service_beiakklem1vi3j5feju0,500,2,0.0056415102,0
1537367220,Prod-EcsStagingCluster-EcsCluster-1AAGQRFIOE9AE,Service_beiakklem1vi3j5feju0,500,2,0.0054786683,0
1537370400,Prod-EcsStagingCluster-EcsCluster-1AAGQRFIOE9AE,Service_beiakklem1vi3j5feju0,500,2,0.0072600105,0
1537408560,Prod-EcsStagingCluster-EcsCluster-1AAGQRFIOE9AE,Service_beiakklem1vi3j5feju0,500,2,0.0168499393,0
1537405380,Prod-EcsStagingCluster-EcsCluster-1AAGQRFIOE9AE,Service_beiakklem1vi3j5feju0,500,2,0.0188453252,1
1537402200,Prod-EcsStagingCluster-EcsCluster-1AAGQRFIOE9AE,Service_beiakklem1vi3j5feju0,500,2,0.0139411582,0
1537420140,Prod-EcsStagingCluster-EcsCluster-1AAGQRFIOE9AE,Service_beiakklem1vi3j5feju0,500,2,0.0120499904,0
1537419000,Prod-EcsStagingCluster-EcsCluster-1AAGQRFIOE9AE,Service_beiakklem1vi3j5feju0,500,2,0.0113986589,0
1537425360,Prod-EcsStagingCluster-EcsCluster-1AAGQRFIOE9AE,Service_beiakklem1vi3j5feju0,500,2,0.0147420792,0
1537422180,Prod-EcsStagingCluster-EcsCluster-1AAGQRFIOE9AE,Service_beiakklem1vi3j5feju0,500,2,0.0128064535,0
1537398780,Prod-EcsStagingCluster-EcsCluster-1AAGQRFIOE9AE,Service_beiakklem1vi3j5feju0,500,2,0.0054350858,0
1537386060,Prod-EcsStagingCluster-EcsCluster-1AAGQRFIOE9AE,Service_beiakklem1vi3j5feju0,500,2,0.0051456567,0
1537397640,Prod-EcsStagingCluster-EcsCluster-1AAGQRFIOE9AE,Service_beiakklem1vi3j5feju0,500,2,0.0065540993,0
1537351980,Prod-EcsStagingCluster-EcsCluster-1AAGQRFIOE9AE,Service_beiakklem1vi3j5feju0,500,2,0.0056449617,0
1537400820,Prod-EcsStagingCluster-EcsCluster-1AAGQRFIOE9AE,Service_beiakklem1vi3j5feju0,500,2,0.0482191373,0
1537364700,Prod-EcsStagingCluster-EcsCluster-1AAGQRFIOE9AE,Service_beiakklem1vi3j5feju0,500,2,0.0058314408,0
1537354020,Prod-EcsStagingCluster-EcsCluster-1AAGQRFIOE9AE,Service_beiakklem1vi3j5feju0,500,2,0.0056310384,0
1537366740,Prod-EcsStagingCluster-EcsCluster-1AAGQRFIOE9AE,Service_beiakklem1vi3j5feju0,500,2,0.0055038854,5
1537398600,Prod-EcsStagingCluster-EcsCluster-1AAGQRFIOE9AE,Service_beiakklem1vi3j5feju0,500,2,0.0053618441,0
1537404960,Prod-EcsStagingCluster-EcsCluster-1AAGQRFIOE9AE,Service_beiakklem1vi3j5feju0,500,2,0.0182898920,0
1537358160,Prod-EcsStagingCluster-EcsCluster-1AAGQRFIOE9AE,Service_beiakklem1vi3j5feju0,500,2,0.0055548757,0
1537364520,Prod-EcsStagingCluster-EcsCluster-1AAGQRFIOE9AE,Service_beiakklem1vi3j5feju0,500,2,0.0054756101,0
1537351800,Prod-EcsStagingCluster-EcsCluster-1AAGQRFIOE9AE,Service_beiakklem1vi3j5feju0,500,2,0.0198931680,1
1537370880,Prod-EcsStagingCluster-EcsCluster-1AAGQRFIOE9AE,Service_beiakklem1vi3j5feju0,500,2,0.0056446052,0
1537370820,Prod-EcsStagingCluster-EcsCluster-1AAGQRFIOE9AE,Service_beiakklem1vi3j5feju0,500,2,0.0058372260,0
1537419660,Prod-EcsStagingCluster-EcsCluster-1AAGQRFIOE9AE,Service_beiakklem1vi3j5feju0,500,2,0.1353162919,0
1537368600,Prod-EcsStagingCluster-EcsCluster-1AAGQRFIOE9AE,Service_beiakklem1vi3j5feju0,500,2,0.0063208956,0
1537374960,Prod-EcsStagingCluster-EcsCluster-1AAGQRFIOE9AE,Service_beiakklem1vi3j5feju0,500,2,0.0191077649,0
1537385580,Prod-EcsStagingCluster-EcsCluster-1AAGQRFIOE9AE,Service_beiakklem1vi3j5feju0,500,2,0.0108068653,0
1537398300,Prod-EcsStagingCluster-EcsCluster-1AAGQRFIOE9AE,Service_beiakklem1vi3j5feju0,500,2,0.0053246985,0
1537400340,Prod-EcsStagingCluster-EcsCluster-1AAGQRFIOE9AE,Service_beiakklem1vi3j5feju0,500,2,0.0059040951,0
1537387620,Prod-EcsStagingCluster-EcsCluster-1AAGQRFIOE9AE,Service_beiakklem1vi3j5feju0,500,2,0.0039027090,0
1537364220,Prod-EcsStagingCluster-EcsCluster-1AAGQRFIOE9AE,Service_beiakklem1vi3j5feju0,500,2,0.0056995390,0
1537351500,Prod-EcsStagingCluster-EcsCluster-1AAGQRFIOE9AE,Service_beiakklem1vi3j5feju0,500,2,0.0177946982,0
1537369440,Prod-EcsStagingCluster-EcsCluster-1AAGQRFIOE9AE,Service_beiakklem1vi3j5feju0,500,2,0.0067636727,0
1537407600,Prod-EcsStagingCluster-EcsCluster-1AAGQRFIOE9AE,Service_beiakklem1vi3j5feju0,500,2,0.0452899933,0
1537399080,Prod-EcsStagingCluster-EcsCluster-1AAGQRFIOE9AE,Service_beiakklem1vi3j5feju0,500,2,0.0130929732,0
1537402260,Prod-EcsStagingCluster-EcsCluster-1AAGQRFIOE9AE,Service_beiakklem1vi3j5feju0,500,2,0.0046757974,0
1537389540,Prod-EcsStagingCluster-EcsCluster-1AAGQRFIOE9AE,Service_beiakklem1vi3j5feju0,500,2,0.0051545573,0
1537386360,Prod-EcsStagingCluster-EcsCluster-1AAGQRFIOE9AE,Service_beiakklem1vi3j5feju0,500,2,0.0136628540,0
1537419180,Prod-EcsStagingCluster-EcsCluster-1AAGQRFIOE9AE,Service_beiakklem1vi3j5feju0,500,2,0.0112078986,0
1537365000,Prod-EcsStagingCluster-EcsCluster-1AAGQRFIOE9AE,Service_beiakklem1vi3j5feju0,500,2,0.0053069884,0
1537368180,Prod-EcsStagingCluster-EcsCluster-1AAGQRFIOE9AE,Service_beiakklem1vi3j5feju0,500,2,0.0056002792,0
1537406340,Prod-EcsStagingCluster-EcsCluster-1AAGQRFIOE9AE,Service_beiakklem1vi3j5feju0,500,2,0.1643996282,0
1537403160,Prod-EcsStagingCluster-EcsCluster-1AAGQRFIOE9AE,Service_beiakklem1vi3j5feju0,500,2,0.0148657590,1
1537424400,Prod-EcsStagingCluster-EcsCluster-1AAGQRFIOE9AE,Service_beiakklem1vi3j5feju0,500,2,0.0207369987,0
1537397820,Prod-EcsStagingCluster-EcsCluster-1AAGQRFIOE9AE,Service_beiakklem1vi3j5feju0,500,2,0.0051630110,0
1537385100,Prod-EcsStagingCluster-EcsCluster-1AAGQRFIOE9AE,Service_beiakklem1vi3j5feju0,500,2,0.0052497812,0
1537351020,Prod-EcsStagingCluster-EcsCluster-1AAGQRFIOE9AE,Service_beiakklem1vi3j5feju0,500,2,0.0055431108,0
1537403040,Prod-EcsStagingCluster-EcsCluster-1AAGQRFIOE9AE,Service_beiakklem1vi3j5feju0,500,2,0.0046782959,0
1537363740,Prod-EcsStagingCluster-EcsCluster-1AAGQRFIOE9AE,Service_beiakklem1vi3j5feju0,500,2,0.0056182100,0
1537419960,Prod-EcsStagingCluster-EcsCluster-1AAGQRFIOE9AE,Service_beiakklem1vi3j5feju0,500,2,0.0222376701,0
1537423140,Prod-EcsStagingCluster-EcsCluster-1AAGQRFIOE9AE,Service_beiakklem1vi3j5feju0,500,2,0.0049874458,0
1537404000,Prod-EcsStagingCluster-EcsCluster-1AAGQRFIOE9AE,Service_beiakklem1vi3j5feju0,500,2,0.0044443105,0
1537420920,Prod-EcsStagingCluster-EcsCluster-1AAGQRFIOE9AE,Service_beiakklem1vi3j5feju0,500,2,0.0356741650,0
1537357200,Prod-EcsStagingCluster-EcsCluster-1AAGQRFIOE9AE,Service_beiakklem1vi3j5feju0,500,2,0.0055188511,0
1537401780,Prod-EcsStagingCluster-EcsCluster-1AAGQRFIOE9AE,Service_beiakklem1vi3j5feju0,500,2,0.0047044381,0
1537369920,Prod-EcsStagingCluster-EcsCluster-1AAGQRFIOE9AE,Service_beiakklem1vi3j5feju0,500,2,0.0055437013,0
1537418700,Prod-EcsStagingCluster-EcsCluster-1AAGQRFIOE9AE,Service_beiakklem1vi3j5feju0,500,2,0.0126395393,0
1537431420,Prod-EcsStagingCluster-EcsCluster-1AAGQRFIOE9AE,Service_beiakklem1vi3j5feju0,500,2,0.0239976318,1
1537354980,Prod-EcsStagingCluster-EcsCluster-1AAGQRFIOE9AE,Service_beiakklem1vi3j5feju0,500,2,0.0057299760,0
1537367700,Prod-EcsStagingCluster-EcsCluster-1AAGQRFIOE9AE,Service_beiakklem1vi3j5feju0,500,2,0.0062158866,0
1537399560,Prod-EcsStagingCluster-EcsCluster-1AAGQRFIOE9AE,Service_beiakklem1vi3j5feju0,500,2,0.0116848424,0
1537374000,Prod-EcsStagingCluster-EcsCluster-1AAGQRFIOE9AE,Service_beiakklem1vi3j5feju0,500,2,0.0053206050,1
1537384620,Prod-EcsStagingCluster-EcsCluster-1AAGQRFIOE9AE,Service_beiakklem1vi3j5feju0,500,2,0.0053129426,0
1537365480,Prod-EcsStagingCluster-EcsCluster-1AAGQRFIOE9AE,Service_beiakklem1vi3j5feju0,500,2,0.0054811866,0
1537397340,Prod-EcsStagingCluster-EcsCluster-1AAGQRFIOE9AE,Service_beiakklem1vi3j5feju0,500,2,0.0067285064,0
1537352760,Prod-EcsStagingCluster-EcsCluster-1AAGQRFIOE9AE,Service_beiakklem1vi3j5feju0,500,2,0.0056617525,0
1537371780,Prod-EcsStagingCluster-EcsCluster-1AAGQRFIOE9AE,Service_beiakklem1vi3j5feju0,500,2,0.0057571057,0
1537363260,Prod-EcsStagingCluster-EcsCluster-1AAGQRFIOE9AE,Service_beiakklem1vi3j5feju0,500,2,0.0051924540,1
1537350540,Prod-EcsStagingCluster-EcsCluster-1AAGQRFIOE9AE,Service_beiakklem1vi3j5feju0,500,2,0.0058586214,0
1537403520,Prod-EcsStagingCluster-EcsCluster-1AAGQRFIOE9AE,Service_beiakklem1vi3j5feju0,500,2,0.0048503248,0
1537369560,Prod-EcsStagingCluster-EcsCluster-1AAGQRFIOE9AE,Service_beiakklem1vi3j5feju0,500,2,0.0178856386,0
1537390800,Prod-EcsStagingCluster-EcsCluster-1AAGQRFIOE9AE,Service_beiakklem1vi3j5feju0,500,2,0.0038999055,0
1537413000,Prod-EcsStagingCluster-EcsCluster-1AAGQRFIOE9AE,Service_beiakklem1vi3j5feju0,500,2,0.0057174723,0
1537390740,Prod-EcsStagingCluster-EcsCluster-1AAGQRFIOE9AE,Service_beiakklem1vi3j5feju0,500,2,0.0038094506,0
1537367340,Prod-EcsStagingCluster-EcsCluster-1AAGQRFIOE9AE,Service_beiakklem1vi3j5feju0,500,2,0.0109093151,0
1537370520,Prod-EcsStagingCluster-EcsCluster-1AAGQRFIOE9AE,Service_beiakklem1vi3j5feju0,500,2,0.0057916862,0
1537419360,Prod-EcsStagingCluster-EcsCluster-1AAGQRFIOE9AE,Service_beiakklem1vi3j5feju0,500,2,0.0180694120,0
1537351440,Prod-EcsStagingCluster-EcsCluster-1AAGQRFIOE9AE,Service_beiakklem1vi3j5feju0,500,2,0.0056612991,0
1537395960,Prod-EcsStagingCluster-EcsCluster-1AAGQRFIOE9AE,Service_beiakklem1vi3j5feju0,500,2,0.0151422026,0
1537376880,Prod-EcsStagingCluster-EcsCluster-1AAGQRFIOE9AE,Service_beiakklem1vi3j5feju0,500,2,0.0029233012,0
1537427760,Prod-EcsStagingCluster-EcsCluster-1AAGQRFIOE9AE,Service_beiakklem1vi3j5feju0,500,2,0.0094799355,0
1537402320,Prod-EcsStagingCluster-EcsCluster-1AAGQRFIOE9AE,Service_beiakklem1vi3j5feju0,500,2,0.0045348204,0
1537418220,Prod-EcsStagingCluster-EcsCluster-1AAGQRFIOE9AE,Service_beiakklem1vi3j5feju0,500,2,0.0099256845,0
1537421400,Prod-EcsStagingCluster-EcsCluster-1AAGQRFIOE9AE,Service_beiakklem1vi3j5feju0,500,2,0.0057043810,0
1537348020,Prod-EcsStagingCluster-EcsCluster-1AAGQRFIOE9AE,Service_beiakklem1vi3j5feju0,500,2,0.0137364791,0
1537392540,Prod-EcsStagingCluster-EcsCluster-1AAGQRFIOE9AE,Service_beiakklem1vi3j5feju0,500,2,0.0038006765,0
1537370280,Prod-EcsStagingCluster-EcsCluster-1AAGQRFIOE9AE,Service_beiakklem1vi3j5feju0,500,2,0.0053231373,0
1537376640,Prod-EcsStagingCluster-EcsCluster-1AAGQRFIOE9AE,Service_beiakklem1vi3j5feju0,500,2,0.0028247944,0
1537421160,Prod-EcsStagingCluster-EcsCluster-1AAGQRFIOE9AE,Service_beiakklem1vi3j5feju0,500,2,0.0258512493,0
1537398900,Prod-EcsStagingCluster-EcsCluster-1AAGQRFIOE9AE,Service_beiakklem1vi3j5feju0,500,2,0.0054144554,0
1537375500,Prod-EcsStagingCluster-EcsCluster-1AAGQRFIOE9AE,Service_beiakklem1vi3j5feju0,500,2,0.0052303185,0
1537381860,Prod-EcsStagingCluster-EcsCluster-1AAGQRFIOE9AE,Service_beiakklem1vi3j5feju0,500,2,0.0027614799,0
1537427520,Prod-EcsStagingCluster-EcsCluster-1AAGQRFIOE9AE,Service_beiakklem1vi3j5feju0,500,2,0.0043765820,0
1537356420,Prod-EcsStagingCluster-EcsCluster-1AAGQRFIOE9AE,Service_beiakklem1vi3j5feju0,500,2,0.0061916637,0
1537407300,Prod-EcsStagingCluster-EcsCluster-1AAGQRFIOE9AE,Service_beiakklem1vi3j5feju0,500,2,0.0060155086,0
1537426380,Prod-EcsStagingCluster-EcsCluster-1AAGQRFIOE9AE,Service_beiakklem1vi3j5feju0,500,2,0.0058301367,0
1537430520,Prod-EcsStagingCluster-EcsCluster-1AAGQRFIOE9AE,Service_beiakklem1vi3j5feju0,500,2,0.0097941424,1
1537349820,Prod-EcsStagingCluster-EcsCluster-1AAGQRFIOE9AE,Service_beiakklem1vi3j5feju0,500,2,0.0348053029,0
1537356180,Prod-EcsStagingCluster-EcsCluster-1AAGQRFIOE9AE,Service_beiakklem1vi3j5feju0,500,2,0.0054755249,0
1537400700,Prod-EcsStagingCluster-EcsCluster-1AAGQRFIOE9AE,Service_beiakklem1vi3j5feju0,500,2,0.0060385304,0
1537407060,Prod-EcsStagingCluster-EcsCluster-1AAGQRFIOE9AE,Service_beiakklem1vi3j5feju0,500,2,0.0059864671,0
1537360320,Prod-EcsStagingCluster-EcsCluster-1AAGQRFIOE9AE,Service_beiakklem1vi3j5feju0,500,2,0.0071192443,0
1537383660,Prod-EcsStagingCluster-EcsCluster-1AAGQRFIOE9AE,Service_beiakklem1vi3j5feju0,500,2,0.0051365708,0
1537353960,Prod-EcsStagingCluster-EcsCluster-1AAGQRFIOE9AE,Service_beiakklem1vi3j5feju0,500,2,0.0054714586,0
1537404840,Prod-EcsStagingCluster-EcsCluster-1AAGQRFIOE9AE,Service_beiakklem1vi3j5feju0,500,2,0.0061323964,0
1537411200,Prod-EcsStagingCluster-EcsCluster-1AAGQRFIOE9AE,Service_beiakklem1vi3j5feju0,500,2,0.0173998849,0
1537357980,Prod-EcsStagingCluster-EcsCluster-1AAGQRFIOE9AE,Service_beiakklem1vi3j5feju0,500,2,0.0056785178,0
1537364340,Prod-EcsStagingCluster-EcsCluster-1AAGQRFIOE9AE,Service_beiakklem1vi3j5feju0,500,2,0.0055569980,0
1537408860,Prod-EcsStagingCluster-EcsCluster-1AAGQRFIOE9AE,Service_beiakklem1vi3j5feju0,500,2,0.0086767162,0
1537415220,Prod-EcsStagingCluster-EcsCluster-1AAGQRFIOE9AE,Service_beiakklem1vi3j5feju0,500,2,0.0093823244,0
1537372740,Prod-EcsStagingCluster-EcsCluster-1AAGQRFIOE9AE,Service_beiakklem1vi3j5feju0,500,2,0.0068248098,0
1537347300,Prod-EcsStagingCluster-EcsCluster-1AAGQRFIOE9AE,Service_beiakklem1vi3j5feju0,500,2,0.0137222759,0
1537391820,Prod-EcsStagingCluster-EcsCluster-1AAGQRFIOE9AE,Service_beiakklem1vi3j5feju0,500,2,0.0241957782,1
1537398180,Prod-EcsStagingCluster-EcsCluster-1AAGQRFIOE9AE,Service_beiakklem1vi3j5feju0,500,2,0.0053931324,0
1537362120,Prod-EcsStagingCluster-EcsCluster-1AAGQRFIOE9AE,Service_beiakklem1vi3j5feju0,500,2,0.0056261068,0
1537368480,Prod-EcsStagingCluster-EcsCluster-1AAGQRFIOE9AE,Service_beiakklem1vi3j5feju0,500,2,0.0054823886,0
1537366260,Prod-EcsStagingCluster-EcsCluster-1AAGQRFIOE9AE,Service_beiakklem1vi3j5feju0,500,2,0.0056718953,0
1537417140,Prod-EcsStagingCluster-EcsCluster-1AAGQRFIOE9AE,Service_beiakklem1vi3j5feju0,500,2,0.0179992625,0
1537388520,Prod-EcsStagingCluster-EcsCluster-1AAGQRFIOE9AE,Service_beiakklem1vi3j5feju0,500,2,0.0038485937,0
1537374660,Prod-EcsStagingCluster-EcsCluster-1AAGQRFIOE9AE,Service_beiakklem1vi3j5feju0,500,2,0.0048047902,1
1537349220,Prod-EcsStagingCluster-EcsCluster-1AAGQRFIOE9AE,Service_beiakklem1vi3j5feju0,500,2,0.0055735525,0
1537400100,Prod-EcsStagingCluster-EcsCluster-1AAGQRFIOE9AE,Service_beiakklem1vi3j5feju0,500,2,0.1420574979,0
1537366140,Prod-EcsStagingCluster-EcsCluster-1AAGQRFIOE9AE,Service_beiakklem1vi3j5feju0,500,2,0.0055841438,0
1537350240,Prod-EcsStagingCluster-EcsCluster-1AAGQRFIOE9AE,Service_beiakklem1vi3j5feju0,500,2,0.0053791180,0
1537425540,Prod-EcsStagingCluster-EcsCluster-1AAGQRFIOE9AE,Service_beiakklem1vi3j5feju0,500,2,0.0112323271,0
1537417020,Prod-EcsStagingCluster-EcsCluster-1AAGQRFIOE9AE,Service_beiakklem1vi3j5feju0,500,2,0.0112816418,0
1537349100,Prod-EcsStagingCluster-EcsCluster-1AAGQRFIOE9AE,Service_beiakklem1vi3j5feju0,500,2,0.0148100298,0
1537401120,Prod-EcsStagingCluster-EcsCluster-1AAGQRFIOE9AE,Service_beiakklem1vi3j5feju0,500,2,0.0347089364,0
1537358640,Prod-EcsStagingCluster-EcsCluster-1AAGQRFIOE9AE,Service_beiakklem1vi3j5feju0,500,2,0.0061519023,0
1537409520,Prod-EcsStagingCluster-EcsCluster-1AAGQRFIOE9AE,Service_beiakklem1vi3j5feju0,500,2,0.1339995124,0
1537399980,Prod-EcsStagingCluster-EcsCluster-1AAGQRFIOE9AE,Service_beiakklem1vi3j5feju0,500,2,0.0056079629,0
1537384080,Prod-EcsStagingCluster-EcsCluster-1AAGQRFIOE9AE,Service_beiakklem1vi3j5feju0,500,2,0.0051720380,0
1537345800,Prod-EcsStagingCluster-EcsCluster-1AAGQRFIOE9AE,Service_beiakklem1vi3j5feju0,500,2,0.0055360911,0
1537396680,Prod-EcsStagingCluster-EcsCluster-1AAGQRFIOE9AE,Service_beiakklem1vi3j5feju0,500,2,0.0040798161,0
1537374420,Prod-EcsStagingCluster-EcsCluster-1AAGQRFIOE9AE,Service_beiakklem1vi3j5feju0,500,2,0.0053685756,0
1537354200,Prod-EcsStagingCluster-EcsCluster-1AAGQRFIOE9AE,Service_beiakklem1vi3j5feju0,500,2,0.0056752832,0
1537379640,Prod-EcsStagingCluster-EcsCluster-1AAGQRFIOE9AE,Service_beiakklem1vi3j5feju0,500,2,0.0027961789,0
1537425300,Prod-EcsStagingCluster-EcsCluster-1AAGQRFIOE9AE,Service_beiakklem1vi3j5feju0,500,2,0.0068310010,0
1537405080,Prod-EcsStagingCluster-EcsCluster-1AAGQRFIOE9AE,Service_beiakklem1vi3j5feju0,500,2,0.0059945756,0
1537374300,Prod-EcsStagingCluster-EcsCluster-1AAGQRFIOE9AE,Service_beiakklem1vi3j5feju0,500,2,0.0058645034,0
1537358400,Prod-EcsStagingCluster-EcsCluster-1AAGQRFIOE9AE,Service_beiakklem1vi3j5feju0,500,2,0.0066928046,0
1537423080,Prod-EcsStagingCluster-EcsCluster-1AAGQRFIOE9AE,Service_beiakklem1vi3j5feju0,500,2,0.0140740358,0
1537357260,Prod-EcsStagingCluster-EcsCluster-1AAGQRFIOE9AE,Service_beiakklem1vi3j5feju0,500,2,0.0056439636,0
1537425180,Prod-EcsStagingCluster-EcsCluster-1AAGQRFIOE9AE,Service_beiakklem1vi3j5feju0,500,2,0.0057595437,0
1537408140,Prod-EcsStagingCluster-EcsCluster-1AAGQRFIOE9AE,Service_beiakklem1vi3j5feju0,500,2,0.0061813479,0
1537384800,Prod-EcsStagingCluster-EcsCluster-1AAGQRFIOE9AE,Service_beiakklem1vi3j5feju0,500,2,0.0052066400,0
1537393200,Prod-EcsStagingCluster-EcsCluster-1AAGQRFIOE9AE,Service_beiakklem1vi3j5feju0,500,2,0.0038084127,0
1537367760,Prod-EcsStagingCluster-EcsCluster-1AAGQRFIOE9AE,Service_beiakklem1vi3j5feju0,500,2,0.0157192267,0
1537418640,Prod-EcsStagingCluster-EcsCluster-1AAGQRFIOE9AE,Service_beiakklem1vi3j5feju0,500,2,0.0100929108,0
1537382580,Prod-EcsStagingCluster-EcsCluster-1AAGQRFIOE9AE,Service_beiakklem1vi3j5feju0,500,2,0.0027860742,0
1537390980,Prod-EcsStagingCluster-EcsCluster-1AAGQRFIOE9AE,Service_beiakklem1vi3j5feju0,500,2,0.0168563280,0
1537365540,Prod-EcsStagingCluster-EcsCluster-1AAGQRFIOE9AE,Service_beiakklem1vi3j5feju0,500,2,0.0062883505,0
1537416420,Prod-EcsStagingCluster-EcsCluster-1AAGQRFIOE9AE,Service_beiakklem1vi3j5feju0,500,2,0.0116420212,0
1537382460,Prod-EcsStagingCluster-EcsCluster-1AAGQRFIOE9AE,Service_beiakklem1vi3j5feju0,500,2,0.0029461287,1
1537380360,Prod-EcsStagingCluster-EcsCluster-1AAGQRFIOE9AE,Service_beiakklem1vi3j5feju0,500,2,0.0097999766,0
1537431240,Prod-EcsStagingCluster-EcsCluster-1AAGQRFIOE9AE,Service_beiakklem1vi3j5feju0,500,2,0.0058804459,0
1537388760,Prod-EcsStagingCluster-EcsCluster-1AAGQRFIOE9AE,Service_beiakklem1vi3j5feju0,500,2,0.0337742864,0
1537365420,Prod-EcsStagingCluster-EcsCluster-1AAGQRFIOE9AE,Service_beiakklem1vi3j5feju0,500,2,0.0052702855,1
1537363320,Prod-EcsStagingCluster-EcsCluster-1AAGQRFIOE9AE,Service_beiakklem1vi3j5feju0,500,2,0.0065576305,0
1537414200,Prod-EcsStagingCluster-EcsCluster-1AAGQRFIOE9AE,Service_beiakklem1vi3j5feju0,500,2,0.1310508622,0
1537392960,Prod-EcsStagingCluster-EcsCluster-1AAGQRFIOE9AE,Service_beiakklem1vi3j5feju0,500,2,0.0110867844,0
1537416300,Prod-EcsStagingCluster-EcsCluster-1AAGQRFIOE9AE,Service_beiakklem1vi3j5feju0,500,2,0.0150262074,0
1537346100,Prod-EcsStagingCluster-EcsCluster-1AAGQRFIOE9AE,Service_beiakklem1vi3j5feju0,500,2,0.0143200277,0
1537396980,Prod-EcsStagingCluster-EcsCluster-1AAGQRFIOE9AE,Service_beiakklem1vi3j5feju0,500,2,0.0041280785,0
1537368360,Prod-EcsStagingCluster-EcsCluster-1AAGQRFIOE9AE,Service_beiakklem1vi3j5feju0,500,2,0.0145147835,0
1537374720,Prod-EcsStagingCluster-EcsCluster-1AAGQRFIOE9AE,Service_beiakklem1vi3j5feju0,500,2,0.0012660236,0
1537425600,Prod-EcsStagingCluster-EcsCluster-1AAGQRFIOE9AE,Service_beiakklem1vi3j5feju0,500,2,0.0055392529,0
1537419240,Prod-EcsStagingCluster-EcsCluster-1AAGQRFIOE9AE,Service_beiakklem1vi3j5feju0,500,2,0.0098333691,0
1537373580,Prod-EcsStagingCluster-EcsCluster-1AAGQRFIOE9AE,Service_beiakklem1vi3j5feju0,500,2,0.0053314113,0
1537386300,Prod-EcsStagingCluster-EcsCluster-1AAGQRFIOE9AE,Service_beiakklem1vi3j5feju0,500,2,0.0044902757,0
1537372440,Prod-EcsStagingCluster-EcsCluster-1AAGQRFIOE9AE,Service_beiakklem1vi3j5feju0,500,2,0.0053132167,0
1537424460,Prod-EcsStagingCluster-EcsCluster-1AAGQRFIOE9AE,Service_beiakklem1vi3j5feju0,500,2,0.0042343848,0
1537347000,Prod-EcsStagingCluster-EcsCluster-1AAGQRFIOE9AE,Service_beiakklem1vi3j5feju0,500,2,0.0056642717,0
1537353360,Prod-EcsStagingCluster-EcsCluster-1AAGQRFIOE9AE,Service_beiakklem1vi3j5feju0,500,2,0.0056956168,0
1537397880,Prod-EcsStagingCluster-EcsCluster-1AAGQRFIOE9AE,Service_beiakklem1vi3j5feju0,500,2,0.0050959030,0
1537378800,Prod-EcsStagingCluster-EcsCluster-1AAGQRFIOE9AE,Service_beiakklem1vi3j5feju0,500,2,0.0133682339,0
1537423320,Prod-EcsStagingCluster-EcsCluster-1AAGQRFIOE9AE,Service_beiakklem1vi3j5feju0,500,2,0.0068351349,0
1537429680,Prod-EcsStagingCluster-EcsCluster-1AAGQRFIOE9AE,Service_beiakklem1vi3j5feju0,500,2,0.0097377146,1
1537404240,Prod-EcsStagingCluster-EcsCluster-1AAGQRFIOE9AE,Service_beiakklem1vi3j5feju0,500,2,0.0402941578,0
1537376520,Prod-EcsStagingCluster-EcsCluster-1AAGQRFIOE9AE,Service_beiakklem1vi3j5feju0,500,2,0.0079858932,0
1537354260,Prod-EcsStagingCluster-EcsCluster-1AAGQRFIOE9AE,Service_beiakklem1vi3j5feju0,500,2,0.0067694263,0
1537405140,Prod-EcsStagingCluster-EcsCluster-1AAGQRFIOE9AE,Service_beiakklem1vi3j5feju0,500,2,0.0056282998,0
1537382880,Prod-EcsStagingCluster-EcsCluster-1AAGQRFIOE9AE,Service_beiakklem1vi3j5feju0,500,2,0.0029928795,0
1537427400,Prod-EcsStagingCluster-EcsCluster-1AAGQRFIOE9AE,Service_beiakklem1vi3j5feju0,500,2,0.0045329629,0
1537394460,Prod-EcsStagingCluster-EcsCluster-1AAGQRFIOE9AE,Service_beiakklem1vi3j5feju0,500,2,0.0038090749,0
1537381740,Prod-EcsStagingCluster-EcsCluster-1AAGQRFIOE9AE,Service_beiakklem1vi3j5feju0,500,2,0.0027228945,0
1537402920,Prod-EcsStagingCluster-EcsCluster-1AAGQRFIOE9AE,Service_beiakklem1vi3j5feju0,500,2,0.0119089607,0
1537409280,Prod-EcsStagingCluster-EcsCluster-1AAGQRFIOE9AE,Service_beiakklem1vi3j5feju0,500,2,0.0088867303,0
1537358340,Prod-EcsStagingCluster-EcsCluster-1AAGQRFIOE9AE,Service_beiakklem1vi3j5feju0,500,2,0.0057048779,0
1537409220,Prod-EcsStagingCluster-EcsCluster-1AAGQRFIOE9AE,Service_beiakklem1vi3j5feju0,500,2,0.0105548433,0
1537383780,Prod-EcsStagingCluster-EcsCluster-1AAGQRFIOE9AE,Service_beiakklem1vi3j5feju0,500,2,0.0052049742,0
1537356120,Prod-EcsStagingCluster-EcsCluster-1AAGQRFIOE9AE,Service_beiakklem1vi3j5feju0,500,2,0.0055391437,0
1537362480,Prod-EcsStagingCluster-EcsCluster-1AAGQRFIOE9AE,Service_beiakklem1vi3j5feju0,500,2,0.0054685626,0
1537407000,Prod-EcsStagingCluster-EcsCluster-1AAGQRFIOE9AE,Service_beiakklem1vi3j5feju0,500,2,0.0057949308,2
1537413360,Prod-EcsStagingCluster-EcsCluster-1AAGQRFIOE9AE,Service_beiakklem1vi3j5feju0,500,2,0.0147394333,0
1537381560,Prod-EcsStagingCluster-EcsCluster-1AAGQRFIOE9AE,Service_beiakklem1vi3j5feju0,500,2,0.0112931898,0
1537387920,Prod-EcsStagingCluster-EcsCluster-1AAGQRFIOE9AE,Service_beiakklem1vi3j5feju0,500,2,0.0040335517,0
1537362420,Prod-EcsStagingCluster-EcsCluster-1AAGQRFIOE9AE,Service_beiakklem1vi3j5feju0,500,2,0.0056267268,0
1537413300,Prod-EcsStagingCluster-EcsCluster-1AAGQRFIOE9AE,Service_beiakklem1vi3j5feju0,500,2,0.0070088398,0
1537351740,Prod-EcsStagingCluster-EcsCluster-1AAGQRFIOE9AE,Service_beiakklem1vi3j5feju0,500,2,0.0057045678,0
1537402620,Prod-EcsStagingCluster-EcsCluster-1AAGQRFIOE9AE,Service_beiakklem1vi3j5feju0,500,2,0.0060304834,0
1537389900,Prod-EcsStagingCluster-EcsCluster-1AAGQRFIOE9AE,Service_beiakklem1vi3j5feju0,500,2,0.0037908201,0
1537360200,Prod-EcsStagingCluster-EcsCluster-1AAGQRFIOE9AE,Service_beiakklem1vi3j5feju0,500,2,0.0053375445,0
1537366560,Prod-EcsStagingCluster-EcsCluster-1AAGQRFIOE9AE,Service_beiakklem1vi3j5feju0,500,2,0.0174220220,0
1537417440,Prod-EcsStagingCluster-EcsCluster-1AAGQRFIOE9AE,Service_beiakklem1vi3j5feju0,500,2,0.0125821056,0
1537411080,Prod-EcsStagingCluster-EcsCluster-1AAGQRFIOE9AE,Service_beiakklem1vi3j5feju0,500,2,0.0088298429,0
1537399200,Prod-EcsStagingCluster-EcsCluster-1AAGQRFIOE9AE,Service_beiakklem1vi3j5feju0,500,2,0.0053418967,0
1537390680,Prod-EcsStagingCluster-EcsCluster-1AAGQRFIOE9AE,Service_beiakklem1vi3j5feju0,500,2,0.0045143805,1
1537347180,Prod-EcsStagingCluster-EcsCluster-1AAGQRFIOE9AE,Service_beiakklem1vi3j5feju0,500,2,0.0052246571,0
1537365240,Prod-EcsStagingCluster-EcsCluster-1AAGQRFIOE9AE,Service_beiakklem1vi3j5feju0,500,2,0.0059592736,0
1537416120,Prod-EcsStagingCluster-EcsCluster-1AAGQRFIOE9AE,Service_beiakklem1vi3j5feju0,500,2,0.0123998809,0
1537359900,Prod-EcsStagingCluster-EcsCluster-1AAGQRFIOE9AE,Service_beiakklem1vi3j5feju0,500,2,0.0261359155,0
1537410780,Prod-EcsStagingCluster-EcsCluster-1AAGQRFIOE9AE,Service_beiakklem1vi3j5feju0,500,2,0.0088598405,0
1537398060,Prod-EcsStagingCluster-EcsCluster-1AAGQRFIOE9AE,Service_beiakklem1vi3j5feju0,500,2,0.0050941715,0
1537394760,Prod-EcsStagingCluster-EcsCluster-1AAGQRFIOE9AE,Service_beiakklem1vi3j5feju0,500,2,0.0089529275,0
1537372500,Prod-EcsStagingCluster-EcsCluster-1AAGQRFIOE9AE,Service_beiakklem1vi3j5feju0,500,2,0.0058273363,0
1537423380,Prod-EcsStagingCluster-EcsCluster-1AAGQRFIOE9AE,Service_beiakklem1vi3j5feju0,500,2,0.0054996987,0
1537356480,Prod-EcsStagingCluster-EcsCluster-1AAGQRFIOE9AE,Service_beiakklem1vi3j5feju0,500,2,0.0053557382,0
1537351140,Prod-EcsStagingCluster-EcsCluster-1AAGQRFIOE9AE,Service_beiakklem1vi3j5feju0,500,2,0.0056253319,0
1537355340,Prod-EcsStagingCluster-EcsCluster-1AAGQRFIOE9AE,Service_beiakklem1vi3j5feju0,500,2,0.0067651884,7
1537407360,Prod-EcsStagingCluster-EcsCluster-1AAGQRFIOE9AE,Service_beiakklem1vi3j5feju0,500,2,0.0180745930,0
1537376580,Prod-EcsStagingCluster-EcsCluster-1AAGQRFIOE9AE,Service_beiakklem1vi3j5feju0,500,2,0.0037422629,0
1537427460,Prod-EcsStagingCluster-EcsCluster-1AAGQRFIOE9AE,Service_beiakklem1vi3j5feju0,500,2,0.0058345852,0
1537402020,Prod-EcsStagingCluster-EcsCluster-1AAGQRFIOE9AE,Service_beiakklem1vi3j5feju0,500,2,0.0049543877,0
1537368060,Prod-EcsStagingCluster-EcsCluster-1AAGQRFIOE9AE,Service_beiakklem1vi3j5feju0,500,2,0.0058807868,0
1537418940,Prod-EcsStagingCluster-EcsCluster-1AAGQRFIOE9AE,Service_beiakklem1vi3j5feju0,500,2,0.0571492023,1
1537406220,Prod-EcsStagingCluster-EcsCluster-1AAGQRFIOE9AE,Service_beiakklem1vi3j5feju0,500,2,0.0061487251,0
1537360560,Prod-EcsStagingCluster-EcsCluster-1AAGQRFIOE9AE,Service_beiakklem1vi3j5feju0,500,2,0.0247310329,0
1537411440,Prod-EcsStagingCluster-EcsCluster-1AAGQRFIOE9AE,Service_beiakklem1vi3j5feju0,500,2,0.0086158180,0
1537352040,Prod-EcsStagingCluster-EcsCluster-1AAGQRFIOE9AE,Service_beiakklem1vi3j5feju0,500,2,0.0055618283,0
1537386000,Prod-EcsStagingCluster-EcsCluster-1AAGQRFIOE9AE,Service_beiakklem1vi3j5feju0,500,2,0.0052466571,0
1537380660,Prod-EcsStagingCluster-EcsCluster-1AAGQRFIOE9AE,Service_beiakklem1vi3j5feju0,500,2,0.0014876239,0
1537431540,Prod-EcsStagingCluster-EcsCluster-1AAGQRFIOE9AE,Service_beiakklem1vi3j5feju0,500,2,0.0057055120,0
1537378440,Prod-EcsStagingCluster-EcsCluster-1AAGQRFIOE9AE,Service_beiakklem1vi3j5feju0,500,2,0.0040156448,0
1537429320,Prod-EcsStagingCluster-EcsCluster-1AAGQRFIOE9AE,Service_beiakklem1vi3j5feju0,500,2,0.0059855067,0
1537376220,Prod-EcsStagingCluster-EcsCluster-1AAGQRFIOE9AE,Service_beiakklem1vi3j5feju0,500,2,0.0054037812,0
1537363500,Prod-EcsStagingCluster-EcsCluster-1AAGQRFIOE9AE,Service_beiakklem1vi3j5feju0,500,2,0.0059958374,1
1537427100,Prod-EcsStagingCluster-EcsCluster-1AAGQRFIOE9AE,Service_beiakklem1vi3j5feju0,500,2,0.0042966636,0
1537391040,Prod-EcsStagingCluster-EcsCluster-1AAGQRFIOE9AE,Service_beiakklem1vi3j5feju0,500,2,0.0038797413,0
1537414380,Prod-EcsStagingCluster-EcsCluster-1AAGQRFIOE9AE,Service_beiakklem1vi3j5feju0,500,2,0.0057278042,0
1537388820,Prod-EcsStagingCluster-EcsCluster-1AAGQRFIOE9AE,Service_beiakklem1vi3j5feju0,500,2,0.0039277135,0
1537369680,Prod-EcsStagingCluster-EcsCluster-1AAGQRFIOE9AE,Service_beiakklem1vi3j5feju0,500,2,0.0065137853,0
1537420560,Prod-EcsStagingCluster-EcsCluster-1AAGQRFIOE9AE,Service_beiakklem1vi3j5feju0,500,2,0.0315725734,0
1537395120,Prod-EcsStagingCluster-EcsCluster-1AAGQRFIOE9AE,Service_beiakklem1vi3j5feju0,500,2,0.0051719397,0
1537386600,Prod-EcsStagingCluster-EcsCluster-1AAGQRFIOE9AE,Service_beiakklem1vi3j5feju0,500,2,0.0037542633,1
1537392900,Prod-EcsStagingCluster-EcsCluster-1AAGQRFIOE9AE,Service_beiakklem1vi3j5feju0,500,2,0.0037571155,0
1537367460,Prod-EcsStagingCluster-EcsCluster-1AAGQRFIOE9AE,Service_beiakklem1vi3j5feju0,500,2,0.0066178939,0
1537418340,Prod-EcsStagingCluster-EcsCluster-1AAGQRFIOE9AE,Service_beiakklem1vi3j5feju0,500,2,0.0120692907,0
1537371660,Prod-EcsStagingCluster-EcsCluster-1AAGQRFIOE9AE,Service_beiakklem1vi3j5feju0,500,2,0.0056926391,0
1537384380,Prod-EcsStagingCluster-EcsCluster-1AAGQRFIOE9AE,Service_beiakklem1vi3j5feju0,500,2,0.0062020269,0
1537348320,Prod-EcsStagingCluster-EcsCluster-1AAGQRFIOE9AE,Service_beiakklem1vi3j5feju0,500,2,0.0060388900,0
1537357800,Prod-EcsStagingCluster-EcsCluster-1AAGQRFIOE9AE,Service_beiakklem1vi3j5feju0,500,2,0.0056745348,0
1537364160,Prod-EcsStagingCluster-EcsCluster-1AAGQRFIOE9AE,Service_beiakklem1vi3j5feju0,500,2,0.0146866386,0
1537428900,Prod-EcsStagingCluster-EcsCluster-1AAGQRFIOE9AE,Service_beiakklem1vi3j5feju0,500,2,0.0046085926,0
1537415040,Prod-EcsStagingCluster-EcsCluster-1AAGQRFIOE9AE,Service_beiakklem1vi3j5feju0,500,2,0.1388356338,3
1537408680,Prod-EcsStagingCluster-EcsCluster-1AAGQRFIOE9AE,Service_beiakklem1vi3j5feju0,500,2,0.0074637332,0
1537363020,Prod-EcsStagingCluster-EcsCluster-1AAGQRFIOE9AE,Service_beiakklem1vi3j5feju0,500,2,0.0054905243,2
1537413900,Prod-EcsStagingCluster-EcsCluster-1AAGQRFIOE9AE,Service_beiakklem1vi3j5feju0,500,2,0.0056018836,1
1537394820,Prod-EcsStagingCluster-EcsCluster-1AAGQRFIOE9AE,Service_beiakklem1vi3j5feju0,500,2,0.0037674533,0
1537374600,Prod-EcsStagingCluster-EcsCluster-1AAGQRFIOE9AE,Service_beiakklem1vi3j5feju0,500,2,0.0039981928,0
1537380960,Prod-EcsStagingCluster-EcsCluster-1AAGQRFIOE9AE,Service_beiakklem1vi3j5feju0,500,2,0.0113410467,0
1537357560,Prod-EcsStagingCluster-EcsCluster-1AAGQRFIOE9AE,Service_beiakklem1vi3j5feju0,500,2,0.0058038659,0
1537363920,Prod-EcsStagingCluster-EcsCluster-1AAGQRFIOE9AE,Service_beiakklem1vi3j5feju0,500,2,0.0054809900,0
1537425480,Prod-EcsStagingCluster-EcsCluster-1AAGQRFIOE9AE,Service_beiakklem1vi3j5feju0,500,2,0.0055413962,0
1537379820,Prod-EcsStagingCluster-EcsCluster-1AAGQRFIOE9AE,Service_beiakklem1vi3j5feju0,500,2,0.0014574314,0
1537414800,Prod-EcsStagingCluster-EcsCluster-1AAGQRFIOE9AE,Service_beiakklem1vi3j5feju0,500,2,0.0063121234,0
1537408440,Prod-EcsStagingCluster-EcsCluster-1AAGQRFIOE9AE,Service_beiakklem1vi3j5feju0,500,2,0.0074783259,0
1537430700,Prod-EcsStagingCluster-EcsCluster-1AAGQRFIOE9AE,Service_beiakklem1vi3j5feju0,500,2,0.0058855615,0
1537394580,Prod-EcsStagingCluster-EcsCluster-1AAGQRFIOE9AE,Service_beiakklem1vi3j5feju0,500,2,0.0039439734,0
1537388220,Prod-EcsStagingCluster-EcsCluster-1AAGQRFIOE9AE,Service_beiakklem1vi3j5feju0,500,2,0.0039815669,0
1537374360,Prod-EcsStagingCluster-EcsCluster-1AAGQRFIOE9AE,Service_beiakklem1vi3j5feju0,500,2,0.0170886193,0
1537380720,Prod-EcsStagingCluster-EcsCluster-1AAGQRFIOE9AE,Service_beiakklem1vi3j5feju0,500,2,0.0014724702,0
1537425240,Prod-EcsStagingCluster-EcsCluster-1AAGQRFIOE9AE,Service_beiakklem1vi3j5feju0,500,2,0.0057067886,0
1537431600,Prod-EcsStagingCluster-EcsCluster-1AAGQRFIOE9AE,Service_beiakklem1vi3j5feju0,500,2,0.0056139512,0
1537354140,Prod-EcsStagingCluster-EcsCluster-1AAGQRFIOE9AE,Service_beiakklem1vi3j5feju0,500,2,0.0056432071,0
1537360500,Prod-EcsStagingCluster-EcsCluster-1AAGQRFIOE9AE,Service_beiakklem1vi3j5feju0,500,2,0.0262681361,0
1537411380,Prod-EcsStagingCluster-EcsCluster-1AAGQRFIOE9AE,Service_beiakklem1vi3j5feju0,500,2,0.0096678789,0
1537405020,Prod-EcsStagingCluster-EcsCluster-1AAGQRFIOE9AE,Service_beiakklem1vi3j5feju0,500,2,0.0058102314,1
1537358280,Prod-EcsStagingCluster-EcsCluster-1AAGQRFIOE9AE,Service_beiakklem1vi3j5feju0,500,2,0.0055628431,0
1537394340,Prod-EcsStagingCluster-EcsCluster-1AAGQRFIOE9AE,Service_beiakklem1vi3j5feju0,500,2,0.0039012887,0
1537364640,Prod-EcsStagingCluster-EcsCluster-1AAGQRFIOE9AE,Service_beiakklem1vi3j5feju0,500,2,0.0191440247,0
1537409160,Prod-EcsStagingCluster-EcsCluster-1AAGQRFIOE9AE,Service_beiakklem1vi3j5feju0,500,2,0.0199600104,0
1537415520,Prod-EcsStagingCluster-EcsCluster-1AAGQRFIOE9AE,Service_beiakklem1vi3j5feju0,500,2,0.0058060970,0
1537347600,Prod-EcsStagingCluster-EcsCluster-1AAGQRFIOE9AE,Service_beiakklem1vi3j5feju0,500,2,0.0051423374,0
1537398480,Prod-EcsStagingCluster-EcsCluster-1AAGQRFIOE9AE,Service_beiakklem1vi3j5feju0,500,2,0.0053155026,0
1537392120,Prod-EcsStagingCluster-EcsCluster-1AAGQRFIOE9AE,Service_beiakklem1vi3j5feju0,500,2,0.0050589535,0
1537379340,Prod-EcsStagingCluster-EcsCluster-1AAGQRFIOE9AE,Service_beiakklem1vi3j5feju0,500,2,0.0038224836,0
1537360260,Prod-EcsStagingCluster-EcsCluster-1AAGQRFIOE9AE,Service_beiakklem1vi3j5feju0,500,2,0.0060656612,1
1537411140,Prod-EcsStagingCluster-EcsCluster-1AAGQRFIOE9AE,Service_beiakklem1vi3j5feju0,500,2,0.0085680189,0
1537430220,Prod-EcsStagingCluster-EcsCluster-1AAGQRFIOE9AE,Service_beiakklem1vi3j5feju0,500,2,0.0173181431,0
1537358040,Prod-EcsStagingCluster-EcsCluster-1AAGQRFIOE9AE,Service_beiakklem1vi3j5feju0,500,2,0.0069345748,0
1537364400,Prod-EcsStagingCluster-EcsCluster-1AAGQRFIOE9AE,Service_beiakklem1vi3j5feju0,500,2,0.0065490618,0
1537408920,Prod-EcsStagingCluster-EcsCluster-1AAGQRFIOE9AE,Service_beiakklem1vi3j5feju0,500,2,0.0088381320,0
1537415280,Prod-EcsStagingCluster-EcsCluster-1AAGQRFIOE9AE,Service_beiakklem1vi3j5feju0,500,2,0.0059906696,0
1537396140,Prod-EcsStagingCluster-EcsCluster-1AAGQRFIOE9AE,Service_beiakklem1vi3j5feju0,500,2,0.0044471005,0
1537360020,Prod-EcsStagingCluster-EcsCluster-1AAGQRFIOE9AE,Service_beiakklem1vi3j5feju0,500,2,0.0055261277,0
1537353660,Prod-EcsStagingCluster-EcsCluster-1AAGQRFIOE9AE,Service_beiakklem1vi3j5feju0,500,2,0.0057292593,0
1537392840,Prod-EcsStagingCluster-EcsCluster-1AAGQRFIOE9AE,Service_beiakklem1vi3j5feju0,500,2,0.0037403995,0
1537404540,Prod-EcsStagingCluster-EcsCluster-1AAGQRFIOE9AE,Service_beiakklem1vi3j5feju0,500,2,0.0046573228,0
1537346160,Prod-EcsStagingCluster-EcsCluster-1AAGQRFIOE9AE,Service_beiakklem1vi3j5feju0,500,2,0.0067732799,0
1537375800,Prod-EcsStagingCluster-EcsCluster-1AAGQRFIOE9AE,Service_beiakklem1vi3j5feju0,500,2,0.0039499161,0
1537397040,Prod-EcsStagingCluster-EcsCluster-1AAGQRFIOE9AE,Service_beiakklem1vi3j5feju0,500,2,0.0040721852,0
1537370460,Prod-EcsStagingCluster-EcsCluster-1AAGQRFIOE9AE,Service_beiakklem1vi3j5feju0,500,2,0.0056228184,0
1537361940,Prod-EcsStagingCluster-EcsCluster-1AAGQRFIOE9AE,Service_beiakklem1vi3j5feju0,500,2,0.0054796003,0
1537426680,Prod-EcsStagingCluster-EcsCluster-1AAGQRFIOE9AE,Service_beiakklem1vi3j5feju0,500,2,0.0044593859,0
1537421340,Prod-EcsStagingCluster-EcsCluster-1AAGQRFIOE9AE,Service_beiakklem1vi3j5feju0,500,2,0.0070376844,0
1537412820,Prod-EcsStagingCluster-EcsCluster-1AAGQRFIOE9AE,Service_beiakklem1vi3j5feju0,500,2,0.0056765662,0
1537392600,Prod-EcsStagingCluster-EcsCluster-1AAGQRFIOE9AE,Service_beiakklem1vi3j5feju0,500,2,0.0038931553,0
1537345920,Prod-EcsStagingCluster-EcsCluster-1AAGQRFIOE9AE,Service_beiakklem1vi3j5feju0,500,2,0.0027942295,0
1537378740,Prod-EcsStagingCluster-EcsCluster-1AAGQRFIOE9AE,Service_beiakklem1vi3j5feju0,500,2,0.0038672595,0
1537396800,Prod-EcsStagingCluster-EcsCluster-1AAGQRFIOE9AE,Service_beiakklem1vi3j5feju0,500,2,0.0042015525,0
1537395660,Prod-EcsStagingCluster-EcsCluster-1AAGQRFIOE9AE,Service_beiakklem1vi3j5feju0,500,2,0.0042015882,0
1537429620,Prod-EcsStagingCluster-EcsCluster-1AAGQRFIOE9AE,Service_beiakklem1vi3j5feju0,500,2,0.0183485054,3
1537361700,Prod-EcsStagingCluster-EcsCluster-1AAGQRFIOE9AE,Service_beiakklem1vi3j5feju0,500,2,0.0058196145,0
1537412580,Prod-EcsStagingCluster-EcsCluster-1AAGQRFIOE9AE,Service_beiakklem1vi3j5feju0,500,2,0.0056714178,0
1537362720,Prod-EcsStagingCluster-EcsCluster-1AAGQRFIOE9AE,Service_beiakklem1vi3j5feju0,500,2,0.0051178478,0
1537413600,Prod-EcsStagingCluster-EcsCluster-1AAGQRFIOE9AE,Service_beiakklem1vi3j5feju0,500,2,0.0292655184,0
1537392360,Prod-EcsStagingCluster-EcsCluster-1AAGQRFIOE9AE,Service_beiakklem1vi3j5feju0,500,2,0.0080233674,0
1537345680,Prod-EcsStagingCluster-EcsCluster-1AAGQRFIOE9AE,Service_beiakklem1vi3j5feju0,500,2,0.0166383036,0
1537361580,Prod-EcsStagingCluster-EcsCluster-1AAGQRFIOE9AE,Service_beiakklem1vi3j5feju0,500,2,0.0054786888,0
1537410360,Prod-EcsStagingCluster-EcsCluster-1AAGQRFIOE9AE,Service_beiakklem1vi3j5feju0,500,2,0.0203337215,0
1537412460,Prod-EcsStagingCluster-EcsCluster-1AAGQRFIOE9AE,Service_beiakklem1vi3j5feju0,500,2,0.0057130125,0
1537378500,Prod-EcsStagingCluster-EcsCluster-1AAGQRFIOE9AE,Service_beiakklem1vi3j5feju0,500,2,0.0040760854,0
1537429380,Prod-EcsStagingCluster-EcsCluster-1AAGQRFIOE9AE,Service_beiakklem1vi3j5feju0,500,2,0.0054818220,0
1537369980,Prod-EcsStagingCluster-EcsCluster-1AAGQRFIOE9AE,Service_beiakklem1vi3j5feju0,500,2,0.0056528374,0
1537420860,Prod-EcsStagingCluster-EcsCluster-1AAGQRFIOE9AE,Service_beiakklem1vi3j5feju0,500,2,0.1725093658,0
1537376280,Prod-EcsStagingCluster-EcsCluster-1AAGQRFIOE9AE,Service_beiakklem1vi3j5feju0,500,2,0.0039607965,0
1537427160,Prod-EcsStagingCluster-EcsCluster-1AAGQRFIOE9AE,Service_beiakklem1vi3j5feju0,500,2,0.1553373567,0
1537380480,Prod-EcsStagingCluster-EcsCluster-1AAGQRFIOE9AE,Service_beiakklem1vi3j5feju0,500,2,0.0015182275,0
1537431360,Prod-EcsStagingCluster-EcsCluster-1AAGQRFIOE9AE,Service_beiakklem1vi3j5feju0,500,2,0.0124966357,0
1537386780,Prod-EcsStagingCluster-EcsCluster-1AAGQRFIOE9AE,Service_beiakklem1vi3j5feju0,500,2,0.0125100147,0
1537378260,Prod-EcsStagingCluster-EcsCluster-1AAGQRFIOE9AE,Service_beiakklem1vi3j5feju0,500,2,0.0046263894,0
1537346400,Prod-EcsStagingCluster-EcsCluster-1AAGQRFIOE9AE,Service_beiakklem1vi3j5feju0,500,2,0.0049815365,1
1537397280,Prod-EcsStagingCluster-EcsCluster-1AAGQRFIOE9AE,Service_beiakklem1vi3j5feju0,500,2,0.0053345063,0
1537429140,Prod-EcsStagingCluster-EcsCluster-1AAGQRFIOE9AE,Service_beiakklem1vi3j5feju0,500,2,0.0044024412,0
1537376040,Prod-EcsStagingCluster-EcsCluster-1AAGQRFIOE9AE,Service_beiakklem1vi3j5feju0,500,2,0.0039589033,0
1537380240,Prod-EcsStagingCluster-EcsCluster-1AAGQRFIOE9AE,Service_beiakklem1vi3j5feju0,500,2,0.0015034996,0
1537395060,Prod-EcsStagingCluster-EcsCluster-1AAGQRFIOE9AE,Service_beiakklem1vi3j5feju0,500,2,0.0037519060,1
1537361100,Prod-EcsStagingCluster-EcsCluster-1AAGQRFIOE9AE,Service_beiakklem1vi3j5feju0,500,2,0.0069390293,0
1537426920,Prod-EcsStagingCluster-EcsCluster-1AAGQRFIOE9AE,Service_beiakklem1vi3j5feju0,500,2,0.0044062705,0
1537431120,Prod-EcsStagingCluster-EcsCluster-1AAGQRFIOE9AE,Service_beiakklem1vi3j5feju0,500,2,0.0059815741,0
1537411980,Prod-EcsStagingCluster-EcsCluster-1AAGQRFIOE9AE,Service_beiakklem1vi3j5feju0,500,2,0.0073274514,0
1537378020,Prod-EcsStagingCluster-EcsCluster-1AAGQRFIOE9AE,Service_beiakklem1vi3j5feju0,500,2,0.0040466665,0
1537372680,Prod-EcsStagingCluster-EcsCluster-1AAGQRFIOE9AE,Service_beiakklem1vi3j5feju0,500,2,0.0054264417,0
1537379040,Prod-EcsStagingCluster-EcsCluster-1AAGQRFIOE9AE,Service_beiakklem1vi3j5feju0,500,2,0.0038742069,1
1537424700,Prod-EcsStagingCluster-EcsCluster-1AAGQRFIOE9AE,Service_beiakklem1vi3j5feju0,500,2,0.0041738744,2
1537359960,Prod-EcsStagingCluster-EcsCluster-1AAGQRFIOE9AE,Service_beiakklem1vi3j5feju0,500,2,0.0079542982,0
1537366320,Prod-EcsStagingCluster-EcsCluster-1AAGQRFIOE9AE,Service_beiakklem1vi3j5feju0,500,2,0.0057768671,0
1537410840,Prod-EcsStagingCluster-EcsCluster-1AAGQRFIOE9AE,Service_beiakklem1vi3j5feju0,500,2,0.0193200699,0
1537429920,Prod-EcsStagingCluster-EcsCluster-1AAGQRFIOE9AE,Service_beiakklem1vi3j5feju0,500,2,0.0111402672,0
1537423560,Prod-EcsStagingCluster-EcsCluster-1AAGQRFIOE9AE,Service_beiakklem1vi3j5feju0,500,2,0.0249195218,0
1537417200,Prod-EcsStagingCluster-EcsCluster-1AAGQRFIOE9AE,Service_beiakklem1vi3j5feju0,500,2,0.0114456076,0
1537390620,Prod-EcsStagingCluster-EcsCluster-1AAGQRFIOE9AE,Service_beiakklem1vi3j5feju0,500,2,0.0038945700,0
1537377900,Prod-EcsStagingCluster-EcsCluster-1AAGQRFIOE9AE,Service_beiakklem1vi3j5feju0,500,2,0.0041711254,0
1537428780,Prod-EcsStagingCluster-EcsCluster-1AAGQRFIOE9AE,Service_beiakklem1vi3j5feju0,500,2,0.0064738519,0
1537379940,Prod-EcsStagingCluster-EcsCluster-1AAGQRFIOE9AE,Service_beiakklem1vi3j5feju0,500,2,0.0021462800,0
1537392660,Prod-EcsStagingCluster-EcsCluster-1AAGQRFIOE9AE,Service_beiakklem1vi3j5feju0,500,2,0.0038409521,0
1537430820,Prod-EcsStagingCluster-EcsCluster-1AAGQRFIOE9AE,Service_beiakklem1vi3j5feju0,500,2,0.0140411115,0
1537358580,Prod-EcsStagingCluster-EcsCluster-1AAGQRFIOE9AE,Service_beiakklem1vi3j5feju0,500,2,0.0055587818,0
1537345860,Prod-EcsStagingCluster-EcsCluster-1AAGQRFIOE9AE,Service_beiakklem1vi3j5feju0,500,2,0.0067376084,0
1537409460,Prod-EcsStagingCluster-EcsCluster-1AAGQRFIOE9AE,Service_beiakklem1vi3j5feju0,500,2,0.0086764759,0
1537396740,Prod-EcsStagingCluster-EcsCluster-1AAGQRFIOE9AE,Service_beiakklem1vi3j5feju0,500,2,0.0041484193,0
1537359480,Prod-EcsStagingCluster-EcsCluster-1AAGQRFIOE9AE,Service_beiakklem1vi3j5feju0,500,2,0.0056463862,0
1537378560,Prod-EcsStagingCluster-EcsCluster-1AAGQRFIOE9AE,Service_beiakklem1vi3j5feju0,500,2,0.0128262733,0
1537365840,Prod-EcsStagingCluster-EcsCluster-1AAGQRFIOE9AE,Service_beiakklem1vi3j5feju0,500,2,0.0054146043,0
1537372200,Prod-EcsStagingCluster-EcsCluster-1AAGQRFIOE9AE,Service_beiakklem1vi3j5feju0,500,2,0.0054865152,0
1537377420,Prod-EcsStagingCluster-EcsCluster-1AAGQRFIOE9AE,Service_beiakklem1vi3j5feju0,500,2,0.0028561478,0
1537390140,Prod-EcsStagingCluster-EcsCluster-1AAGQRFIOE9AE,Service_beiakklem1vi3j5feju0,500,2,0.0038151935,0
1537428300,Prod-EcsStagingCluster-EcsCluster-1AAGQRFIOE9AE,Service_beiakklem1vi3j5feju0,500,2,0.0044335580,0
1537356060,Prod-EcsStagingCluster-EcsCluster-1AAGQRFIOE9AE,Service_beiakklem1vi3j5feju0,500,2,0.0054726430,0
1537406940,Prod-EcsStagingCluster-EcsCluster-1AAGQRFIOE9AE,Service_beiakklem1vi3j5feju0,500,2,0.0059087483,0
1537394220,Prod-EcsStagingCluster-EcsCluster-1AAGQRFIOE9AE,Service_beiakklem1vi3j5feju0,500,2,0.0195833665,0
1537345380,Prod-EcsStagingCluster-EcsCluster-1AAGQRFIOE9AE,Service_beiakklem1vi3j5feju0,500,2,0.0062343438,0
1537358100,Prod-EcsStagingCluster-EcsCluster-1AAGQRFIOE9AE,Service_beiakklem1vi3j5feju0,500,2,0.0126272761,0
1537396260,Prod-EcsStagingCluster-EcsCluster-1AAGQRFIOE9AE,Service_beiakklem1vi3j5feju0,500,2,0.0041537269,0
1537408980,Prod-EcsStagingCluster-EcsCluster-1AAGQRFIOE9AE,Service_beiakklem1vi3j5feju0,500,2,0.0087042581,0
1537362240,Prod-EcsStagingCluster-EcsCluster-1AAGQRFIOE9AE,Service_beiakklem1vi3j5feju0,500,2,0.0064530728,0
1537349520,Prod-EcsStagingCluster-EcsCluster-1AAGQRFIOE9AE,Service_beiakklem1vi3j5feju0,500,2,0.0053521923,0
1537355880,Prod-EcsStagingCluster-EcsCluster-1AAGQRFIOE9AE,Service_beiakklem1vi3j5feju0,500,2,0.0128542248,0
1537400400,Prod-EcsStagingCluster-EcsCluster-1AAGQRFIOE9AE,Service_beiakklem1vi3j5feju0,500,2,0.0059553211,0
1537394040,Prod-EcsStagingCluster-EcsCluster-1AAGQRFIOE9AE,Service_beiakklem1vi3j5feju0,500,2,0.0038096171,0
1537374900,Prod-EcsStagingCluster-EcsCluster-1AAGQRFIOE9AE,Service_beiakklem1vi3j5feju0,500,2,0.0042610562,0
1537413120,Prod-EcsStagingCluster-EcsCluster-1AAGQRFIOE9AE,Service_beiakklem1vi3j5feju0,500,2,0.0056353269,0
1537406760,Prod-EcsStagingCluster-EcsCluster-1AAGQRFIOE9AE,Service_beiakklem1vi3j5feju0,500,2,0.0246530233,0
1537362180,Prod-EcsStagingCluster-EcsCluster-1AAGQRFIOE9AE,Service_beiakklem1vi3j5feju0,500,2,0.0056067404,0
1537413060,Prod-EcsStagingCluster-EcsCluster-1AAGQRFIOE9AE,Service_beiakklem1vi3j5feju0,500,2,0.0057659354,0
1537425780,Prod-EcsStagingCluster-EcsCluster-1AAGQRFIOE9AE,Service_beiakklem1vi3j5feju0,500,2,0.0057547377,0
1537410900,Prod-EcsStagingCluster-EcsCluster-1AAGQRFIOE9AE,Service_beiakklem1vi3j5feju0,500,2,0.0181391916,0
1537382160,Prod-EcsStagingCluster-EcsCluster-1AAGQRFIOE9AE,Service_beiakklem1vi3j5feju0,500,2,0.0123254639,0
1537376820,Prod-EcsStagingCluster-EcsCluster-1AAGQRFIOE9AE,Service_beiakklem1vi3j5feju0,500,2,0.0026696913,0
1537394880,Prod-EcsStagingCluster-EcsCluster-1AAGQRFIOE9AE,Service_beiakklem1vi3j5feju0,500,2,0.0039159976,0
1537364100,Prod-EcsStagingCluster-EcsCluster-1AAGQRFIOE9AE,Service_beiakklem1vi3j5feju0,500,2,0.0074808278,0
1537355580,Prod-EcsStagingCluster-EcsCluster-1AAGQRFIOE9AE,Service_beiakklem1vi3j5feju0,500,2,0.0063114552,0
1537393740,Prod-EcsStagingCluster-EcsCluster-1AAGQRFIOE9AE,Service_beiakklem1vi3j5feju0,500,2,0.0038422538,0
1537427700,Prod-EcsStagingCluster-EcsCluster-1AAGQRFIOE9AE,Service_beiakklem1vi3j5feju0,500,2,0.0045296412,0
1537414980,Prod-EcsStagingCluster-EcsCluster-1AAGQRFIOE9AE,Service_beiakklem1vi3j5feju0,500,2,0.0057249506,0
1537348080,Prod-EcsStagingCluster-EcsCluster-1AAGQRFIOE9AE,Service_beiakklem1vi3j5feju0,500,2,0.0105638190,0
1537360800,Prod-EcsStagingCluster-EcsCluster-1AAGQRFIOE9AE,Service_beiakklem1vi3j5feju0,500,2,0.0063690214,0
1537406460,Prod-EcsStagingCluster-EcsCluster-1AAGQRFIOE9AE,Service_beiakklem1vi3j5feju0,500,2,0.0060578131,0
1537411680,Prod-EcsStagingCluster-EcsCluster-1AAGQRFIOE9AE,Service_beiakklem1vi3j5feju0,500,2,0.0086999057,0
1537377720,Prod-EcsStagingCluster-EcsCluster-1AAGQRFIOE9AE,Service_beiakklem1vi3j5feju0,500,2,0.0043594486,0
1537398960,Prod-EcsStagingCluster-EcsCluster-1AAGQRFIOE9AE,Service_beiakklem1vi3j5feju0,500,2,0.0183342219,0
1537372380,Prod-EcsStagingCluster-EcsCluster-1AAGQRFIOE9AE,Service_beiakklem1vi3j5feju0,500,2,0.0053770624,0
1537390440,Prod-EcsStagingCluster-EcsCluster-1AAGQRFIOE9AE,Service_beiakklem1vi3j5feju0,500,2,0.0085876334,0
1537359660,Prod-EcsStagingCluster-EcsCluster-1AAGQRFIOE9AE,Service_beiakklem1vi3j5feju0,500,2,0.0056101910,0
1537410540,Prod-EcsStagingCluster-EcsCluster-1AAGQRFIOE9AE,Service_beiakklem1vi3j5feju0,500,2,0.0088077209,0
1537428600,Prod-EcsStagingCluster-EcsCluster-1AAGQRFIOE9AE,Service_beiakklem1vi3j5feju0,500,2,0.0045276132,0
1537423260,Prod-EcsStagingCluster-EcsCluster-1AAGQRFIOE9AE,Service_beiakklem1vi3j5feju0,500,2,0.0070491463,0
1537356360,Prod-EcsStagingCluster-EcsCluster-1AAGQRFIOE9AE,Service_beiakklem1vi3j5feju0,500,2,0.0054424531,0
1537407240,Prod-EcsStagingCluster-EcsCluster-1AAGQRFIOE9AE,Service_beiakklem1vi3j5feju0,500,2,0.0255501425,0
1537394520,Prod-EcsStagingCluster-EcsCluster-1AAGQRFIOE9AE,Service_beiakklem1vi3j5feju0,500,2,0.0039569457,0
1537416720,Prod-EcsStagingCluster-EcsCluster-1AAGQRFIOE9AE,Service_beiakklem1vi3j5feju0,500,2,0.0058415274,1
1537429440,Prod-EcsStagingCluster-EcsCluster-1AAGQRFIOE9AE,Service_beiakklem1vi3j5feju0,500,2,0.0056292767,0
1537363620,Prod-EcsStagingCluster-EcsCluster-1AAGQRFIOE9AE,Service_beiakklem1vi3j5feju0,500,2,0.0056684408,0
1537376340,Prod-EcsStagingCluster-EcsCluster-1AAGQRFIOE9AE,Service_beiakklem1vi3j5feju0,500,2,0.0040698957,0
1537414500,Prod-EcsStagingCluster-EcsCluster-1AAGQRFIOE9AE,Service_beiakklem1vi3j5feju0,500,2,0.0058444887,0
1537395360,Prod-EcsStagingCluster-EcsCluster-1AAGQRFIOE9AE,Service_beiakklem1vi3j5feju0,500,2,0.1549021252,0
1537361400,Prod-EcsStagingCluster-EcsCluster-1AAGQRFIOE9AE,Service_beiakklem1vi3j5feju0,500,2,0.0055279257,0
1537427220,Prod-EcsStagingCluster-EcsCluster-1AAGQRFIOE9AE,Service_beiakklem1vi3j5feju0,500,2,0.0164231624,0
1537382640,Prod-EcsStagingCluster-EcsCluster-1AAGQRFIOE9AE,Service_beiakklem1vi3j5feju0,500,2,0.0028807027,0
1537374120,Prod-EcsStagingCluster-EcsCluster-1AAGQRFIOE9AE,Service_beiakklem1vi3j5feju0,500,2,0.0053481707,0
1537412280,Prod-EcsStagingCluster-EcsCluster-1AAGQRFIOE9AE,Service_beiakklem1vi3j5feju0,500,2,0.0056704369,0
1537393140,Prod-EcsStagingCluster-EcsCluster-1AAGQRFIOE9AE,Service_beiakklem1vi3j5feju0,500,2,0.0047571157,0
1537359180,Prod-EcsStagingCluster-EcsCluster-1AAGQRFIOE9AE,Service_beiakklem1vi3j5feju0,500,2,0.0056401433,1
1537425000,Prod-EcsStagingCluster-EcsCluster-1AAGQRFIOE9AE,Service_beiakklem1vi3j5feju0,500,2,0.0042284010,0
1537380420,Prod-EcsStagingCluster-EcsCluster-1AAGQRFIOE9AE,Service_beiakklem1vi3j5feju0,500,2,0.0014600348,0
1537431300,Prod-EcsStagingCluster-EcsCluster-1AAGQRFIOE9AE,Service_beiakklem1vi3j5feju0,500,2,0.0056313690,0
1537371900,Prod-EcsStagingCluster-EcsCluster-1AAGQRFIOE9AE,Service_beiakklem1vi3j5feju0,500,2,0.0060032433,0
1537410060,Prod-EcsStagingCluster-EcsCluster-1AAGQRFIOE9AE,Service_beiakklem1vi3j5feju0,500,2,0.0145972518,0
1537422780,Prod-EcsStagingCluster-EcsCluster-1AAGQRFIOE9AE,Service_beiakklem1vi3j5feju0,500,2,0.0056162277,0
1537390920,Prod-EcsStagingCluster-EcsCluster-1AAGQRFIOE9AE,Service_beiakklem1vi3j5feju0,500,2,0.0048123712,0
1537378200,Prod-EcsStagingCluster-EcsCluster-1AAGQRFIOE9AE,Service_beiakklem1vi3j5feju0,500,2,0.0040803595,0
1537429080,Prod-EcsStagingCluster-EcsCluster-1AAGQRFIOE9AE,Service_beiakklem1vi3j5feju0,500,2,0.0047638117,0
1537388700,Prod-EcsStagingCluster-EcsCluster-1AAGQRFIOE9AE,Service_beiakklem1vi3j5feju0,500,2,0.0049480733,1
1537375980,Prod-EcsStagingCluster-EcsCluster-1AAGQRFIOE9AE,Service_beiakklem1vi3j5feju0,500,2,0.0040948114,0
